200 149
400 141
600 139
800 161
1000 147
1200 127
1400 124
1600 147
1800 148
2000 126
2200 120
2400 106
2600 145
2800 122
3000 145
3200 114
3400 151
3600 135
3800 136
4000 119
4200 134
4400 117
4600 143
4800 133
5000 147
5200 134
5400 139
5600 128
5800 154
6000 131
6200 136
6400 130
6600 128
6800 138
7000 131
7200 138
7400 126
7600 133
7800 140
8000 151
8200 133
8400 134
8600 147
8800 137
9000 155
9200 151
9400 134
9600 136
9800 134
10000 151
10200 137
10400 139
10600 140
10800 158
11000 153
11200 131
11400 155
11600 161
11800 117
12000 142
12200 149
12400 149
12600 138
12800 125
13000 165
13200 134
13400 125
13600 130
13800 135
14000 132
14200 128
14400 146
14600 129
14800 159
15000 154
15200 142
15400 109
15600 134
15800 135
16000 151
16200 127
16400 138
16600 130
16800 135
17000 123
17200 143
17400 129
17600 124
17800 144
18000 150
18200 154
18400 132
18600 140
18800 122
19000 136
19200 138
19400 143
19600 136
19800 161
20000 145
20200 130
20400 153
20600 149
20800 129
21000 154
21200 123
21400 132
21600 127
21800 134
22000 135
22200 142
22400 117
22600 140
22800 137
23000 137
23200 127
23400 145
23600 131
23800 137
24000 151
24200 163
24400 114
24600 158
24800 151
25000 136
25200 153
25400 147
25600 122
25800 158
26000 139
26200 148
26400 147
26600 126
26800 115
27000 129
27200 146
27400 140
27600 124
27800 128
28000 134
28200 140
28400 132
28600 128
28800 163
29000 121
29200 136
29400 123
29600 140
29800 140
30000 163
30200 143
30400 139
30600 127
30800 128
31000 127
31200 154
31400 120
31600 159
31800 145
32000 129
32200 131
32400 133
32600 142
32800 125
33000 142
33200 142
33400 153
33600 143
33800 138
34000 136
34200 138
34400 142
34600 140
34800 128
35000 144
35200 148
35400 151
35600 132
35800 166
36000 130
36200 148
36400 147
36600 132
36800 159
37000 126
37200 134
37400 153
37600 150
37800 135
38000 140
38200 148
38400 127
38600 137
38800 144
39000 110
39200 145
39400 136
39600 146
39800 129
40000 132
40200 129
40400 129
40600 134
40800 140
41000 130
41200 146
41400 148
41600 157
41800 145
42000 114
42200 145
42400 137
42600 145
42800 131
43000 163
43200 132
43400 133
43600 118
43800 150
44000 148
44200 134
44400 143
44600 142
44800 153
45000 131
45200 118
45400 128
45600 120
45800 160
46000 128
46200 150
46400 124
46600 145
46800 130
47000 160
47200 139
47400 132
47600 144
47800 158
48000 149
48200 130
48400 131
48600 126
48800 167
49000 142
49200 128
49400 139
49600 146
49800 148
50000 135
50200 137
50400 126
50600 126
50800 142
51000 128
51200 132
51400 134
51600 145
51800 154
52000 127
52200 137
52400 141
52600 128
52800 147
53000 145
53200 152
53400 146
53600 146
53800 108
54000 129
54200 120
54400 127
54600 138
54800 155
55000 107
55200 128
55400 132
55600 132
55800 151
56000 148
56200 138
56400 141
56600 139
56800 127
57000 139
57200 151
57400 113
57600 140
57800 146
58000 145
58200 135
58400 137
58600 149
58800 134
59000 136
59200 156
59400 134
59600 139
59800 134
60000 164
60200 134
60400 135
60600 162
60800 139
61000 127
61200 144
61400 149
61600 150
61800 143
62000 137
62200 143
62400 155
62600 141
62800 121
63000 137
63200 135
63400 134
63600 150
63800 146
64000 132
64200 138
64400 139
64600 113
64800 132
65000 149
65200 142
65400 122
65600 128
65800 107
66000 155
66200 167
66400 126
66600 119
66800 148
67000 133
67200 150
67400 155
67600 147
67800 121
68000 130
68200 138
68400 146
68600 143
68800 143
69000 135
69200 155
69400 148
69600 131
69800 131
70000 151
70200 131
70400 145
70600 147
70800 152
71000 127
71200 154
71400 142
71600 151
71800 136
72000 149
72200 138
72400 154
72600 132
72800 147
73000 154
73200 144
73400 130
73600 141
73800 148
74000 99
74200 150
74400 124
74600 138
74800 141
75000 130
75200 151
75400 123
75600 149
75800 143
76000 155
76200 122
76400 162
76600 122
76800 130
77000 138
77200 160
77400 127
77600 126
77800 131
78000 119
78200 126
78400 126
78600 139
78800 134
79000 143
79200 136
79400 147
79600 125
79800 133
80000 152
80200 113
80400 124
80600 137
80800 153
81000 127
81200 137
81400 140
81600 121
81800 145
82000 132
82200 154
82400 155
82600 144
82800 125
83000 152
83200 139
83400 119
83600 134
83800 140
84000 129
84200 152
84400 143
84600 141
84800 132
85000 133
85200 154
85400 133
85600 126
85800 146
86000 134
86200 141
86400 158
86600 147
86800 121
87000 123
87200 126
87400 132
87600 141
87800 143
88000 139
88200 153
88400 139
88600 132
88800 112
89000 127
89200 149
89400 151
89600 158
89800 135
90000 138
90200 119
90400 139
90600 125
90800 126
91000 138
91200 133
91400 143
91600 128
91800 140
92000 142
92200 148
92400 122
92600 148
92800 143
93000 126
93200 141
93400 128
93600 148
93800 167
94000 167
94200 148
94400 126
94600 119
94800 108
95000 135
95200 142
95400 133
95600 124
95800 163
96000 140
96200 156
96400 153
96600 145
96800 120
97000 153
97200 126
97400 138
97600 129
97800 127
98000 149
98200 126
98400 153
98600 148
98800 128
99000 118
99200 153
99400 148
99600 123
99800 131
100000 131
100200 130
100400 145
100600 145
100800 156
101000 128
101200 131
101400 139
101600 118
101800 128
102000 132
102200 143
102400 163
102600 141
102800 143
103000 117
103200 128
103400 143
103600 108
103800 126
104000 139
104200 146
104400 141
104600 151
104800 140
105000 146
105200 148
105400 154
105600 135
105800 119
106000 132
106200 163
106400 147
106600 138
106800 125
107000 143
107200 141
107400 150
107600 125
107800 131
108000 138
108200 147
108400 130
108600 148
108800 165
109000 128
109200 139
109400 131
109600 167
109800 142
110000 157
110200 137
110400 139
110600 133
110800 145
111000 136
111200 141
111400 129
111600 137
111800 138
112000 124
112200 150
112400 157
112600 140
112800 152
113000 128
113200 121
113400 137
113600 131
113800 149
114000 124
114200 127
114400 131
114600 139
114800 128
115000 116
115200 139
115400 144
115600 152
115800 139
116000 155
116200 121
116400 139
116600 145
116800 152
117000 122
117200 140
117400 124
117600 130
117800 152
118000 141
118200 119
118400 139
118600 154
118800 154
119000 144
119200 132
119400 137
119600 154
119800 158
120000 134
120200 143
120400 140
120600 137
120800 138
121000 133
121200 142
121400 157
121600 147
121800 136
122000 144
122200 150
122400 132
122600 124
122800 144
123000 156
123200 147
123400 122
123600 139
123800 120
124000 151
124200 160
124400 160
124600 134
124800 137
125000 157
125200 142
125400 142
125600 139
125800 138
126000 122
126200 125
126400 131
126600 131
126800 135
127000 154
127200 144
127400 127
127600 128
127800 138
128000 133
128200 142
128400 148
128600 138
128800 163
129000 147
129200 134
129400 139
129600 137
129800 136
130000 148
130200 140
130400 163
130600 143
130800 124
131000 151
131200 125
131400 139
131600 138
131800 119
132000 114
132200 136
132400 150
132600 146
132800 121
133000 127
133200 150
133400 140
133600 139
133800 124
134000 132
134200 143
134400 138
134600 147
134800 145
135000 149
135200 117
135400 148
135600 134
135800 144
136000 152
136200 134
136400 137
136600 134
136800 145
137000 174
137200 123
137400 144
137600 124
137800 120
138000 128
138200 129
138400 130
138600 128
138800 129
139000 150
139200 123
139400 141
139600 128
139800 135
140000 124
140200 167
140400 136
140600 150
140800 123
141000 136
141200 153
141400 134
141600 131
141800 130
142000 105
142200 130
142400 149
142600 122
142800 139
143000 120
143200 149
143400 153
143600 112
143800 144
144000 134
144200 151
144400 148
144600 150
144800 127
145000 146
145200 131
145400 150
145600 130
145800 128
146000 130
146200 124
146400 135
146600 141
146800 146
147000 134
147200 137
147400 143
147600 133
147800 134
148000 144
148200 143
148400 165
148600 162
148800 122
149000 145
149200 131
149400 130
149600 144
149800 129
150000 118
150200 150
150400 128
150600 146
150800 125
151000 124
151200 128
151400 142
151600 132
151800 140
152000 124
152200 155
152400 133
152600 134
152800 128
153000 124
153200 155
153400 128
153600 154
153800 153
154000 125
154200 144
154400 134
154600 138
154800 163
155000 160
155200 141
155400 124
155600 129
155800 131
156000 142
156200 156
156400 135
156600 131
156800 136
157000 132
157200 132
157400 119
157600 127
157800 132
158000 152
158200 127
158400 143
158600 146
158800 132
159000 138
159200 128
159400 133
159600 144
159800 130
160000 129
160200 131
160400 141
160600 144
160800 118
161000 152
161200 130
161400 116
161600 146
161800 149
162000 157
162200 143
162400 131
162600 145
162800 135
163000 148
163200 128
163400 172
163600 134
163800 139
164000 143
164200 168
164400 146
164600 125
164800 146
165000 125
165200 129
165400 140
165600 149
165800 135
166000 155
166200 122
166400 125
166600 128
166800 141
167000 148
167200 141
167400 142
167600 147
167800 141
168000 124
168200 139
168400 139
168600 152
168800 149
169000 131
169200 132
169400 144
169600 142
169800 128
170000 139
170200 129
170400 134
170600 150
170800 155
171000 118
171200 134
171400 127
171600 158
171800 139
172000 153
172200 133
172400 118
172600 140
172800 130
173000 129
173200 144
173400 143
173600 152
173800 142
174000 165
174200 124
174400 139
174600 146
174800 130
175000 125
175200 144
175400 136
175600 136
175800 132
176000 144
176200 132
176400 141
176600 138
176800 127
177000 140
177200 134
177400 150
177600 143
177800 139
178000 135
178200 129
178400 150
178600 148
178800 125
179000 134
179200 117
179400 162
179600 127
179800 138
180000 144
180200 135
180400 137
180600 128
180800 170
181000 133
181200 140
181400 116
181600 134
181800 121
182000 135
182200 124
182400 132
182600 129
182800 124
183000 132
183200 145
183400 134
183600 127
183800 116
184000 143
184200 145
184400 129
184600 160
184800 138
185000 142
185200 118
185400 140
185600 134
185800 155
186000 136
186200 133
186400 122
186600 131
186800 127
187000 137
187200 156
187400 125
187600 124
187800 149
188000 151
188200 149
188400 127
188600 137
188800 146
189000 131
189200 140
189400 133
189600 138
189800 142
190000 164
190200 139
190400 146
190600 147
190800 145
191000 158
191200 142
191400 127
191600 133
191800 145
192000 128
192200 139
192400 123
192600 132
192800 154
193000 119
193200 140
193400 152
193600 145
193800 140
194000 161
194200 122
194400 145
194600 123
194800 141
195000 148
195200 139
195400 144
195600 139
195800 123
196000 122
196200 138
196400 150
196600 142
196800 146
197000 143
197200 142
197400 114
197600 138
197800 130
198000 128
198200 135
198400 120
198600 129
198800 150
199000 121
199200 119
199400 128
199600 149
199800 127
200000 125
200200 148
200400 149
200600 150
200800 115
201000 134
201200 115
201400 122
201600 137
201800 131
202000 146
202200 136
202400 130
202600 163
202800 144
203000 154
203200 152
203400 140
203600 152
203800 135
204000 152
204200 149
204400 133
204600 136
204800 131
205000 154
205200 141
205400 130
205600 151
205800 136
206000 139
206200 122
206400 136
206600 145
206800 113
207000 134
207200 119
207400 141
207600 148
207800 134
208000 145
208200 110
208400 158
208600 143
208800 131
209000 116
209200 124
209400 144
209600 148
209800 143
210000 128
210200 139
210400 154
210600 142
210800 149
211000 147
211200 137
211400 121
211600 127
211800 139
212000 131
212200 122
212400 114
212600 132
212800 161
213000 155
213200 137
213400 121
213600 126
213800 126
214000 116
214200 136
214400 125
214600 149
214800 134
215000 142
215200 153
215400 144
215600 143
215800 130
216000 147
216200 172
216400 140
216600 134
216800 130
217000 150
217200 141
217400 130
217600 144
217800 137
218000 128
218200 144
218400 141
218600 140
218800 122
219000 158
219200 144
219400 150
219600 140
219800 127
220000 139
220200 137
220400 105
220600 127
220800 151
221000 136
221200 143
221400 131
221600 153
221800 127
222000 136
222200 131
222400 142
222600 133
222800 132
223000 112
223200 122
223400 140
223600 150
223800 140
224000 127
224200 144
224400 140
224600 137
224800 144
225000 124
225200 129
225400 121
225600 128
225800 134
226000 127
226200 141
226400 134
226600 141
226800 147
227000 127
227200 175
227400 117
227600 154
227800 137
228000 133
228200 131
228400 141
228600 131
228800 146
229000 142
229200 126
229400 157
229600 121
229800 153
230000 148
230200 125
230400 140
230600 146
230800 140
231000 135
231200 150
231400 153
231600 131
231800 132
232000 133
232200 135
232400 125
232600 149
232800 135
233000 120
233200 125
233400 154
233600 138
233800 140
234000 143
234200 136
234400 139
234600 121
234800 140
235000 158
235200 158
235400 135
235600 126
235800 145
236000 147
236200 132
236400 157
236600 138
236800 116
237000 138
237200 127
237400 125
237600 164
237800 123
238000 132
238200 137
238400 146
238600 141
238800 139
239000 132
239200 132
239400 152
239600 132
239800 132
240000 153
240200 143
240400 161
240600 132
240800 129
241000 148
241200 123
241400 146
241600 140
241800 145
242000 122
242200 133
242400 123
242600 147
242800 144
243000 141
243200 156
243400 124
243600 143
243800 139
244000 129
244200 146
244400 121
244600 124
244800 125
245000 128
245200 155
245400 151
245600 118
245800 147
246000 134
246200 148
246400 118
246600 143
246800 135
247000 136
247200 150
247400 134
247600 154
247800 153
248000 128
248200 148
248400 144
248600 146
248800 112
249000 136
249200 133
249400 134
249600 134
249800 140
250000 149
250200 138
250400 132
250600 140
250800 137
251000 138
251200 151
251400 140
251600 131
251800 132
252000 142
252200 123
252400 128
252600 139
252800 144
253000 148
253200 132
253400 132
253600 141
253800 135
254000 119
254200 143
254400 130
254600 146
254800 151
255000 120
255200 152
255400 142
255600 125
255800 147
256000 148
256200 122
256400 138
256600 123
256800 134
257000 134
257200 140
257400 130
257600 143
257800 147
258000 125
258200 137
258400 119
258600 135
258800 135
259000 149
259200 124
259400 131
259600 140
259800 130
260000 147
260200 131
260400 152
260600 153
260800 157
261000 124
261200 147
261400 145
261600 133
261800 141
262000 132
262200 153
262400 109
262600 127
262800 164
263000 132
263200 118
263400 133
263600 123
263800 152
264000 110
264200 154
264400 146
264600 135
264800 144
265000 116
265200 133
265400 134
265600 144
265800 132
266000 150
266200 140
266400 145
266600 129
266800 128
267000 114
267200 151
267400 133
267600 116
267800 133
268000 152
268200 146
268400 136
268600 120
268800 126
269000 111
269200 133
269400 140
269600 140
269800 142
270000 133
270200 140
270400 133
270600 138
270800 128
271000 136
271200 126
271400 136
271600 120
271800 132
272000 150
272200 141
272400 130
272600 141
272800 120
273000 145
273200 138
273400 149
273600 142
273800 132
274000 142
274200 154
274400 137
274600 135
274800 126
275000 122
275200 140
275400 141
275600 133
275800 148
276000 137
276200 148
276400 132
276600 135
276800 129
277000 156
277200 139
277400 146
277600 130
277800 129
278000 142
278200 132
278400 140
278600 150
278800 129
279000 135
279200 120
279400 137
279600 145
279800 135
280000 136
280200 137
280400 132
280600 153
280800 126
281000 154
281200 141
281400 146
281600 134
281800 144
282000 131
282200 139
282400 136
282600 151
282800 150
283000 134
283200 142
283400 122
283600 153
283800 129
284000 127
284200 129
284400 133
284600 131
284800 135
285000 144
285200 144
285400 153
285600 133
285800 142
286000 143
286200 125
286400 143
286600 137
286800 136
287000 124
287200 145
287400 134
287600 121
287800 126
288000 157
288200 147
288400 122
288600 153
288800 132
289000 127
289200 143
289400 141
289600 138
289800 134
290000 131
290200 158
290400 106
290600 147
290800 130
291000 136
291200 116
291400 158
291600 146
291800 127
292000 151
292200 155
292400 129
292600 146
292800 127
293000 139
293200 132
293400 154
293600 128
293800 128
294000 140
294200 135
294400 146
294600 127
294800 143
295000 144
295200 133
295400 131
295600 155
295800 137
296000 134
296200 133
296400 122
296600 131
296800 161
297000 161
297200 149
297400 148
297600 147
297800 136
298000 128
298200 128
298400 153
298600 163
298800 153
299000 128
299200 138
299400 135
299600 151
299800 139
300000 144
300200 153
300400 123
300600 142
300800 148
301000 129
301200 113
301400 140
301600 169
301800 132
302000 132
302200 137
302400 151
302600 137
302800 141
303000 132
303200 116
303400 149
303600 139
303800 148
304000 143
304200 130
304400 137
304600 134
304800 126
305000 135
305200 133
305400 139
305600 148
305800 140
306000 135
306200 129
306400 134
306600 149
306800 113
307000 140
307200 121
307400 124
307600 134
307800 147
308000 156
308200 151
308400 148
308600 129
308800 138
309000 144
309200 146
309400 156
309600 124
309800 149
310000 135
310200 141
310400 152
310600 153
310800 160
311000 123
311200 118
311400 137
311600 151
311800 151
312000 134
312200 132
312400 129
312600 135
312800 142
313000 143
313200 118
313400 141
313600 137
313800 151
314000 147
314200 127
314400 114
314600 144
314800 150
315000 135
315200 117
315400 162
315600 145
315800 129
316000 150
316200 144
316400 145
316600 159
316800 155
317000 161
317200 123
317400 129
317600 134
317800 153
318000 149
318200 104
318400 140
318600 152
318800 143
319000 136
319200 130
319400 134
319600 133
319800 127
320000 133
320200 163
320400 128
320600 151
320800 122
321000 157
321200 103
321400 104
321600 130
321800 132
322000 130
322200 130
322400 154
322600 133
322800 129
323000 133
323200 146
323400 129
323600 131
323800 132
324000 139
324200 141
324400 147
324600 133
324800 138
325000 154
325200 140
325400 153
325600 147
325800 135
326000 155
326200 112
326400 138
326600 131
326800 137
327000 134
327200 127
327400 168
327600 144
327800 157
328000 123
328200 131
328400 130
328600 136
328800 124
329000 137
329200 149
329400 123
329600 135
329800 150
330000 136
330200 156
330400 127
330600 134
330800 155
331000 150
331200 137
331400 144
331600 137
331800 149
332000 124
332200 129
332400 147
332600 123
332800 140
333000 109
333200 134
333400 123
333600 154
333800 144
334000 167
334200 127
334400 143
334600 152
334800 134
335000 132
335200 156
335400 128
335600 130
335800 136
336000 145
336200 137
336400 150
336600 132
336800 156
337000 140
337200 113
337400 134
337600 137
337800 123
338000 158
338200 134
338400 134
338600 139
338800 143
339000 136
339200 133
339400 136
339600 154
339800 149
340000 149
340200 142
340400 144
340600 132
340800 127
341000 138
341200 144
341400 148
341600 149
341800 145
342000 126
342200 134
342400 134
342600 133
342800 127
343000 126
343200 140
343400 132
343600 158
343800 143
344000 123
344200 149
344400 133
344600 148
344800 139
345000 117
345200 145
345400 144
345600 142
345800 130
346000 146
346200 139
346400 134
346600 131
346800 136
347000 144
347200 121
347400 117
347600 163
347800 145
348000 132
348200 144
348400 127
348600 134
348800 131
349000 142
349200 116
349400 141
349600 131
349800 143
350000 134
350200 163
350400 129
350600 124
350800 145
351000 132
351200 160
351400 148
351600 132
351800 115
352000 115
352200 147
352400 127
352600 147
352800 136
353000 137
353200 136
353400 123
353600 141
353800 130
354000 147
354200 134
354400 147
354600 146
354800 146
355000 130
355200 140
355400 141
355600 139
355800 136
356000 151
356200 145
356400 149
356600 144
356800 144
357000 139
357200 138
357400 146
357600 144
357800 145
358000 135
358200 145
358400 135
358600 150
358800 128
359000 153
359200 141
359400 118
359600 127
359800 166
360000 125
360200 159
360400 138
360600 154
360800 135
361000 129
361200 142
361400 156
361600 142
361800 129
362000 131
362200 132
362400 150
362600 143
362800 139
363000 133
363200 142
363400 121
363600 137
363800 156
364000 127
364200 149
364400 147
364600 134
364800 141
365000 142
365200 139
365400 129
365600 138
365800 149
366000 143
366200 138
366400 145
366600 157
366800 136
367000 125
367200 138
367400 155
367600 133
367800 131
368000 143
368200 139
368400 145
368600 136
368800 133
369000 132
369200 135
369400 146
369600 114
369800 138
370000 133
370200 155
370400 155
370600 146
370800 132
371000 139
371200 159
371400 147
371600 139
371800 134
372000 119
372200 140
372400 135
372600 144
372800 136
373000 136
373200 148
373400 149
373600 147
373800 156
374000 140
374200 147
374400 146
374600 147
374800 149
375000 132
375200 141
375400 161
375600 139
375800 138
376000 135
376200 142
376400 143
376600 136
376800 132
377000 129
377200 136
377400 164
377600 131
377800 126
378000 142
378200 159
378400 119
378600 162
378800 141
379000 129
379200 154
379400 154
379600 160
379800 136
380000 143
380200 126
380400 129
380600 172
380800 135
381000 129
381200 146
381400 121
381600 136
381800 154
382000 135
382200 153
382400 155
382600 137
382800 137
383000 147
383200 123
383400 147
383600 124
383800 122
384000 127
384200 148
384400 165
384600 136
384800 143
385000 149
385200 114
385400 147
385600 112
385800 150
386000 143
386200 117
386400 131
386600 157
386800 145
387000 134
387200 140
387400 127
387600 129
387800 134
388000 130
388200 140
388400 139
388600 141
388800 140
389000 135
389200 127
389400 134
389600 150
389800 136
390000 124
390200 141
390400 138
390600 129
390800 132
391000 135
391200 126
391400 164
391600 136
391800 158
392000 99
392200 137
392400 148
392600 131
392800 138
393000 146
393200 137
393400 118
393600 146
393800 127
394000 145
394200 151
394400 142
394600 147
394800 150
395000 138
395200 131
395400 133
395600 126
395800 154
396000 135
396200 124
396400 151
396600 152
396800 162
397000 138
397200 148
397400 133
397600 131
397800 153
398000 137
398200 136
398400 149
398600 139
398800 146
399000 146
399200 130
399400 134
399600 136
399800 152
400000 121
400200 144
400400 109
400600 130
400800 141
401000 125
401200 151
401400 159
401600 154
401800 139
402000 133
402200 140
402400 139
402600 133
402800 147
403000 120
403200 141
403400 158
403600 141
403800 147
404000 139
404200 132
404400 137
404600 124
404800 150
405000 129
405200 149
405400 126
405600 136
405800 131
406000 108
406200 126
406400 126
406600 154
406800 133
407000 148
407200 139
407400 136
407600 127
407800 133
408000 128
408200 130
408400 138
408600 146
408800 129
409000 142
409200 133
409400 155
409600 147
409800 141
410000 152
410200 159
410400 159
410600 132
410800 144
411000 142
411200 147
411400 142
411600 144
411800 157
412000 139
412200 144
412400 126
412600 129
412800 133
413000 112
413200 129
413400 133
413600 133
413800 148
414000 148
414200 133
414400 123
414600 133
414800 146
415000 154
415200 129
415400 132
415600 143
415800 125
416000 155
416200 140
416400 119
416600 133
416800 134
417000 128
417200 130
417400 132
417600 143
417800 152
418000 133
418200 137
418400 138
418600 122
418800 147
419000 139
419200 132
419400 122
419600 137
419800 137
420000 124
420200 147
420400 160
420600 139
420800 143
421000 127
421200 142
421400 115
421600 145
421800 161
422000 154
422200 155
422400 144
422600 126
422800 145
423000 115
423200 110
423400 150
423600 136
423800 134
424000 126
424200 155
424400 125
424600 127
424800 119
425000 133
425200 152
425400 119
425600 138
425800 143
426000 148
426200 136
426400 148
426600 149
426800 136
427000 132
427200 154
427400 139
427600 122
427800 128
428000 124
428200 127
428400 127
428600 146
428800 139
429000 134
429200 142
429400 149
429600 115
429800 137
430000 141
430200 149
430400 144
430600 144
430800 141
431000 150
431200 124
431400 152
431600 149
431800 122
432000 144
432200 144
432400 123
432600 122
432800 143
433000 127
433200 126
433400 120
433600 134
433800 133
434000 154
434200 135
434400 150
434600 134
434800 132
435000 133
435200 155
435400 104
435600 139
435800 127
436000 154
436200 146
436400 147
436600 136
436800 142
437000 144
437200 120
437400 143
437600 122
437800 148
438000 123
438200 150
438400 120
438600 126
438800 127
439000 149
439200 140
439400 149
439600 140
439800 137
440000 148
440200 136
440400 142
440600 126
440800 139
441000 137
441200 136
441400 117
441600 143
441800 121
442000 137
442200 137
442400 136
442600 143
442800 152
443000 136
443200 149
443400 160
443600 132
443800 120
444000 123
444200 133
444400 143
444600 138
444800 133
445000 138
445200 117
445400 140
445600 142
445800 138
446000 151
446200 143
446400 143
446600 140
446800 139
447000 141
447200 129
447400 129
447600 129
447800 132
448000 131
448200 137
448400 129
448600 140
448800 109
449000 132
449200 143
449400 148
449600 130
449800 121
450000 126
450200 131
450400 142
450600 130
450800 123
451000 140
451200 140
451400 131
451600 157
451800 155
452000 129
452200 152
452400 135
452600 134
452800 149
453000 159
453200 133
453400 150
453600 148
453800 124
454000 106
454200 166
454400 143
454600 131
454800 130
455000 162
455200 145
455400 133
455600 136
455800 140
456000 137
456200 147
456400 141
456600 125
456800 123
457000 153
457200 127
457400 126
457600 143
457800 131
458000 148
458200 133
458400 156
458600 123
458800 134
459000 116
459200 146
459400 146
459600 156
459800 135
460000 145
460200 150
460400 145
460600 132
460800 141
461000 148
461200 136
461400 143
461600 143
461800 137
462000 136
462200 154
462400 142
462600 159
462800 136
463000 146
463200 130
463400 149
463600 141
463800 110
464000 128
464200 137
464400 123
464600 137
464800 125
465000 132
465200 137
465400 135
465600 142
465800 147
466000 132
466200 128
466400 136
466600 127
466800 132
467000 141
467200 138
467400 124
467600 140
467800 124
468000 134
468200 153
468400 142
468600 141
468800 137
469000 134
469200 143
469400 150
469600 134
469800 133
470000 154
470200 132
470400 153
470600 139
470800 118
471000 112
471200 135
471400 143
471600 128
471800 138
472000 134
472200 138
472400 142
472600 138
472800 148
473000 125
473200 156
473400 135
473600 125
473800 138
474000 129
474200 144
474400 139
474600 128
474800 116
475000 132
475200 155
475400 117
475600 137
475800 128
476000 127
476200 146
476400 129
476600 138
476800 132
477000 147
477200 143
477400 128
477600 135
477800 132
478000 139
478200 139
478400 147
478600 122
478800 128
479000 137
479200 160
479400 140
479600 152
479800 137
480000 154
480200 144
480400 128
480600 156
480800 147
481000 157
481200 144
481400 146
481600 136
481800 145
482000 132
482200 165
482400 138
482600 131
482800 118
483000 142
483200 124
483400 134
483600 115
483800 136
484000 131
484200 144
484400 141
484600 133
484800 126
485000 139
485200 141
485400 128
485600 156
485800 139
486000 153
486200 154
486400 144
486600 118
486800 117
487000 136
487200 134
487400 149
487600 137
487800 134
488000 132
488200 129
488400 151
488600 146
488800 151
489000 150
489200 131
489400 153
489600 150
489800 137
490000 113
490200 139
490400 138
490600 162
490800 141
491000 141
491200 138
491400 145
491600 126
491800 137
492000 128
492200 154
492400 137
492600 148
492800 150
493000 123
493200 144
493400 151
493600 133
493800 144
494000 144
494200 140
494400 128
494600 125
494800 157
495000 140
495200 153
495400 133
495600 126
495800 155
496000 143
496200 131
496400 137
496600 157
496800 132
497000 130
497200 130
497400 136
497600 145
497800 155
498000 147
498200 128
498400 126
498600 130
498800 143
499000 129
499200 107
499400 121
499600 146
499800 123
500000 123
500200 151
500400 155
500600 118
500800 164
501000 129
501200 133
501400 144
501600 121
501800 158
502000 153
502200 139
502400 125
502600 131
502800 135
503000 122
503200 150
503400 143
503600 135
503800 132
504000 138
504200 131
504400 125
504600 146
504800 150
505000 129
505200 130
505400 157
505600 142
505800 140
506000 140
506200 152
506400 139
506600 151
506800 151
507000 144
507200 144
507400 126
507600 136
507800 128
508000 159
508200 126
508400 132
508600 147
508800 110
509000 137
509200 128
509400 127
509600 158
509800 153
510000 124
510200 143
510400 144
510600 109
510800 144
511000 142
511200 142
511400 144
511600 123
511800 147
512000 133
512200 158
512400 129
512600 147
512800 142
513000 149
513200 154
513400 147
513600 131
513800 150
514000 145
514200 149
514400 126
514600 144
514800 142
515000 145
515200 122
515400 157
515600 145
515800 155
516000 118
516200 139
516400 150
516600 136
516800 134
517000 137
517200 126
517400 148
517600 135
517800 122
518000 137
518200 117
518400 133
518600 148
518800 146
519000 129
519200 119
519400 114
519600 156
519800 136
520000 142
520200 129
520400 125
520600 155
520800 152
521000 143
521200 144
521400 125
521600 138
521800 125
522000 132
522200 153
522400 148
522600 141
522800 144
523000 154
523200 126
523400 151
523600 107
523800 132
524000 146
524200 138
524400 144
524600 133
524800 137
525000 119
525200 158
525400 155
525600 140
525800 125
526000 127
526200 134
526400 128
526600 137
526800 143
527000 123
527200 118
527400 151
527600 135
527800 136
528000 151
528200 143
528400 128
528600 153
528800 153
529000 134
529200 129
529400 135
529600 126
529800 132
530000 143
530200 145
530400 124
530600 144
530800 143
531000 142
531200 117
531400 114
531600 142
531800 135
532000 116
532200 139
532400 128
532600 127
532800 143
533000 127
533200 121
533400 143
533600 127
533800 138
534000 123
534200 134
534400 133
534600 132
534800 113
535000 156
535200 145
535400 138
535600 148
535800 132
536000 148
536200 136
536400 134
536600 122
536800 146
537000 143
537200 143
537400 142
537600 121
537800 122
538000 132
538200 125
538400 128
538600 119
538800 140
539000 160
539200 132
539400 154
539600 117
539800 134
540000 133
540200 135
540400 121
540600 146
540800 106
541000 133
541200 176
541400 140
541600 135
541800 136
542000 119
542200 145
542400 150
542600 125
542800 125
543000 142
543200 150
543400 136
543600 135
543800 125
544000 137
544200 151
544400 140
544600 156
544800 134
545000 131
545200 136
545400 151
545600 133
545800 135
546000 130
546200 132
546400 147
546600 135
546800 136
547000 164
547200 127
547400 152
547600 142
547800 135
548000 145
548200 129
548400 122
548600 144
548800 159
549000 124
549200 143
549400 139
549600 152
549800 113
550000 142
550200 150
550400 125
550600 132
550800 123
551000 130
551200 116
551400 108
551600 129
551800 122
552000 121
552200 130
552400 140
552600 148
552800 116
553000 153
553200 133
553400 121
553600 128
553800 146
554000 144
554200 155
554400 141
554600 141
554800 144
555000 141
555200 142
555400 126
555600 123
555800 152
556000 134
556200 115
556400 153
556600 146
556800 129
557000 121
557200 127
557400 135
557600 139
557800 137
558000 132
558200 126
558400 145
558600 165
558800 140
559000 131
559200 137
559400 147
559600 131
559800 130
560000 145
560200 134
560400 113
560600 124
560800 143
561000 139
561200 143
561400 156
561600 148
561800 127
562000 122
562200 128
562400 141
562600 130
562800 149
563000 143
563200 150
563400 127
563600 127
563800 120
564000 138
564200 132
564400 137
564600 143
564800 154
565000 144
565200 138
565400 144
565600 141
565800 136
566000 140
566200 144
566400 126
566600 139
566800 157
567000 135
567200 128
567400 118
567600 165
567800 138
568000 149
568200 148
568400 134
568600 138
568800 143
569000 136
569200 137
569400 130
569600 135
569800 149
570000 132
570200 133
570400 148
570600 137
570800 136
571000 141
571200 133
571400 131
571600 131
571800 134
572000 144
572200 164
572400 130
572600 134
572800 136
573000 155
573200 151
573400 156
573600 145
573800 132
574000 134
574200 132
574400 145
574600 130
574800 136
575000 134
575200 127
575400 142
575600 150
575800 143
576000 143
576200 137
576400 156
576600 140
576800 127
577000 133
577200 129
577400 123
577600 156
577800 142
578000 138
578200 138
578400 139
578600 120
578800 123
579000 141
579200 148
579400 137
579600 148
579800 155
580000 149
580200 145
580400 109
580600 160
580800 142
581000 125
581200 136
581400 137
581600 139
581800 154
582000 155
582200 140
582400 137
582600 134
582800 133
583000 141
583200 133
583400 141
583600 165
583800 151
584000 148
584200 150
584400 153
584600 144
584800 146
585000 137
585200 130
585400 113
585600 146
585800 160
586000 127
586200 131
586400 122
586600 120
586800 155
587000 141
587200 149
587400 137
587600 126
587800 144
588000 123
588200 138
588400 145
588600 137
588800 157
589000 153
589200 137
589400 142
589600 149
589800 147
590000 137
590200 132
590400 155
590600 145
590800 134
591000 141
591200 125
591400 143
591600 129
591800 134
592000 145
592200 146
592400 135
592600 150
592800 155
593000 151
593200 162
593400 135
593600 140
593800 138
594000 147
594200 127
594400 152
594600 156
594800 134
595000 146
595200 152
595400 119
595600 150
595800 129
596000 126
596200 121
596400 144
596600 149
596800 129
597000 140
597200 150
597400 128
597600 134
597800 155
598000 131
598200 127
598400 143
598600 125
598800 139
599000 130
599200 132
599400 146
599600 132
599800 165
600000 123
600200 122
600400 132
600600 122
600800 145
601000 134
601200 133
601400 152
601600 136
601800 127
602000 147
602200 141
602400 131
602600 142
602800 135
603000 165
603200 139
603400 138
603600 123
603800 137
604000 129
604200 145
604400 145
604600 174
604800 147
605000 139
605200 146
605400 142
605600 136
605800 126
606000 131
606200 157
606400 110
606600 138
606800 113
607000 159
607200 157
607400 146
607600 144
607800 152
608000 129
608200 122
608400 139
608600 127
608800 142
609000 127
609200 119
609400 135
609600 125
609800 135
610000 135
610200 163
610400 144
610600 146
610800 148
611000 122
611200 132
611400 131
611600 149
611800 137
612000 143
612200 134
612400 146
612600 118
612800 141
613000 135
613200 131
613400 126
613600 127
613800 155
614000 160
614200 157
614400 136
614600 133
614800 147
615000 138
615200 123
615400 129
615600 151
615800 141
616000 142
616200 147
616400 136
616600 136
616800 128
617000 149
617200 136
617400 135
617600 134
617800 140
618000 145
618200 129
618400 147
618600 140
618800 149
619000 142
619200 136
619400 139
619600 150
619800 134
620000 136
620200 139
620400 134
620600 142
620800 133
621000 132
621200 138
621400 120
621600 122
621800 130
622000 146
622200 137
622400 142
622600 142
622800 137
623000 155
623200 146
623400 145
623600 140
623800 151
624000 139
624200 142
624400 137
624600 133
624800 143
625000 131
625200 148
625400 140
625600 112
625800 145
626000 129
626200 126
626400 135
626600 122
626800 133
627000 140
627200 132
627400 146
627600 147
627800 121
628000 129
628200 144
628400 157
628600 137
628800 141
629000 157
629200 138
629400 149
629600 140
629800 131
630000 150
630200 138
630400 135
630600 141
630800 142
631000 156
631200 143
631400 119
631600 141
631800 153
632000 138
632200 134
632400 138
632600 150
632800 159
633000 118
633200 113
633400 134
633600 145
633800 145
634000 146
634200 140
634400 148
634600 147
634800 132
635000 107
635200 138
635400 125
635600 147
635800 120
636000 124
636200 144
636400 162
636600 130
636800 123
637000 155
637200 119
637400 126
637600 140
637800 137
638000 125
638200 144
638400 144
638600 131
638800 133
639000 148
639200 132
639400 134
639600 137
639800 154
640000 119
640200 156
640400 150
640600 145
640800 132
641000 144
641200 129
641400 125
641600 144
641800 148
642000 146
642200 131
642400 140
642600 143
642800 149
643000 153
643200 127
643400 147
643600 144
643800 136
644000 141
644200 137
644400 124
644600 124
644800 147
645000 142
645200 149
645400 133
645600 125
645800 132
646000 102
646200 144
646400 131
646600 127
646800 150
647000 149
647200 117
647400 126
647600 138
647800 153
648000 152
648200 149
648400 121
648600 128
648800 147
649000 156
649200 130
649400 130
649600 134
649800 149
650000 128
650200 108
650400 144
650600 122
650800 140
651000 137
651200 121
651400 116
651600 136
651800 150
652000 147
652200 154
652400 121
652600 157
652800 138
653000 103
653200 162
653400 145
653600 139
653800 136
654000 149
654200 100
654400 129
654600 156
654800 131
655000 158
655200 152
655400 172
655600 133
655800 149
656000 132
656200 131
656400 127
656600 142
656800 144
657000 137
657200 114
657400 135
657600 139
657800 125
658000 143
658200 141
658400 148
658600 136
658800 148
659000 124
659200 107
659400 155
659600 162
659800 160
660000 134
660200 140
660400 153
660600 138
660800 140
661000 153
661200 146
661400 146
661600 142
661800 128
662000 117
662200 155
662400 135
662600 142
662800 146
663000 141
663200 132
663400 131
663600 132
663800 147
664000 141
664200 108
664400 135
664600 157
664800 150
665000 125
665200 156
665400 137
665600 132
665800 126
666000 136
666200 114
666400 143
666600 139
666800 137
667000 129
667200 152
667400 142
667600 133
667800 149
668000 133
668200 123
668400 135
668600 135
668800 142
669000 162
669200 134
669400 136
669600 150
669800 136
670000 164
670200 139
670400 145
670600 122
670800 142
671000 142
671200 143
671400 140
671600 145
671800 124
672000 142
672200 134
672400 117
672600 131
672800 157
673000 149
673200 145
673400 138
673600 145
673800 113
674000 140
674200 114
674400 141
674600 139
674800 132
675000 144
675200 130
675400 137
675600 140
675800 134
676000 143
676200 145
676400 139
676600 131
676800 125
677000 125
677200 138
677400 147
677600 133
677800 149
678000 125
678200 137
678400 136
678600 122
678800 147
679000 146
679200 129
679400 152
679600 116
679800 153
680000 120
680200 149
680400 153
680600 139
680800 137
681000 155
681200 147
681400 148
681600 134
681800 107
682000 146
682200 141
682400 136
682600 157
682800 137
683000 156
683200 161
683400 161
683600 134
683800 156
684000 128
684200 138
684400 144
684600 140
684800 131
685000 132
685200 143
685400 142
685600 145
685800 142
686000 151
686200 139
686400 135
686600 127
686800 135
687000 149
687200 132
687400 149
687600 135
687800 135
688000 152
688200 122
688400 135
688600 146
688800 156
689000 132
689200 132
689400 164
689600 123
689800 142
690000 161
690200 138
690400 129
690600 139
690800 143
691000 116
691200 150
691400 125
691600 151
691800 135
692000 147
692200 138
692400 127
692600 143
692800 129
693000 128
693200 137
693400 149
693600 126
693800 135
694000 132
694200 130
694400 115
694600 149
694800 136
695000 131
695200 126
695400 122
695600 144
695800 143
696000 131
696200 121
696400 137
696600 128
696800 133
697000 128
697200 127
697400 141
697600 136
697800 133
698000 140
698200 124
698400 116
698600 114
698800 135
699000 147
699200 155
699400 129
699600 133
699800 155
700000 137
700200 139
700400 142
700600 140
700800 132
701000 132
701200 126
701400 123
701600 143
701800 142
702000 136
702200 142
702400 139
702600 155
702800 128
703000 120
703200 117
703400 130
703600 136
703800 128
704000 131
704200 109
704400 120
704600 160
704800 133
705000 169
705200 129
705400 120
705600 119
705800 153
706000 134
706200 138
706400 145
706600 129
706800 141
707000 127
707200 160
707400 133
707600 111
707800 114
708000 123
708200 140
708400 116
708600 143
708800 137
709000 151
709200 134
709400 143
709600 124
709800 149
710000 156
710200 134
710400 151
710600 132
710800 154
711000 149
711200 149
711400 148
711600 144
711800 122
712000 140
712200 119
712400 120
712600 143
712800 138
713000 123
713200 136
713400 141
713600 128
713800 111
714000 163
714200 122
714400 146
714600 132
714800 138
715000 153
715200 119
715400 129
715600 152
715800 121
716000 135
716200 139
716400 124
716600 136
716800 162
717000 137
717200 132
717400 145
717600 132
717800 142
718000 143
718200 147
718400 168
718600 130
718800 137
719000 119
719200 133
719400 131
719600 137
719800 135
720000 152
720200 145
720400 136
720600 128
720800 146
721000 132
721200 145
721400 118
721600 129
721800 139
722000 139
722200 152
722400 133
722600 138
722800 126
723000 146
723200 153
723400 134
723600 132
723800 129
724000 145
724200 139
724400 155
724600 121
724800 129
725000 139
725200 143
725400 148
725600 136
725800 126
726000 130
726200 147
726400 130
726600 158
726800 119
727000 144
727200 142
727400 142
727600 128
727800 139
728000 153
728200 137
728400 143
728600 133
728800 140
729000 133
729200 149
729400 129
729600 154
729800 148
730000 125
730200 165
730400 148
730600 148
730800 121
731000 142
731200 149
731400 140
731600 139
731800 137
732000 138
732200 132
732400 113
732600 139
732800 140
733000 121
733200 146
733400 140
733600 129
733800 145
734000 149
734200 133
734400 138
734600 132
734800 123
735000 129
735200 135
735400 143
735600 139
735800 142
736000 144
736200 128
736400 125
736600 142
736800 150
737000 132
737200 127
737400 139
737600 143
737800 132
738000 129
738200 146
738400 153
738600 144
738800 144
739000 130
739200 144
739400 133
739600 156
739800 151
740000 138
740200 156
740400 175
740600 136
740800 144
741000 126
741200 130
741400 124
741600 152
741800 145
742000 136
742200 124
742400 151
742600 157
742800 135
743000 142
743200 147
743400 132
743600 139
743800 145
744000 127
744200 151
744400 134
744600 141
744800 155
745000 137
745200 146
745400 119
745600 160
745800 134
746000 160
746200 148
746400 129
746600 118
746800 135
747000 143
747200 121
747400 140
747600 128
747800 156
748000 158
748200 119
748400 138
748600 129
748800 147
749000 143
749200 138
749400 144
749600 144
749800 155
750000 149
750200 160
750400 130
750600 158
750800 148
751000 138
751200 147
751400 139
751600 115
751800 139
752000 157
752200 139
752400 149
752600 151
752800 146
753000 147
753200 130
753400 133
753600 149
753800 140
754000 149
754200 149
754400 156
754600 137
754800 125
755000 132
755200 145
755400 137
755600 141
755800 131
756000 150
756200 148
756400 131
756600 131
756800 133
757000 126
757200 124
757400 126
757600 139
757800 151
758000 148
758200 141
758400 151
758600 132
758800 144
759000 132
759200 143
759400 135
759600 127
759800 146
760000 121
760200 142
760400 136
760600 149
760800 122
761000 141
761200 121
761400 138
761600 148
761800 140
762000 124
762200 138
762400 134
762600 149
762800 131
763000 128
763200 140
763400 138
763600 126
763800 143
764000 129
764200 152
764400 127
764600 154
764800 130
765000 128
765200 130
765400 120
765600 121
765800 136
766000 131
766200 141
766400 150
766600 139
766800 126
767000 128
767200 147
767400 127
767600 143
767800 122
768000 134
768200 130
768400 155
768600 143
768800 134
769000 130
769200 145
769400 149
769600 161
769800 153
770000 139
770200 151
770400 149
770600 139
770800 143
771000 117
771200 137
771400 122
771600 139
771800 123
772000 153
772200 124
772400 137
772600 131
772800 136
773000 144
773200 125
773400 130
773600 146
773800 127
774000 149
774200 117
774400 138
774600 139
774800 141
775000 140
775200 124
775400 128
775600 158
775800 148
776000 125
776200 157
776400 135
776600 141
776800 133
777000 115
777200 141
777400 121
777600 121
777800 130
778000 139
778200 139
778400 128
778600 138
778800 155
779000 139
779200 145
779400 147
779600 144
779800 142
780000 129
780200 137
780400 143
780600 160
780800 120
781000 136
781200 143
781400 135
781600 144
781800 141
782000 117
782200 123
782400 130
782600 127
782800 134
783000 144
783200 133
783400 146
783600 140
783800 130
784000 142
784200 146
784400 117
784600 139
784800 131
785000 147
785200 136
785400 117
785600 137
785800 141
786000 136
786200 132
786400 136
786600 142
786800 110
787000 153
787200 142
787400 154
787600 143
787800 151
788000 124
788200 153
788400 136
788600 138
788800 123
789000 137
789200 133
789400 155
789600 133
789800 147
790000 134
790200 138
790400 148
790600 150
790800 158
791000 120
791200 125
791400 148
791600 124
791800 151
792000 128
792200 130
792400 133
792600 143
792800 134
793000 136
793200 140
793400 117
793600 138
793800 142
794000 144
794200 141
794400 133
794600 129
794800 136
795000 150
795200 126
795400 123
795600 128
795800 149
796000 135
796200 154
796400 153
796600 133
796800 148
797000 138
797200 126
797400 139
797600 140
797800 144
798000 139
798200 139
798400 129
798600 117
798800 141
799000 152
799200 150
799400 133
799600 156
799800 139
800000 159
800200 143
800400 137
800600 147
800800 139
801000 123
801200 126
801400 147
801600 128
801800 140
802000 127
802200 144
802400 143
802600 142
802800 139
803000 133
803200 154
803400 138
803600 127
803800 110
804000 158
804200 140
804400 134
804600 130
804800 128
805000 137
805200 134
805400 148
805600 121
805800 138
806000 140
806200 151
806400 140
806600 136
806800 138
807000 150
807200 130
807400 139
807600 137
807800 114
808000 120
808200 140
808400 146
808600 139
808800 136
809000 134
809200 163
809400 117
809600 136
809800 146
810000 152
810200 130
810400 120
810600 124
810800 141
811000 139
811200 133
811400 137
811600 133
811800 127
812000 155
812200 140
812400 125
812600 136
812800 129
813000 141
813200 137
813400 140
813600 138
813800 140
814000 151
814200 122
814400 137
814600 134
814800 118
815000 126
815200 124
815400 139
815600 155
815800 145
816000 132
816200 143
816400 133
816600 150
816800 136
817000 150
817200 133
817400 144
817600 116
817800 150
818000 132
818200 146
818400 145
818600 133
818800 125
819000 134
819200 144
819400 135
819600 142
819800 134
820000 141
820200 118
820400 137
820600 136
820800 153
821000 122
821200 145
821400 139
821600 131
821800 149
822000 138
822200 141
822400 139
822600 134
822800 129
823000 119
823200 114
823400 131
823600 141
823800 123
824000 144
824200 150
824400 150
824600 138
824800 137
825000 136
825200 136
825400 161
825600 133
825800 116
826000 143
826200 161
826400 144
826600 133
826800 114
827000 120
827200 137
827400 129
827600 130
827800 132
828000 143
828200 135
828400 132
828600 148
828800 157
829000 128
829200 143
829400 135
829600 130
829800 148
830000 132
830200 149
830400 126
830600 149
830800 133
831000 148
831200 126
831400 141
831600 124
831800 146
832000 166
832200 129
832400 149
832600 143
832800 131
833000 119
833200 145
833400 148
833600 131
833800 135
834000 144
834200 147
834400 133
834600 120
834800 139
835000 128
835200 123
835400 131
835600 122
835800 141
836000 132
836200 140
836400 143
836600 154
836800 128
837000 136
837200 140
837400 154
837600 128
837800 145
838000 155
838200 128
838400 151
838600 129
838800 122
839000 132
839200 148
839400 153
839600 158
839800 143
840000 159
840200 119
840400 141
840600 146
840800 144
841000 118
841200 110
841400 138
841600 124
841800 125
842000 125
842200 130
842400 147
842600 120
842800 135
843000 123
843200 151
843400 140
843600 148
843800 135
844000 129
844200 101
844400 140
844600 150
844800 142
845000 138
845200 138
845400 140
845600 139
845800 145
846000 109
846200 117
846400 136
846600 143
846800 135
847000 123
847200 138
847400 117
847600 117
847800 141
848000 143
848200 119
848400 131
848600 131
848800 158
849000 133
849200 126
849400 145
849600 136
849800 150
850000 124
850200 146
850400 150
850600 146
850800 147
851000 146
851200 123
851400 134
851600 120
851800 153
852000 146
852200 152
852400 119
852600 117
852800 152
853000 145
853200 145
853400 151
853600 132
853800 129
854000 129
854200 153
854400 150
854600 117
854800 142
855000 137
855200 157
855400 131
855600 130
855800 132
856000 136
856200 123
856400 144
856600 112
856800 147
857000 140
857200 129
857400 138
857600 143
857800 121
858000 140
858200 145
858400 140
858600 140
858800 144
859000 143
859200 133
859400 109
859600 123
859800 121
860000 131
860200 143
860400 136
860600 120
860800 154
861000 146
861200 141
861400 117
861600 147
861800 136
862000 144
862200 125
862400 148
862600 130
862800 135
863000 152
863200 137
863400 146
863600 128
863800 148
864000 144
864200 131
864400 141
864600 139
864800 140
865000 134
865200 153
865400 124
865600 141
865800 164
866000 123
866200 162
866400 135
866600 143
866800 150
867000 126
867200 142
867400 136
867600 138
867800 137
868000 143
868200 127
868400 141
868600 146
868800 141
869000 137
869200 142
869400 113
869600 151
869800 124
870000 154
870200 123
870400 138
870600 146
870800 119
871000 129
871200 143
871400 122
871600 147
871800 136
872000 128
872200 128
872400 152
872600 130
872800 129
873000 141
873200 131
873400 135
873600 137
873800 131
874000 131
874200 149
874400 134
874600 140
874800 122
875000 135
875200 125
875400 149
875600 139
875800 141
876000 119
876200 137
876400 120
876600 136
876800 131
877000 153
877200 131
877400 155
877600 133
877800 133
878000 148
878200 147
878400 133
878600 145
878800 119
879000 148
879200 157
879400 135
879600 135
879800 155
880000 137
880200 128
880400 140
880600 123
880800 142
881000 151
881200 142
881400 115
881600 154
881800 156
882000 162
882200 145
882400 141
882600 126
882800 127
883000 153
883200 128
883400 137
883600 158
883800 143
884000 149
884200 132
884400 150
884600 134
884800 150
885000 105
885200 136
885400 130
885600 148
885800 130
886000 139
886200 138
886400 160
886600 143
886800 127
887000 114
887200 148
887400 146
887600 142
887800 126
888000 148
888200 157
888400 125
888600 139
888800 106
889000 141
889200 144
889400 134
889600 142
889800 137
890000 132
890200 131
890400 123
890600 130
890800 127
891000 122
891200 132
891400 145
891600 132
891800 139
892000 157
892200 125
892400 129
892600 148
892800 149
893000 120
893200 149
893400 135
893600 122
893800 144
894000 131
894200 135
894400 151
894600 122
894800 123
895000 122
895200 152
895400 148
895600 159
895800 110
896000 120
896200 124
896400 119
896600 144
896800 148
897000 130
897200 144
897400 139
897600 139
897800 130
898000 137
898200 120
898400 122
898600 118
898800 135
899000 143
899200 147
899400 142
899600 116
899800 118
900000 123
900200 147
900400 140
900600 139
900800 165
901000 118
901200 132
901400 135
901600 131
901800 146
902000 151
902200 128
902400 144
902600 124
902800 133
903000 142
903200 138
903400 148
903600 160
903800 150
904000 155
904200 157
904400 121
904600 115
904800 134
905000 136
905200 130
905400 115
905600 138
905800 118
906000 158
906200 141
906400 147
906600 138
906800 151
907000 134
907200 128
907400 142
907600 115
907800 154
908000 119
908200 137
908400 122
908600 148
908800 116
909000 141
909200 122
909400 135
909600 138
909800 126
910000 159
910200 131
910400 140
910600 147
910800 132
911000 141
911200 137
911400 141
911600 130
911800 130
912000 143
912200 138
912400 146
912600 129
912800 120
913000 129
913200 151
913400 141
913600 107
913800 146
914000 141
914200 158
914400 133
914600 143
914800 122
915000 145
915200 130
915400 146
915600 139
915800 130
916000 117
916200 131
916400 145
916600 139
916800 141
917000 118
917200 143
917400 166
917600 136
917800 126
918000 111
918200 141
918400 138
918600 152
918800 156
919000 139
919200 151
919400 118
919600 135
919800 116
920000 133
920200 145
920400 142
920600 145
920800 138
921000 138
921200 142
921400 147
921600 117
921800 118
922000 160
922200 162
922400 148
922600 135
922800 156
923000 139
923200 135
923400 137
923600 155
923800 147
924000 122
924200 142
924400 136
924600 159
924800 156
925000 129
925200 138
925400 145
925600 130
925800 134
926000 144
926200 146
926400 152
926600 138
926800 137
927000 136
927200 142
927400 143
927600 140
927800 139
928000 131
928200 154
928400 129
928600 153
928800 148
929000 122
929200 122
929400 138
929600 141
929800 123
930000 146
930200 149
930400 142
930600 150
930800 145
931000 134
931200 134
931400 117
931600 149
931800 135
932000 144
932200 139
932400 132
932600 156
932800 119
933000 137
933200 140
933400 115
933600 125
933800 148
934000 138
934200 145
934400 145
934600 137
934800 156
935000 124
935200 144
935400 130
935600 143
935800 156
936000 136
936200 138
936400 140
936600 131
936800 141
937000 166
937200 126
937400 136
937600 147
937800 142
938000 140
938200 147
938400 149
938600 129
938800 141
939000 126
939200 135
939400 153
939600 135
939800 139
940000 132
940200 159
940400 131
940600 146
940800 145
941000 143
941200 113
941400 142
941600 118
941800 129
942000 133
942200 152
942400 141
942600 143
942800 139
943000 152
943200 136
943400 137
943600 133
943800 144
944000 152
944200 146
944400 137
944600 150
944800 133
945000 154
945200 137
945400 114
945600 144
945800 140
946000 133
946200 140
946400 136
946600 134
946800 137
947000 134
947200 131
947400 150
947600 148
947800 115
948000 136
948200 142
948400 137
948600 152
948800 125
949000 128
949200 117
949400 140
949600 131
949800 146
950000 130
950200 125
950400 119
950600 149
950800 139
951000 134
951200 144
951400 126
951600 134
951800 148
952000 129
952200 151
952400 137
952600 130
952800 151
953000 124
953200 129
953400 136
953600 137
953800 146
954000 148
954200 135
954400 132
954600 140
954800 118
955000 128
955200 137
955400 145
955600 127
955800 147
956000 135
956200 150
956400 150
956600 142
956800 137
957000 124
957200 148
957400 135
957600 142
957800 126
958000 140
958200 136
958400 124
958600 109
958800 139
959000 135
959200 128
959400 149
959600 133
959800 142
960000 163
960200 129
960400 145
960600 137
960800 157
961000 153
961200 141
961400 144
961600 144
961800 135
962000 146
962200 136
962400 147
962600 140
962800 138
963000 122
963200 155
963400 135
963600 136
963800 116
964000 142
964200 131
964400 120
964600 140
964800 129
965000 166
965200 134
965400 136
965600 145
965800 136
966000 146
966200 145
966400 122
966600 126
966800 135
967000 165
967200 141
967400 135
967600 124
967800 147
968000 131
968200 112
968400 126
968600 132
968800 117
969000 132
969200 137
969400 138
969600 155
969800 143
970000 141
970200 116
970400 134
970600 151
970800 150
971000 145
971200 159
971400 143
971600 138
971800 149
972000 142
972200 142
972400 124
972600 140
972800 128
973000 125
973200 126
973400 147
973600 125
973800 155
974000 138
974200 150
974400 130
974600 144
974800 147
975000 123
975200 132
975400 125
975600 152
975800 124
976000 124
976200 129
976400 130
976600 138
976800 123
977000 150
977200 136
977400 144
977600 126
977800 154
978000 121
978200 146
978400 148
978600 137
978800 127
979000 124
979200 149
979400 153
979600 160
979800 124
980000 162
980200 155
980400 146
980600 130
980800 120
981000 179
981200 134
981400 120
981600 138
981800 136
982000 144
982200 122
982400 135
982600 137
982800 148
983000 132
983200 133
983400 159
983600 150
983800 138
984000 133
984200 121
984400 147
984600 139
984800 134
985000 142
985200 151
985400 138
985600 141
985800 145
986000 137
986200 119
986400 126
986600 142
986800 97
987000 146
987200 125
987400 146
987600 137
987800 133
988000 136
988200 144
988400 139
988600 128
988800 135
989000 126
989200 148
989400 130
989600 130
989800 134
990000 138
990200 150
990400 139
990600 118
990800 140
991000 145
991200 137
991400 143
991600 141
991800 139
992000 133
992200 136
992400 136
992600 157
992800 131
993000 139
993200 133
993400 145
993600 139
993800 147
994000 159
994200 135
994400 139
994600 153
994800 131
995000 133
995200 155
995400 137
995600 148
995800 128
996000 137
996200 107
996400 132
996600 131
996800 154
997000 140
997200 129
997400 148
997600 132
997800 137
998000 143
998200 139
998400 164
998600 142
998800 152
999000 125
999200 139
999400 129
999600 120
999800 132
1000000 131
