200 100.000
400 100.000
600 100.000
800 100.000
1000 100.000
1200 100.000
1400 100.000
1600 100.000
1800 100.000
2000 100.000
2200 100.000
2400 100.000
2600 100.000
2800 100.000
3000 100.000
3200 100.000
3400 100.000
3600 100.000
3800 100.000
4000 100.000
4200 100.000
4400 100.000
4600 100.000
4800 100.000
5000 100.000
5200 100.000
5400 100.000
5600 100.000
5800 100.000
6000 100.000
6200 100.000
6400 100.000
6600 100.000
6800 100.000
7000 100.000
7200 100.000
7400 100.000
7600 100.000
7800 100.000
8000 100.000
8200 100.000
8400 100.000
8600 100.000
8800 100.000
9000 100.000
9200 100.000
9400 100.000
9600 100.000
9800 100.000
10000 100.000
10200 100.000
10400 100.000
10600 100.000
10800 100.000
11000 100.000
11200 100.000
11400 100.000
11600 100.000
11800 100.000
12000 100.000
12200 100.000
12400 100.000
12600 100.000
12800 100.000
13000 100.000
13200 100.000
13400 100.000
13600 100.000
13800 100.000
14000 100.000
14200 100.000
14400 100.000
14600 100.000
14800 100.000
15000 100.000
15200 100.000
15400 100.000
15600 100.000
15800 100.000
16000 100.000
16200 100.000
16400 100.000
16600 100.000
16800 100.000
17000 100.000
17200 100.000
17400 100.000
17600 100.000
17800 100.000
18000 100.000
18200 100.000
18400 100.000
18600 100.000
18800 100.000
19000 100.000
19200 100.000
19400 100.000
19600 100.000
19800 100.000
20000 100.000
20200 100.000
20400 100.000
20600 100.000
20800 100.000
21000 100.000
21200 100.000
21400 100.000
21600 100.000
21800 100.000
22000 100.000
22200 100.000
22400 100.000
22600 100.000
22800 100.000
23000 100.000
23200 100.000
23400 100.000
23600 100.000
23800 100.000
24000 100.000
24200 100.000
24400 100.000
24600 100.000
24800 100.000
25000 100.000
25200 100.000
25400 100.000
25600 100.000
25800 100.000
26000 100.000
26200 100.000
26400 100.000
26600 100.000
26800 100.000
27000 100.000
27200 100.000
27400 100.000
27600 100.000
27800 100.000
28000 100.000
28200 100.000
28400 100.000
28600 100.000
28800 100.000
29000 100.000
29200 100.000
29400 100.000
29600 100.000
29800 100.000
30000 100.000
30200 100.000
30400 100.000
30600 100.000
30800 100.000
31000 100.000
31200 100.000
31400 100.000
31600 100.000
31800 100.000
32000 100.000
32200 100.000
32400 100.000
32600 100.000
32800 100.000
33000 100.000
33200 100.000
33400 100.000
33600 100.000
33800 100.000
34000 100.000
34200 100.000
34400 100.000
34600 100.000
34800 100.000
35000 100.000
35200 100.000
35400 100.000
35600 100.000
35800 100.000
36000 100.000
36200 100.000
36400 100.000
36600 100.000
36800 100.000
37000 100.000
37200 100.000
37400 100.000
37600 100.000
37800 100.000
38000 100.000
38200 100.000
38400 100.000
38600 100.000
38800 100.000
39000 100.000
39200 100.000
39400 100.000
39600 100.000
39800 100.000
40000 100.000
40200 100.000
40400 100.000
40600 100.000
40800 100.000
41000 100.000
41200 100.000
41400 100.000
41600 100.000
41800 100.000
42000 100.000
42200 100.000
42400 100.000
42600 100.000
42800 100.000
43000 100.000
43200 100.000
43400 100.000
43600 100.000
43800 100.000
44000 100.000
44200 100.000
44400 100.000
44600 100.000
44800 100.000
45000 100.000
45200 100.000
45400 100.000
45600 100.000
45800 100.000
46000 100.000
46200 100.000
46400 100.000
46600 100.000
46800 100.000
47000 100.000
47200 100.000
47400 100.000
47600 100.000
47800 100.000
48000 100.000
48200 100.000
48400 100.000
48600 100.000
48800 100.000
49000 100.000
49200 100.000
49400 100.000
49600 100.000
49800 100.000
50000 100.000
50200 100.000
50400 100.000
50600 100.000
50800 100.000
51000 100.000
51200 100.000
51400 100.000
51600 100.000
51800 100.000
52000 100.000
52200 100.000
52400 100.000
52600 100.000
52800 100.000
53000 100.000
53200 100.000
53400 100.000
53600 100.000
53800 100.000
54000 100.000
54200 100.000
54400 100.000
54600 100.000
54800 100.000
55000 100.000
55200 100.000
55400 100.000
55600 100.000
55800 100.000
56000 100.000
56200 100.000
56400 100.000
56600 100.000
56800 100.000
57000 100.000
57200 100.000
57400 100.000
57600 100.000
57800 100.000
58000 100.000
58200 100.000
58400 100.000
58600 100.000
58800 100.000
59000 100.000
59200 100.000
59400 100.000
59600 100.000
59800 100.000
60000 100.000
60200 100.000
60400 100.000
60600 100.000
60800 100.000
61000 100.000
61200 100.000
61400 100.000
61600 100.000
61800 100.000
62000 100.000
62200 100.000
62400 100.000
62600 100.000
62800 100.000
63000 100.000
63200 100.000
63400 100.000
63600 100.000
63800 100.000
64000 100.000
64200 100.000
64400 100.000
64600 100.000
64800 100.000
65000 100.000
65200 100.000
65400 100.000
65600 100.000
65800 100.000
66000 100.000
66200 100.000
66400 100.000
66600 100.000
66800 100.000
67000 100.000
67200 100.000
67400 100.000
67600 100.000
67800 100.000
68000 100.000
68200 100.000
68400 100.000
68600 100.000
68800 100.000
69000 100.000
69200 100.000
69400 100.000
69600 100.000
69800 100.000
70000 100.000
70200 100.000
70400 100.000
70600 100.000
70800 100.000
71000 100.000
71200 100.000
71400 100.000
71600 100.000
71800 100.000
72000 100.000
72200 100.000
72400 100.000
72600 100.000
72800 100.000
73000 100.000
73200 100.000
73400 100.000
73600 100.000
73800 100.000
74000 100.000
74200 100.000
74400 100.000
74600 100.000
74800 100.000
75000 100.000
75200 100.000
75400 100.000
75600 100.000
75800 100.000
76000 100.000
76200 100.000
76400 100.000
76600 100.000
76800 100.000
77000 100.000
77200 100.000
77400 100.000
77600 100.000
77800 100.000
78000 100.000
78200 100.000
78400 100.000
78600 100.000
78800 100.000
79000 100.000
79200 100.000
79400 100.000
79600 100.000
79800 100.000
80000 100.000
80200 100.000
80400 100.000
80600 100.000
80800 100.000
81000 100.000
81200 100.000
81400 100.000
81600 100.000
81800 100.000
82000 100.000
82200 100.000
82400 100.000
82600 100.000
82800 100.000
83000 100.000
83200 100.000
83400 100.000
83600 100.000
83800 100.000
84000 100.000
84200 100.000
84400 100.000
84600 100.000
84800 100.000
85000 100.000
85200 100.000
85400 100.000
85600 100.000
85800 100.000
86000 100.000
86200 100.000
86400 100.000
86600 100.000
86800 100.000
87000 100.000
87200 100.000
87400 100.000
87600 100.000
87800 100.000
88000 100.000
88200 100.000
88400 100.000
88600 100.000
88800 100.000
89000 100.000
89200 100.000
89400 100.000
89600 100.000
89800 100.000
90000 100.000
90200 100.000
90400 100.000
90600 100.000
90800 100.000
91000 100.000
91200 100.000
91400 100.000
91600 100.000
91800 100.000
92000 100.000
92200 100.000
92400 100.000
92600 100.000
92800 100.000
93000 100.000
93200 100.000
93400 100.000
93600 100.000
93800 100.000
94000 100.000
94200 100.000
94400 100.000
94600 100.000
94800 100.000
95000 100.000
95200 100.000
95400 100.000
95600 100.000
95800 100.000
96000 100.000
96200 100.000
96400 100.000
96600 100.000
96800 100.000
97000 100.000
97200 100.000
97400 100.000
97600 100.000
97800 100.000
98000 100.000
98200 100.000
98400 100.000
98600 100.000
98800 100.000
99000 100.000
99200 100.000
99400 100.000
99600 100.000
99800 100.000
100000 100.000
100200 100.000
100400 100.000
100600 100.000
100800 100.000
101000 100.000
101200 100.000
101400 100.000
101600 100.000
101800 100.000
102000 100.000
102200 100.000
102400 100.000
102600 100.000
102800 100.000
103000 100.000
103200 100.000
103400 100.000
103600 100.000
103800 100.000
104000 100.000
104200 100.000
104400 100.000
104600 100.000
104800 100.000
105000 100.000
105200 100.000
105400 100.000
105600 100.000
105800 100.000
106000 100.000
106200 100.000
106400 100.000
106600 100.000
106800 100.000
107000 100.000
107200 100.000
107400 100.000
107600 100.000
107800 100.000
108000 100.000
108200 100.000
108400 100.000
108600 100.000
108800 100.000
109000 100.000
109200 100.000
109400 100.000
109600 100.000
109800 100.000
110000 100.000
110200 100.000
110400 100.000
110600 100.000
110800 100.000
111000 100.000
111200 100.000
111400 100.000
111600 100.000
111800 100.000
112000 100.000
112200 100.000
112400 100.000
112600 100.000
112800 100.000
113000 100.000
113200 100.000
113400 100.000
113600 100.000
113800 100.000
114000 100.000
114200 100.000
114400 100.000
114600 100.000
114800 100.000
115000 100.000
115200 100.000
115400 100.000
115600 100.000
115800 100.000
116000 100.000
116200 100.000
116400 100.000
116600 100.000
116800 100.000
117000 100.000
117200 100.000
117400 100.000
117600 100.000
117800 100.000
118000 100.000
118200 100.000
118400 100.000
118600 100.000
118800 100.000
119000 100.000
119200 100.000
119400 100.000
119600 100.000
119800 100.000
120000 100.000
120200 100.000
120400 100.000
120600 100.000
120800 100.000
121000 100.000
121200 100.000
121400 100.000
121600 100.000
121800 100.000
122000 100.000
122200 100.000
122400 100.000
122600 100.000
122800 100.000
123000 100.000
123200 100.000
123400 100.000
123600 100.000
123800 100.000
124000 100.000
124200 100.000
124400 100.000
124600 100.000
124800 100.000
125000 100.000
125200 100.000
125400 100.000
125600 100.000
125800 100.000
126000 100.000
126200 100.000
126400 100.000
126600 100.000
126800 100.000
127000 100.000
127200 100.000
127400 100.000
127600 100.000
127800 100.000
128000 100.000
128200 100.000
128400 100.000
128600 100.000
128800 100.000
129000 100.000
129200 100.000
129400 100.000
129600 100.000
129800 100.000
130000 100.000
130200 100.000
130400 100.000
130600 100.000
130800 100.000
131000 100.000
131200 100.000
131400 100.000
131600 100.000
131800 100.000
132000 100.000
132200 100.000
132400 100.000
132600 100.000
132800 100.000
133000 100.000
133200 100.000
133400 100.000
133600 100.000
133800 100.000
134000 100.000
134200 100.000
134400 100.000
134600 100.000
134800 100.000
135000 100.000
135200 100.000
135400 100.000
135600 100.000
135800 100.000
136000 100.000
136200 100.000
136400 100.000
136600 100.000
136800 100.000
137000 100.000
137200 100.000
137400 100.000
137600 100.000
137800 100.000
138000 100.000
138200 100.000
138400 100.000
138600 100.000
138800 100.000
139000 100.000
139200 100.000
139400 100.000
139600 100.000
139800 100.000
140000 100.000
140200 100.000
140400 100.000
140600 100.000
140800 100.000
141000 100.000
141200 100.000
141400 100.000
141600 100.000
141800 100.000
142000 100.000
142200 100.000
142400 100.000
142600 100.000
142800 100.000
143000 100.000
143200 100.000
143400 100.000
143600 100.000
143800 100.000
144000 100.000
144200 100.000
144400 100.000
144600 100.000
144800 100.000
145000 100.000
145200 100.000
145400 100.000
145600 100.000
145800 100.000
146000 100.000
146200 100.000
146400 100.000
146600 100.000
146800 100.000
147000 100.000
147200 100.000
147400 100.000
147600 100.000
147800 100.000
148000 100.000
148200 100.000
148400 100.000
148600 100.000
148800 100.000
149000 100.000
149200 100.000
149400 100.000
149600 100.000
149800 100.000
150000 100.000
150200 100.000
150400 100.000
150600 100.000
150800 100.000
151000 100.000
151200 100.000
151400 100.000
151600 100.000
151800 100.000
152000 100.000
152200 100.000
152400 100.000
152600 100.000
152800 100.000
153000 100.000
153200 100.000
153400 100.000
153600 100.000
153800 100.000
154000 100.000
154200 100.000
154400 100.000
154600 100.000
154800 100.000
155000 100.000
155200 100.000
155400 100.000
155600 100.000
155800 100.000
156000 100.000
156200 100.000
156400 100.000
156600 100.000
156800 100.000
157000 100.000
157200 100.000
157400 100.000
157600 100.000
157800 100.000
158000 100.000
158200 100.000
158400 100.000
158600 100.000
158800 100.000
159000 100.000
159200 100.000
159400 100.000
159600 100.000
159800 100.000
160000 100.000
160200 100.000
160400 100.000
160600 100.000
160800 100.000
161000 100.000
161200 100.000
161400 100.000
161600 100.000
161800 100.000
162000 100.000
162200 100.000
162400 100.000
162600 100.000
162800 100.000
163000 100.000
163200 100.000
163400 100.000
163600 100.000
163800 100.000
164000 100.000
164200 100.000
164400 100.000
164600 100.000
164800 100.000
165000 100.000
165200 100.000
165400 100.000
165600 100.000
165800 100.000
166000 100.000
166200 100.000
166400 100.000
166600 100.000
166800 100.000
167000 100.000
167200 100.000
167400 100.000
167600 100.000
167800 100.000
168000 100.000
168200 100.000
168400 100.000
168600 100.000
168800 100.000
169000 100.000
169200 100.000
169400 100.000
169600 100.000
169800 100.000
170000 100.000
170200 100.000
170400 100.000
170600 100.000
170800 100.000
171000 100.000
171200 100.000
171400 100.000
171600 100.000
171800 100.000
172000 100.000
172200 100.000
172400 100.000
172600 100.000
172800 100.000
173000 100.000
173200 100.000
173400 100.000
173600 100.000
173800 100.000
174000 100.000
174200 100.000
174400 100.000
174600 100.000
174800 100.000
175000 100.000
175200 100.000
175400 100.000
175600 100.000
175800 100.000
176000 100.000
176200 100.000
176400 100.000
176600 100.000
176800 100.000
177000 100.000
177200 100.000
177400 100.000
177600 100.000
177800 100.000
178000 100.000
178200 100.000
178400 100.000
178600 100.000
178800 100.000
179000 100.000
179200 100.000
179400 100.000
179600 100.000
179800 100.000
180000 100.000
180200 100.000
180400 100.000
180600 100.000
180800 100.000
181000 100.000
181200 100.000
181400 100.000
181600 100.000
181800 100.000
182000 100.000
182200 100.000
182400 100.000
182600 100.000
182800 100.000
183000 100.000
183200 100.000
183400 100.000
183600 100.000
183800 100.000
184000 100.000
184200 100.000
184400 100.000
184600 100.000
184800 100.000
185000 100.000
185200 100.000
185400 100.000
185600 100.000
185800 100.000
186000 100.000
186200 100.000
186400 100.000
186600 100.000
186800 100.000
187000 100.000
187200 100.000
187400 100.000
187600 100.000
187800 100.000
188000 100.000
188200 100.000
188400 100.000
188600 100.000
188800 100.000
189000 100.000
189200 100.000
189400 100.000
189600 100.000
189800 100.000
190000 100.000
190200 100.000
190400 100.000
190600 100.000
190800 100.000
191000 100.000
191200 100.000
191400 100.000
191600 100.000
191800 100.000
192000 100.000
192200 100.000
192400 100.000
192600 100.000
192800 100.000
193000 100.000
193200 100.000
193400 100.000
193600 100.000
193800 100.000
194000 100.000
194200 100.000
194400 100.000
194600 100.000
194800 100.000
195000 100.000
195200 100.000
195400 100.000
195600 100.000
195800 100.000
196000 100.000
196200 100.000
196400 100.000
196600 100.000
196800 100.000
197000 100.000
197200 100.000
197400 100.000
197600 100.000
197800 100.000
198000 100.000
198200 100.000
198400 100.000
198600 100.000
198800 100.000
199000 100.000
199200 100.000
199400 100.000
199600 100.000
199800 100.000
200000 100.000
200200 100.000
200400 100.000
200600 100.000
200800 100.000
201000 100.000
201200 100.000
201400 100.000
201600 100.000
201800 100.000
202000 100.000
202200 100.000
202400 100.000
202600 100.000
202800 100.000
203000 100.000
203200 100.000
203400 100.000
203600 100.000
203800 100.000
204000 100.000
204200 100.000
204400 100.000
204600 100.000
204800 100.000
205000 100.000
205200 100.000
205400 100.000
205600 100.000
205800 100.000
206000 100.000
206200 100.000
206400 100.000
206600 100.000
206800 100.000
207000 100.000
207200 100.000
207400 100.000
207600 100.000
207800 100.000
208000 100.000
208200 100.000
208400 100.000
208600 100.000
208800 100.000
209000 100.000
209200 100.000
209400 100.000
209600 100.000
209800 100.000
210000 100.000
210200 100.000
210400 100.000
210600 100.000
210800 100.000
211000 100.000
211200 100.000
211400 100.000
211600 100.000
211800 100.000
212000 100.000
212200 100.000
212400 100.000
212600 100.000
212800 100.000
213000 100.000
213200 100.000
213400 100.000
213600 100.000
213800 100.000
214000 100.000
214200 100.000
214400 100.000
214600 100.000
214800 100.000
215000 100.000
215200 100.000
215400 100.000
215600 100.000
215800 100.000
216000 100.000
216200 100.000
216400 100.000
216600 100.000
216800 100.000
217000 100.000
217200 100.000
217400 100.000
217600 100.000
217800 100.000
218000 100.000
218200 100.000
218400 100.000
218600 100.000
218800 100.000
219000 100.000
219200 100.000
219400 100.000
219600 100.000
219800 100.000
220000 100.000
220200 100.000
220400 100.000
220600 100.000
220800 100.000
221000 100.000
221200 100.000
221400 100.000
221600 100.000
221800 100.000
222000 100.000
222200 100.000
222400 100.000
222600 100.000
222800 100.000
223000 100.000
223200 100.000
223400 100.000
223600 100.000
223800 100.000
224000 100.000
224200 100.000
224400 100.000
224600 100.000
224800 100.000
225000 100.000
225200 100.000
225400 100.000
225600 100.000
225800 100.000
226000 100.000
226200 100.000
226400 100.000
226600 100.000
226800 100.000
227000 100.000
227200 100.000
227400 100.000
227600 100.000
227800 100.000
228000 100.000
228200 100.000
228400 100.000
228600 100.000
228800 100.000
229000 100.000
229200 100.000
229400 100.000
229600 100.000
229800 100.000
230000 100.000
230200 100.000
230400 100.000
230600 100.000
230800 100.000
231000 100.000
231200 100.000
231400 100.000
231600 100.000
231800 100.000
232000 100.000
232200 100.000
232400 100.000
232600 100.000
232800 100.000
233000 100.000
233200 100.000
233400 100.000
233600 100.000
233800 100.000
234000 100.000
234200 100.000
234400 100.000
234600 100.000
234800 100.000
235000 100.000
235200 100.000
235400 100.000
235600 100.000
235800 100.000
236000 100.000
236200 100.000
236400 100.000
236600 100.000
236800 100.000
237000 100.000
237200 100.000
237400 100.000
237600 100.000
237800 100.000
238000 100.000
238200 100.000
238400 100.000
238600 100.000
238800 100.000
239000 100.000
239200 100.000
239400 100.000
239600 100.000
239800 100.000
240000 100.000
240200 100.000
240400 100.000
240600 100.000
240800 100.000
241000 100.000
241200 100.000
241400 100.000
241600 100.000
241800 100.000
242000 100.000
242200 100.000
242400 100.000
242600 100.000
242800 100.000
243000 100.000
243200 100.000
243400 100.000
243600 100.000
243800 100.000
244000 100.000
244200 100.000
244400 100.000
244600 100.000
244800 100.000
245000 100.000
245200 100.000
245400 100.000
245600 100.000
245800 100.000
246000 100.000
246200 100.000
246400 100.000
246600 100.000
246800 100.000
247000 100.000
247200 100.000
247400 100.000
247600 100.000
247800 100.000
248000 100.000
248200 100.000
248400 100.000
248600 100.000
248800 100.000
249000 100.000
249200 100.000
249400 100.000
249600 100.000
249800 100.000
250000 100.000
250200 100.000
250400 100.000
250600 100.000
250800 100.000
251000 100.000
251200 100.000
251400 100.000
251600 100.000
251800 100.000
252000 100.000
252200 100.000
252400 100.000
252600 100.000
252800 100.000
253000 100.000
253200 100.000
253400 100.000
253600 100.000
253800 100.000
254000 100.000
254200 100.000
254400 100.000
254600 100.000
254800 100.000
255000 100.000
255200 100.000
255400 100.000
255600 100.000
255800 100.000
256000 100.000
256200 100.000
256400 100.000
256600 100.000
256800 100.000
257000 100.000
257200 100.000
257400 100.000
257600 100.000
257800 100.000
258000 100.000
258200 100.000
258400 100.000
258600 100.000
258800 100.000
259000 100.000
259200 100.000
259400 100.000
259600 100.000
259800 100.000
260000 100.000
260200 100.000
260400 100.000
260600 100.000
260800 100.000
261000 100.000
261200 100.000
261400 100.000
261600 100.000
261800 100.000
262000 100.000
262200 100.000
262400 100.000
262600 100.000
262800 100.000
263000 100.000
263200 100.000
263400 100.000
263600 100.000
263800 100.000
264000 100.000
264200 100.000
264400 100.000
264600 100.000
264800 100.000
265000 100.000
265200 100.000
265400 100.000
265600 100.000
265800 100.000
266000 100.000
266200 100.000
266400 100.000
266600 100.000
266800 100.000
267000 100.000
267200 100.000
267400 100.000
267600 100.000
267800 100.000
268000 100.000
268200 100.000
268400 100.000
268600 100.000
268800 100.000
269000 100.000
269200 100.000
269400 100.000
269600 100.000
269800 100.000
270000 100.000
270200 100.000
270400 100.000
270600 100.000
270800 100.000
271000 100.000
271200 100.000
271400 100.000
271600 100.000
271800 100.000
272000 100.000
272200 100.000
272400 100.000
272600 100.000
272800 100.000
273000 100.000
273200 100.000
273400 100.000
273600 100.000
273800 100.000
274000 100.000
274200 100.000
274400 100.000
274600 100.000
274800 100.000
275000 100.000
275200 100.000
275400 100.000
275600 100.000
275800 100.000
276000 100.000
276200 100.000
276400 100.000
276600 100.000
276800 100.000
277000 100.000
277200 100.000
277400 100.000
277600 100.000
277800 100.000
278000 100.000
278200 100.000
278400 100.000
278600 100.000
278800 100.000
279000 100.000
279200 100.000
279400 100.000
279600 100.000
279800 100.000
280000 100.000
280200 100.000
280400 100.000
280600 100.000
280800 100.000
281000 100.000
281200 100.000
281400 100.000
281600 100.000
281800 100.000
282000 100.000
282200 100.000
282400 100.000
282600 100.000
282800 100.000
283000 100.000
283200 100.000
283400 100.000
283600 100.000
283800 100.000
284000 100.000
284200 100.000
284400 100.000
284600 100.000
284800 100.000
285000 100.000
285200 100.000
285400 100.000
285600 100.000
285800 100.000
286000 100.000
286200 100.000
286400 100.000
286600 100.000
286800 100.000
287000 100.000
287200 100.000
287400 100.000
287600 100.000
287800 100.000
288000 100.000
288200 100.000
288400 100.000
288600 100.000
288800 100.000
289000 100.000
289200 100.000
289400 100.000
289600 100.000
289800 100.000
290000 100.000
290200 100.000
290400 100.000
290600 100.000
290800 100.000
291000 100.000
291200 100.000
291400 100.000
291600 100.000
291800 100.000
292000 100.000
292200 100.000
292400 100.000
292600 100.000
292800 100.000
293000 100.000
293200 100.000
293400 100.000
293600 100.000
293800 100.000
294000 100.000
294200 100.000
294400 100.000
294600 100.000
294800 100.000
295000 100.000
295200 100.000
295400 100.000
295600 100.000
295800 100.000
296000 100.000
296200 100.000
296400 100.000
296600 100.000
296800 100.000
297000 100.000
297200 100.000
297400 100.000
297600 100.000
297800 100.000
298000 100.000
298200 100.000
298400 100.000
298600 100.000
298800 100.000
299000 100.000
299200 100.000
299400 100.000
299600 100.000
299800 100.000
300000 100.000
300200 100.000
300400 100.000
300600 100.000
300800 100.000
301000 100.000
301200 100.000
301400 100.000
301600 100.000
301800 100.000
302000 100.000
302200 100.000
302400 100.000
302600 100.000
302800 100.000
303000 100.000
303200 100.000
303400 100.000
303600 100.000
303800 100.000
304000 100.000
304200 100.000
304400 100.000
304600 100.000
304800 100.000
305000 100.000
305200 100.000
305400 100.000
305600 100.000
305800 100.000
306000 100.000
306200 100.000
306400 100.000
306600 100.000
306800 100.000
307000 100.000
307200 100.000
307400 100.000
307600 100.000
307800 100.000
308000 100.000
308200 100.000
308400 100.000
308600 100.000
308800 100.000
309000 100.000
309200 100.000
309400 100.000
309600 100.000
309800 100.000
310000 100.000
310200 100.000
310400 100.000
310600 100.000
310800 100.000
311000 100.000
311200 100.000
311400 100.000
311600 100.000
311800 100.000
312000 100.000
312200 100.000
312400 100.000
312600 100.000
312800 100.000
313000 100.000
313200 100.000
313400 100.000
313600 100.000
313800 100.000
314000 100.000
314200 100.000
314400 100.000
314600 100.000
314800 100.000
315000 100.000
315200 100.000
315400 100.000
315600 100.000
315800 100.000
316000 100.000
316200 100.000
316400 100.000
316600 100.000
316800 100.000
317000 100.000
317200 100.000
317400 100.000
317600 100.000
317800 100.000
318000 100.000
318200 100.000
318400 100.000
318600 100.000
318800 100.000
319000 100.000
319200 100.000
319400 100.000
319600 100.000
319800 100.000
320000 100.000
320200 100.000
320400 100.000
320600 100.000
320800 100.000
321000 100.000
321200 100.000
321400 100.000
321600 100.000
321800 100.000
322000 100.000
322200 100.000
322400 100.000
322600 100.000
322800 100.000
323000 100.000
323200 100.000
323400 100.000
323600 100.000
323800 100.000
324000 100.000
324200 100.000
324400 100.000
324600 100.000
324800 100.000
325000 100.000
325200 100.000
325400 100.000
325600 100.000
325800 100.000
326000 100.000
326200 100.000
326400 100.000
326600 100.000
326800 100.000
327000 100.000
327200 100.000
327400 100.000
327600 100.000
327800 100.000
328000 100.000
328200 100.000
328400 100.000
328600 100.000
328800 100.000
329000 100.000
329200 100.000
329400 100.000
329600 100.000
329800 100.000
330000 100.000
330200 100.000
330400 100.000
330600 100.000
330800 100.000
331000 100.000
331200 100.000
331400 100.000
331600 100.000
331800 100.000
332000 100.000
332200 100.000
332400 100.000
332600 100.000
332800 100.000
333000 100.000
333200 100.000
333400 100.000
333600 100.000
333800 100.000
334000 100.000
334200 100.000
334400 100.000
334600 100.000
334800 100.000
335000 100.000
335200 100.000
335400 100.000
335600 100.000
335800 100.000
336000 100.000
336200 100.000
336400 100.000
336600 100.000
336800 100.000
337000 100.000
337200 100.000
337400 100.000
337600 100.000
337800 100.000
338000 100.000
338200 100.000
338400 100.000
338600 100.000
338800 100.000
339000 100.000
339200 100.000
339400 100.000
339600 100.000
339800 100.000
340000 100.000
340200 100.000
340400 100.000
340600 100.000
340800 100.000
341000 100.000
341200 100.000
341400 100.000
341600 100.000
341800 100.000
342000 100.000
342200 100.000
342400 100.000
342600 100.000
342800 100.000
343000 100.000
343200 100.000
343400 100.000
343600 100.000
343800 100.000
344000 100.000
344200 100.000
344400 100.000
344600 100.000
344800 100.000
345000 100.000
345200 100.000
345400 100.000
345600 100.000
345800 100.000
346000 100.000
346200 100.000
346400 100.000
346600 100.000
346800 100.000
347000 100.000
347200 100.000
347400 100.000
347600 100.000
347800 100.000
348000 100.000
348200 100.000
348400 100.000
348600 100.000
348800 100.000
349000 100.000
349200 100.000
349400 100.000
349600 100.000
349800 100.000
350000 100.000
350200 100.000
350400 100.000
350600 100.000
350800 100.000
351000 100.000
351200 100.000
351400 100.000
351600 100.000
351800 100.000
352000 100.000
352200 100.000
352400 100.000
352600 100.000
352800 100.000
353000 100.000
353200 100.000
353400 100.000
353600 100.000
353800 100.000
354000 100.000
354200 100.000
354400 100.000
354600 100.000
354800 100.000
355000 100.000
355200 100.000
355400 100.000
355600 100.000
355800 100.000
356000 100.000
356200 100.000
356400 100.000
356600 100.000
356800 100.000
357000 100.000
357200 100.000
357400 100.000
357600 100.000
357800 100.000
358000 100.000
358200 100.000
358400 100.000
358600 100.000
358800 100.000
359000 100.000
359200 100.000
359400 100.000
359600 100.000
359800 100.000
360000 100.000
360200 100.000
360400 100.000
360600 100.000
360800 100.000
361000 100.000
361200 100.000
361400 100.000
361600 100.000
361800 100.000
362000 100.000
362200 100.000
362400 100.000
362600 100.000
362800 100.000
363000 100.000
363200 100.000
363400 100.000
363600 100.000
363800 100.000
364000 100.000
364200 100.000
364400 100.000
364600 100.000
364800 100.000
365000 100.000
365200 100.000
365400 100.000
365600 100.000
365800 100.000
366000 100.000
366200 100.000
366400 100.000
366600 100.000
366800 100.000
367000 100.000
367200 100.000
367400 100.000
367600 100.000
367800 100.000
368000 100.000
368200 100.000
368400 100.000
368600 100.000
368800 100.000
369000 100.000
369200 100.000
369400 100.000
369600 100.000
369800 100.000
370000 100.000
370200 100.000
370400 100.000
370600 100.000
370800 100.000
371000 100.000
371200 100.000
371400 100.000
371600 100.000
371800 100.000
372000 100.000
372200 100.000
372400 100.000
372600 100.000
372800 100.000
373000 100.000
373200 100.000
373400 100.000
373600 100.000
373800 100.000
374000 100.000
374200 100.000
374400 100.000
374600 100.000
374800 100.000
375000 100.000
375200 100.000
375400 100.000
375600 100.000
375800 100.000
376000 100.000
376200 100.000
376400 100.000
376600 100.000
376800 100.000
377000 100.000
377200 100.000
377400 100.000
377600 100.000
377800 100.000
378000 100.000
378200 100.000
378400 100.000
378600 100.000
378800 100.000
379000 100.000
379200 100.000
379400 100.000
379600 100.000
379800 100.000
380000 100.000
380200 100.000
380400 100.000
380600 100.000
380800 100.000
381000 100.000
381200 100.000
381400 100.000
381600 100.000
381800 100.000
382000 100.000
382200 100.000
382400 100.000
382600 100.000
382800 100.000
383000 100.000
383200 100.000
383400 100.000
383600 100.000
383800 100.000
384000 100.000
384200 100.000
384400 100.000
384600 100.000
384800 100.000
385000 100.000
385200 100.000
385400 100.000
385600 100.000
385800 100.000
386000 100.000
386200 100.000
386400 100.000
386600 100.000
386800 100.000
387000 100.000
387200 100.000
387400 100.000
387600 100.000
387800 100.000
388000 100.000
388200 100.000
388400 100.000
388600 100.000
388800 100.000
389000 100.000
389200 100.000
389400 100.000
389600 100.000
389800 100.000
390000 100.000
390200 100.000
390400 100.000
390600 100.000
390800 100.000
391000 100.000
391200 100.000
391400 100.000
391600 100.000
391800 100.000
392000 100.000
392200 100.000
392400 100.000
392600 100.000
392800 100.000
393000 100.000
393200 100.000
393400 100.000
393600 100.000
393800 100.000
394000 100.000
394200 100.000
394400 100.000
394600 100.000
394800 100.000
395000 100.000
395200 100.000
395400 100.000
395600 100.000
395800 100.000
396000 100.000
396200 100.000
396400 100.000
396600 100.000
396800 100.000
397000 100.000
397200 100.000
397400 100.000
397600 100.000
397800 100.000
398000 100.000
398200 100.000
398400 100.000
398600 100.000
398800 100.000
399000 100.000
399200 100.000
399400 100.000
399600 100.000
399800 100.000
400000 100.000
400200 100.000
400400 100.000
400600 100.000
400800 100.000
401000 100.000
401200 100.000
401400 100.000
401600 100.000
401800 100.000
402000 100.000
402200 100.000
402400 100.000
402600 100.000
402800 100.000
403000 100.000
403200 100.000
403400 100.000
403600 100.000
403800 100.000
404000 100.000
404200 100.000
404400 100.000
404600 100.000
404800 100.000
405000 100.000
405200 100.000
405400 100.000
405600 100.000
405800 100.000
406000 100.000
406200 100.000
406400 100.000
406600 100.000
406800 100.000
407000 100.000
407200 100.000
407400 100.000
407600 100.000
407800 100.000
408000 100.000
408200 100.000
408400 100.000
408600 100.000
408800 100.000
409000 100.000
409200 100.000
409400 100.000
409600 100.000
409800 100.000
410000 100.000
410200 100.000
410400 100.000
410600 100.000
410800 100.000
411000 100.000
411200 100.000
411400 100.000
411600 100.000
411800 100.000
412000 100.000
412200 100.000
412400 100.000
412600 100.000
412800 100.000
413000 100.000
413200 100.000
413400 100.000
413600 100.000
413800 100.000
414000 100.000
414200 100.000
414400 100.000
414600 100.000
414800 100.000
415000 100.000
415200 100.000
415400 100.000
415600 100.000
415800 100.000
416000 100.000
416200 100.000
416400 100.000
416600 100.000
416800 100.000
417000 100.000
417200 100.000
417400 100.000
417600 100.000
417800 100.000
418000 100.000
418200 100.000
418400 100.000
418600 100.000
418800 100.000
419000 100.000
419200 100.000
419400 100.000
419600 100.000
419800 100.000
420000 100.000
420200 100.000
420400 100.000
420600 100.000
420800 100.000
421000 100.000
421200 100.000
421400 100.000
421600 100.000
421800 100.000
422000 100.000
422200 100.000
422400 100.000
422600 100.000
422800 100.000
423000 100.000
423200 100.000
423400 100.000
423600 100.000
423800 100.000
424000 100.000
424200 100.000
424400 100.000
424600 100.000
424800 100.000
425000 100.000
425200 100.000
425400 100.000
425600 100.000
425800 100.000
426000 100.000
426200 100.000
426400 100.000
426600 100.000
426800 100.000
427000 100.000
427200 100.000
427400 100.000
427600 100.000
427800 100.000
428000 100.000
428200 100.000
428400 100.000
428600 100.000
428800 100.000
429000 100.000
429200 100.000
429400 100.000
429600 100.000
429800 100.000
430000 100.000
430200 100.000
430400 100.000
430600 100.000
430800 100.000
431000 100.000
431200 100.000
431400 100.000
431600 100.000
431800 100.000
432000 100.000
432200 100.000
432400 100.000
432600 100.000
432800 100.000
433000 100.000
433200 100.000
433400 100.000
433600 100.000
433800 100.000
434000 100.000
434200 100.000
434400 100.000
434600 100.000
434800 100.000
435000 100.000
435200 100.000
435400 100.000
435600 100.000
435800 100.000
436000 100.000
436200 100.000
436400 100.000
436600 100.000
436800 100.000
437000 100.000
437200 100.000
437400 100.000
437600 100.000
437800 100.000
438000 100.000
438200 100.000
438400 100.000
438600 100.000
438800 100.000
439000 100.000
439200 100.000
439400 100.000
439600 100.000
439800 100.000
440000 100.000
440200 100.000
440400 100.000
440600 100.000
440800 100.000
441000 100.000
441200 100.000
441400 100.000
441600 100.000
441800 100.000
442000 100.000
442200 100.000
442400 100.000
442600 100.000
442800 100.000
443000 100.000
443200 100.000
443400 100.000
443600 100.000
443800 100.000
444000 100.000
444200 100.000
444400 100.000
444600 100.000
444800 100.000
445000 100.000
445200 100.000
445400 100.000
445600 100.000
445800 100.000
446000 100.000
446200 100.000
446400 100.000
446600 100.000
446800 100.000
447000 100.000
447200 100.000
447400 100.000
447600 100.000
447800 100.000
448000 100.000
448200 100.000
448400 100.000
448600 100.000
448800 100.000
449000 100.000
449200 100.000
449400 100.000
449600 100.000
449800 100.000
450000 100.000
450200 100.000
450400 100.000
450600 100.000
450800 100.000
451000 100.000
451200 100.000
451400 100.000
451600 100.000
451800 100.000
452000 100.000
452200 100.000
452400 100.000
452600 100.000
452800 100.000
453000 100.000
453200 100.000
453400 100.000
453600 100.000
453800 100.000
454000 100.000
454200 100.000
454400 100.000
454600 100.000
454800 100.000
455000 100.000
455200 100.000
455400 100.000
455600 100.000
455800 100.000
456000 100.000
456200 100.000
456400 100.000
456600 100.000
456800 100.000
457000 100.000
457200 100.000
457400 100.000
457600 100.000
457800 100.000
458000 100.000
458200 100.000
458400 100.000
458600 100.000
458800 100.000
459000 100.000
459200 100.000
459400 100.000
459600 100.000
459800 100.000
460000 100.000
460200 100.000
460400 100.000
460600 100.000
460800 100.000
461000 100.000
461200 100.000
461400 100.000
461600 100.000
461800 100.000
462000 100.000
462200 100.000
462400 100.000
462600 100.000
462800 100.000
463000 100.000
463200 100.000
463400 100.000
463600 100.000
463800 100.000
464000 100.000
464200 100.000
464400 100.000
464600 100.000
464800 100.000
465000 100.000
465200 100.000
465400 100.000
465600 100.000
465800 100.000
466000 100.000
466200 100.000
466400 100.000
466600 100.000
466800 100.000
467000 100.000
467200 100.000
467400 100.000
467600 100.000
467800 100.000
468000 100.000
468200 100.000
468400 100.000
468600 100.000
468800 100.000
469000 100.000
469200 100.000
469400 100.000
469600 100.000
469800 100.000
470000 100.000
470200 100.000
470400 100.000
470600 100.000
470800 100.000
471000 100.000
471200 100.000
471400 100.000
471600 100.000
471800 100.000
472000 100.000
472200 100.000
472400 100.000
472600 100.000
472800 100.000
473000 100.000
473200 100.000
473400 100.000
473600 100.000
473800 100.000
474000 100.000
474200 100.000
474400 100.000
474600 100.000
474800 100.000
475000 100.000
475200 100.000
475400 100.000
475600 100.000
475800 100.000
476000 100.000
476200 100.000
476400 100.000
476600 100.000
476800 100.000
477000 100.000
477200 100.000
477400 100.000
477600 100.000
477800 100.000
478000 100.000
478200 100.000
478400 100.000
478600 100.000
478800 100.000
479000 100.000
479200 100.000
479400 100.000
479600 100.000
479800 100.000
480000 100.000
480200 100.000
480400 100.000
480600 100.000
480800 100.000
481000 100.000
481200 100.000
481400 100.000
481600 100.000
481800 100.000
482000 100.000
482200 100.000
482400 100.000
482600 100.000
482800 100.000
483000 100.000
483200 100.000
483400 100.000
483600 100.000
483800 100.000
484000 100.000
484200 100.000
484400 100.000
484600 100.000
484800 100.000
485000 100.000
485200 100.000
485400 100.000
485600 100.000
485800 100.000
486000 100.000
486200 100.000
486400 100.000
486600 100.000
486800 100.000
487000 100.000
487200 100.000
487400 100.000
487600 100.000
487800 100.000
488000 100.000
488200 100.000
488400 100.000
488600 100.000
488800 100.000
489000 100.000
489200 100.000
489400 100.000
489600 100.000
489800 100.000
490000 100.000
490200 100.000
490400 100.000
490600 100.000
490800 100.000
491000 100.000
491200 100.000
491400 100.000
491600 100.000
491800 100.000
492000 100.000
492200 100.000
492400 100.000
492600 100.000
492800 100.000
493000 100.000
493200 100.000
493400 100.000
493600 100.000
493800 100.000
494000 100.000
494200 100.000
494400 100.000
494600 100.000
494800 100.000
495000 100.000
495200 100.000
495400 100.000
495600 100.000
495800 100.000
496000 100.000
496200 100.000
496400 100.000
496600 100.000
496800 100.000
497000 100.000
497200 100.000
497400 100.000
497600 100.000
497800 100.000
498000 100.000
498200 100.000
498400 100.000
498600 100.000
498800 100.000
499000 100.000
499200 100.000
499400 100.000
499600 100.000
499800 100.000
500000 100.000
500200 100.000
500400 100.000
500600 100.000
500800 100.000
501000 100.000
501200 100.000
501400 100.000
501600 100.000
501800 100.000
502000 100.000
502200 100.000
502400 100.000
502600 100.000
502800 100.000
503000 100.000
503200 100.000
503400 100.000
503600 100.000
503800 100.000
504000 100.000
504200 100.000
504400 100.000
504600 100.000
504800 100.000
505000 100.000
505200 100.000
505400 100.000
505600 100.000
505800 100.000
506000 100.000
506200 100.000
506400 100.000
506600 100.000
506800 100.000
507000 100.000
507200 100.000
507400 100.000
507600 100.000
507800 100.000
508000 100.000
508200 100.000
508400 100.000
508600 100.000
508800 100.000
509000 100.000
509200 100.000
509400 100.000
509600 100.000
509800 100.000
510000 100.000
510200 100.000
510400 100.000
510600 100.000
510800 100.000
511000 100.000
511200 100.000
511400 100.000
511600 100.000
511800 100.000
512000 100.000
512200 100.000
512400 100.000
512600 100.000
512800 100.000
513000 100.000
513200 100.000
513400 100.000
513600 100.000
513800 100.000
514000 100.000
514200 100.000
514400 100.000
514600 100.000
514800 100.000
515000 100.000
515200 100.000
515400 100.000
515600 100.000
515800 100.000
516000 100.000
516200 100.000
516400 100.000
516600 100.000
516800 100.000
517000 100.000
517200 100.000
517400 100.000
517600 100.000
517800 100.000
518000 100.000
518200 100.000
518400 100.000
518600 100.000
518800 100.000
519000 100.000
519200 100.000
519400 100.000
519600 100.000
519800 100.000
520000 100.000
520200 100.000
520400 100.000
520600 100.000
520800 100.000
521000 100.000
521200 100.000
521400 100.000
521600 100.000
521800 100.000
522000 100.000
522200 100.000
522400 100.000
522600 100.000
522800 100.000
523000 100.000
523200 100.000
523400 100.000
523600 100.000
523800 100.000
524000 100.000
524200 100.000
524400 100.000
524600 100.000
524800 100.000
525000 100.000
525200 100.000
525400 100.000
525600 100.000
525800 100.000
526000 100.000
526200 100.000
526400 100.000
526600 100.000
526800 100.000
527000 100.000
527200 100.000
527400 100.000
527600 100.000
527800 100.000
528000 100.000
528200 100.000
528400 100.000
528600 100.000
528800 100.000
529000 100.000
529200 100.000
529400 100.000
529600 100.000
529800 100.000
530000 100.000
530200 100.000
530400 100.000
530600 100.000
530800 100.000
531000 100.000
531200 100.000
531400 100.000
531600 100.000
531800 100.000
532000 100.000
532200 100.000
532400 100.000
532600 100.000
532800 100.000
533000 100.000
533200 100.000
533400 100.000
533600 100.000
533800 100.000
534000 100.000
534200 100.000
534400 100.000
534600 100.000
534800 100.000
535000 100.000
535200 100.000
535400 100.000
535600 100.000
535800 100.000
536000 100.000
536200 100.000
536400 100.000
536600 100.000
536800 100.000
537000 100.000
537200 100.000
537400 100.000
537600 100.000
537800 100.000
538000 100.000
538200 100.000
538400 100.000
538600 100.000
538800 100.000
539000 100.000
539200 100.000
539400 100.000
539600 100.000
539800 100.000
540000 100.000
540200 100.000
540400 100.000
540600 100.000
540800 100.000
541000 100.000
541200 100.000
541400 100.000
541600 100.000
541800 100.000
542000 100.000
542200 100.000
542400 100.000
542600 100.000
542800 100.000
543000 100.000
543200 100.000
543400 100.000
543600 100.000
543800 100.000
544000 100.000
544200 100.000
544400 100.000
544600 100.000
544800 100.000
545000 100.000
545200 100.000
545400 100.000
545600 100.000
545800 100.000
546000 100.000
546200 100.000
546400 100.000
546600 100.000
546800 100.000
547000 100.000
547200 100.000
547400 100.000
547600 100.000
547800 100.000
548000 100.000
548200 100.000
548400 100.000
548600 100.000
548800 100.000
549000 100.000
549200 100.000
549400 100.000
549600 100.000
549800 100.000
550000 100.000
550200 100.000
550400 100.000
550600 100.000
550800 100.000
551000 100.000
551200 100.000
551400 100.000
551600 100.000
551800 100.000
552000 100.000
552200 100.000
552400 100.000
552600 100.000
552800 100.000
553000 100.000
553200 100.000
553400 100.000
553600 100.000
553800 100.000
554000 100.000
554200 100.000
554400 100.000
554600 100.000
554800 100.000
555000 100.000
555200 100.000
555400 100.000
555600 100.000
555800 100.000
556000 100.000
556200 100.000
556400 100.000
556600 100.000
556800 100.000
557000 100.000
557200 100.000
557400 100.000
557600 100.000
557800 100.000
558000 100.000
558200 100.000
558400 100.000
558600 100.000
558800 100.000
559000 100.000
559200 100.000
559400 100.000
559600 100.000
559800 100.000
560000 100.000
560200 100.000
560400 100.000
560600 100.000
560800 100.000
561000 100.000
561200 100.000
561400 100.000
561600 100.000
561800 100.000
562000 100.000
562200 100.000
562400 100.000
562600 100.000
562800 100.000
563000 100.000
563200 100.000
563400 100.000
563600 100.000
563800 100.000
564000 100.000
564200 100.000
564400 100.000
564600 100.000
564800 100.000
565000 100.000
565200 100.000
565400 100.000
565600 100.000
565800 100.000
566000 100.000
566200 100.000
566400 100.000
566600 100.000
566800 100.000
567000 100.000
567200 100.000
567400 100.000
567600 100.000
567800 100.000
568000 100.000
568200 100.000
568400 100.000
568600 100.000
568800 100.000
569000 100.000
569200 100.000
569400 100.000
569600 100.000
569800 100.000
570000 100.000
570200 100.000
570400 100.000
570600 100.000
570800 100.000
571000 100.000
571200 100.000
571400 100.000
571600 100.000
571800 100.000
572000 100.000
572200 100.000
572400 100.000
572600 100.000
572800 100.000
573000 100.000
573200 100.000
573400 100.000
573600 100.000
573800 100.000
574000 100.000
574200 100.000
574400 100.000
574600 100.000
574800 100.000
575000 100.000
575200 100.000
575400 100.000
575600 100.000
575800 100.000
576000 100.000
576200 100.000
576400 100.000
576600 100.000
576800 100.000
577000 100.000
577200 100.000
577400 100.000
577600 100.000
577800 100.000
578000 100.000
578200 100.000
578400 100.000
578600 100.000
578800 100.000
579000 100.000
579200 100.000
579400 100.000
579600 100.000
579800 100.000
580000 100.000
580200 100.000
580400 100.000
580600 100.000
580800 100.000
581000 100.000
581200 100.000
581400 100.000
581600 100.000
581800 100.000
582000 100.000
582200 100.000
582400 100.000
582600 100.000
582800 100.000
583000 100.000
583200 100.000
583400 100.000
583600 100.000
583800 100.000
584000 100.000
584200 100.000
584400 100.000
584600 100.000
584800 100.000
585000 100.000
585200 100.000
585400 100.000
585600 100.000
585800 100.000
586000 100.000
586200 100.000
586400 100.000
586600 100.000
586800 100.000
587000 100.000
587200 100.000
587400 100.000
587600 100.000
587800 100.000
588000 100.000
588200 100.000
588400 100.000
588600 100.000
588800 100.000
589000 100.000
589200 100.000
589400 100.000
589600 100.000
589800 100.000
590000 100.000
590200 100.000
590400 100.000
590600 100.000
590800 100.000
591000 100.000
591200 100.000
591400 100.000
591600 100.000
591800 100.000
592000 100.000
592200 100.000
592400 100.000
592600 100.000
592800 100.000
593000 100.000
593200 100.000
593400 100.000
593600 100.000
593800 100.000
594000 100.000
594200 100.000
594400 100.000
594600 100.000
594800 100.000
595000 100.000
595200 100.000
595400 100.000
595600 100.000
595800 100.000
596000 100.000
596200 100.000
596400 100.000
596600 100.000
596800 100.000
597000 100.000
597200 100.000
597400 100.000
597600 100.000
597800 100.000
598000 100.000
598200 100.000
598400 100.000
598600 100.000
598800 100.000
599000 100.000
599200 100.000
599400 100.000
599600 100.000
599800 100.000
600000 100.000
600200 100.000
600400 100.000
600600 100.000
600800 100.000
601000 100.000
601200 100.000
601400 100.000
601600 100.000
601800 100.000
602000 100.000
602200 100.000
602400 100.000
602600 100.000
602800 100.000
603000 100.000
603200 100.000
603400 100.000
603600 100.000
603800 100.000
604000 100.000
604200 100.000
604400 100.000
604600 100.000
604800 100.000
605000 100.000
605200 100.000
605400 100.000
605600 100.000
605800 100.000
606000 100.000
606200 100.000
606400 100.000
606600 100.000
606800 100.000
607000 100.000
607200 100.000
607400 100.000
607600 100.000
607800 100.000
608000 100.000
608200 100.000
608400 100.000
608600 100.000
608800 100.000
609000 100.000
609200 100.000
609400 100.000
609600 100.000
609800 100.000
610000 100.000
610200 100.000
610400 100.000
610600 100.000
610800 100.000
611000 100.000
611200 100.000
611400 100.000
611600 100.000
611800 100.000
612000 100.000
612200 100.000
612400 100.000
612600 100.000
612800 100.000
613000 100.000
613200 100.000
613400 100.000
613600 100.000
613800 100.000
614000 100.000
614200 100.000
614400 100.000
614600 100.000
614800 100.000
615000 100.000
615200 100.000
615400 100.000
615600 100.000
615800 100.000
616000 100.000
616200 100.000
616400 100.000
616600 100.000
616800 100.000
617000 100.000
617200 100.000
617400 100.000
617600 100.000
617800 100.000
618000 100.000
618200 100.000
618400 100.000
618600 100.000
618800 100.000
619000 100.000
619200 100.000
619400 100.000
619600 100.000
619800 100.000
620000 100.000
620200 100.000
620400 100.000
620600 100.000
620800 100.000
621000 100.000
621200 100.000
621400 100.000
621600 100.000
621800 100.000
622000 100.000
622200 100.000
622400 100.000
622600 100.000
622800 100.000
623000 100.000
623200 100.000
623400 100.000
623600 100.000
623800 100.000
624000 100.000
624200 100.000
624400 100.000
624600 100.000
624800 100.000
625000 100.000
625200 100.000
625400 100.000
625600 100.000
625800 100.000
626000 100.000
626200 100.000
626400 100.000
626600 100.000
626800 100.000
627000 100.000
627200 100.000
627400 100.000
627600 100.000
627800 100.000
628000 100.000
628200 100.000
628400 100.000
628600 100.000
628800 100.000
629000 100.000
629200 100.000
629400 100.000
629600 100.000
629800 100.000
630000 100.000
630200 100.000
630400 100.000
630600 100.000
630800 100.000
631000 100.000
631200 100.000
631400 100.000
631600 100.000
631800 100.000
632000 100.000
632200 100.000
632400 100.000
632600 100.000
632800 100.000
633000 100.000
633200 100.000
633400 100.000
633600 100.000
633800 100.000
634000 100.000
634200 100.000
634400 100.000
634600 100.000
634800 100.000
635000 100.000
635200 100.000
635400 100.000
635600 100.000
635800 100.000
636000 100.000
636200 100.000
636400 100.000
636600 100.000
636800 100.000
637000 100.000
637200 100.000
637400 100.000
637600 100.000
637800 100.000
638000 100.000
638200 100.000
638400 100.000
638600 100.000
638800 100.000
639000 100.000
639200 100.000
639400 100.000
639600 100.000
639800 100.000
640000 100.000
640200 100.000
640400 100.000
640600 100.000
640800 100.000
641000 100.000
641200 100.000
641400 100.000
641600 100.000
641800 100.000
642000 100.000
642200 100.000
642400 100.000
642600 100.000
642800 100.000
643000 100.000
643200 100.000
643400 100.000
643600 100.000
643800 100.000
644000 100.000
644200 100.000
644400 100.000
644600 100.000
644800 100.000
645000 100.000
645200 100.000
645400 100.000
645600 100.000
645800 100.000
646000 100.000
646200 100.000
646400 100.000
646600 100.000
646800 100.000
647000 100.000
647200 100.000
647400 100.000
647600 100.000
647800 100.000
648000 100.000
648200 100.000
648400 100.000
648600 100.000
648800 100.000
649000 100.000
649200 100.000
649400 100.000
649600 100.000
649800 100.000
650000 100.000
650200 100.000
650400 100.000
650600 100.000
650800 100.000
651000 100.000
651200 100.000
651400 100.000
651600 100.000
651800 100.000
652000 100.000
652200 100.000
652400 100.000
652600 100.000
652800 100.000
653000 100.000
653200 100.000
653400 100.000
653600 100.000
653800 100.000
654000 100.000
654200 100.000
654400 100.000
654600 100.000
654800 100.000
655000 100.000
655200 100.000
655400 100.000
655600 100.000
655800 100.000
656000 100.000
656200 100.000
656400 100.000
656600 100.000
656800 100.000
657000 100.000
657200 100.000
657400 100.000
657600 100.000
657800 100.000
658000 100.000
658200 100.000
658400 100.000
658600 100.000
658800 100.000
659000 100.000
659200 100.000
659400 100.000
659600 100.000
659800 100.000
660000 100.000
660200 100.000
660400 100.000
660600 100.000
660800 100.000
661000 100.000
661200 100.000
661400 100.000
661600 100.000
661800 100.000
662000 100.000
662200 100.000
662400 100.000
662600 100.000
662800 100.000
663000 100.000
663200 100.000
663400 100.000
663600 100.000
663800 100.000
664000 100.000
664200 100.000
664400 100.000
664600 100.000
664800 100.000
665000 100.000
665200 100.000
665400 100.000
665600 100.000
665800 100.000
666000 100.000
666200 100.000
666400 100.000
666600 100.000
666800 100.000
667000 100.000
667200 100.000
667400 100.000
667600 100.000
667800 100.000
668000 100.000
668200 100.000
668400 100.000
668600 100.000
668800 100.000
669000 100.000
669200 100.000
669400 100.000
669600 100.000
669800 100.000
670000 100.000
670200 100.000
670400 100.000
670600 100.000
670800 100.000
671000 100.000
671200 100.000
671400 100.000
671600 100.000
671800 100.000
672000 100.000
672200 100.000
672400 100.000
672600 100.000
672800 100.000
673000 100.000
673200 100.000
673400 100.000
673600 100.000
673800 100.000
674000 100.000
674200 100.000
674400 100.000
674600 100.000
674800 100.000
675000 100.000
675200 100.000
675400 100.000
675600 100.000
675800 100.000
676000 100.000
676200 100.000
676400 100.000
676600 100.000
676800 100.000
677000 100.000
677200 100.000
677400 100.000
677600 100.000
677800 100.000
678000 100.000
678200 100.000
678400 100.000
678600 100.000
678800 100.000
679000 100.000
679200 100.000
679400 100.000
679600 100.000
679800 100.000
680000 100.000
680200 100.000
680400 100.000
680600 100.000
680800 100.000
681000 100.000
681200 100.000
681400 100.000
681600 100.000
681800 100.000
682000 100.000
682200 100.000
682400 100.000
682600 100.000
682800 100.000
683000 100.000
683200 100.000
683400 100.000
683600 100.000
683800 100.000
684000 100.000
684200 100.000
684400 100.000
684600 100.000
684800 100.000
685000 100.000
685200 100.000
685400 100.000
685600 100.000
685800 100.000
686000 100.000
686200 100.000
686400 100.000
686600 100.000
686800 100.000
687000 100.000
687200 100.000
687400 100.000
687600 100.000
687800 100.000
688000 100.000
688200 100.000
688400 100.000
688600 100.000
688800 100.000
689000 100.000
689200 100.000
689400 100.000
689600 100.000
689800 100.000
690000 100.000
690200 100.000
690400 100.000
690600 100.000
690800 100.000
691000 100.000
691200 100.000
691400 100.000
691600 100.000
691800 100.000
692000 100.000
692200 100.000
692400 100.000
692600 100.000
692800 100.000
693000 100.000
693200 100.000
693400 100.000
693600 100.000
693800 100.000
694000 100.000
694200 100.000
694400 100.000
694600 100.000
694800 100.000
695000 100.000
695200 100.000
695400 100.000
695600 100.000
695800 100.000
696000 100.000
696200 100.000
696400 100.000
696600 100.000
696800 100.000
697000 100.000
697200 100.000
697400 100.000
697600 100.000
697800 100.000
698000 100.000
698200 100.000
698400 100.000
698600 100.000
698800 100.000
699000 100.000
699200 100.000
699400 100.000
699600 100.000
699800 100.000
700000 100.000
700200 100.000
700400 100.000
700600 100.000
700800 100.000
701000 100.000
701200 100.000
701400 100.000
701600 100.000
701800 100.000
702000 100.000
702200 100.000
702400 100.000
702600 100.000
702800 100.000
703000 100.000
703200 100.000
703400 100.000
703600 100.000
703800 100.000
704000 100.000
704200 100.000
704400 100.000
704600 100.000
704800 100.000
705000 100.000
705200 100.000
705400 100.000
705600 100.000
705800 100.000
706000 100.000
706200 100.000
706400 100.000
706600 100.000
706800 100.000
707000 100.000
707200 100.000
707400 100.000
707600 100.000
707800 100.000
708000 100.000
708200 100.000
708400 100.000
708600 100.000
708800 100.000
709000 100.000
709200 100.000
709400 100.000
709600 100.000
709800 100.000
710000 100.000
710200 100.000
710400 100.000
710600 100.000
710800 100.000
711000 100.000
711200 100.000
711400 100.000
711600 100.000
711800 100.000
712000 100.000
712200 100.000
712400 100.000
712600 100.000
712800 100.000
713000 100.000
713200 100.000
713400 100.000
713600 100.000
713800 100.000
714000 100.000
714200 100.000
714400 100.000
714600 100.000
714800 100.000
715000 100.000
715200 100.000
715400 100.000
715600 100.000
715800 100.000
716000 100.000
716200 100.000
716400 100.000
716600 100.000
716800 100.000
717000 100.000
717200 100.000
717400 100.000
717600 100.000
717800 100.000
718000 100.000
718200 100.000
718400 100.000
718600 100.000
718800 100.000
719000 100.000
719200 100.000
719400 100.000
719600 100.000
719800 100.000
720000 100.000
720200 100.000
720400 100.000
720600 100.000
720800 100.000
721000 100.000
721200 100.000
721400 100.000
721600 100.000
721800 100.000
722000 100.000
722200 100.000
722400 100.000
722600 100.000
722800 100.000
723000 100.000
723200 100.000
723400 100.000
723600 100.000
723800 100.000
724000 100.000
724200 100.000
724400 100.000
724600 100.000
724800 100.000
725000 100.000
725200 100.000
725400 100.000
725600 100.000
725800 100.000
726000 100.000
726200 100.000
726400 100.000
726600 100.000
726800 100.000
727000 100.000
727200 100.000
727400 100.000
727600 100.000
727800 100.000
728000 100.000
728200 100.000
728400 100.000
728600 100.000
728800 100.000
729000 100.000
729200 100.000
729400 100.000
729600 100.000
729800 100.000
730000 100.000
730200 100.000
730400 100.000
730600 100.000
730800 100.000
731000 100.000
731200 100.000
731400 100.000
731600 100.000
731800 100.000
732000 100.000
732200 100.000
732400 100.000
732600 100.000
732800 100.000
733000 100.000
733200 100.000
733400 100.000
733600 100.000
733800 100.000
734000 100.000
734200 100.000
734400 100.000
734600 100.000
734800 100.000
735000 100.000
735200 100.000
735400 100.000
735600 100.000
735800 100.000
736000 100.000
736200 100.000
736400 100.000
736600 100.000
736800 100.000
737000 100.000
737200 100.000
737400 100.000
737600 100.000
737800 100.000
738000 100.000
738200 100.000
738400 100.000
738600 100.000
738800 100.000
739000 100.000
739200 100.000
739400 100.000
739600 100.000
739800 100.000
740000 100.000
740200 100.000
740400 100.000
740600 100.000
740800 100.000
741000 100.000
741200 100.000
741400 100.000
741600 100.000
741800 100.000
742000 100.000
742200 100.000
742400 100.000
742600 100.000
742800 100.000
743000 100.000
743200 100.000
743400 100.000
743600 100.000
743800 100.000
744000 100.000
744200 100.000
744400 100.000
744600 100.000
744800 100.000
745000 100.000
745200 100.000
745400 100.000
745600 100.000
745800 100.000
746000 100.000
746200 100.000
746400 100.000
746600 100.000
746800 100.000
747000 100.000
747200 100.000
747400 100.000
747600 100.000
747800 100.000
748000 100.000
748200 100.000
748400 100.000
748600 100.000
748800 100.000
749000 100.000
749200 100.000
749400 100.000
749600 100.000
749800 100.000
750000 100.000
750200 100.000
750400 100.000
750600 100.000
750800 100.000
751000 100.000
751200 100.000
751400 100.000
751600 100.000
751800 100.000
752000 100.000
752200 100.000
752400 100.000
752600 100.000
752800 100.000
753000 100.000
753200 100.000
753400 100.000
753600 100.000
753800 100.000
754000 100.000
754200 100.000
754400 100.000
754600 100.000
754800 100.000
755000 100.000
755200 100.000
755400 100.000
755600 100.000
755800 100.000
756000 100.000
756200 100.000
756400 100.000
756600 100.000
756800 100.000
757000 100.000
757200 100.000
757400 100.000
757600 100.000
757800 100.000
758000 100.000
758200 100.000
758400 100.000
758600 100.000
758800 100.000
759000 100.000
759200 100.000
759400 100.000
759600 100.000
759800 100.000
760000 100.000
760200 100.000
760400 100.000
760600 100.000
760800 100.000
761000 100.000
761200 100.000
761400 100.000
761600 100.000
761800 100.000
762000 100.000
762200 100.000
762400 100.000
762600 100.000
762800 100.000
763000 100.000
763200 100.000
763400 100.000
763600 100.000
763800 100.000
764000 100.000
764200 100.000
764400 100.000
764600 100.000
764800 100.000
765000 100.000
765200 100.000
765400 100.000
765600 100.000
765800 100.000
766000 100.000
766200 100.000
766400 100.000
766600 100.000
766800 100.000
767000 100.000
767200 100.000
767400 100.000
767600 100.000
767800 100.000
768000 100.000
768200 100.000
768400 100.000
768600 100.000
768800 100.000
769000 100.000
769200 100.000
769400 100.000
769600 100.000
769800 100.000
770000 100.000
770200 100.000
770400 100.000
770600 100.000
770800 100.000
771000 100.000
771200 100.000
771400 100.000
771600 100.000
771800 100.000
772000 100.000
772200 100.000
772400 100.000
772600 100.000
772800 100.000
773000 100.000
773200 100.000
773400 100.000
773600 100.000
773800 100.000
774000 100.000
774200 100.000
774400 100.000
774600 100.000
774800 100.000
775000 100.000
775200 100.000
775400 100.000
775600 100.000
775800 100.000
776000 100.000
776200 100.000
776400 100.000
776600 100.000
776800 100.000
777000 100.000
777200 100.000
777400 100.000
777600 100.000
777800 100.000
778000 100.000
778200 100.000
778400 100.000
778600 100.000
778800 100.000
779000 100.000
779200 100.000
779400 100.000
779600 100.000
779800 100.000
780000 100.000
780200 100.000
780400 100.000
780600 100.000
780800 100.000
781000 100.000
781200 100.000
781400 100.000
781600 100.000
781800 100.000
782000 100.000
782200 100.000
782400 100.000
782600 100.000
782800 100.000
783000 100.000
783200 100.000
783400 100.000
783600 100.000
783800 100.000
784000 100.000
784200 100.000
784400 100.000
784600 100.000
784800 100.000
785000 100.000
785200 100.000
785400 100.000
785600 100.000
785800 100.000
786000 100.000
786200 100.000
786400 100.000
786600 100.000
786800 100.000
787000 100.000
787200 100.000
787400 100.000
787600 100.000
787800 100.000
788000 100.000
788200 100.000
788400 100.000
788600 100.000
788800 100.000
789000 100.000
789200 100.000
789400 100.000
789600 100.000
789800 100.000
790000 100.000
790200 100.000
790400 100.000
790600 100.000
790800 100.000
791000 100.000
791200 100.000
791400 100.000
791600 100.000
791800 100.000
792000 100.000
792200 100.000
792400 100.000
792600 100.000
792800 100.000
793000 100.000
793200 100.000
793400 100.000
793600 100.000
793800 100.000
794000 100.000
794200 100.000
794400 100.000
794600 100.000
794800 100.000
795000 100.000
795200 100.000
795400 100.000
795600 100.000
795800 100.000
796000 100.000
796200 100.000
796400 100.000
796600 100.000
796800 100.000
797000 100.000
797200 100.000
797400 100.000
797600 100.000
797800 100.000
798000 100.000
798200 100.000
798400 100.000
798600 100.000
798800 100.000
799000 100.000
799200 100.000
799400 100.000
799600 100.000
799800 100.000
800000 100.000
800200 100.000
800400 100.000
800600 100.000
800800 100.000
801000 100.000
801200 100.000
801400 100.000
801600 100.000
801800 100.000
802000 100.000
802200 100.000
802400 100.000
802600 100.000
802800 100.000
803000 100.000
803200 100.000
803400 100.000
803600 100.000
803800 100.000
804000 100.000
804200 100.000
804400 100.000
804600 100.000
804800 100.000
805000 100.000
805200 100.000
805400 100.000
805600 100.000
805800 100.000
806000 100.000
806200 100.000
806400 100.000
806600 100.000
806800 100.000
807000 100.000
807200 100.000
807400 100.000
807600 100.000
807800 100.000
808000 100.000
808200 100.000
808400 100.000
808600 100.000
808800 100.000
809000 100.000
809200 100.000
809400 100.000
809600 100.000
809800 100.000
810000 100.000
810200 100.000
810400 100.000
810600 100.000
810800 100.000
811000 100.000
811200 100.000
811400 100.000
811600 100.000
811800 100.000
812000 100.000
812200 100.000
812400 100.000
812600 100.000
812800 100.000
813000 100.000
813200 100.000
813400 100.000
813600 100.000
813800 100.000
814000 100.000
814200 100.000
814400 100.000
814600 100.000
814800 100.000
815000 100.000
815200 100.000
815400 100.000
815600 100.000
815800 100.000
816000 100.000
816200 100.000
816400 100.000
816600 100.000
816800 100.000
817000 100.000
817200 100.000
817400 100.000
817600 100.000
817800 100.000
818000 100.000
818200 100.000
818400 100.000
818600 100.000
818800 100.000
819000 100.000
819200 100.000
819400 100.000
819600 100.000
819800 100.000
820000 100.000
820200 100.000
820400 100.000
820600 100.000
820800 100.000
821000 100.000
821200 100.000
821400 100.000
821600 100.000
821800 100.000
822000 100.000
822200 100.000
822400 100.000
822600 100.000
822800 100.000
823000 100.000
823200 100.000
823400 100.000
823600 100.000
823800 100.000
824000 100.000
824200 100.000
824400 100.000
824600 100.000
824800 100.000
825000 100.000
825200 100.000
825400 100.000
825600 100.000
825800 100.000
826000 100.000
826200 100.000
826400 100.000
826600 100.000
826800 100.000
827000 100.000
827200 100.000
827400 100.000
827600 100.000
827800 100.000
828000 100.000
828200 100.000
828400 100.000
828600 100.000
828800 100.000
829000 100.000
829200 100.000
829400 100.000
829600 100.000
829800 100.000
830000 100.000
830200 100.000
830400 100.000
830600 100.000
830800 100.000
831000 100.000
831200 100.000
831400 100.000
831600 100.000
831800 100.000
832000 100.000
832200 100.000
832400 100.000
832600 100.000
832800 100.000
833000 100.000
833200 100.000
833400 100.000
833600 100.000
833800 100.000
834000 100.000
834200 100.000
834400 100.000
834600 100.000
834800 100.000
835000 100.000
835200 100.000
835400 100.000
835600 100.000
835800 100.000
836000 100.000
836200 100.000
836400 100.000
836600 100.000
836800 100.000
837000 100.000
837200 100.000
837400 100.000
837600 100.000
837800 100.000
838000 100.000
838200 100.000
838400 100.000
838600 100.000
838800 100.000
839000 100.000
839200 100.000
839400 100.000
839600 100.000
839800 100.000
840000 100.000
840200 100.000
840400 100.000
840600 100.000
840800 100.000
841000 100.000
841200 100.000
841400 100.000
841600 100.000
841800 100.000
842000 100.000
842200 100.000
842400 100.000
842600 100.000
842800 100.000
843000 100.000
843200 100.000
843400 100.000
843600 100.000
843800 100.000
844000 100.000
844200 100.000
844400 100.000
844600 100.000
844800 100.000
845000 100.000
845200 100.000
845400 100.000
845600 100.000
845800 100.000
846000 100.000
846200 100.000
846400 100.000
846600 100.000
846800 100.000
847000 100.000
847200 100.000
847400 100.000
847600 100.000
847800 100.000
848000 100.000
848200 100.000
848400 100.000
848600 100.000
848800 100.000
849000 100.000
849200 100.000
849400 100.000
849600 100.000
849800 100.000
850000 100.000
850200 100.000
850400 100.000
850600 100.000
850800 100.000
851000 100.000
851200 100.000
851400 100.000
851600 100.000
851800 100.000
852000 100.000
852200 100.000
852400 100.000
852600 100.000
852800 100.000
853000 100.000
853200 100.000
853400 100.000
853600 100.000
853800 100.000
854000 100.000
854200 100.000
854400 100.000
854600 100.000
854800 100.000
855000 100.000
855200 100.000
855400 100.000
855600 100.000
855800 100.000
856000 100.000
856200 100.000
856400 100.000
856600 100.000
856800 100.000
857000 100.000
857200 100.000
857400 100.000
857600 100.000
857800 100.000
858000 100.000
858200 100.000
858400 100.000
858600 100.000
858800 100.000
859000 100.000
859200 100.000
859400 100.000
859600 100.000
859800 100.000
860000 100.000
860200 100.000
860400 100.000
860600 100.000
860800 100.000
861000 100.000
861200 100.000
861400 100.000
861600 100.000
861800 100.000
862000 100.000
862200 100.000
862400 100.000
862600 100.000
862800 100.000
863000 100.000
863200 100.000
863400 100.000
863600 100.000
863800 100.000
864000 100.000
864200 100.000
864400 100.000
864600 100.000
864800 100.000
865000 100.000
865200 100.000
865400 100.000
865600 100.000
865800 100.000
866000 100.000
866200 100.000
866400 100.000
866600 100.000
866800 100.000
867000 100.000
867200 100.000
867400 100.000
867600 100.000
867800 100.000
868000 100.000
868200 100.000
868400 100.000
868600 100.000
868800 100.000
869000 100.000
869200 100.000
869400 100.000
869600 100.000
869800 100.000
870000 100.000
870200 100.000
870400 100.000
870600 100.000
870800 100.000
871000 100.000
871200 100.000
871400 100.000
871600 100.000
871800 100.000
872000 100.000
872200 100.000
872400 100.000
872600 100.000
872800 100.000
873000 100.000
873200 100.000
873400 100.000
873600 100.000
873800 100.000
874000 100.000
874200 100.000
874400 100.000
874600 100.000
874800 100.000
875000 100.000
875200 100.000
875400 100.000
875600 100.000
875800 100.000
876000 100.000
876200 100.000
876400 100.000
876600 100.000
876800 100.000
877000 100.000
877200 100.000
877400 100.000
877600 100.000
877800 100.000
878000 100.000
878200 100.000
878400 100.000
878600 100.000
878800 100.000
879000 100.000
879200 100.000
879400 100.000
879600 100.000
879800 100.000
880000 100.000
880200 100.000
880400 100.000
880600 100.000
880800 100.000
881000 100.000
881200 100.000
881400 100.000
881600 100.000
881800 100.000
882000 100.000
882200 100.000
882400 100.000
882600 100.000
882800 100.000
883000 100.000
883200 100.000
883400 100.000
883600 100.000
883800 100.000
884000 100.000
884200 100.000
884400 100.000
884600 100.000
884800 100.000
885000 100.000
885200 100.000
885400 100.000
885600 100.000
885800 100.000
886000 100.000
886200 100.000
886400 100.000
886600 100.000
886800 100.000
887000 100.000
887200 100.000
887400 100.000
887600 100.000
887800 100.000
888000 100.000
888200 100.000
888400 100.000
888600 100.000
888800 100.000
889000 100.000
889200 100.000
889400 100.000
889600 100.000
889800 100.000
890000 100.000
890200 100.000
890400 100.000
890600 100.000
890800 100.000
891000 100.000
891200 100.000
891400 100.000
891600 100.000
891800 100.000
892000 100.000
892200 100.000
892400 100.000
892600 100.000
892800 100.000
893000 100.000
893200 100.000
893400 100.000
893600 100.000
893800 100.000
894000 100.000
894200 100.000
894400 100.000
894600 100.000
894800 100.000
895000 100.000
895200 100.000
895400 100.000
895600 100.000
895800 100.000
896000 100.000
896200 100.000
896400 100.000
896600 100.000
896800 100.000
897000 100.000
897200 100.000
897400 100.000
897600 100.000
897800 100.000
898000 100.000
898200 100.000
898400 100.000
898600 100.000
898800 100.000
899000 100.000
899200 100.000
899400 100.000
899600 100.000
899800 100.000
900000 100.000
900200 100.000
900400 100.000
900600 100.000
900800 100.000
901000 100.000
901200 100.000
901400 100.000
901600 100.000
901800 100.000
902000 100.000
902200 100.000
902400 100.000
902600 100.000
902800 100.000
903000 100.000
903200 100.000
903400 100.000
903600 100.000
903800 100.000
904000 100.000
904200 100.000
904400 100.000
904600 100.000
904800 100.000
905000 100.000
905200 100.000
905400 100.000
905600 100.000
905800 100.000
906000 100.000
906200 100.000
906400 100.000
906600 100.000
906800 100.000
907000 100.000
907200 100.000
907400 100.000
907600 100.000
907800 100.000
908000 100.000
908200 100.000
908400 100.000
908600 100.000
908800 100.000
909000 100.000
909200 100.000
909400 100.000
909600 100.000
909800 100.000
910000 100.000
910200 100.000
910400 100.000
910600 100.000
910800 100.000
911000 100.000
911200 100.000
911400 100.000
911600 100.000
911800 100.000
912000 100.000
912200 100.000
912400 100.000
912600 100.000
912800 100.000
913000 100.000
913200 100.000
913400 100.000
913600 100.000
913800 100.000
914000 100.000
914200 100.000
914400 100.000
914600 100.000
914800 100.000
915000 100.000
915200 100.000
915400 100.000
915600 100.000
915800 100.000
916000 100.000
916200 100.000
916400 100.000
916600 100.000
916800 100.000
917000 100.000
917200 100.000
917400 100.000
917600 100.000
917800 100.000
918000 100.000
918200 100.000
918400 100.000
918600 100.000
918800 100.000
919000 100.000
919200 100.000
919400 100.000
919600 100.000
919800 100.000
920000 100.000
920200 100.000
920400 100.000
920600 100.000
920800 100.000
921000 100.000
921200 100.000
921400 100.000
921600 100.000
921800 100.000
922000 100.000
922200 100.000
922400 100.000
922600 100.000
922800 100.000
923000 100.000
923200 100.000
923400 100.000
923600 100.000
923800 100.000
924000 100.000
924200 100.000
924400 100.000
924600 100.000
924800 100.000
925000 100.000
925200 100.000
925400 100.000
925600 100.000
925800 100.000
926000 100.000
926200 100.000
926400 100.000
926600 100.000
926800 100.000
927000 100.000
927200 100.000
927400 100.000
927600 100.000
927800 100.000
928000 100.000
928200 100.000
928400 100.000
928600 100.000
928800 100.000
929000 100.000
929200 100.000
929400 100.000
929600 100.000
929800 100.000
930000 100.000
930200 100.000
930400 100.000
930600 100.000
930800 100.000
931000 100.000
931200 100.000
931400 100.000
931600 100.000
931800 100.000
932000 100.000
932200 100.000
932400 100.000
932600 100.000
932800 100.000
933000 100.000
933200 100.000
933400 100.000
933600 100.000
933800 100.000
934000 100.000
934200 100.000
934400 100.000
934600 100.000
934800 100.000
935000 100.000
935200 100.000
935400 100.000
935600 100.000
935800 100.000
936000 100.000
936200 100.000
936400 100.000
936600 100.000
936800 100.000
937000 100.000
937200 100.000
937400 100.000
937600 100.000
937800 100.000
938000 100.000
938200 100.000
938400 100.000
938600 100.000
938800 100.000
939000 100.000
939200 100.000
939400 100.000
939600 100.000
939800 100.000
940000 100.000
940200 100.000
940400 100.000
940600 100.000
940800 100.000
941000 100.000
941200 100.000
941400 100.000
941600 100.000
941800 100.000
942000 100.000
942200 100.000
942400 100.000
942600 100.000
942800 100.000
943000 100.000
943200 100.000
943400 100.000
943600 100.000
943800 100.000
944000 100.000
944200 100.000
944400 100.000
944600 100.000
944800 100.000
945000 100.000
945200 100.000
945400 100.000
945600 100.000
945800 100.000
946000 100.000
946200 100.000
946400 100.000
946600 100.000
946800 100.000
947000 100.000
947200 100.000
947400 100.000
947600 100.000
947800 100.000
948000 100.000
948200 100.000
948400 100.000
948600 100.000
948800 100.000
949000 100.000
949200 100.000
949400 100.000
949600 100.000
949800 100.000
950000 100.000
950200 100.000
950400 100.000
950600 100.000
950800 100.000
951000 100.000
951200 100.000
951400 100.000
951600 100.000
951800 100.000
952000 100.000
952200 100.000
952400 100.000
952600 100.000
952800 100.000
953000 100.000
953200 100.000
953400 100.000
953600 100.000
953800 100.000
954000 100.000
954200 100.000
954400 100.000
954600 100.000
954800 100.000
955000 100.000
955200 100.000
955400 100.000
955600 100.000
955800 100.000
956000 100.000
956200 100.000
956400 100.000
956600 100.000
956800 100.000
957000 100.000
957200 100.000
957400 100.000
957600 100.000
957800 100.000
958000 100.000
958200 100.000
958400 100.000
958600 100.000
958800 100.000
959000 100.000
959200 100.000
959400 100.000
959600 100.000
959800 100.000
960000 100.000
960200 100.000
960400 100.000
960600 100.000
960800 100.000
961000 100.000
961200 100.000
961400 100.000
961600 100.000
961800 100.000
962000 100.000
962200 100.000
962400 100.000
962600 100.000
962800 100.000
963000 100.000
963200 100.000
963400 100.000
963600 100.000
963800 100.000
964000 100.000
964200 100.000
964400 100.000
964600 100.000
964800 100.000
965000 100.000
965200 100.000
965400 100.000
965600 100.000
965800 100.000
966000 100.000
966200 100.000
966400 100.000
966600 100.000
966800 100.000
967000 100.000
967200 100.000
967400 100.000
967600 100.000
967800 100.000
968000 100.000
968200 100.000
968400 100.000
968600 100.000
968800 100.000
969000 100.000
969200 100.000
969400 100.000
969600 100.000
969800 100.000
970000 100.000
970200 100.000
970400 100.000
970600 100.000
970800 100.000
971000 100.000
971200 100.000
971400 100.000
971600 100.000
971800 100.000
972000 100.000
972200 100.000
972400 100.000
972600 100.000
972800 100.000
973000 100.000
973200 100.000
973400 100.000
973600 100.000
973800 100.000
974000 100.000
974200 100.000
974400 100.000
974600 100.000
974800 100.000
975000 100.000
975200 100.000
975400 100.000
975600 100.000
975800 100.000
976000 100.000
976200 100.000
976400 100.000
976600 100.000
976800 100.000
977000 100.000
977200 100.000
977400 100.000
977600 100.000
977800 100.000
978000 100.000
978200 100.000
978400 100.000
978600 100.000
978800 100.000
979000 100.000
979200 100.000
979400 100.000
979600 100.000
979800 100.000
980000 100.000
980200 100.000
980400 100.000
980600 100.000
980800 100.000
981000 100.000
981200 100.000
981400 100.000
981600 100.000
981800 100.000
982000 100.000
982200 100.000
982400 100.000
982600 100.000
982800 100.000
983000 100.000
983200 100.000
983400 100.000
983600 100.000
983800 100.000
984000 100.000
984200 100.000
984400 100.000
984600 100.000
984800 100.000
985000 100.000
985200 100.000
985400 100.000
985600 100.000
985800 100.000
986000 100.000
986200 100.000
986400 100.000
986600 100.000
986800 100.000
987000 100.000
987200 100.000
987400 100.000
987600 100.000
987800 100.000
988000 100.000
988200 100.000
988400 100.000
988600 100.000
988800 100.000
989000 100.000
989200 100.000
989400 100.000
989600 100.000
989800 100.000
990000 100.000
990200 100.000
990400 100.000
990600 100.000
990800 100.000
991000 100.000
991200 100.000
991400 100.000
991600 100.000
991800 100.000
992000 100.000
992200 100.000
992400 100.000
992600 100.000
992800 100.000
993000 100.000
993200 100.000
993400 100.000
993600 100.000
993800 100.000
994000 100.000
994200 100.000
994400 100.000
994600 100.000
994800 100.000
995000 100.000
995200 100.000
995400 100.000
995600 100.000
995800 100.000
996000 100.000
996200 100.000
996400 100.000
996600 100.000
996800 100.000
997000 100.000
997200 100.000
997400 100.000
997600 100.000
997800 100.000
998000 100.000
998200 100.000
998400 100.000
998600 100.000
998800 100.000
999000 100.000
999200 100.000
999400 100.000
999600 100.000
999800 100.000
1000000 0.100
