200 130
400 144
600 147
800 166
1000 147
1200 153
1400 165
1600 171
1800 153
2000 148
2200 138
2400 153
2600 152
2800 155
3000 142
3200 148
3400 166
3600 152
3800 161
4000 155
4200 137
4400 141
4600 153
4800 149
5000 151
5200 133
5400 142
5600 161
5800 160
6000 130
6200 158
6400 151
6600 146
6800 151
7000 147
7200 149
7400 144
7600 140
7800 145
8000 144
8200 129
8400 155
8600 128
8800 149
9000 139
9200 136
9400 128
9600 148
9800 143
10000 136
10200 157
10400 147
10600 143
10800 147
11000 156
11200 155
11400 137
11600 169
11800 173
12000 151
12200 160
12400 160
12600 160
12800 159
13000 157
13200 156
13400 142
13600 141
13800 159
14000 148
14200 143
14400 160
14600 147
14800 148
15000 148
15200 157
15400 154
15600 155
15800 131
16000 172
16200 163
16400 150
16600 159
16800 133
17000 155
17200 164
17400 141
17600 150
17800 142
18000 149
18200 166
18400 158
18600 169
18800 141
19000 138
19200 146
19400 156
19600 153
19800 165
20000 143
20200 160
20400 136
20600 159
20800 148
21000 166
21200 157
21400 155
21600 138
21800 150
22000 137
22200 148
22400 155
22600 145
22800 150
23000 148
23200 144
23400 138
23600 154
23800 166
24000 133
24200 149
24400 122
24600 156
24800 143
25000 137
25200 159
25400 152
25600 139
25800 149
26000 141
26200 163
26400 160
26600 149
26800 157
27000 161
27200 150
27400 147
27600 135
27800 144
28000 161
28200 166
28400 150
28600 139
28800 152
29000 156
29200 143
29400 145
29600 136
29800 143
30000 146
30200 140
30400 161
30600 143
30800 174
31000 157
31200 155
31400 143
31600 146
31800 142
32000 147
32200 169
32400 145
32600 150
32800 157
33000 150
33200 157
33400 152
33600 149
33800 144
34000 152
34200 145
34400 164
34600 169
34800 144
35000 145
35200 151
35400 126
35600 161
35800 144
36000 158
36200 166
36400 153
36600 154
36800 154
37000 133
37200 160
37400 145
37600 160
37800 155
38000 161
38200 151
38400 136
38600 150
38800 137
39000 150
39200 135
39400 166
39600 153
39800 162
40000 162
40200 150
40400 146
40600 154
40800 145
41000 161
41200 145
41400 143
41600 171
41800 148
42000 155
42200 154
42400 139
42600 136
42800 146
43000 154
43200 175
43400 140
43600 148
43800 134
44000 145
44200 149
44400 152
44600 140
44800 141
45000 140
45200 131
45400 149
45600 162
45800 152
46000 160
46200 149
46400 163
46600 146
46800 140
47000 143
47200 133
47400 154
47600 166
47800 131
48000 140
48200 149
48400 168
48600 149
48800 133
49000 147
49200 144
49400 152
49600 142
49800 146
50000 146
50200 164
50400 158
50600 151
50800 165
51000 150
51200 158
51400 160
51600 142
51800 156
52000 150
52200 140
52400 164
52600 144
52800 144
53000 129
53200 151
53400 160
53600 146
53800 158
54000 140
54200 164
54400 157
54600 162
54800 157
55000 156
55200 165
55400 150
55600 148
55800 149
56000 157
56200 164
56400 160
56600 122
56800 158
57000 145
57200 146
57400 143
57600 176
57800 164
58000 115
58200 145
58400 171
58600 123
58800 152
59000 145
59200 150
59400 159
59600 167
59800 131
60000 134
60200 159
60400 134
60600 166
60800 143
61000 155
61200 172
61400 174
61600 144
61800 147
62000 129
62200 122
62400 141
62600 152
62800 160
63000 150
63200 134
63400 137
63600 154
63800 149
64000 156
64200 153
64400 169
64600 161
64800 156
65000 139
65200 149
65400 150
65600 135
65800 150
66000 148
66200 171
66400 160
66600 128
66800 155
67000 164
67200 148
67400 160
67600 125
67800 137
68000 148
68200 133
68400 153
68600 151
68800 140
69000 150
69200 150
69400 138
69600 163
69800 140
70000 152
70200 165
70400 142
70600 165
70800 164
71000 152
71200 137
71400 165
71600 123
71800 153
72000 142
72200 144
72400 151
72600 146
72800 126
73000 151
73200 169
73400 147
73600 168
73800 146
74000 156
74200 161
74400 151
74600 147
74800 154
75000 146
75200 145
75400 161
75600 168
75800 167
76000 161
76200 157
76400 157
76600 150
76800 158
77000 154
77200 167
77400 139
77600 157
77800 166
78000 155
78200 140
78400 167
78600 149
78800 168
79000 159
79200 145
79400 129
79600 152
79800 134
80000 135
80200 163
80400 143
80600 139
80800 148
81000 167
81200 139
81400 161
81600 145
81800 161
82000 155
82200 162
82400 163
82600 143
82800 151
83000 146
83200 147
83400 128
83600 159
83800 145
84000 158
84200 146
84400 157
84600 145
84800 128
85000 164
85200 154
85400 149
85600 145
85800 148
86000 162
86200 143
86400 171
86600 137
86800 142
87000 122
87200 157
87400 154
87600 151
87800 147
88000 158
88200 158
88400 149
88600 158
88800 159
89000 159
89200 158
89400 152
89600 154
89800 157
90000 148
90200 139
90400 134
90600 157
90800 160
91000 121
91200 134
91400 125
91600 174
91800 139
92000 139
92200 172
92400 130
92600 154
92800 148
93000 153
93200 153
93400 139
93600 151
93800 155
94000 141
94200 154
94400 145
94600 134
94800 141
95000 154
95200 146
95400 150
95600 152
95800 172
96000 163
96200 149
96400 153
96600 157
96800 160
97000 157
97200 133
97400 169
97600 144
97800 159
98000 159
98200 151
98400 140
98600 126
98800 151
99000 145
99200 154
99400 153
99600 153
99800 145
100000 136
100200 160
100400 158
100600 163
100800 157
101000 151
101200 151
101400 147
101600 153
101800 177
102000 139
102200 163
102400 148
102600 162
102800 158
103000 163
103200 122
103400 154
103600 169
103800 143
104000 148
104200 135
104400 145
104600 163
104800 130
105000 135
105200 148
105400 163
105600 146
105800 132
106000 146
106200 140
106400 151
106600 157
106800 147
107000 139
107200 140
107400 155
107600 169
107800 151
108000 141
108200 159
108400 156
108600 152
108800 145
109000 145
109200 149
109400 146
109600 153
109800 160
110000 152
110200 137
110400 149
110600 145
110800 145
111000 155
111200 150
111400 138
111600 147
111800 129
112000 164
112200 158
112400 150
112600 143
112800 158
113000 135
113200 170
113400 135
113600 140
113800 165
114000 154
114200 152
114400 139
114600 155
114800 150
115000 162
115200 169
115400 158
115600 176
115800 148
116000 141
116200 147
116400 149
116600 151
116800 163
117000 136
117200 169
117400 163
117600 173
117800 143
118000 162
118200 152
118400 157
118600 167
118800 145
119000 160
119200 164
119400 146
119600 151
119800 142
120000 168
120200 152
120400 132
120600 133
120800 162
121000 108
121200 153
121400 164
121600 153
121800 168
122000 167
122200 164
122400 156
122600 142
122800 168
123000 155
123200 157
123400 155
123600 135
123800 132
124000 141
124200 141
124400 157
124600 149
124800 167
125000 174
125200 153
125400 137
125600 143
125800 169
126000 147
126200 158
126400 152
126600 138
126800 150
127000 152
127200 162
127400 143
127600 154
127800 159
128000 144
128200 156
128400 150
128600 150
128800 161
129000 151
129200 140
129400 151
129600 156
129800 157
130000 144
130200 152
130400 151
130600 164
130800 162
131000 142
131200 172
131400 158
131600 149
131800 148
132000 165
132200 151
132400 156
132600 123
132800 153
133000 162
133200 135
133400 149
133600 161
133800 156
134000 149
134200 149
134400 156
134600 168
134800 158
135000 173
135200 151
135400 142
135600 148
135800 139
136000 151
136200 130
136400 154
136600 148
136800 145
137000 141
137200 156
137400 145
137600 164
137800 144
138000 154
138200 164
138400 144
138600 161
138800 136
139000 149
139200 127
139400 142
139600 150
139800 157
140000 148
140200 160
140400 139
140600 147
140800 160
141000 146
141200 152
141400 157
141600 158
141800 147
142000 158
142200 157
142400 155
142600 145
142800 152
143000 159
143200 138
143400 155
143600 123
143800 154
144000 144
144200 142
144400 170
144600 149
144800 150
145000 152
145200 154
145400 154
145600 154
145800 140
146000 158
146200 156
146400 161
146600 143
146800 143
147000 144
147200 159
147400 162
147600 132
147800 149
148000 129
148200 163
148400 137
148600 147
148800 153
149000 153
149200 124
149400 172
149600 142
149800 153
150000 147
150200 139
150400 162
150600 156
150800 156
151000 145
151200 149
151400 161
151600 163
151800 120
152000 164
152200 170
152400 151
152600 156
152800 151
153000 163
153200 155
153400 167
153600 138
153800 152
154000 167
154200 128
154400 161
154600 140
154800 146
155000 151
155200 149
155400 135
155600 147
155800 143
156000 157
156200 156
156400 140
156600 161
156800 133
157000 149
157200 158
157400 160
157600 167
157800 137
158000 142
158200 147
158400 153
158600 148
158800 132
159000 157
159200 161
159400 152
159600 165
159800 168
160000 142
160200 157
160400 146
160600 162
160800 151
161000 134
161200 123
161400 153
161600 153
161800 144
162000 150
162200 146
162400 124
162600 134
162800 136
163000 141
163200 136
163400 146
163600 151
163800 123
164000 144
164200 161
164400 169
164600 153
164800 144
165000 150
165200 161
165400 162
165600 153
165800 155
166000 152
166200 145
166400 164
166600 145
166800 157
167000 151
167200 160
167400 161
167600 155
167800 153
168000 130
168200 129
168400 152
168600 149
168800 165
169000 142
169200 136
169400 159
169600 146
169800 132
170000 139
170200 158
170400 146
170600 162
170800 156
171000 159
171200 151
171400 153
171600 157
171800 153
172000 154
172200 146
172400 135
172600 135
172800 139
173000 157
173200 145
173400 156
173600 158
173800 136
174000 154
174200 159
174400 148
174600 164
174800 154
175000 146
175200 156
175400 152
175600 151
175800 163
176000 167
176200 152
176400 139
176600 158
176800 144
177000 134
177200 161
177400 176
177600 157
177800 150
178000 162
178200 144
178400 133
178600 155
178800 162
179000 163
179200 164
179400 145
179600 155
179800 128
180000 139
180200 152
180400 155
180600 170
180800 154
181000 158
181200 145
181400 137
181600 154
181800 155
182000 148
182200 147
182400 142
182600 159
182800 158
183000 149
183200 159
183400 148
183600 156
183800 133
184000 148
184200 143
184400 145
184600 159
184800 150
185000 160
185200 153
185400 157
185600 148
185800 149
186000 146
186200 148
186400 138
186600 152
186800 109
187000 146
187200 166
187400 138
187600 144
187800 147
188000 146
188200 163
188400 149
188600 152
188800 168
189000 136
189200 134
189400 147
189600 148
189800 152
190000 155
190200 142
190400 164
190600 165
190800 149
191000 132
191200 123
191400 147
191600 147
191800 129
192000 180
192200 155
192400 164
192600 145
192800 153
193000 157
193200 144
193400 163
193600 145
193800 161
194000 168
194200 159
194400 162
194600 132
194800 147
195000 149
195200 160
195400 148
195600 155
195800 158
196000 158
196200 152
196400 151
196600 150
196800 136
197000 137
197200 144
197400 149
197600 120
197800 154
198000 156
198200 159
198400 139
198600 177
198800 150
199000 154
199200 165
199400 162
199600 148
199800 163
200000 136
200200 159
200400 153
200600 152
200800 166
201000 144
201200 154
201400 158
201600 143
201800 166
202000 164
202200 157
202400 163
202600 143
202800 160
203000 156
203200 168
203400 156
203600 156
203800 161
204000 161
204200 155
204400 155
204600 154
204800 151
205000 153
205200 156
205400 163
205600 160
205800 141
206000 160
206200 158
206400 167
206600 167
206800 138
207000 141
207200 152
207400 177
207600 139
207800 163
208000 161
208200 152
208400 139
208600 143
208800 153
209000 170
209200 154
209400 167
209600 157
209800 160
210000 157
210200 148
210400 141
210600 144
210800 141
211000 130
211200 156
211400 147
211600 141
211800 139
212000 167
212200 152
212400 152
212600 144
212800 171
213000 159
213200 171
213400 156
213600 157
213800 135
214000 142
214200 146
214400 159
214600 167
214800 134
215000 155
215200 155
215400 149
215600 163
215800 158
216000 154
216200 141
216400 152
216600 153
216800 128
217000 141
217200 154
217400 152
217600 161
217800 151
218000 164
218200 130
218400 160
218600 155
218800 156
219000 152
219200 167
219400 164
219600 155
219800 140
220000 143
220200 153
220400 154
220600 157
220800 165
221000 143
221200 147
221400 150
221600 167
221800 158
222000 168
222200 158
222400 152
222600 143
222800 169
223000 143
223200 148
223400 140
223600 176
223800 146
224000 150
224200 127
224400 157
224600 132
224800 145
225000 149
225200 151
225400 174
225600 138
225800 167
226000 139
226200 163
226400 143
226600 139
226800 147
227000 160
227200 145
227400 162
227600 158
227800 170
228000 150
228200 134
228400 155
228600 169
228800 134
229000 136
229200 147
229400 164
229600 153
229800 143
230000 141
230200 127
230400 145
230600 144
230800 141
231000 145
231200 160
231400 158
231600 127
231800 145
232000 161
232200 143
232400 159
232600 172
232800 166
233000 138
233200 168
233400 141
233600 148
233800 152
234000 157
234200 155
234400 165
234600 147
234800 165
235000 151
235200 133
235400 157
235600 144
235800 160
236000 145
236200 152
236400 160
236600 162
236800 144
237000 162
237200 151
237400 135
237600 166
237800 149
238000 158
238200 137
238400 160
238600 153
238800 148
239000 137
239200 147
239400 155
239600 136
239800 156
240000 139
240200 140
240400 147
240600 173
240800 157
241000 155
241200 166
241400 126
241600 161
241800 160
242000 172
242200 158
242400 130
242600 138
242800 153
243000 157
243200 156
243400 141
243600 150
243800 167
244000 149
244200 161
244400 159
244600 144
244800 144
245000 172
245200 168
245400 162
245600 161
245800 134
246000 154
246200 146
246400 159
246600 156
246800 140
247000 177
247200 131
247400 155
247600 140
247800 159
248000 142
248200 157
248400 162
248600 146
248800 143
249000 159
249200 143
249400 159
249600 160
249800 153
250000 164
250200 127
250400 153
250600 147
250800 167
251000 153
251200 159
251400 158
251600 173
251800 146
252000 142
252200 149
252400 148
252600 153
252800 141
253000 137
253200 140
253400 159
253600 135
253800 148
254000 150
254200 144
254400 168
254600 147
254800 165
255000 131
255200 157
255400 136
255600 150
255800 124
256000 164
256200 157
256400 133
256600 160
256800 148
257000 142
257200 145
257400 146
257600 138
257800 154
258000 157
258200 144
258400 161
258600 170
258800 140
259000 156
259200 160
259400 158
259600 149
259800 165
260000 144
260200 157
260400 153
260600 149
260800 154
261000 147
261200 147
261400 152
261600 145
261800 156
262000 159
262200 173
262400 152
262600 131
262800 160
263000 134
263200 154
263400 148
263600 137
263800 155
264000 161
264200 166
264400 118
264600 159
264800 153
265000 133
265200 125
265400 162
265600 153
265800 154
266000 146
266200 161
266400 153
266600 173
266800 150
267000 130
267200 149
267400 158
267600 148
267800 144
268000 160
268200 168
268400 164
268600 159
268800 149
269000 146
269200 148
269400 152
269600 161
269800 155
270000 136
270200 168
270400 155
270600 149
270800 155
271000 154
271200 148
271400 140
271600 158
271800 163
272000 147
272200 154
272400 175
272600 156
272800 155
273000 147
273200 145
273400 138
273600 137
273800 163
274000 165
274200 170
274400 131
274600 153
274800 139
275000 151
275200 147
275400 148
275600 159
275800 143
276000 139
276200 129
276400 150
276600 156
276800 146
277000 140
277200 148
277400 148
277600 155
277800 150
278000 171
278200 166
278400 128
278600 140
278800 147
279000 158
279200 164
279400 144
279600 152
279800 160
280000 158
280200 168
280400 167
280600 146
280800 154
281000 149
281200 142
281400 131
281600 155
281800 139
282000 136
282200 152
282400 119
282600 154
282800 167
283000 147
283200 155
283400 131
283600 150
283800 147
284000 157
284200 152
284400 159
284600 154
284800 162
285000 121
285200 156
285400 153
285600 146
285800 142
286000 141
286200 156
286400 150
286600 165
286800 171
287000 136
287200 164
287400 146
287600 161
287800 148
288000 166
288200 157
288400 136
288600 148
288800 138
289000 164
289200 135
289400 169
289600 140
289800 140
290000 161
290200 158
290400 156
290600 145
290800 152
291000 126
291200 158
291400 135
291600 145
291800 163
292000 168
292200 144
292400 159
292600 153
292800 134
293000 138
293200 146
293400 172
293600 135
293800 142
294000 144
294200 133
294400 159
294600 145
294800 170
295000 140
295200 146
295400 153
295600 142
295800 144
296000 158
296200 146
296400 151
296600 146
296800 135
297000 153
297200 146
297400 153
297600 173
297800 154
298000 157
298200 140
298400 154
298600 157
298800 157
299000 154
299200 142
299400 152
299600 157
299800 169
300000 158
300200 149
300400 161
300600 163
300800 156
301000 160
301200 152
301400 127
301600 162
301800 149
302000 152
302200 161
302400 149
302600 156
302800 152
303000 150
303200 151
303400 159
303600 147
303800 139
304000 173
304200 151
304400 153
304600 151
304800 156
305000 142
305200 148
305400 148
305600 143
305800 155
306000 162
306200 153
306400 142
306600 161
306800 147
307000 148
307200 145
307400 130
307600 160
307800 172
308000 162
308200 149
308400 143
308600 161
308800 130
309000 157
309200 138
309400 147
309600 156
309800 151
310000 151
310200 149
310400 170
310600 162
310800 146
311000 183
311200 151
311400 162
311600 133
311800 167
312000 151
312200 135
312400 136
312600 155
312800 166
313000 159
313200 141
313400 145
313600 154
313800 146
314000 136
314200 136
314400 154
314600 136
314800 149
315000 151
315200 137
315400 145
315600 160
315800 142
316000 154
316200 148
316400 157
316600 156
316800 153
317000 132
317200 154
317400 173
317600 153
317800 155
318000 134
318200 144
318400 164
318600 144
318800 119
319000 163
319200 147
319400 152
319600 136
319800 161
320000 149
320200 142
320400 163
320600 140
320800 139
321000 159
321200 139
321400 154
321600 141
321800 158
322000 140
322200 162
322400 114
322600 154
322800 142
323000 159
323200 147
323400 157
323600 149
323800 153
324000 142
324200 159
324400 156
324600 153
324800 162
325000 157
325200 147
325400 153
325600 142
325800 164
326000 142
326200 150
326400 133
326600 158
326800 148
327000 146
327200 151
327400 133
327600 153
327800 137
328000 152
328200 141
328400 147
328600 168
328800 150
329000 133
329200 162
329400 163
329600 151
329800 160
330000 147
330200 117
330400 138
330600 159
330800 162
331000 164
331200 162
331400 163
331600 144
331800 158
332000 160
332200 167
332400 165
332600 142
332800 160
333000 142
333200 160
333400 176
333600 153
333800 138
334000 162
334200 144
334400 158
334600 164
334800 169
335000 130
335200 133
335400 149
335600 163
335800 157
336000 141
336200 159
336400 166
336600 153
336800 167
337000 154
337200 168
337400 159
337600 131
337800 170
338000 154
338200 155
338400 135
338600 165
338800 154
339000 152
339200 167
339400 156
339600 138
339800 154
340000 139
340200 156
340400 153
340600 146
340800 155
341000 146
341200 146
341400 148
341600 165
341800 149
342000 154
342200 158
342400 156
342600 127
342800 157
343000 124
343200 147
343400 162
343600 168
343800 148
344000 150
344200 141
344400 152
344600 154
344800 154
345000 150
345200 143
345400 155
345600 142
345800 162
346000 164
346200 146
346400 142
346600 124
346800 164
347000 145
347200 133
347400 141
347600 132
347800 127
348000 153
348200 146
348400 142
348600 143
348800 155
349000 172
349200 150
349400 158
349600 139
349800 160
350000 148
350200 149
350400 130
350600 163
350800 148
351000 151
351200 157
351400 147
351600 139
351800 147
352000 154
352200 153
352400 132
352600 138
352800 158
353000 137
353200 144
353400 152
353600 127
353800 148
354000 168
354200 151
354400 147
354600 141
354800 122
355000 151
355200 155
355400 155
355600 158
355800 145
356000 160
356200 152
356400 164
356600 156
356800 159
357000 162
357200 157
357400 166
357600 154
357800 146
358000 174
358200 148
358400 156
358600 161
358800 149
359000 142
359200 147
359400 141
359600 157
359800 156
360000 159
360200 156
360400 145
360600 145
360800 132
361000 149
361200 139
361400 158
361600 153
361800 147
362000 162
362200 146
362400 139
362600 157
362800 161
363000 160
363200 155
363400 136
363600 181
363800 144
364000 154
364200 145
364400 148
364600 133
364800 158
365000 146
365200 160
365400 154
365600 146
365800 162
366000 142
366200 152
366400 136
366600 145
366800 161
367000 146
367200 141
367400 153
367600 157
367800 169
368000 150
368200 143
368400 134
368600 146
368800 159
369000 144
369200 146
369400 168
369600 147
369800 161
370000 142
370200 139
370400 134
370600 124
370800 141
371000 155
371200 123
371400 120
371600 155
371800 168
372000 149
372200 148
372400 145
372600 147
372800 161
373000 148
373200 156
373400 149
373600 150
373800 157
374000 156
374200 141
374400 145
374600 132
374800 166
375000 137
375200 135
375400 146
375600 154
375800 154
376000 174
376200 158
376400 162
376600 170
376800 167
377000 168
377200 153
377400 152
377600 149
377800 150
378000 128
378200 153
378400 144
378600 161
378800 145
379000 156
379200 137
379400 146
379600 156
379800 142
380000 150
380200 137
380400 142
380600 152
380800 142
381000 162
381200 139
381400 147
381600 137
381800 138
382000 142
382200 144
382400 153
382600 161
382800 153
383000 134
383200 170
383400 159
383600 143
383800 161
384000 152
384200 166
384400 154
384600 139
384800 146
385000 153
385200 164
385400 138
385600 144
385800 135
386000 151
386200 166
386400 151
386600 153
386800 168
387000 142
387200 141
387400 151
387600 161
387800 152
388000 157
388200 152
388400 158
388600 148
388800 157
389000 144
389200 157
389400 165
389600 145
389800 151
390000 139
390200 159
390400 138
390600 152
390800 154
391000 161
391200 150
391400 132
391600 157
391800 152
392000 163
392200 153
392400 136
392600 148
392800 156
393000 139
393200 161
393400 158
393600 160
393800 162
394000 166
394200 164
394400 137
394600 149
394800 153
395000 136
395200 157
395400 147
395600 134
395800 161
396000 158
396200 148
396400 162
396600 134
396800 162
397000 145
397200 160
397400 137
397600 167
397800 155
398000 148
398200 133
398400 145
398600 161
398800 146
399000 140
399200 145
399400 156
399600 158
399800 153
400000 154
400200 132
400400 139
400600 182
400800 145
401000 144
401200 155
401400 142
401600 135
401800 143
402000 146
402200 156
402400 157
402600 150
402800 156
403000 154
403200 137
403400 151
403600 146
403800 173
404000 150
404200 146
404400 147
404600 154
404800 158
405000 146
405200 146
405400 126
405600 132
405800 143
406000 144
406200 166
406400 146
406600 149
406800 152
407000 137
407200 146
407400 150
407600 159
407800 155
408000 159
408200 125
408400 137
408600 147
408800 150
409000 124
409200 159
409400 158
409600 139
409800 147
410000 136
410200 157
410400 164
410600 163
410800 146
411000 168
411200 158
411400 151
411600 155
411800 148
412000 157
412200 143
412400 157
412600 167
412800 118
413000 159
413200 145
413400 140
413600 137
413800 138
414000 147
414200 156
414400 140
414600 148
414800 140
415000 147
415200 150
415400 154
415600 158
415800 115
416000 146
416200 154
416400 155
416600 150
416800 142
417000 157
417200 155
417400 160
417600 162
417800 140
418000 149
418200 166
418400 147
418600 152
418800 162
419000 141
419200 147
419400 149
419600 153
419800 156
420000 141
420200 162
420400 135
420600 172
420800 140
421000 163
421200 142
421400 131
421600 156
421800 135
422000 147
422200 161
422400 158
422600 151
422800 156
423000 138
423200 166
423400 172
423600 142
423800 139
424000 137
424200 150
424400 159
424600 151
424800 145
425000 153
425200 151
425400 148
425600 166
425800 150
426000 157
426200 143
426400 158
426600 161
426800 145
427000 150
427200 149
427400 137
427600 152
427800 158
428000 142
428200 168
428400 136
428600 152
428800 152
429000 134
429200 149
429400 170
429600 147
429800 162
430000 165
430200 147
430400 138
430600 152
430800 154
431000 166
431200 168
431400 143
431600 135
431800 158
432000 147
432200 155
432400 125
432600 156
432800 134
433000 161
433200 157
433400 148
433600 166
433800 160
434000 138
434200 122
434400 154
434600 140
434800 168
435000 153
435200 137
435400 160
435600 141
435800 138
436000 147
436200 170
436400 148
436600 164
436800 165
437000 145
437200 166
437400 159
437600 155
437800 152
438000 157
438200 141
438400 147
438600 129
438800 161
439000 151
439200 142
439400 162
439600 146
439800 138
440000 154
440200 141
440400 176
440600 154
440800 162
441000 169
441200 130
441400 141
441600 161
441800 140
442000 159
442200 145
442400 156
442600 151
442800 157
443000 148
443200 132
443400 146
443600 146
443800 151
444000 156
444200 169
444400 151
444600 148
444800 157
445000 147
445200 134
445400 137
445600 139
445800 155
446000 143
446200 150
446400 143
446600 158
446800 153
447000 139
447200 147
447400 159
447600 155
447800 145
448000 139
448200 151
448400 141
448600 141
448800 154
449000 152
449200 154
449400 164
449600 156
449800 158
450000 149
450200 153
450400 153
450600 155
450800 170
451000 155
451200 155
451400 162
451600 156
451800 148
452000 145
452200 163
452400 138
452600 154
452800 157
453000 153
453200 141
453400 139
453600 146
453800 164
454000 152
454200 141
454400 163
454600 145
454800 157
455000 158
455200 119
455400 155
455600 156
455800 170
456000 162
456200 146
456400 155
456600 155
456800 156
457000 141
457200 153
457400 158
457600 167
457800 149
458000 172
458200 152
458400 154
458600 132
458800 157
459000 165
459200 148
459400 167
459600 157
459800 153
460000 162
460200 150
460400 134
460600 139
460800 145
461000 138
461200 150
461400 150
461600 150
461800 172
462000 145
462200 157
462400 147
462600 180
462800 166
463000 139
463200 160
463400 149
463600 144
463800 172
464000 150
464200 141
464400 139
464600 150
464800 148
465000 161
465200 149
465400 157
465600 140
465800 143
466000 153
466200 151
466400 154
466600 155
466800 150
467000 151
467200 146
467400 135
467600 156
467800 140
468000 137
468200 157
468400 154
468600 162
468800 152
469000 165
469200 169
469400 146
469600 141
469800 144
470000 144
470200 163
470400 163
470600 138
470800 134
471000 144
471200 160
471400 160
471600 158
471800 147
472000 147
472200 157
472400 148
472600 139
472800 162
473000 153
473200 160
473400 142
473600 150
473800 138
474000 144
474200 140
474400 172
474600 139
474800 141
475000 149
475200 153
475400 139
475600 131
475800 140
476000 149
476200 148
476400 160
476600 155
476800 145
477000 148
477200 146
477400 134
477600 153
477800 160
478000 156
478200 156
478400 154
478600 159
478800 163
479000 156
479200 151
479400 170
479600 135
479800 176
480000 129
480200 154
480400 162
480600 158
480800 163
481000 168
481200 153
481400 152
481600 145
481800 145
482000 142
482200 153
482400 155
482600 143
482800 159
483000 160
483200 164
483400 145
483600 163
483800 149
484000 162
484200 135
484400 149
484600 140
484800 145
485000 147
485200 155
485400 148
485600 156
485800 166
486000 152
486200 134
486400 147
486600 152
486800 145
487000 143
487200 157
487400 165
487600 138
487800 149
488000 171
488200 158
488400 153
488600 168
488800 148
489000 155
489200 148
489400 162
489600 154
489800 140
490000 158
490200 140
490400 177
490600 134
490800 151
491000 158
491200 158
491400 151
491600 146
491800 147
492000 150
492200 167
492400 171
492600 146
492800 159
493000 142
493200 165
493400 157
493600 135
493800 159
494000 152
494200 135
494400 152
494600 164
494800 154
495000 159
495200 149
495400 181
495600 152
495800 156
496000 166
496200 150
496400 139
496600 142
496800 157
497000 119
497200 144
497400 151
497600 143
497800 144
498000 164
498200 149
498400 149
498600 151
498800 124
499000 169
499200 155
499400 158
499600 132
499800 156
500000 154
500200 164
500400 148
500600 146
500800 130
501000 148
501200 160
501400 140
501600 128
501800 153
502000 149
502200 160
502400 157
502600 127
502800 135
503000 145
503200 167
503400 140
503600 147
503800 179
504000 153
504200 154
504400 156
504600 149
504800 175
505000 150
505200 127
505400 152
505600 134
505800 160
506000 150
506200 149
506400 135
506600 162
506800 160
507000 157
507200 156
507400 134
507600 160
507800 152
508000 134
508200 148
508400 149
508600 153
508800 139
509000 130
509200 157
509400 136
509600 150
509800 153
510000 140
510200 151
510400 161
510600 130
510800 152
511000 140
511200 136
511400 153
511600 138
511800 143
512000 165
512200 125
512400 155
512600 151
512800 148
513000 126
513200 170
513400 162
513600 174
513800 164
514000 156
514200 147
514400 157
514600 129
514800 158
515000 150
515200 167
515400 166
515600 159
515800 165
516000 157
516200 136
516400 157
516600 147
516800 129
517000 157
517200 147
517400 140
517600 142
517800 166
518000 146
518200 148
518400 150
518600 165
518800 147
519000 154
519200 166
519400 163
519600 143
519800 145
520000 147
520200 160
520400 139
520600 167
520800 163
521000 129
521200 154
521400 146
521600 153
521800 152
522000 155
522200 158
522400 161
522600 145
522800 147
523000 153
523200 156
523400 137
523600 128
523800 155
524000 147
524200 139
524400 148
524600 139
524800 131
525000 131
525200 147
525400 157
525600 148
525800 139
526000 159
526200 171
526400 142
526600 129
526800 140
527000 150
527200 145
527400 150
527600 131
527800 135
528000 140
528200 146
528400 147
528600 151
528800 171
529000 146
529200 153
529400 159
529600 142
529800 163
530000 168
530200 145
530400 170
530600 167
530800 139
531000 130
531200 137
531400 149
531600 136
531800 141
532000 166
532200 155
532400 141
532600 153
532800 151
533000 154
533200 153
533400 152
533600 141
533800 137
534000 147
534200 139
534400 146
534600 148
534800 158
535000 140
535200 160
535400 170
535600 150
535800 136
536000 146
536200 171
536400 149
536600 137
536800 161
537000 149
537200 160
537400 157
537600 158
537800 147
538000 155
538200 152
538400 156
538600 130
538800 151
539000 143
539200 138
539400 164
539600 165
539800 137
540000 142
540200 151
540400 140
540600 150
540800 149
541000 139
541200 138
541400 150
541600 152
541800 173
542000 174
542200 157
542400 170
542600 143
542800 129
543000 166
543200 149
543400 148
543600 166
543800 144
544000 132
544200 144
544400 151
544600 148
544800 157
545000 148
545200 149
545400 147
545600 166
545800 141
546000 151
546200 143
546400 159
546600 145
546800 164
547000 142
547200 164
547400 147
547600 152
547800 146
548000 147
548200 146
548400 159
548600 171
548800 144
549000 129
549200 156
549400 137
549600 142
549800 165
550000 153
550200 151
550400 171
550600 172
550800 159
551000 167
551200 141
551400 140
551600 147
551800 159
552000 159
552200 144
552400 158
552600 150
552800 156
553000 157
553200 134
553400 147
553600 163
553800 154
554000 147
554200 162
554400 169
554600 147
554800 137
555000 163
555200 162
555400 155
555600 151
555800 168
556000 172
556200 152
556400 165
556600 161
556800 141
557000 168
557200 160
557400 149
557600 156
557800 162
558000 131
558200 144
558400 134
558600 161
558800 150
559000 136
559200 143
559400 157
559600 147
559800 149
560000 146
560200 147
560400 126
560600 158
560800 151
561000 126
561200 155
561400 156
561600 151
561800 171
562000 140
562200 134
562400 148
562600 129
562800 154
563000 141
563200 136
563400 140
563600 156
563800 148
564000 136
564200 155
564400 139
564600 147
564800 154
565000 166
565200 161
565400 141
565600 143
565800 156
566000 157
566200 151
566400 145
566600 148
566800 135
567000 136
567200 155
567400 151
567600 136
567800 146
568000 139
568200 135
568400 149
568600 154
568800 153
569000 156
569200 131
569400 152
569600 152
569800 159
570000 131
570200 137
570400 157
570600 144
570800 127
571000 167
571200 139
571400 148
571600 156
571800 173
572000 147
572200 152
572400 153
572600 140
572800 148
573000 159
573200 146
573400 147
573600 155
573800 153
574000 136
574200 137
574400 157
574600 131
574800 154
575000 152
575200 140
575400 141
575600 151
575800 158
576000 139
576200 148
576400 164
576600 157
576800 137
577000 151
577200 129
577400 138
577600 156
577800 159
578000 119
578200 119
578400 154
578600 168
578800 149
579000 142
579200 115
579400 161
579600 150
579800 146
580000 154
580200 132
580400 163
580600 139
580800 153
581000 161
581200 146
581400 145
581600 142
581800 145
582000 150
582200 160
582400 143
582600 153
582800 147
583000 167
583200 143
583400 154
583600 156
583800 159
584000 142
584200 152
584400 158
584600 164
584800 136
585000 138
585200 152
585400 168
585600 158
585800 166
586000 169
586200 144
586400 152
586600 154
586800 137
587000 165
587200 148
587400 156
587600 162
587800 139
588000 161
588200 154
588400 153
588600 153
588800 154
589000 120
589200 136
589400 154
589600 139
589800 148
590000 138
590200 136
590400 165
590600 148
590800 141
591000 164
591200 142
591400 157
591600 120
591800 169
592000 153
592200 145
592400 124
592600 162
592800 152
593000 149
593200 155
593400 163
593600 129
593800 143
594000 156
594200 149
594400 147
594600 139
594800 130
595000 145
595200 155
595400 156
595600 153
595800 160
596000 147
596200 154
596400 172
596600 157
596800 156
597000 145
597200 142
597400 151
597600 151
597800 152
598000 154
598200 147
598400 164
598600 146
598800 130
599000 146
599200 172
599400 150
599600 170
599800 143
600000 142
600200 167
600400 153
600600 152
600800 148
601000 151
601200 153
601400 146
601600 158
601800 154
602000 159
602200 167
602400 142
602600 141
602800 159
603000 130
603200 155
603400 163
603600 153
603800 153
604000 147
604200 148
604400 132
604600 146
604800 139
605000 155
605200 165
605400 150
605600 132
605800 152
606000 164
606200 161
606400 150
606600 152
606800 151
607000 143
607200 164
607400 149
607600 150
607800 134
608000 148
608200 150
608400 151
608600 129
608800 151
609000 152
609200 145
609400 136
609600 142
609800 149
610000 154
610200 155
610400 131
610600 142
610800 159
611000 127
611200 152
611400 122
611600 149
611800 155
612000 153
612200 137
612400 133
612600 156
612800 139
613000 145
613200 155
613400 137
613600 138
613800 157
614000 158
614200 139
614400 146
614600 166
614800 150
615000 156
615200 154
615400 148
615600 156
615800 158
616000 147
616200 157
616400 166
616600 153
616800 149
617000 140
617200 143
617400 132
617600 141
617800 146
618000 144
618200 162
618400 134
618600 150
618800 149
619000 147
619200 148
619400 155
619600 159
619800 136
620000 135
620200 160
620400 153
620600 134
620800 124
621000 149
621200 158
621400 131
621600 133
621800 156
622000 117
622200 157
622400 170
622600 157
622800 149
623000 162
623200 145
623400 158
623600 133
623800 148
624000 174
624200 145
624400 157
624600 124
624800 160
625000 162
625200 140
625400 154
625600 150
625800 153
626000 139
626200 162
626400 155
626600 141
626800 149
627000 158
627200 152
627400 145
627600 158
627800 140
628000 144
628200 166
628400 139
628600 162
628800 163
629000 145
629200 145
629400 153
629600 167
629800 142
630000 150
630200 161
630400 163
630600 169
630800 151
631000 163
631200 153
631400 146
631600 148
631800 176
632000 151
632200 141
632400 146
632600 151
632800 155
633000 150
633200 150
633400 147
633600 154
633800 137
634000 139
634200 158
634400 155
634600 170
634800 149
635000 118
635200 161
635400 141
635600 146
635800 134
636000 159
636200 157
636400 110
636600 140
636800 135
637000 150
637200 156
637400 152
637600 140
637800 154
638000 147
638200 158
638400 163
638600 155
638800 132
639000 174
639200 151
639400 150
639600 168
639800 150
640000 137
640200 160
640400 160
640600 167
640800 169
641000 156
641200 147
641400 154
641600 159
641800 158
642000 139
642200 155
642400 150
642600 133
642800 144
643000 148
643200 144
643400 159
643600 150
643800 168
644000 153
644200 134
644400 154
644600 152
644800 138
645000 150
645200 143
645400 145
645600 143
645800 149
646000 146
646200 144
646400 154
646600 156
646800 145
647000 126
647200 157
647400 146
647600 161
647800 162
648000 146
648200 166
648400 157
648600 159
648800 147
649000 150
649200 154
649400 147
649600 155
649800 151
650000 147
650200 130
650400 163
650600 147
650800 140
651000 144
651200 142
651400 150
651600 144
651800 141
652000 158
652200 162
652400 131
652600 141
652800 141
653000 135
653200 158
653400 164
653600 163
653800 155
654000 163
654200 164
654400 147
654600 152
654800 137
655000 160
655200 161
655400 152
655600 138
655800 157
656000 151
656200 128
656400 147
656600 161
656800 154
657000 153
657200 147
657400 171
657600 134
657800 142
658000 130
658200 138
658400 137
658600 139
658800 145
659000 165
659200 143
659400 158
659600 162
659800 147
660000 169
660200 151
660400 171
660600 154
660800 156
661000 144
661200 179
661400 167
661600 152
661800 164
662000 126
662200 157
662400 160
662600 133
662800 146
663000 135
663200 142
663400 136
663600 158
663800 159
664000 157
664200 156
664400 154
664600 124
664800 127
665000 129
665200 152
665400 150
665600 147
665800 146
666000 136
666200 146
666400 133
666600 162
666800 143
667000 158
667200 137
667400 163
667600 138
667800 154
668000 161
668200 151
668400 151
668600 146
668800 153
669000 149
669200 160
669400 155
669600 148
669800 165
670000 141
670200 156
670400 144
670600 129
670800 163
671000 159
671200 154
671400 152
671600 169
671800 155
672000 151
672200 158
672400 139
672600 152
672800 135
673000 145
673200 155
673400 150
673600 156
673800 157
674000 149
674200 152
674400 168
674600 146
674800 158
675000 171
675200 154
675400 162
675600 152
675800 155
676000 149
676200 151
676400 152
676600 147
676800 139
677000 173
677200 129
677400 163
677600 155
677800 134
678000 130
678200 152
678400 134
678600 168
678800 138
679000 151
679200 156
679400 160
679600 146
679800 156
680000 139
680200 143
680400 169
680600 152
680800 160
681000 160
681200 170
681400 148
681600 144
681800 133
682000 150
682200 151
682400 138
682600 153
682800 138
683000 150
683200 152
683400 158
683600 141
683800 161
684000 168
684200 149
684400 161
684600 145
684800 142
685000 156
685200 161
685400 142
685600 144
685800 154
686000 151
686200 148
686400 149
686600 157
686800 144
687000 151
687200 170
687400 139
687600 167
687800 163
688000 152
688200 147
688400 130
688600 134
688800 151
689000 140
689200 153
689400 151
689600 150
689800 152
690000 168
690200 165
690400 155
690600 164
690800 151
691000 159
691200 134
691400 147
691600 132
691800 152
692000 158
692200 139
692400 138
692600 137
692800 134
693000 137
693200 146
693400 137
693600 157
693800 157
694000 131
694200 151
694400 156
694600 158
694800 158
695000 143
695200 150
695400 146
695600 162
695800 150
696000 151
696200 143
696400 152
696600 129
696800 153
697000 151
697200 146
697400 170
697600 150
697800 142
698000 134
698200 150
698400 138
698600 148
698800 146
699000 138
699200 158
699400 148
699600 163
699800 163
700000 168
700200 153
700400 158
700600 155
700800 165
701000 152
701200 140
701400 153
701600 156
701800 132
702000 153
702200 150
702400 150
702600 152
702800 175
703000 151
703200 155
703400 136
703600 153
703800 138
704000 155
704200 147
704400 143
704600 131
704800 138
705000 143
705200 146
705400 135
705600 154
705800 164
706000 141
706200 159
706400 137
706600 147
706800 153
707000 159
707200 155
707400 164
707600 166
707800 153
708000 146
708200 153
708400 137
708600 148
708800 161
709000 143
709200 152
709400 153
709600 152
709800 155
710000 146
710200 158
710400 171
710600 135
710800 156
711000 142
711200 143
711400 151
711600 153
711800 168
712000 144
712200 151
712400 161
712600 136
712800 166
713000 165
713200 163
713400 130
713600 138
713800 143
714000 142
714200 151
714400 148
714600 157
714800 162
715000 148
715200 145
715400 145
715600 160
715800 163
716000 149
716200 148
716400 138
716600 137
716800 147
717000 143
717200 155
717400 170
717600 155
717800 133
718000 140
718200 162
718400 139
718600 144
718800 141
719000 169
719200 160
719400 138
719600 150
719800 163
720000 164
720200 145
720400 157
720600 158
720800 150
721000 142
721200 157
721400 139
721600 156
721800 156
722000 115
722200 140
722400 144
722600 163
722800 154
723000 150
723200 169
723400 155
723600 155
723800 162
724000 166
724200 145
724400 150
724600 156
724800 150
725000 152
725200 133
725400 153
725600 153
725800 159
726000 171
726200 157
726400 162
726600 137
726800 171
727000 152
727200 143
727400 136
727600 143
727800 165
728000 146
728200 146
728400 175
728600 156
728800 164
729000 157
729200 150
729400 153
729600 157
729800 145
730000 160
730200 156
730400 140
730600 164
730800 169
731000 161
731200 154
731400 157
731600 165
731800 165
732000 164
732200 141
732400 144
732600 159
732800 139
733000 166
733200 151
733400 141
733600 150
733800 150
734000 163
734200 156
734400 173
734600 146
734800 148
735000 155
735200 125
735400 136
735600 158
735800 136
736000 161
736200 152
736400 161
736600 151
736800 153
737000 128
737200 157
737400 150
737600 144
737800 150
738000 158
738200 154
738400 162
738600 141
738800 166
739000 152
739200 148
739400 156
739600 151
739800 167
740000 171
740200 168
740400 155
740600 166
740800 180
741000 125
741200 162
741400 145
741600 148
741800 142
742000 157
742200 151
742400 167
742600 138
742800 146
743000 147
743200 149
743400 174
743600 166
743800 131
744000 135
744200 147
744400 151
744600 141
744800 138
745000 146
745200 152
745400 157
745600 134
745800 142
746000 151
746200 155
746400 151
746600 153
746800 166
747000 135
747200 150
747400 152
747600 162
747800 160
748000 122
748200 129
748400 156
748600 148
748800 138
749000 141
749200 145
749400 170
749600 157
749800 139
750000 167
750200 148
750400 135
750600 157
750800 146
751000 152
751200 149
751400 138
751600 151
751800 162
752000 154
752200 152
752400 140
752600 148
752800 158
753000 157
753200 152
753400 150
753600 155
753800 152
754000 146
754200 151
754400 169
754600 146
754800 147
755000 161
755200 167
755400 148
755600 175
755800 149
756000 158
756200 151
756400 153
756600 148
756800 145
757000 152
757200 155
757400 163
757600 160
757800 147
758000 140
758200 145
758400 146
758600 167
758800 148
759000 141
759200 152
759400 149
759600 165
759800 149
760000 174
760200 159
760400 157
760600 128
760800 176
761000 148
761200 151
761400 141
761600 156
761800 131
762000 156
762200 152
762400 134
762600 151
762800 166
763000 146
763200 147
763400 155
763600 151
763800 155
764000 139
764200 168
764400 153
764600 150
764800 142
765000 162
765200 153
765400 131
765600 160
765800 151
766000 165
766200 158
766400 148
766600 151
766800 142
767000 156
767200 140
767400 165
767600 138
767800 157
768000 142
768200 165
768400 142
768600 143
768800 151
769000 153
769200 151
769400 143
769600 142
769800 150
770000 118
770200 149
770400 143
770600 158
770800 156
771000 136
771200 160
771400 150
771600 153
771800 148
772000 150
772200 135
772400 150
772600 155
772800 155
773000 146
773200 164
773400 144
773600 146
773800 177
774000 143
774200 154
774400 149
774600 161
774800 164
775000 153
775200 156
775400 151
775600 177
775800 164
776000 164
776200 155
776400 144
776600 151
776800 140
777000 169
777200 168
777400 136
777600 139
777800 133
778000 153
778200 151
778400 149
778600 143
778800 152
779000 140
779200 138
779400 162
779600 153
779800 146
780000 143
780200 134
780400 143
780600 161
780800 142
781000 147
781200 154
781400 160
781600 155
781800 165
782000 162
782200 136
782400 155
782600 152
782800 156
783000 131
783200 154
783400 154
783600 144
783800 155
784000 158
784200 170
784400 158
784600 160
784800 159
785000 127
785200 147
785400 148
785600 148
785800 154
786000 150
786200 149
786400 158
786600 136
786800 146
787000 146
787200 145
787400 134
787600 146
787800 154
788000 140
788200 161
788400 156
788600 159
788800 144
789000 138
789200 169
789400 162
789600 143
789800 166
790000 150
790200 147
790400 168
790600 136
790800 139
791000 155
791200 154
791400 140
791600 141
791800 148
792000 165
792200 142
792400 133
792600 168
792800 161
793000 146
793200 134
793400 143
793600 157
793800 163
794000 166
794200 146
794400 158
794600 144
794800 138
795000 160
795200 147
795400 146
795600 149
795800 148
796000 141
796200 144
796400 147
796600 133
796800 148
797000 153
797200 149
797400 171
797600 169
797800 159
798000 145
798200 137
798400 144
798600 140
798800 142
799000 146
799200 159
799400 142
799600 136
799800 152
800000 120
800200 160
800400 173
800600 164
800800 155
801000 155
801200 137
801400 142
801600 164
801800 148
802000 137
802200 149
802400 137
802600 156
802800 162
803000 144
803200 161
803400 131
803600 141
803800 174
804000 153
804200 156
804400 175
804600 151
804800 169
805000 142
805200 157
805400 140
805600 145
805800 135
806000 160
806200 150
806400 161
806600 157
806800 151
807000 137
807200 164
807400 141
807600 151
807800 163
808000 158
808200 150
808400 160
808600 151
808800 167
809000 139
809200 126
809400 142
809600 153
809800 153
810000 154
810200 160
810400 135
810600 167
810800 171
811000 132
811200 156
811400 151
811600 141
811800 159
812000 134
812200 163
812400 149
812600 135
812800 141
813000 148
813200 145
813400 155
813600 144
813800 168
814000 169
814200 148
814400 154
814600 164
814800 155
815000 146
815200 151
815400 147
815600 149
815800 158
816000 149
816200 164
816400 152
816600 152
816800 144
817000 145
817200 150
817400 162
817600 158
817800 139
818000 143
818200 145
818400 153
818600 161
818800 160
819000 145
819200 156
819400 138
819600 142
819800 150
820000 148
820200 131
820400 130
820600 143
820800 136
821000 149
821200 132
821400 147
821600 124
821800 166
822000 146
822200 162
822400 128
822600 153
822800 137
823000 150
823200 164
823400 129
823600 151
823800 156
824000 142
824200 137
824400 152
824600 132
824800 141
825000 161
825200 142
825400 137
825600 151
825800 168
826000 152
826200 158
826400 156
826600 149
826800 165
827000 157
827200 155
827400 150
827600 138
827800 161
828000 150
828200 147
828400 146
828600 151
828800 141
829000 146
829200 155
829400 153
829600 158
829800 157
830000 131
830200 164
830400 141
830600 146
830800 165
831000 156
831200 132
831400 162
831600 146
831800 150
832000 168
832200 150
832400 153
832600 153
832800 155
833000 146
833200 134
833400 141
833600 149
833800 157
834000 180
834200 161
834400 157
834600 152
834800 171
835000 147
835200 152
835400 143
835600 136
835800 134
836000 147
836200 142
836400 154
836600 155
836800 157
837000 132
837200 156
837400 152
837600 144
837800 168
838000 161
838200 126
838400 164
838600 134
838800 159
839000 149
839200 144
839400 130
839600 150
839800 144
840000 146
840200 144
840400 164
840600 147
840800 140
841000 150
841200 163
841400 129
841600 162
841800 159
842000 141
842200 159
842400 150
842600 137
842800 149
843000 133
843200 159
843400 144
843600 154
843800 172
844000 141
844200 151
844400 167
844600 160
844800 172
845000 147
845200 166
845400 157
845600 152
845800 161
846000 149
846200 158
846400 159
846600 155
846800 165
847000 152
847200 139
847400 151
847600 136
847800 150
848000 149
848200 153
848400 157
848600 144
848800 150
849000 162
849200 145
849400 136
849600 151
849800 161
850000 137
850200 169
850400 132
850600 150
850800 153
851000 163
851200 143
851400 155
851600 144
851800 129
852000 143
852200 147
852400 144
852600 168
852800 151
853000 164
853200 151
853400 165
853600 165
853800 147
854000 159
854200 146
854400 161
854600 144
854800 163
855000 154
855200 152
855400 152
855600 134
855800 148
856000 149
856200 152
856400 147
856600 150
856800 123
857000 153
857200 140
857400 169
857600 171
857800 171
858000 149
858200 130
858400 140
858600 153
858800 162
859000 150
859200 152
859400 139
859600 152
859800 140
860000 150
860200 135
860400 152
860600 154
860800 151
861000 124
861200 135
861400 161
861600 141
861800 144
862000 136
862200 150
862400 156
862600 144
862800 160
863000 143
863200 129
863400 149
863600 142
863800 144
864000 161
864200 150
864400 152
864600 162
864800 142
865000 160
865200 156
865400 145
865600 174
865800 144
866000 154
866200 161
866400 129
866600 175
866800 154
867000 161
867200 140
867400 162
867600 150
867800 165
868000 139
868200 163
868400 146
868600 156
868800 145
869000 155
869200 151
869400 160
869600 135
869800 157
870000 151
870200 150
870400 160
870600 157
870800 150
871000 159
871200 144
871400 158
871600 171
871800 144
872000 149
872200 182
872400 158
872600 158
872800 162
873000 152
873200 136
873400 167
873600 128
873800 162
874000 148
874200 164
874400 172
874600 160
874800 148
875000 130
875200 147
875400 147
875600 144
875800 145
876000 146
876200 139
876400 147
876600 143
876800 148
877000 157
877200 162
877400 148
877600 150
877800 165
878000 169
878200 166
878400 159
878600 157
878800 139
879000 143
879200 171
879400 172
879600 143
879800 170
880000 162
880200 150
880400 163
880600 167
880800 162
881000 150
881200 163
881400 152
881600 126
881800 156
882000 171
882200 157
882400 138
882600 154
882800 133
883000 149
883200 133
883400 149
883600 151
883800 172
884000 129
884200 154
884400 150
884600 137
884800 141
885000 140
885200 147
885400 142
885600 144
885800 148
886000 153
886200 143
886400 155
886600 140
886800 155
887000 152
887200 163
887400 154
887600 173
887800 139
888000 166
888200 135
888400 150
888600 147
888800 136
889000 157
889200 153
889400 146
889600 141
889800 174
890000 156
890200 153
890400 145
890600 171
890800 150
891000 153
891200 175
891400 154
891600 149
891800 156
892000 153
892200 158
892400 128
892600 160
892800 142
893000 161
893200 128
893400 145
893600 155
893800 132
894000 173
894200 141
894400 152
894600 151
894800 159
895000 150
895200 149
895400 169
895600 157
895800 179
896000 155
896200 128
896400 135
896600 133
896800 168
897000 157
897200 166
897400 154
897600 127
897800 154
898000 147
898200 138
898400 136
898600 151
898800 151
899000 139
899200 157
899400 134
899600 143
899800 144
900000 153
900200 152
900400 150
900600 142
900800 162
901000 151
901200 159
901400 132
901600 131
901800 156
902000 139
902200 147
902400 147
902600 153
902800 160
903000 137
903200 158
903400 157
903600 145
903800 167
904000 140
904200 135
904400 149
904600 150
904800 142
905000 164
905200 157
905400 155
905600 153
905800 149
906000 157
906200 166
906400 151
906600 157
906800 139
907000 153
907200 148
907400 153
907600 133
907800 170
908000 147
908200 153
908400 145
908600 164
908800 134
909000 152
909200 149
909400 159
909600 150
909800 153
910000 144
910200 160
910400 152
910600 150
910800 131
911000 160
911200 140
911400 148
911600 156
911800 168
912000 146
912200 174
912400 153
912600 166
912800 155
913000 155
913200 141
913400 150
913600 165
913800 162
914000 139
914200 139
914400 153
914600 148
914800 164
915000 150
915200 143
915400 168
915600 164
915800 150
916000 154
916200 148
916400 140
916600 161
916800 147
917000 143
917200 133
917400 159
917600 135
917800 160
918000 154
918200 149
918400 161
918600 141
918800 135
919000 146
919200 150
919400 149
919600 152
919800 140
920000 142
920200 146
920400 145
920600 167
920800 161
921000 159
921200 155
921400 164
921600 150
921800 159
922000 140
922200 174
922400 154
922600 162
922800 135
923000 149
923200 148
923400 148
923600 155
923800 151
924000 156
924200 163
924400 140
924600 163
924800 157
925000 146
925200 158
925400 152
925600 159
925800 146
926000 146
926200 155
926400 144
926600 153
926800 121
927000 160
927200 140
927400 164
927600 133
927800 144
928000 149
928200 151
928400 134
928600 139
928800 158
929000 153
929200 168
929400 159
929600 142
929800 163
930000 130
930200 160
930400 135
930600 133
930800 148
931000 154
931200 152
931400 161
931600 160
931800 161
932000 161
932200 152
932400 139
932600 153
932800 169
933000 145
933200 137
933400 157
933600 158
933800 158
934000 161
934200 141
934400 150
934600 153
934800 164
935000 157
935200 171
935400 169
935600 143
935800 140
936000 135
936200 145
936400 140
936600 154
936800 144
937000 138
937200 130
937400 143
937600 122
937800 156
938000 153
938200 156
938400 152
938600 144
938800 136
939000 143
939200 145
939400 160
939600 143
939800 151
940000 136
940200 137
940400 149
940600 157
940800 147
941000 146
941200 144
941400 162
941600 152
941800 153
942000 149
942200 160
942400 152
942600 158
942800 136
943000 152
943200 137
943400 147
943600 157
943800 147
944000 143
944200 151
944400 160
944600 167
944800 118
945000 168
945200 150
945400 154
945600 151
945800 155
946000 173
946200 155
946400 157
946600 150
946800 159
947000 147
947200 146
947400 148
947600 156
947800 159
948000 168
948200 140
948400 156
948600 142
948800 165
949000 145
949200 165
949400 152
949600 169
949800 140
950000 156
950200 133
950400 161
950600 151
950800 146
951000 141
951200 150
951400 153
951600 133
951800 162
952000 150
952200 144
952400 171
952600 151
952800 146
953000 152
953200 159
953400 155
953600 159
953800 162
954000 139
954200 158
954400 147
954600 144
954800 151
955000 156
955200 169
955400 149
955600 154
955800 153
956000 159
956200 136
956400 131
956600 156
956800 155
957000 162
957200 143
957400 138
957600 127
957800 139
958000 148
958200 153
958400 149
958600 146
958800 161
959000 142
959200 139
959400 152
959600 162
959800 130
960000 153
960200 157
960400 158
960600 169
960800 147
961000 166
961200 153
961400 173
961600 134
961800 161
962000 146
962200 160
962400 162
962600 143
962800 128
963000 140
963200 144
963400 159
963600 158
963800 138
964000 147
964200 139
964400 153
964600 152
964800 161
965000 141
965200 148
965400 154
965600 146
965800 163
966000 146
966200 163
966400 172
966600 145
966800 134
967000 168
967200 165
967400 165
967600 166
967800 177
968000 161
968200 146
968400 134
968600 142
968800 135
969000 133
969200 168
969400 132
969600 164
969800 163
970000 140
970200 156
970400 161
970600 120
970800 148
971000 135
971200 158
971400 144
971600 150
971800 136
972000 172
972200 156
972400 156
972600 149
972800 153
973000 169
973200 122
973400 132
973600 145
973800 162
974000 166
974200 158
974400 128
974600 160
974800 139
975000 140
975200 131
975400 156
975600 152
975800 150
976000 155
976200 136
976400 146
976600 149
976800 149
977000 154
977200 147
977400 138
977600 134
977800 158
978000 155
978200 152
978400 130
978600 134
978800 135
979000 146
979200 140
979400 140
979600 131
979800 132
980000 145
980200 167
980400 154
980600 132
980800 164
981000 147
981200 162
981400 159
981600 149
981800 144
982000 154
982200 167
982400 143
982600 138
982800 160
983000 150
983200 154
983400 143
983600 154
983800 175
984000 152
984200 138
984400 134
984600 160
984800 161
985000 146
985200 159
985400 150
985600 140
985800 120
986000 139
986200 143
986400 138
986600 151
986800 161
987000 153
987200 133
987400 150
987600 156
987800 139
988000 144
988200 124
988400 142
988600 132
988800 152
989000 153
989200 155
989400 156
989600 153
989800 143
990000 139
990200 144
990400 147
990600 143
990800 166
991000 171
991200 159
991400 165
991600 145
991800 157
992000 159
992200 147
992400 162
992600 152
992800 152
993000 153
993200 172
993400 145
993600 157
993800 157
994000 153
994200 160
994400 145
994600 152
994800 146
995000 146
995200 141
995400 134
995600 134
995800 158
996000 152
996200 147
996400 140
996600 162
996800 170
997000 151
997200 121
997400 145
997600 151
997800 150
998000 164
998200 151
998400 159
998600 143
998800 131
999000 153
999200 156
999400 149
999600 135
999800 156
1000000 142
