200 0.100
400 0.100
600 0.100
800 0.100
1000 0.100
1200 0.100
1400 0.100
1600 0.100
1800 0.100
2000 0.100
2200 0.100
2400 0.100
2600 0.100
2800 0.100
3000 0.100
3200 0.100
3400 0.100
3600 0.100
3800 0.100
4000 0.100
4200 0.100
4400 0.100
4600 0.100
4800 0.100
5000 0.100
5200 0.100
5400 0.100
5600 0.100
5800 0.100
6000 0.100
6200 0.100
6400 0.100
6600 0.100
6800 0.100
7000 0.100
7200 0.100
7400 0.100
7600 0.100
7800 0.100
8000 0.100
8200 0.100
8400 0.100
8600 0.100
8800 0.100
9000 0.100
9200 0.100
9400 0.100
9600 0.100
9800 0.100
10000 0.100
10200 0.100
10400 0.100
10600 0.100
10800 0.100
11000 0.100
11200 0.100
11400 0.100
11600 0.100
11800 0.100
12000 0.100
12200 0.100
12400 0.100
12600 0.100
12800 0.100
13000 0.100
13200 0.100
13400 0.100
13600 0.100
13800 0.100
14000 0.100
14200 0.100
14400 0.100
14600 0.100
14800 0.100
15000 0.100
15200 0.100
15400 0.100
15600 0.100
15800 0.100
16000 0.100
16200 0.100
16400 0.100
16600 0.100
16800 0.100
17000 0.100
17200 0.100
17400 0.100
17600 0.100
17800 0.100
18000 0.100
18200 0.100
18400 0.100
18600 0.100
18800 0.100
19000 0.100
19200 0.100
19400 0.100
19600 0.100
19800 0.100
20000 0.100
20200 0.100
20400 0.100
20600 0.100
20800 0.100
21000 0.100
21200 0.100
21400 0.100
21600 0.100
21800 0.100
22000 0.100
22200 0.100
22400 0.100
22600 0.100
22800 0.100
23000 0.100
23200 0.100
23400 0.100
23600 0.100
23800 0.100
24000 0.100
24200 0.100
24400 0.100
24600 0.100
24800 0.100
25000 0.100
25200 0.100
25400 0.100
25600 0.100
25800 0.100
26000 0.100
26200 0.100
26400 0.100
26600 0.100
26800 0.100
27000 0.100
27200 0.100
27400 0.100
27600 0.100
27800 0.100
28000 0.100
28200 0.100
28400 0.100
28600 0.100
28800 0.100
29000 0.100
29200 0.100
29400 0.100
29600 0.100
29800 0.100
30000 0.100
30200 0.100
30400 0.100
30600 0.100
30800 0.100
31000 0.100
31200 0.100
31400 0.100
31600 0.100
31800 0.100
32000 0.100
32200 0.100
32400 0.100
32600 0.100
32800 0.100
33000 0.100
33200 0.100
33400 0.100
33600 0.100
33800 0.100
34000 0.100
34200 0.100
34400 0.100
34600 0.100
34800 0.100
35000 0.100
35200 0.100
35400 0.100
35600 0.100
35800 0.100
36000 0.100
36200 0.100
36400 0.100
36600 0.100
36800 0.100
37000 0.100
37200 0.100
37400 0.100
37600 0.100
37800 0.100
38000 0.100
38200 0.100
38400 0.100
38600 0.100
38800 0.100
39000 0.100
39200 0.100
39400 0.100
39600 0.100
39800 0.100
40000 0.100
40200 0.100
40400 0.100
40600 0.100
40800 0.100
41000 0.100
41200 0.100
41400 0.100
41600 0.100
41800 0.100
42000 0.100
42200 0.100
42400 0.100
42600 0.100
42800 0.100
43000 0.100
43200 0.100
43400 0.100
43600 0.100
43800 0.100
44000 0.100
44200 0.100
44400 0.100
44600 0.100
44800 0.100
45000 0.100
45200 0.100
45400 0.100
45600 0.100
45800 0.100
46000 0.100
46200 0.100
46400 0.100
46600 0.100
46800 0.100
47000 0.100
47200 0.100
47400 0.100
47600 0.100
47800 0.100
48000 0.100
48200 0.100
48400 0.100
48600 0.100
48800 0.100
49000 0.100
49200 0.100
49400 0.100
49600 0.100
49800 0.100
50000 0.100
50200 0.100
50400 0.100
50600 0.100
50800 0.100
51000 0.100
51200 0.100
51400 0.100
51600 0.100
51800 0.100
52000 0.100
52200 0.100
52400 0.100
52600 0.100
52800 0.100
53000 0.100
53200 0.100
53400 0.100
53600 0.100
53800 0.100
54000 0.100
54200 0.100
54400 0.100
54600 0.100
54800 0.100
55000 0.100
55200 0.100
55400 0.100
55600 0.100
55800 0.100
56000 0.100
56200 0.100
56400 0.100
56600 0.100
56800 0.100
57000 0.100
57200 0.100
57400 0.100
57600 0.100
57800 0.100
58000 0.100
58200 0.100
58400 0.100
58600 0.100
58800 0.100
59000 0.100
59200 0.100
59400 0.100
59600 0.100
59800 0.100
60000 0.100
60200 0.100
60400 0.100
60600 0.100
60800 0.100
61000 0.100
61200 0.100
61400 0.100
61600 0.100
61800 0.100
62000 0.100
62200 0.100
62400 0.100
62600 0.100
62800 0.100
63000 0.100
63200 0.100
63400 0.100
63600 0.100
63800 0.100
64000 0.100
64200 0.100
64400 0.100
64600 0.100
64800 0.100
65000 0.100
65200 0.100
65400 0.100
65600 0.100
65800 0.100
66000 0.100
66200 0.100
66400 0.100
66600 0.100
66800 0.100
67000 0.100
67200 0.100
67400 0.100
67600 0.100
67800 0.100
68000 0.100
68200 0.100
68400 0.100
68600 0.100
68800 0.100
69000 0.100
69200 0.100
69400 0.100
69600 0.100
69800 0.100
70000 0.100
70200 0.100
70400 0.100
70600 0.100
70800 0.100
71000 0.100
71200 0.100
71400 0.100
71600 0.100
71800 0.100
72000 0.100
72200 0.100
72400 0.100
72600 0.100
72800 0.100
73000 0.100
73200 0.100
73400 0.100
73600 0.100
73800 0.100
74000 0.100
74200 0.100
74400 0.100
74600 0.100
74800 0.100
75000 0.100
75200 0.100
75400 0.100
75600 0.100
75800 0.100
76000 0.100
76200 0.100
76400 0.100
76600 0.100
76800 0.100
77000 0.100
77200 0.100
77400 0.100
77600 0.100
77800 0.100
78000 0.100
78200 0.100
78400 0.100
78600 0.100
78800 0.100
79000 0.100
79200 0.100
79400 0.100
79600 0.100
79800 0.100
80000 0.100
80200 0.100
80400 0.100
80600 0.100
80800 0.100
81000 0.100
81200 0.100
81400 0.100
81600 0.100
81800 0.100
82000 0.100
82200 0.100
82400 0.100
82600 0.100
82800 0.100
83000 0.100
83200 0.100
83400 0.100
83600 0.100
83800 0.100
84000 0.100
84200 0.100
84400 0.100
84600 0.100
84800 0.100
85000 0.100
85200 0.100
85400 0.100
85600 0.100
85800 0.100
86000 0.100
86200 0.100
86400 0.100
86600 0.100
86800 0.100
87000 0.100
87200 0.100
87400 0.100
87600 0.100
87800 0.100
88000 0.100
88200 0.100
88400 0.100
88600 0.100
88800 0.100
89000 0.100
89200 0.100
89400 0.100
89600 0.100
89800 0.100
90000 0.100
90200 0.100
90400 0.100
90600 0.100
90800 0.100
91000 0.100
91200 0.100
91400 0.100
91600 0.100
91800 0.100
92000 0.100
92200 0.100
92400 0.100
92600 0.100
92800 0.100
93000 0.100
93200 0.100
93400 0.100
93600 0.100
93800 0.100
94000 0.100
94200 0.100
94400 0.100
94600 0.100
94800 0.100
95000 0.100
95200 0.100
95400 0.100
95600 0.100
95800 0.100
96000 0.100
96200 0.100
96400 0.100
96600 0.100
96800 0.100
97000 0.100
97200 0.100
97400 0.100
97600 0.100
97800 0.100
98000 0.100
98200 0.100
98400 0.100
98600 0.100
98800 0.100
99000 0.100
99200 0.100
99400 0.100
99600 0.100
99800 0.100
100000 0.100
100200 0.100
100400 0.100
100600 0.100
100800 0.100
101000 0.100
101200 0.100
101400 0.100
101600 0.100
101800 0.100
102000 0.100
102200 0.100
102400 0.100
102600 0.100
102800 0.100
103000 0.100
103200 0.100
103400 0.100
103600 0.100
103800 0.100
104000 0.100
104200 0.100
104400 0.100
104600 0.100
104800 0.100
105000 0.100
105200 0.100
105400 0.100
105600 0.100
105800 0.100
106000 0.100
106200 0.100
106400 0.100
106600 0.100
106800 0.100
107000 0.100
107200 0.100
107400 0.100
107600 0.100
107800 0.100
108000 0.100
108200 0.100
108400 0.100
108600 0.100
108800 0.100
109000 0.100
109200 0.100
109400 0.100
109600 0.100
109800 0.100
110000 0.100
110200 0.100
110400 0.100
110600 0.100
110800 0.100
111000 0.100
111200 0.100
111400 0.100
111600 0.100
111800 0.100
112000 0.100
112200 0.100
112400 0.100
112600 0.100
112800 0.100
113000 0.100
113200 0.100
113400 0.100
113600 0.100
113800 0.100
114000 0.100
114200 0.100
114400 0.100
114600 0.100
114800 0.100
115000 0.100
115200 0.100
115400 0.100
115600 0.100
115800 0.100
116000 0.100
116200 0.100
116400 0.100
116600 0.100
116800 0.100
117000 0.100
117200 0.100
117400 0.100
117600 0.100
117800 0.100
118000 0.100
118200 0.100
118400 0.100
118600 0.100
118800 0.100
119000 0.100
119200 0.100
119400 0.100
119600 0.100
119800 0.100
120000 0.100
120200 0.100
120400 0.100
120600 0.100
120800 0.100
121000 0.100
121200 0.100
121400 0.100
121600 0.100
121800 0.100
122000 0.100
122200 0.100
122400 0.100
122600 0.100
122800 0.100
123000 0.100
123200 0.100
123400 0.100
123600 0.100
123800 0.100
124000 0.100
124200 0.100
124400 0.100
124600 0.100
124800 0.100
125000 0.100
125200 0.100
125400 0.100
125600 0.100
125800 0.100
126000 0.100
126200 0.100
126400 0.100
126600 0.100
126800 0.100
127000 0.100
127200 0.100
127400 0.100
127600 0.100
127800 0.100
128000 0.100
128200 0.100
128400 0.100
128600 0.100
128800 0.100
129000 0.100
129200 0.100
129400 0.100
129600 0.100
129800 0.100
130000 0.100
130200 0.100
130400 0.100
130600 0.100
130800 0.100
131000 0.100
131200 0.100
131400 0.100
131600 0.100
131800 0.100
132000 0.100
132200 0.100
132400 0.100
132600 0.100
132800 0.100
133000 0.100
133200 0.100
133400 0.100
133600 0.100
133800 0.100
134000 0.100
134200 0.100
134400 0.100
134600 0.100
134800 0.100
135000 0.100
135200 0.100
135400 0.100
135600 0.100
135800 0.100
136000 0.100
136200 0.100
136400 0.100
136600 0.100
136800 0.100
137000 0.100
137200 0.100
137400 0.100
137600 0.100
137800 0.100
138000 0.100
138200 0.100
138400 0.100
138600 0.100
138800 0.100
139000 0.100
139200 0.100
139400 0.100
139600 0.100
139800 0.100
140000 0.100
140200 0.100
140400 0.100
140600 0.100
140800 0.100
141000 0.100
141200 0.100
141400 0.100
141600 0.100
141800 0.100
142000 0.100
142200 0.100
142400 0.100
142600 0.100
142800 0.100
143000 0.100
143200 0.100
143400 0.100
143600 0.100
143800 0.100
144000 0.100
144200 0.100
144400 0.100
144600 0.100
144800 0.100
145000 0.100
145200 0.100
145400 0.100
145600 0.100
145800 0.100
146000 0.100
146200 0.100
146400 0.100
146600 0.100
146800 0.100
147000 0.100
147200 0.100
147400 0.100
147600 0.100
147800 0.100
148000 0.100
148200 0.100
148400 0.100
148600 0.100
148800 0.100
149000 0.100
149200 0.100
149400 0.100
149600 0.100
149800 0.100
150000 0.100
150200 0.100
150400 0.100
150600 0.100
150800 0.100
151000 0.100
151200 0.100
151400 0.100
151600 0.100
151800 0.100
152000 0.100
152200 0.100
152400 0.100
152600 0.100
152800 0.100
153000 0.100
153200 0.100
153400 0.100
153600 0.100
153800 0.100
154000 0.100
154200 0.100
154400 0.100
154600 0.100
154800 0.100
155000 0.100
155200 0.100
155400 0.100
155600 0.100
155800 0.100
156000 0.100
156200 0.100
156400 0.100
156600 0.100
156800 0.100
157000 0.100
157200 0.100
157400 0.100
157600 0.100
157800 0.100
158000 0.100
158200 0.100
158400 0.100
158600 0.100
158800 0.100
159000 0.100
159200 0.100
159400 0.100
159600 0.100
159800 0.100
160000 0.100
160200 0.100
160400 0.100
160600 0.100
160800 0.100
161000 0.100
161200 0.100
161400 0.100
161600 0.100
161800 0.100
162000 0.100
162200 0.100
162400 0.100
162600 0.100
162800 0.100
163000 0.100
163200 0.100
163400 0.100
163600 0.100
163800 0.100
164000 0.100
164200 0.100
164400 0.100
164600 0.100
164800 0.100
165000 0.100
165200 0.100
165400 0.100
165600 0.100
165800 0.100
166000 0.100
166200 0.100
166400 0.100
166600 0.100
166800 0.100
167000 0.100
167200 0.100
167400 0.100
167600 0.100
167800 0.100
168000 0.100
168200 0.100
168400 0.100
168600 0.100
168800 0.100
169000 0.100
169200 0.100
169400 0.100
169600 0.100
169800 0.100
170000 0.100
170200 0.100
170400 0.100
170600 0.100
170800 0.100
171000 0.100
171200 0.100
171400 0.100
171600 0.100
171800 0.100
172000 0.100
172200 0.100
172400 0.100
172600 0.100
172800 0.100
173000 0.100
173200 0.100
173400 0.100
173600 0.100
173800 0.100
174000 0.100
174200 0.100
174400 0.100
174600 0.100
174800 0.100
175000 0.100
175200 0.100
175400 0.100
175600 0.100
175800 0.100
176000 0.100
176200 0.100
176400 0.100
176600 0.100
176800 0.100
177000 0.100
177200 0.100
177400 0.100
177600 0.100
177800 0.100
178000 0.100
178200 0.100
178400 0.100
178600 0.100
178800 0.100
179000 0.100
179200 0.100
179400 0.100
179600 0.100
179800 0.100
180000 0.100
180200 0.100
180400 0.100
180600 0.100
180800 0.100
181000 0.100
181200 0.100
181400 0.100
181600 0.100
181800 0.100
182000 0.100
182200 0.100
182400 0.100
182600 0.100
182800 0.100
183000 0.100
183200 0.100
183400 0.100
183600 0.100
183800 0.100
184000 0.100
184200 0.100
184400 0.100
184600 0.100
184800 0.100
185000 0.100
185200 0.100
185400 0.100
185600 0.100
185800 0.100
186000 0.100
186200 0.100
186400 0.100
186600 0.100
186800 0.100
187000 0.100
187200 0.100
187400 0.100
187600 0.100
187800 0.100
188000 0.100
188200 0.100
188400 0.100
188600 0.100
188800 0.100
189000 0.100
189200 0.100
189400 0.100
189600 0.100
189800 0.100
190000 0.100
190200 0.100
190400 0.100
190600 0.100
190800 0.100
191000 0.100
191200 0.100
191400 0.100
191600 0.100
191800 0.100
192000 0.100
192200 0.100
192400 0.100
192600 0.100
192800 0.100
193000 0.100
193200 0.100
193400 0.100
193600 0.100
193800 0.100
194000 0.100
194200 0.100
194400 0.100
194600 0.100
194800 0.100
195000 0.100
195200 0.100
195400 0.100
195600 0.100
195800 0.100
196000 0.100
196200 0.100
196400 0.100
196600 0.100
196800 0.100
197000 0.100
197200 0.100
197400 0.100
197600 0.100
197800 0.100
198000 0.100
198200 0.100
198400 0.100
198600 0.100
198800 0.100
199000 0.100
199200 0.100
199400 0.100
199600 0.100
199800 0.100
200000 0.100
200200 0.100
200400 0.100
200600 0.100
200800 0.100
201000 0.100
201200 0.100
201400 0.100
201600 0.100
201800 0.100
202000 0.100
202200 0.100
202400 0.100
202600 0.100
202800 0.100
203000 0.100
203200 0.100
203400 0.100
203600 0.100
203800 0.100
204000 0.100
204200 0.100
204400 0.100
204600 0.100
204800 0.100
205000 0.100
205200 0.100
205400 0.100
205600 0.100
205800 0.100
206000 0.100
206200 0.100
206400 0.100
206600 0.100
206800 0.100
207000 0.100
207200 0.100
207400 0.100
207600 0.100
207800 0.100
208000 0.100
208200 0.100
208400 0.100
208600 0.100
208800 0.100
209000 0.100
209200 0.100
209400 0.100
209600 0.100
209800 0.100
210000 0.100
210200 0.100
210400 0.100
210600 0.100
210800 0.100
211000 0.100
211200 0.100
211400 0.100
211600 0.100
211800 0.100
212000 0.100
212200 0.100
212400 0.100
212600 0.100
212800 0.100
213000 0.100
213200 0.100
213400 0.100
213600 0.100
213800 0.100
214000 0.100
214200 0.100
214400 0.100
214600 0.100
214800 0.100
215000 0.100
215200 0.100
215400 0.100
215600 0.100
215800 0.100
216000 0.100
216200 0.100
216400 0.100
216600 0.100
216800 0.100
217000 0.100
217200 0.100
217400 0.100
217600 0.100
217800 0.100
218000 0.100
218200 0.100
218400 0.100
218600 0.100
218800 0.100
219000 0.100
219200 0.100
219400 0.100
219600 0.100
219800 0.100
220000 0.100
220200 0.100
220400 0.100
220600 0.100
220800 0.100
221000 0.100
221200 0.100
221400 0.100
221600 0.100
221800 0.100
222000 0.100
222200 0.100
222400 0.100
222600 0.100
222800 0.100
223000 0.100
223200 0.100
223400 0.100
223600 0.100
223800 0.100
224000 0.100
224200 0.100
224400 0.100
224600 0.100
224800 0.100
225000 0.100
225200 0.100
225400 0.100
225600 0.100
225800 0.100
226000 0.100
226200 0.100
226400 0.100
226600 0.100
226800 0.100
227000 0.100
227200 0.100
227400 0.100
227600 0.100
227800 0.100
228000 0.100
228200 0.100
228400 0.100
228600 0.100
228800 0.100
229000 0.100
229200 0.100
229400 0.100
229600 0.100
229800 0.100
230000 0.100
230200 0.100
230400 0.100
230600 0.100
230800 0.100
231000 0.100
231200 0.100
231400 0.100
231600 0.100
231800 0.100
232000 0.100
232200 0.100
232400 0.100
232600 0.100
232800 0.100
233000 0.100
233200 0.100
233400 0.100
233600 0.100
233800 0.100
234000 0.100
234200 0.100
234400 0.100
234600 0.100
234800 0.100
235000 0.100
235200 0.100
235400 0.100
235600 0.100
235800 0.100
236000 0.100
236200 0.100
236400 0.100
236600 0.100
236800 0.100
237000 0.100
237200 0.100
237400 0.100
237600 0.100
237800 0.100
238000 0.100
238200 0.100
238400 0.100
238600 0.100
238800 0.100
239000 0.100
239200 0.100
239400 0.100
239600 0.100
239800 0.100
240000 0.100
240200 0.100
240400 0.100
240600 0.100
240800 0.100
241000 0.100
241200 0.100
241400 0.100
241600 0.100
241800 0.100
242000 0.100
242200 0.100
242400 0.100
242600 0.100
242800 0.100
243000 0.100
243200 0.100
243400 0.100
243600 0.100
243800 0.100
244000 0.100
244200 0.100
244400 0.100
244600 0.100
244800 0.100
245000 0.100
245200 0.100
245400 0.100
245600 0.100
245800 0.100
246000 0.100
246200 0.100
246400 0.100
246600 0.100
246800 0.100
247000 0.100
247200 0.100
247400 0.100
247600 0.100
247800 0.100
248000 0.100
248200 0.100
248400 0.100
248600 0.100
248800 0.100
249000 0.100
249200 0.100
249400 0.100
249600 0.100
249800 0.100
250000 0.100
250200 0.100
250400 0.100
250600 0.100
250800 0.100
251000 0.100
251200 0.100
251400 0.100
251600 0.100
251800 0.100
252000 0.100
252200 0.100
252400 0.100
252600 0.100
252800 0.100
253000 0.100
253200 0.100
253400 0.100
253600 0.100
253800 0.100
254000 0.100
254200 0.100
254400 0.100
254600 0.100
254800 0.100
255000 0.100
255200 0.100
255400 0.100
255600 0.100
255800 0.100
256000 0.100
256200 0.100
256400 0.100
256600 0.100
256800 0.100
257000 0.100
257200 0.100
257400 0.100
257600 0.100
257800 0.100
258000 0.100
258200 0.100
258400 0.100
258600 0.100
258800 0.100
259000 0.100
259200 0.100
259400 0.100
259600 0.100
259800 0.100
260000 0.100
260200 0.100
260400 0.100
260600 0.100
260800 0.100
261000 0.100
261200 0.100
261400 0.100
261600 0.100
261800 0.100
262000 0.100
262200 0.100
262400 0.100
262600 0.100
262800 0.100
263000 0.100
263200 0.100
263400 0.100
263600 0.100
263800 0.100
264000 0.100
264200 0.100
264400 0.100
264600 0.100
264800 0.100
265000 0.100
265200 0.100
265400 0.100
265600 0.100
265800 0.100
266000 0.100
266200 0.100
266400 0.100
266600 0.100
266800 0.100
267000 0.100
267200 0.100
267400 0.100
267600 0.100
267800 0.100
268000 0.100
268200 0.100
268400 0.100
268600 0.100
268800 0.100
269000 0.100
269200 0.100
269400 0.100
269600 0.100
269800 0.100
270000 0.100
270200 0.100
270400 0.100
270600 0.100
270800 0.100
271000 0.100
271200 0.100
271400 0.100
271600 0.100
271800 0.100
272000 0.100
272200 0.100
272400 0.100
272600 0.100
272800 0.100
273000 0.100
273200 0.100
273400 0.100
273600 0.100
273800 0.100
274000 0.100
274200 0.100
274400 0.100
274600 0.100
274800 0.100
275000 0.100
275200 0.100
275400 0.100
275600 0.100
275800 0.100
276000 0.100
276200 0.100
276400 0.100
276600 0.100
276800 0.100
277000 0.100
277200 0.100
277400 0.100
277600 0.100
277800 0.100
278000 0.100
278200 0.100
278400 0.100
278600 0.100
278800 0.100
279000 0.100
279200 0.100
279400 0.100
279600 0.100
279800 0.100
280000 0.100
280200 0.100
280400 0.100
280600 0.100
280800 0.100
281000 0.100
281200 0.100
281400 0.100
281600 0.100
281800 0.100
282000 0.100
282200 0.100
282400 0.100
282600 0.100
282800 0.100
283000 0.100
283200 0.100
283400 0.100
283600 0.100
283800 0.100
284000 0.100
284200 0.100
284400 0.100
284600 0.100
284800 0.100
285000 0.100
285200 0.100
285400 0.100
285600 0.100
285800 0.100
286000 0.100
286200 0.100
286400 0.100
286600 0.100
286800 0.100
287000 0.100
287200 0.100
287400 0.100
287600 0.100
287800 0.100
288000 0.100
288200 0.100
288400 0.100
288600 0.100
288800 0.100
289000 0.100
289200 0.100
289400 0.100
289600 0.100
289800 0.100
290000 0.100
290200 0.100
290400 0.100
290600 0.100
290800 0.100
291000 0.100
291200 0.100
291400 0.100
291600 0.100
291800 0.100
292000 0.100
292200 0.100
292400 0.100
292600 0.100
292800 0.100
293000 0.100
293200 0.100
293400 0.100
293600 0.100
293800 0.100
294000 0.100
294200 0.100
294400 0.100
294600 0.100
294800 0.100
295000 0.100
295200 0.100
295400 0.100
295600 0.100
295800 0.100
296000 0.100
296200 0.100
296400 0.100
296600 0.100
296800 0.100
297000 0.100
297200 0.100
297400 0.100
297600 0.100
297800 0.100
298000 0.100
298200 0.100
298400 0.100
298600 0.100
298800 0.100
299000 0.100
299200 0.100
299400 0.100
299600 0.100
299800 0.100
300000 0.100
300200 0.100
300400 0.100
300600 0.100
300800 0.100
301000 0.100
301200 0.100
301400 0.100
301600 0.100
301800 0.100
302000 0.100
302200 0.100
302400 0.100
302600 0.100
302800 0.100
303000 0.100
303200 0.100
303400 0.100
303600 0.100
303800 0.100
304000 0.100
304200 0.100
304400 0.100
304600 0.100
304800 0.100
305000 0.100
305200 0.100
305400 0.100
305600 0.100
305800 0.100
306000 0.100
306200 0.100
306400 0.100
306600 0.100
306800 0.100
307000 0.100
307200 0.100
307400 0.100
307600 0.100
307800 0.100
308000 0.100
308200 0.100
308400 0.100
308600 0.100
308800 0.100
309000 0.100
309200 0.100
309400 0.100
309600 0.100
309800 0.100
310000 0.100
310200 0.100
310400 0.100
310600 0.100
310800 0.100
311000 0.100
311200 0.100
311400 0.100
311600 0.100
311800 0.100
312000 0.100
312200 0.100
312400 0.100
312600 0.100
312800 0.100
313000 0.100
313200 0.100
313400 0.100
313600 0.100
313800 0.100
314000 0.100
314200 0.100
314400 0.100
314600 0.100
314800 0.100
315000 0.100
315200 0.100
315400 0.100
315600 0.100
315800 0.100
316000 0.100
316200 0.100
316400 0.100
316600 0.100
316800 0.100
317000 0.100
317200 0.100
317400 0.100
317600 0.100
317800 0.100
318000 0.100
318200 0.100
318400 0.100
318600 0.100
318800 0.100
319000 0.100
319200 0.100
319400 0.100
319600 0.100
319800 0.100
320000 0.100
320200 0.100
320400 0.100
320600 0.100
320800 0.100
321000 0.100
321200 0.100
321400 0.100
321600 0.100
321800 0.100
322000 0.100
322200 0.100
322400 0.100
322600 0.100
322800 0.100
323000 0.100
323200 0.100
323400 0.100
323600 0.100
323800 0.100
324000 0.100
324200 0.100
324400 0.100
324600 0.100
324800 0.100
325000 0.100
325200 0.100
325400 0.100
325600 0.100
325800 0.100
326000 0.100
326200 0.100
326400 0.100
326600 0.100
326800 0.100
327000 0.100
327200 0.100
327400 0.100
327600 0.100
327800 0.100
328000 0.100
328200 0.100
328400 0.100
328600 0.100
328800 0.100
329000 0.100
329200 0.100
329400 0.100
329600 0.100
329800 0.100
330000 0.100
330200 0.100
330400 0.100
330600 0.100
330800 0.100
331000 0.100
331200 0.100
331400 0.100
331600 0.100
331800 0.100
332000 0.100
332200 0.100
332400 0.100
332600 0.100
332800 0.100
333000 0.100
333200 0.100
333400 0.100
333600 0.100
333800 0.100
334000 0.100
334200 0.100
334400 0.100
334600 0.100
334800 0.100
335000 0.100
335200 0.100
335400 0.100
335600 0.100
335800 0.100
336000 0.100
336200 0.100
336400 0.100
336600 0.100
336800 0.100
337000 0.100
337200 0.100
337400 0.100
337600 0.100
337800 0.100
338000 0.100
338200 0.100
338400 0.100
338600 0.100
338800 0.100
339000 0.100
339200 0.100
339400 0.100
339600 0.100
339800 0.100
340000 0.100
340200 0.100
340400 0.100
340600 0.100
340800 0.100
341000 0.100
341200 0.100
341400 0.100
341600 0.100
341800 0.100
342000 0.100
342200 0.100
342400 0.100
342600 0.100
342800 0.100
343000 0.100
343200 0.100
343400 0.100
343600 0.100
343800 0.100
344000 0.100
344200 0.100
344400 0.100
344600 0.100
344800 0.100
345000 0.100
345200 0.100
345400 0.100
345600 0.100
345800 0.100
346000 0.100
346200 0.100
346400 0.100
346600 0.100
346800 0.100
347000 0.100
347200 0.100
347400 0.100
347600 0.100
347800 0.100
348000 0.100
348200 0.100
348400 0.100
348600 0.100
348800 0.100
349000 0.100
349200 0.100
349400 0.100
349600 0.100
349800 0.100
350000 0.100
350200 0.100
350400 0.100
350600 0.100
350800 0.100
351000 0.100
351200 0.100
351400 0.100
351600 0.100
351800 0.100
352000 0.100
352200 0.100
352400 0.100
352600 0.100
352800 0.100
353000 0.100
353200 0.100
353400 0.100
353600 0.100
353800 0.100
354000 0.100
354200 0.100
354400 0.100
354600 0.100
354800 0.100
355000 0.100
355200 0.100
355400 0.100
355600 0.100
355800 0.100
356000 0.100
356200 0.100
356400 0.100
356600 0.100
356800 0.100
357000 0.100
357200 0.100
357400 0.100
357600 0.100
357800 0.100
358000 0.100
358200 0.100
358400 0.100
358600 0.100
358800 0.100
359000 0.100
359200 0.100
359400 0.100
359600 0.100
359800 0.100
360000 0.100
360200 0.100
360400 0.100
360600 0.100
360800 0.100
361000 0.100
361200 0.100
361400 0.100
361600 0.100
361800 0.100
362000 0.100
362200 0.100
362400 0.100
362600 0.100
362800 0.100
363000 0.100
363200 0.100
363400 0.100
363600 0.100
363800 0.100
364000 0.100
364200 0.100
364400 0.100
364600 0.100
364800 0.100
365000 0.100
365200 0.100
365400 0.100
365600 0.100
365800 0.100
366000 0.100
366200 0.100
366400 0.100
366600 0.100
366800 0.100
367000 0.100
367200 0.100
367400 0.100
367600 0.100
367800 0.100
368000 0.100
368200 0.100
368400 0.100
368600 0.100
368800 0.100
369000 0.100
369200 0.100
369400 0.100
369600 0.100
369800 0.100
370000 0.100
370200 0.100
370400 0.100
370600 0.100
370800 0.100
371000 0.100
371200 0.100
371400 0.100
371600 0.100
371800 0.100
372000 0.100
372200 0.100
372400 0.100
372600 0.100
372800 0.100
373000 0.100
373200 0.100
373400 0.100
373600 0.100
373800 0.100
374000 0.100
374200 0.100
374400 0.100
374600 0.100
374800 0.100
375000 0.100
375200 0.100
375400 0.100
375600 0.100
375800 0.100
376000 0.100
376200 0.100
376400 0.100
376600 0.100
376800 0.100
377000 0.100
377200 0.100
377400 0.100
377600 0.100
377800 0.100
378000 0.100
378200 0.100
378400 0.100
378600 0.100
378800 0.100
379000 0.100
379200 0.100
379400 0.100
379600 0.100
379800 0.100
380000 0.100
380200 0.100
380400 0.100
380600 0.100
380800 0.100
381000 0.100
381200 0.100
381400 0.100
381600 0.100
381800 0.100
382000 0.100
382200 0.100
382400 0.100
382600 0.100
382800 0.100
383000 0.100
383200 0.100
383400 0.100
383600 0.100
383800 0.100
384000 0.100
384200 0.100
384400 0.100
384600 0.100
384800 0.100
385000 0.100
385200 0.100
385400 0.100
385600 0.100
385800 0.100
386000 0.100
386200 0.100
386400 0.100
386600 0.100
386800 0.100
387000 0.100
387200 0.100
387400 0.100
387600 0.100
387800 0.100
388000 0.100
388200 0.100
388400 0.100
388600 0.100
388800 0.100
389000 0.100
389200 0.100
389400 0.100
389600 0.100
389800 0.100
390000 0.100
390200 0.100
390400 0.100
390600 0.100
390800 0.100
391000 0.100
391200 0.100
391400 0.100
391600 0.100
391800 0.100
392000 0.100
392200 0.100
392400 0.100
392600 0.100
392800 0.100
393000 0.100
393200 0.100
393400 0.100
393600 0.100
393800 0.100
394000 0.100
394200 0.100
394400 0.100
394600 0.100
394800 0.100
395000 0.100
395200 0.100
395400 0.100
395600 0.100
395800 0.100
396000 0.100
396200 0.100
396400 0.100
396600 0.100
396800 0.100
397000 0.100
397200 0.100
397400 0.100
397600 0.100
397800 0.100
398000 0.100
398200 0.100
398400 0.100
398600 0.100
398800 0.100
399000 0.100
399200 0.100
399400 0.100
399600 0.100
399800 0.100
400000 0.100
400200 0.100
400400 0.100
400600 0.100
400800 0.100
401000 0.100
401200 0.100
401400 0.100
401600 0.100
401800 0.100
402000 0.100
402200 0.100
402400 0.100
402600 0.100
402800 0.100
403000 0.100
403200 0.100
403400 0.100
403600 0.100
403800 0.100
404000 0.100
404200 0.100
404400 0.100
404600 0.100
404800 0.100
405000 0.100
405200 0.100
405400 0.100
405600 0.100
405800 0.100
406000 0.100
406200 0.100
406400 0.100
406600 0.100
406800 0.100
407000 0.100
407200 0.100
407400 0.100
407600 0.100
407800 0.100
408000 0.100
408200 0.100
408400 0.100
408600 0.100
408800 0.100
409000 0.100
409200 0.100
409400 0.100
409600 0.100
409800 0.100
410000 0.100
410200 0.100
410400 0.100
410600 0.100
410800 0.100
411000 0.100
411200 0.100
411400 0.100
411600 0.100
411800 0.100
412000 0.100
412200 0.100
412400 0.100
412600 0.100
412800 0.100
413000 0.100
413200 0.100
413400 0.100
413600 0.100
413800 0.100
414000 0.100
414200 0.100
414400 0.100
414600 0.100
414800 0.100
415000 0.100
415200 0.100
415400 0.100
415600 0.100
415800 0.100
416000 0.100
416200 0.100
416400 0.100
416600 0.100
416800 0.100
417000 0.100
417200 0.100
417400 0.100
417600 0.100
417800 0.100
418000 0.100
418200 0.100
418400 0.100
418600 0.100
418800 0.100
419000 0.100
419200 0.100
419400 0.100
419600 0.100
419800 0.100
420000 0.100
420200 0.100
420400 0.100
420600 0.100
420800 0.100
421000 0.100
421200 0.100
421400 0.100
421600 0.100
421800 0.100
422000 0.100
422200 0.100
422400 0.100
422600 0.100
422800 0.100
423000 0.100
423200 0.100
423400 0.100
423600 0.100
423800 0.100
424000 0.100
424200 0.100
424400 0.100
424600 0.100
424800 0.100
425000 0.100
425200 0.100
425400 0.100
425600 0.100
425800 0.100
426000 0.100
426200 0.100
426400 0.100
426600 0.100
426800 0.100
427000 0.100
427200 0.100
427400 0.100
427600 0.100
427800 0.100
428000 0.100
428200 0.100
428400 0.100
428600 0.100
428800 0.100
429000 0.100
429200 0.100
429400 0.100
429600 0.100
429800 0.100
430000 0.100
430200 0.100
430400 0.100
430600 0.100
430800 0.100
431000 0.100
431200 0.100
431400 0.100
431600 0.100
431800 0.100
432000 0.100
432200 0.100
432400 0.100
432600 0.100
432800 0.100
433000 0.100
433200 0.100
433400 0.100
433600 0.100
433800 0.100
434000 0.100
434200 0.100
434400 0.100
434600 0.100
434800 0.100
435000 0.100
435200 0.100
435400 0.100
435600 0.100
435800 0.100
436000 0.100
436200 0.100
436400 0.100
436600 0.100
436800 0.100
437000 0.100
437200 0.100
437400 0.100
437600 0.100
437800 0.100
438000 0.100
438200 0.100
438400 0.100
438600 0.100
438800 0.100
439000 0.100
439200 0.100
439400 0.100
439600 0.100
439800 0.100
440000 0.100
440200 0.100
440400 0.100
440600 0.100
440800 0.100
441000 0.100
441200 0.100
441400 0.100
441600 0.100
441800 0.100
442000 0.100
442200 0.100
442400 0.100
442600 0.100
442800 0.100
443000 0.100
443200 0.100
443400 0.100
443600 0.100
443800 0.100
444000 0.100
444200 0.100
444400 0.100
444600 0.100
444800 0.100
445000 0.100
445200 0.100
445400 0.100
445600 0.100
445800 0.100
446000 0.100
446200 0.100
446400 0.100
446600 0.100
446800 0.100
447000 0.100
447200 0.100
447400 0.100
447600 0.100
447800 0.100
448000 0.100
448200 0.100
448400 0.100
448600 0.100
448800 0.100
449000 0.100
449200 0.100
449400 0.100
449600 0.100
449800 0.100
450000 0.100
450200 0.100
450400 0.100
450600 0.100
450800 0.100
451000 0.100
451200 0.100
451400 0.100
451600 0.100
451800 0.100
452000 0.100
452200 0.100
452400 0.100
452600 0.100
452800 0.100
453000 0.100
453200 0.100
453400 0.100
453600 0.100
453800 0.100
454000 0.100
454200 0.100
454400 0.100
454600 0.100
454800 0.100
455000 0.100
455200 0.100
455400 0.100
455600 0.100
455800 0.100
456000 0.100
456200 0.100
456400 0.100
456600 0.100
456800 0.100
457000 0.100
457200 0.100
457400 0.100
457600 0.100
457800 0.100
458000 0.100
458200 0.100
458400 0.100
458600 0.100
458800 0.100
459000 0.100
459200 0.100
459400 0.100
459600 0.100
459800 0.100
460000 0.100
460200 0.100
460400 0.100
460600 0.100
460800 0.100
461000 0.100
461200 0.100
461400 0.100
461600 0.100
461800 0.100
462000 0.100
462200 0.100
462400 0.100
462600 0.100
462800 0.100
463000 0.100
463200 0.100
463400 0.100
463600 0.100
463800 0.100
464000 0.100
464200 0.100
464400 0.100
464600 0.100
464800 0.100
465000 0.100
465200 0.100
465400 0.100
465600 0.100
465800 0.100
466000 0.100
466200 0.100
466400 0.100
466600 0.100
466800 0.100
467000 0.100
467200 0.100
467400 0.100
467600 0.100
467800 0.100
468000 0.100
468200 0.100
468400 0.100
468600 0.100
468800 0.100
469000 0.100
469200 0.100
469400 0.100
469600 0.100
469800 0.100
470000 0.100
470200 0.100
470400 0.100
470600 0.100
470800 0.100
471000 0.100
471200 0.100
471400 0.100
471600 0.100
471800 0.100
472000 0.100
472200 0.100
472400 0.100
472600 0.100
472800 0.100
473000 0.100
473200 0.100
473400 0.100
473600 0.100
473800 0.100
474000 0.100
474200 0.100
474400 0.100
474600 0.100
474800 0.100
475000 0.100
475200 0.100
475400 0.100
475600 0.100
475800 0.100
476000 0.100
476200 0.100
476400 0.100
476600 0.100
476800 0.100
477000 0.100
477200 0.100
477400 0.100
477600 0.100
477800 0.100
478000 0.100
478200 0.100
478400 0.100
478600 0.100
478800 0.100
479000 0.100
479200 0.100
479400 0.100
479600 0.100
479800 0.100
480000 0.100
480200 0.100
480400 0.100
480600 0.100
480800 0.100
481000 0.100
481200 0.100
481400 0.100
481600 0.100
481800 0.100
482000 0.100
482200 0.100
482400 0.100
482600 0.100
482800 0.100
483000 0.100
483200 0.100
483400 0.100
483600 0.100
483800 0.100
484000 0.100
484200 0.100
484400 0.100
484600 0.100
484800 0.100
485000 0.100
485200 0.100
485400 0.100
485600 0.100
485800 0.100
486000 0.100
486200 0.100
486400 0.100
486600 0.100
486800 0.100
487000 0.100
487200 0.100
487400 0.100
487600 0.100
487800 0.100
488000 0.100
488200 0.100
488400 0.100
488600 0.100
488800 0.100
489000 0.100
489200 0.100
489400 0.100
489600 0.100
489800 0.100
490000 0.100
490200 0.100
490400 0.100
490600 0.100
490800 0.100
491000 0.100
491200 0.100
491400 0.100
491600 0.100
491800 0.100
492000 0.100
492200 0.100
492400 0.100
492600 0.100
492800 0.100
493000 0.100
493200 0.100
493400 0.100
493600 0.100
493800 0.100
494000 0.100
494200 0.100
494400 0.100
494600 0.100
494800 0.100
495000 0.100
495200 0.100
495400 0.100
495600 0.100
495800 0.100
496000 0.100
496200 0.100
496400 0.100
496600 0.100
496800 0.100
497000 0.100
497200 0.100
497400 0.100
497600 0.100
497800 0.100
498000 0.100
498200 0.100
498400 0.100
498600 0.100
498800 0.100
499000 0.100
499200 0.100
499400 0.100
499600 0.100
499800 0.100
500000 0.100
500200 0.100
500400 0.100
500600 0.100
500800 0.100
501000 0.100
501200 0.100
501400 0.100
501600 0.100
501800 0.100
502000 0.100
502200 0.100
502400 0.100
502600 0.100
502800 0.100
503000 0.100
503200 0.100
503400 0.100
503600 0.100
503800 0.100
504000 0.100
504200 0.100
504400 0.100
504600 0.100
504800 0.100
505000 0.100
505200 0.100
505400 0.100
505600 0.100
505800 0.100
506000 0.100
506200 0.100
506400 0.100
506600 0.100
506800 0.100
507000 0.100
507200 0.100
507400 0.100
507600 0.100
507800 0.100
508000 0.100
508200 0.100
508400 0.100
508600 0.100
508800 0.100
509000 0.100
509200 0.100
509400 0.100
509600 0.100
509800 0.100
510000 0.100
510200 0.100
510400 0.100
510600 0.100
510800 0.100
511000 0.100
511200 0.100
511400 0.100
511600 0.100
511800 0.100
512000 0.100
512200 0.100
512400 0.100
512600 0.100
512800 0.100
513000 0.100
513200 0.100
513400 0.100
513600 0.100
513800 0.100
514000 0.100
514200 0.100
514400 0.100
514600 0.100
514800 0.100
515000 0.100
515200 0.100
515400 0.100
515600 0.100
515800 0.100
516000 0.100
516200 0.100
516400 0.100
516600 0.100
516800 0.100
517000 0.100
517200 0.100
517400 0.100
517600 0.100
517800 0.100
518000 0.100
518200 0.100
518400 0.100
518600 0.100
518800 0.100
519000 0.100
519200 0.100
519400 0.100
519600 0.100
519800 0.100
520000 0.100
520200 0.100
520400 0.100
520600 0.100
520800 0.100
521000 0.100
521200 0.100
521400 0.100
521600 0.100
521800 0.100
522000 0.100
522200 0.100
522400 0.100
522600 0.100
522800 0.100
523000 0.100
523200 0.100
523400 0.100
523600 0.100
523800 0.100
524000 0.100
524200 0.100
524400 0.100
524600 0.100
524800 0.100
525000 0.100
525200 0.100
525400 0.100
525600 0.100
525800 0.100
526000 0.100
526200 0.100
526400 0.100
526600 0.100
526800 0.100
527000 0.100
527200 0.100
527400 0.100
527600 0.100
527800 0.100
528000 0.100
528200 0.100
528400 0.100
528600 0.100
528800 0.100
529000 0.100
529200 0.100
529400 0.100
529600 0.100
529800 0.100
530000 0.100
530200 0.100
530400 0.100
530600 0.100
530800 0.100
531000 0.100
531200 0.100
531400 0.100
531600 0.100
531800 0.100
532000 0.100
532200 0.100
532400 0.100
532600 0.100
532800 0.100
533000 0.100
533200 0.100
533400 0.100
533600 0.100
533800 0.100
534000 0.100
534200 0.100
534400 0.100
534600 0.100
534800 0.100
535000 0.100
535200 0.100
535400 0.100
535600 0.100
535800 0.100
536000 0.100
536200 0.100
536400 0.100
536600 0.100
536800 0.100
537000 0.100
537200 0.100
537400 0.100
537600 0.100
537800 0.100
538000 0.100
538200 0.100
538400 0.100
538600 0.100
538800 0.100
539000 0.100
539200 0.100
539400 0.100
539600 0.100
539800 0.100
540000 0.100
540200 0.100
540400 0.100
540600 0.100
540800 0.100
541000 0.100
541200 0.100
541400 0.100
541600 0.100
541800 0.100
542000 0.100
542200 0.100
542400 0.100
542600 0.100
542800 0.100
543000 0.100
543200 0.100
543400 0.100
543600 0.100
543800 0.100
544000 0.100
544200 0.100
544400 0.100
544600 0.100
544800 0.100
545000 0.100
545200 0.100
545400 0.100
545600 0.100
545800 0.100
546000 0.100
546200 0.100
546400 0.100
546600 0.100
546800 0.100
547000 0.100
547200 0.100
547400 0.100
547600 0.100
547800 0.100
548000 0.100
548200 0.100
548400 0.100
548600 0.100
548800 0.100
549000 0.100
549200 0.100
549400 0.100
549600 0.100
549800 0.100
550000 0.100
550200 0.100
550400 0.100
550600 0.100
550800 0.100
551000 0.100
551200 0.100
551400 0.100
551600 0.100
551800 0.100
552000 0.100
552200 0.100
552400 0.100
552600 0.100
552800 0.100
553000 0.100
553200 0.100
553400 0.100
553600 0.100
553800 0.100
554000 0.100
554200 0.100
554400 0.100
554600 0.100
554800 0.100
555000 0.100
555200 0.100
555400 0.100
555600 0.100
555800 0.100
556000 0.100
556200 0.100
556400 0.100
556600 0.100
556800 0.100
557000 0.100
557200 0.100
557400 0.100
557600 0.100
557800 0.100
558000 0.100
558200 0.100
558400 0.100
558600 0.100
558800 0.100
559000 0.100
559200 0.100
559400 0.100
559600 0.100
559800 0.100
560000 0.100
560200 0.100
560400 0.100
560600 0.100
560800 0.100
561000 0.100
561200 0.100
561400 0.100
561600 0.100
561800 0.100
562000 0.100
562200 0.100
562400 0.100
562600 0.100
562800 0.100
563000 0.100
563200 0.100
563400 0.100
563600 0.100
563800 0.100
564000 0.100
564200 0.100
564400 0.100
564600 0.100
564800 0.100
565000 0.100
565200 0.100
565400 0.100
565600 0.100
565800 0.100
566000 0.100
566200 0.100
566400 0.100
566600 0.100
566800 0.100
567000 0.100
567200 0.100
567400 0.100
567600 0.100
567800 0.100
568000 0.100
568200 0.100
568400 0.100
568600 0.100
568800 0.100
569000 0.100
569200 0.100
569400 0.100
569600 0.100
569800 0.100
570000 0.100
570200 0.100
570400 0.100
570600 0.100
570800 0.100
571000 0.100
571200 0.100
571400 0.100
571600 0.100
571800 0.100
572000 0.100
572200 0.100
572400 0.100
572600 0.100
572800 0.100
573000 0.100
573200 0.100
573400 0.100
573600 0.100
573800 0.100
574000 0.100
574200 0.100
574400 0.100
574600 0.100
574800 0.100
575000 0.100
575200 0.100
575400 0.100
575600 0.100
575800 0.100
576000 0.100
576200 0.100
576400 0.100
576600 0.100
576800 0.100
577000 0.100
577200 0.100
577400 0.100
577600 0.100
577800 0.100
578000 0.100
578200 0.100
578400 0.100
578600 0.100
578800 0.100
579000 0.100
579200 0.100
579400 0.100
579600 0.100
579800 0.100
580000 0.100
580200 0.100
580400 0.100
580600 0.100
580800 0.100
581000 0.100
581200 0.100
581400 0.100
581600 0.100
581800 0.100
582000 0.100
582200 0.100
582400 0.100
582600 0.100
582800 0.100
583000 0.100
583200 0.100
583400 0.100
583600 0.100
583800 0.100
584000 0.100
584200 0.100
584400 0.100
584600 0.100
584800 0.100
585000 0.100
585200 0.100
585400 0.100
585600 0.100
585800 0.100
586000 0.100
586200 0.100
586400 0.100
586600 0.100
586800 0.100
587000 0.100
587200 0.100
587400 0.100
587600 0.100
587800 0.100
588000 0.100
588200 0.100
588400 0.100
588600 0.100
588800 0.100
589000 0.100
589200 0.100
589400 0.100
589600 0.100
589800 0.100
590000 0.100
590200 0.100
590400 0.100
590600 0.100
590800 0.100
591000 0.100
591200 0.100
591400 0.100
591600 0.100
591800 0.100
592000 0.100
592200 0.100
592400 0.100
592600 0.100
592800 0.100
593000 0.100
593200 0.100
593400 0.100
593600 0.100
593800 0.100
594000 0.100
594200 0.100
594400 0.100
594600 0.100
594800 0.100
595000 0.100
595200 0.100
595400 0.100
595600 0.100
595800 0.100
596000 0.100
596200 0.100
596400 0.100
596600 0.100
596800 0.100
597000 0.100
597200 0.100
597400 0.100
597600 0.100
597800 0.100
598000 0.100
598200 0.100
598400 0.100
598600 0.100
598800 0.100
599000 0.100
599200 0.100
599400 0.100
599600 0.100
599800 0.100
600000 0.100
600200 0.100
600400 0.100
600600 0.100
600800 0.100
601000 0.100
601200 0.100
601400 0.100
601600 0.100
601800 0.100
602000 0.100
602200 0.100
602400 0.100
602600 0.100
602800 0.100
603000 0.100
603200 0.100
603400 0.100
603600 0.100
603800 0.100
604000 0.100
604200 0.100
604400 0.100
604600 0.100
604800 0.100
605000 0.100
605200 0.100
605400 0.100
605600 0.100
605800 0.100
606000 0.100
606200 0.100
606400 0.100
606600 0.100
606800 0.100
607000 0.100
607200 0.100
607400 0.100
607600 0.100
607800 0.100
608000 0.100
608200 0.100
608400 0.100
608600 0.100
608800 0.100
609000 0.100
609200 0.100
609400 0.100
609600 0.100
609800 0.100
610000 0.100
610200 0.100
610400 0.100
610600 0.100
610800 0.100
611000 0.100
611200 0.100
611400 0.100
611600 0.100
611800 0.100
612000 0.100
612200 0.100
612400 0.100
612600 0.100
612800 0.100
613000 0.100
613200 0.100
613400 0.100
613600 0.100
613800 0.100
614000 0.100
614200 0.100
614400 0.100
614600 0.100
614800 0.100
615000 0.100
615200 0.100
615400 0.100
615600 0.100
615800 0.100
616000 0.100
616200 0.100
616400 0.100
616600 0.100
616800 0.100
617000 0.100
617200 0.100
617400 0.100
617600 0.100
617800 0.100
618000 0.100
618200 0.100
618400 0.100
618600 0.100
618800 0.100
619000 0.100
619200 0.100
619400 0.100
619600 0.100
619800 0.100
620000 0.100
620200 0.100
620400 0.100
620600 0.100
620800 0.100
621000 0.100
621200 0.100
621400 0.100
621600 0.100
621800 0.100
622000 0.100
622200 0.100
622400 0.100
622600 0.100
622800 0.100
623000 0.100
623200 0.100
623400 0.100
623600 0.100
623800 0.100
624000 0.100
624200 0.100
624400 0.100
624600 0.100
624800 0.100
625000 0.100
625200 0.100
625400 0.100
625600 0.100
625800 0.100
626000 0.100
626200 0.100
626400 0.100
626600 0.100
626800 0.100
627000 0.100
627200 0.100
627400 0.100
627600 0.100
627800 0.100
628000 0.100
628200 0.100
628400 0.100
628600 0.100
628800 0.100
629000 0.100
629200 0.100
629400 0.100
629600 0.100
629800 0.100
630000 0.100
630200 0.100
630400 0.100
630600 0.100
630800 0.100
631000 0.100
631200 0.100
631400 0.100
631600 0.100
631800 0.100
632000 0.100
632200 0.100
632400 0.100
632600 0.100
632800 0.100
633000 0.100
633200 0.100
633400 0.100
633600 0.100
633800 0.100
634000 0.100
634200 0.100
634400 0.100
634600 0.100
634800 0.100
635000 0.100
635200 0.100
635400 0.100
635600 0.100
635800 0.100
636000 0.100
636200 0.100
636400 0.100
636600 0.100
636800 0.100
637000 0.100
637200 0.100
637400 0.100
637600 0.100
637800 0.100
638000 0.100
638200 0.100
638400 0.100
638600 0.100
638800 0.100
639000 0.100
639200 0.100
639400 0.100
639600 0.100
639800 0.100
640000 0.100
640200 0.100
640400 0.100
640600 0.100
640800 0.100
641000 0.100
641200 0.100
641400 0.100
641600 0.100
641800 0.100
642000 0.100
642200 0.100
642400 0.100
642600 0.100
642800 0.100
643000 0.100
643200 0.100
643400 0.100
643600 0.100
643800 0.100
644000 0.100
644200 0.100
644400 0.100
644600 0.100
644800 0.100
645000 0.100
645200 0.100
645400 0.100
645600 0.100
645800 0.100
646000 0.100
646200 0.100
646400 0.100
646600 0.100
646800 0.100
647000 0.100
647200 0.100
647400 0.100
647600 0.100
647800 0.100
648000 0.100
648200 0.100
648400 0.100
648600 0.100
648800 0.100
649000 0.100
649200 0.100
649400 0.100
649600 0.100
649800 0.100
650000 0.100
650200 0.100
650400 0.100
650600 0.100
650800 0.100
651000 0.100
651200 0.100
651400 0.100
651600 0.100
651800 0.100
652000 0.100
652200 0.100
652400 0.100
652600 0.100
652800 0.100
653000 0.100
653200 0.100
653400 0.100
653600 0.100
653800 0.100
654000 0.100
654200 0.100
654400 0.100
654600 0.100
654800 0.100
655000 0.100
655200 0.100
655400 0.100
655600 0.100
655800 0.100
656000 0.100
656200 0.100
656400 0.100
656600 0.100
656800 0.100
657000 0.100
657200 0.100
657400 0.100
657600 0.100
657800 0.100
658000 0.100
658200 0.100
658400 0.100
658600 0.100
658800 0.100
659000 0.100
659200 0.100
659400 0.100
659600 0.100
659800 0.100
660000 0.100
660200 0.100
660400 0.100
660600 0.100
660800 0.100
661000 0.100
661200 0.100
661400 0.100
661600 0.100
661800 0.100
662000 0.100
662200 0.100
662400 0.100
662600 0.100
662800 0.100
663000 0.100
663200 0.100
663400 0.100
663600 0.100
663800 0.100
664000 0.100
664200 0.100
664400 0.100
664600 0.100
664800 0.100
665000 0.100
665200 0.100
665400 0.100
665600 0.100
665800 0.100
666000 0.100
666200 0.100
666400 0.100
666600 0.100
666800 0.100
667000 0.100
667200 0.100
667400 0.100
667600 0.100
667800 0.100
668000 0.100
668200 0.100
668400 0.100
668600 0.100
668800 0.100
669000 0.100
669200 0.100
669400 0.100
669600 0.100
669800 0.100
670000 0.100
670200 0.100
670400 0.100
670600 0.100
670800 0.100
671000 0.100
671200 0.100
671400 0.100
671600 0.100
671800 0.100
672000 0.100
672200 0.100
672400 0.100
672600 0.100
672800 0.100
673000 0.100
673200 0.100
673400 0.100
673600 0.100
673800 0.100
674000 0.100
674200 0.100
674400 0.100
674600 0.100
674800 0.100
675000 0.100
675200 0.100
675400 0.100
675600 0.100
675800 0.100
676000 0.100
676200 0.100
676400 0.100
676600 0.100
676800 0.100
677000 0.100
677200 0.100
677400 0.100
677600 0.100
677800 0.100
678000 0.100
678200 0.100
678400 0.100
678600 0.100
678800 0.100
679000 0.100
679200 0.100
679400 0.100
679600 0.100
679800 0.100
680000 0.100
680200 0.100
680400 0.100
680600 0.100
680800 0.100
681000 0.100
681200 0.100
681400 0.100
681600 0.100
681800 0.100
682000 0.100
682200 0.100
682400 0.100
682600 0.100
682800 0.100
683000 0.100
683200 0.100
683400 0.100
683600 0.100
683800 0.100
684000 0.100
684200 0.100
684400 0.100
684600 0.100
684800 0.100
685000 0.100
685200 0.100
685400 0.100
685600 0.100
685800 0.100
686000 0.100
686200 0.100
686400 0.100
686600 0.100
686800 0.100
687000 0.100
687200 0.100
687400 0.100
687600 0.100
687800 0.100
688000 0.100
688200 0.100
688400 0.100
688600 0.100
688800 0.100
689000 0.100
689200 0.100
689400 0.100
689600 0.100
689800 0.100
690000 0.100
690200 0.100
690400 0.100
690600 0.100
690800 0.100
691000 0.100
691200 0.100
691400 0.100
691600 0.100
691800 0.100
692000 0.100
692200 0.100
692400 0.100
692600 0.100
692800 0.100
693000 0.100
693200 0.100
693400 0.100
693600 0.100
693800 0.100
694000 0.100
694200 0.100
694400 0.100
694600 0.100
694800 0.100
695000 0.100
695200 0.100
695400 0.100
695600 0.100
695800 0.100
696000 0.100
696200 0.100
696400 0.100
696600 0.100
696800 0.100
697000 0.100
697200 0.100
697400 0.100
697600 0.100
697800 0.100
698000 0.100
698200 0.100
698400 0.100
698600 0.100
698800 0.100
699000 0.100
699200 0.100
699400 0.100
699600 0.100
699800 0.100
700000 0.100
700200 0.100
700400 0.100
700600 0.100
700800 0.100
701000 0.100
701200 0.100
701400 0.100
701600 0.100
701800 0.100
702000 0.100
702200 0.100
702400 0.100
702600 0.100
702800 0.100
703000 0.100
703200 0.100
703400 0.100
703600 0.100
703800 0.100
704000 0.100
704200 0.100
704400 0.100
704600 0.100
704800 0.100
705000 0.100
705200 0.100
705400 0.100
705600 0.100
705800 0.100
706000 0.100
706200 0.100
706400 0.100
706600 0.100
706800 0.100
707000 0.100
707200 0.100
707400 0.100
707600 0.100
707800 0.100
708000 0.100
708200 0.100
708400 0.100
708600 0.100
708800 0.100
709000 0.100
709200 0.100
709400 0.100
709600 0.100
709800 0.100
710000 0.100
710200 0.100
710400 0.100
710600 0.100
710800 0.100
711000 0.100
711200 0.100
711400 0.100
711600 0.100
711800 0.100
712000 0.100
712200 0.100
712400 0.100
712600 0.100
712800 0.100
713000 0.100
713200 0.100
713400 0.100
713600 0.100
713800 0.100
714000 0.100
714200 0.100
714400 0.100
714600 0.100
714800 0.100
715000 0.100
715200 0.100
715400 0.100
715600 0.100
715800 0.100
716000 0.100
716200 0.100
716400 0.100
716600 0.100
716800 0.100
717000 0.100
717200 0.100
717400 0.100
717600 0.100
717800 0.100
718000 0.100
718200 0.100
718400 0.100
718600 0.100
718800 0.100
719000 0.100
719200 0.100
719400 0.100
719600 0.100
719800 0.100
720000 0.100
720200 0.100
720400 0.100
720600 0.100
720800 0.100
721000 0.100
721200 0.100
721400 0.100
721600 0.100
721800 0.100
722000 0.100
722200 0.100
722400 0.100
722600 0.100
722800 0.100
723000 0.100
723200 0.100
723400 0.100
723600 0.100
723800 0.100
724000 0.100
724200 0.100
724400 0.100
724600 0.100
724800 0.100
725000 0.100
725200 0.100
725400 0.100
725600 0.100
725800 0.100
726000 0.100
726200 0.100
726400 0.100
726600 0.100
726800 0.100
727000 0.100
727200 0.100
727400 0.100
727600 0.100
727800 0.100
728000 0.100
728200 0.100
728400 0.100
728600 0.100
728800 0.100
729000 0.100
729200 0.100
729400 0.100
729600 0.100
729800 0.100
730000 0.100
730200 0.100
730400 0.100
730600 0.100
730800 0.100
731000 0.100
731200 0.100
731400 0.100
731600 0.100
731800 0.100
732000 0.100
732200 0.100
732400 0.100
732600 0.100
732800 0.100
733000 0.100
733200 0.100
733400 0.100
733600 0.100
733800 0.100
734000 0.100
734200 0.100
734400 0.100
734600 0.100
734800 0.100
735000 0.100
735200 0.100
735400 0.100
735600 0.100
735800 0.100
736000 0.100
736200 0.100
736400 0.100
736600 0.100
736800 0.100
737000 0.100
737200 0.100
737400 0.100
737600 0.100
737800 0.100
738000 0.100
738200 0.100
738400 0.100
738600 0.100
738800 0.100
739000 0.100
739200 0.100
739400 0.100
739600 0.100
739800 0.100
740000 0.100
740200 0.100
740400 0.100
740600 0.100
740800 0.100
741000 0.100
741200 0.100
741400 0.100
741600 0.100
741800 0.100
742000 0.100
742200 0.100
742400 0.100
742600 0.100
742800 0.100
743000 0.100
743200 0.100
743400 0.100
743600 0.100
743800 0.100
744000 0.100
744200 0.100
744400 0.100
744600 0.100
744800 0.100
745000 0.100
745200 0.100
745400 0.100
745600 0.100
745800 0.100
746000 0.100
746200 0.100
746400 0.100
746600 0.100
746800 0.100
747000 0.100
747200 0.100
747400 0.100
747600 0.100
747800 0.100
748000 0.100
748200 0.100
748400 0.100
748600 0.100
748800 0.100
749000 0.100
749200 0.100
749400 0.100
749600 0.100
749800 0.100
750000 0.100
750200 0.100
750400 0.100
750600 0.100
750800 0.100
751000 0.100
751200 0.100
751400 0.100
751600 0.100
751800 0.100
752000 0.100
752200 0.100
752400 0.100
752600 0.100
752800 0.100
753000 0.100
753200 0.100
753400 0.100
753600 0.100
753800 0.100
754000 0.100
754200 0.100
754400 0.100
754600 0.100
754800 0.100
755000 0.100
755200 0.100
755400 0.100
755600 0.100
755800 0.100
756000 0.100
756200 0.100
756400 0.100
756600 0.100
756800 0.100
757000 0.100
757200 0.100
757400 0.100
757600 0.100
757800 0.100
758000 0.100
758200 0.100
758400 0.100
758600 0.100
758800 0.100
759000 0.100
759200 0.100
759400 0.100
759600 0.100
759800 0.100
760000 0.100
760200 0.100
760400 0.100
760600 0.100
760800 0.100
761000 0.100
761200 0.100
761400 0.100
761600 0.100
761800 0.100
762000 0.100
762200 0.100
762400 0.100
762600 0.100
762800 0.100
763000 0.100
763200 0.100
763400 0.100
763600 0.100
763800 0.100
764000 0.100
764200 0.100
764400 0.100
764600 0.100
764800 0.100
765000 0.100
765200 0.100
765400 0.100
765600 0.100
765800 0.100
766000 0.100
766200 0.100
766400 0.100
766600 0.100
766800 0.100
767000 0.100
767200 0.100
767400 0.100
767600 0.100
767800 0.100
768000 0.100
768200 0.100
768400 0.100
768600 0.100
768800 0.100
769000 0.100
769200 0.100
769400 0.100
769600 0.100
769800 0.100
770000 0.100
770200 0.100
770400 0.100
770600 0.100
770800 0.100
771000 0.100
771200 0.100
771400 0.100
771600 0.100
771800 0.100
772000 0.100
772200 0.100
772400 0.100
772600 0.100
772800 0.100
773000 0.100
773200 0.100
773400 0.100
773600 0.100
773800 0.100
774000 0.100
774200 0.100
774400 0.100
774600 0.100
774800 0.100
775000 0.100
775200 0.100
775400 0.100
775600 0.100
775800 0.100
776000 0.100
776200 0.100
776400 0.100
776600 0.100
776800 0.100
777000 0.100
777200 0.100
777400 0.100
777600 0.100
777800 0.100
778000 0.100
778200 0.100
778400 0.100
778600 0.100
778800 0.100
779000 0.100
779200 0.100
779400 0.100
779600 0.100
779800 0.100
780000 0.100
780200 0.100
780400 0.100
780600 0.100
780800 0.100
781000 0.100
781200 0.100
781400 0.100
781600 0.100
781800 0.100
782000 0.100
782200 0.100
782400 0.100
782600 0.100
782800 0.100
783000 0.100
783200 0.100
783400 0.100
783600 0.100
783800 0.100
784000 0.100
784200 0.100
784400 0.100
784600 0.100
784800 0.100
785000 0.100
785200 0.100
785400 0.100
785600 0.100
785800 0.100
786000 0.100
786200 0.100
786400 0.100
786600 0.100
786800 0.100
787000 0.100
787200 0.100
787400 0.100
787600 0.100
787800 0.100
788000 0.100
788200 0.100
788400 0.100
788600 0.100
788800 0.100
789000 0.100
789200 0.100
789400 0.100
789600 0.100
789800 0.100
790000 0.100
790200 0.100
790400 0.100
790600 0.100
790800 0.100
791000 0.100
791200 0.100
791400 0.100
791600 0.100
791800 0.100
792000 0.100
792200 0.100
792400 0.100
792600 0.100
792800 0.100
793000 0.100
793200 0.100
793400 0.100
793600 0.100
793800 0.100
794000 0.100
794200 0.100
794400 0.100
794600 0.100
794800 0.100
795000 0.100
795200 0.100
795400 0.100
795600 0.100
795800 0.100
796000 0.100
796200 0.100
796400 0.100
796600 0.100
796800 0.100
797000 0.100
797200 0.100
797400 0.100
797600 0.100
797800 0.100
798000 0.100
798200 0.100
798400 0.100
798600 0.100
798800 0.100
799000 0.100
799200 0.100
799400 0.100
799600 0.100
799800 0.100
800000 0.100
800200 0.100
800400 0.100
800600 0.100
800800 0.100
801000 0.100
801200 0.100
801400 0.100
801600 0.100
801800 0.100
802000 0.100
802200 0.100
802400 0.100
802600 0.100
802800 0.100
803000 0.100
803200 0.100
803400 0.100
803600 0.100
803800 0.100
804000 0.100
804200 0.100
804400 0.100
804600 0.100
804800 0.100
805000 0.100
805200 0.100
805400 0.100
805600 0.100
805800 0.100
806000 0.100
806200 0.100
806400 0.100
806600 0.100
806800 0.100
807000 0.100
807200 0.100
807400 0.100
807600 0.100
807800 0.100
808000 0.100
808200 0.100
808400 0.100
808600 0.100
808800 0.100
809000 0.100
809200 0.100
809400 0.100
809600 0.100
809800 0.100
810000 0.100
810200 0.100
810400 0.100
810600 0.100
810800 0.100
811000 0.100
811200 0.100
811400 0.100
811600 0.100
811800 0.100
812000 0.100
812200 0.100
812400 0.100
812600 0.100
812800 0.100
813000 0.100
813200 0.100
813400 0.100
813600 0.100
813800 0.100
814000 0.100
814200 0.100
814400 0.100
814600 0.100
814800 0.100
815000 0.100
815200 0.100
815400 0.100
815600 0.100
815800 0.100
816000 0.100
816200 0.100
816400 0.100
816600 0.100
816800 0.100
817000 0.100
817200 0.100
817400 0.100
817600 0.100
817800 0.100
818000 0.100
818200 0.100
818400 0.100
818600 0.100
818800 0.100
819000 0.100
819200 0.100
819400 0.100
819600 0.100
819800 0.100
820000 0.100
820200 0.100
820400 0.100
820600 0.100
820800 0.100
821000 0.100
821200 0.100
821400 0.100
821600 0.100
821800 0.100
822000 0.100
822200 0.100
822400 0.100
822600 0.100
822800 0.100
823000 0.100
823200 0.100
823400 0.100
823600 0.100
823800 0.100
824000 0.100
824200 0.100
824400 0.100
824600 0.100
824800 0.100
825000 0.100
825200 0.100
825400 0.100
825600 0.100
825800 0.100
826000 0.100
826200 0.100
826400 0.100
826600 0.100
826800 0.100
827000 0.100
827200 0.100
827400 0.100
827600 0.100
827800 0.100
828000 0.100
828200 0.100
828400 0.100
828600 0.100
828800 0.100
829000 0.100
829200 0.100
829400 0.100
829600 0.100
829800 0.100
830000 0.100
830200 0.100
830400 0.100
830600 0.100
830800 0.100
831000 0.100
831200 0.100
831400 0.100
831600 0.100
831800 0.100
832000 0.100
832200 0.100
832400 0.100
832600 0.100
832800 0.100
833000 0.100
833200 0.100
833400 0.100
833600 0.100
833800 0.100
834000 0.100
834200 0.100
834400 0.100
834600 0.100
834800 0.100
835000 0.100
835200 0.100
835400 0.100
835600 0.100
835800 0.100
836000 0.100
836200 0.100
836400 0.100
836600 0.100
836800 0.100
837000 0.100
837200 0.100
837400 0.100
837600 0.100
837800 0.100
838000 0.100
838200 0.100
838400 0.100
838600 0.100
838800 0.100
839000 0.100
839200 0.100
839400 0.100
839600 0.100
839800 0.100
840000 0.100
840200 0.100
840400 0.100
840600 0.100
840800 0.100
841000 0.100
841200 0.100
841400 0.100
841600 0.100
841800 0.100
842000 0.100
842200 0.100
842400 0.100
842600 0.100
842800 0.100
843000 0.100
843200 0.100
843400 0.100
843600 0.100
843800 0.100
844000 0.100
844200 0.100
844400 0.100
844600 0.100
844800 0.100
845000 0.100
845200 0.100
845400 0.100
845600 0.100
845800 0.100
846000 0.100
846200 0.100
846400 0.100
846600 0.100
846800 0.100
847000 0.100
847200 0.100
847400 0.100
847600 0.100
847800 0.100
848000 0.100
848200 0.100
848400 0.100
848600 0.100
848800 0.100
849000 0.100
849200 0.100
849400 0.100
849600 0.100
849800 0.100
850000 0.100
850200 0.100
850400 0.100
850600 0.100
850800 0.100
851000 0.100
851200 0.100
851400 0.100
851600 0.100
851800 0.100
852000 0.100
852200 0.100
852400 0.100
852600 0.100
852800 0.100
853000 0.100
853200 0.100
853400 0.100
853600 0.100
853800 0.100
854000 0.100
854200 0.100
854400 0.100
854600 0.100
854800 0.100
855000 0.100
855200 0.100
855400 0.100
855600 0.100
855800 0.100
856000 0.100
856200 0.100
856400 0.100
856600 0.100
856800 0.100
857000 0.100
857200 0.100
857400 0.100
857600 0.100
857800 0.100
858000 0.100
858200 0.100
858400 0.100
858600 0.100
858800 0.100
859000 0.100
859200 0.100
859400 0.100
859600 0.100
859800 0.100
860000 0.100
860200 0.100
860400 0.100
860600 0.100
860800 0.100
861000 0.100
861200 0.100
861400 0.100
861600 0.100
861800 0.100
862000 0.100
862200 0.100
862400 0.100
862600 0.100
862800 0.100
863000 0.100
863200 0.100
863400 0.100
863600 0.100
863800 0.100
864000 0.100
864200 0.100
864400 0.100
864600 0.100
864800 0.100
865000 0.100
865200 0.100
865400 0.100
865600 0.100
865800 0.100
866000 0.100
866200 0.100
866400 0.100
866600 0.100
866800 0.100
867000 0.100
867200 0.100
867400 0.100
867600 0.100
867800 0.100
868000 0.100
868200 0.100
868400 0.100
868600 0.100
868800 0.100
869000 0.100
869200 0.100
869400 0.100
869600 0.100
869800 0.100
870000 0.100
870200 0.100
870400 0.100
870600 0.100
870800 0.100
871000 0.100
871200 0.100
871400 0.100
871600 0.100
871800 0.100
872000 0.100
872200 0.100
872400 0.100
872600 0.100
872800 0.100
873000 0.100
873200 0.100
873400 0.100
873600 0.100
873800 0.100
874000 0.100
874200 0.100
874400 0.100
874600 0.100
874800 0.100
875000 0.100
875200 0.100
875400 0.100
875600 0.100
875800 0.100
876000 0.100
876200 0.100
876400 0.100
876600 0.100
876800 0.100
877000 0.100
877200 0.100
877400 0.100
877600 0.100
877800 0.100
878000 0.100
878200 0.100
878400 0.100
878600 0.100
878800 0.100
879000 0.100
879200 0.100
879400 0.100
879600 0.100
879800 0.100
880000 0.100
880200 0.100
880400 0.100
880600 0.100
880800 0.100
881000 0.100
881200 0.100
881400 0.100
881600 0.100
881800 0.100
882000 0.100
882200 0.100
882400 0.100
882600 0.100
882800 0.100
883000 0.100
883200 0.100
883400 0.100
883600 0.100
883800 0.100
884000 0.100
884200 0.100
884400 0.100
884600 0.100
884800 0.100
885000 0.100
885200 0.100
885400 0.100
885600 0.100
885800 0.100
886000 0.100
886200 0.100
886400 0.100
886600 0.100
886800 0.100
887000 0.100
887200 0.100
887400 0.100
887600 0.100
887800 0.100
888000 0.100
888200 0.100
888400 0.100
888600 0.100
888800 0.100
889000 0.100
889200 0.100
889400 0.100
889600 0.100
889800 0.100
890000 0.100
890200 0.100
890400 0.100
890600 0.100
890800 0.100
891000 0.100
891200 0.100
891400 0.100
891600 0.100
891800 0.100
892000 0.100
892200 0.100
892400 0.100
892600 0.100
892800 0.100
893000 0.100
893200 0.100
893400 0.100
893600 0.100
893800 0.100
894000 0.100
894200 0.100
894400 0.100
894600 0.100
894800 0.100
895000 0.100
895200 0.100
895400 0.100
895600 0.100
895800 0.100
896000 0.100
896200 0.100
896400 0.100
896600 0.100
896800 0.100
897000 0.100
897200 0.100
897400 0.100
897600 0.100
897800 0.100
898000 0.100
898200 0.100
898400 0.100
898600 0.100
898800 0.100
899000 0.100
899200 0.100
899400 0.100
899600 0.100
899800 0.100
900000 0.100
900200 0.100
900400 0.100
900600 0.100
900800 0.100
901000 0.100
901200 0.100
901400 0.100
901600 0.100
901800 0.100
902000 0.100
902200 0.100
902400 0.100
902600 0.100
902800 0.100
903000 0.100
903200 0.100
903400 0.100
903600 0.100
903800 0.100
904000 0.100
904200 0.100
904400 0.100
904600 0.100
904800 0.100
905000 0.100
905200 0.100
905400 0.100
905600 0.100
905800 0.100
906000 0.100
906200 0.100
906400 0.100
906600 0.100
906800 0.100
907000 0.100
907200 0.100
907400 0.100
907600 0.100
907800 0.100
908000 0.100
908200 0.100
908400 0.100
908600 0.100
908800 0.100
909000 0.100
909200 0.100
909400 0.100
909600 0.100
909800 0.100
910000 0.100
910200 0.100
910400 0.100
910600 0.100
910800 0.100
911000 0.100
911200 0.100
911400 0.100
911600 0.100
911800 0.100
912000 0.100
912200 0.100
912400 0.100
912600 0.100
912800 0.100
913000 0.100
913200 0.100
913400 0.100
913600 0.100
913800 0.100
914000 0.100
914200 0.100
914400 0.100
914600 0.100
914800 0.100
915000 0.100
915200 0.100
915400 0.100
915600 0.100
915800 0.100
916000 0.100
916200 0.100
916400 0.100
916600 0.100
916800 0.100
917000 0.100
917200 0.100
917400 0.100
917600 0.100
917800 0.100
918000 0.100
918200 0.100
918400 0.100
918600 0.100
918800 0.100
919000 0.100
919200 0.100
919400 0.100
919600 0.100
919800 0.100
920000 0.100
920200 0.100
920400 0.100
920600 0.100
920800 0.100
921000 0.100
921200 0.100
921400 0.100
921600 0.100
921800 0.100
922000 0.100
922200 0.100
922400 0.100
922600 0.100
922800 0.100
923000 0.100
923200 0.100
923400 0.100
923600 0.100
923800 0.100
924000 0.100
924200 0.100
924400 0.100
924600 0.100
924800 0.100
925000 0.100
925200 0.100
925400 0.100
925600 0.100
925800 0.100
926000 0.100
926200 0.100
926400 0.100
926600 0.100
926800 0.100
927000 0.100
927200 0.100
927400 0.100
927600 0.100
927800 0.100
928000 0.100
928200 0.100
928400 0.100
928600 0.100
928800 0.100
929000 0.100
929200 0.100
929400 0.100
929600 0.100
929800 0.100
930000 0.100
930200 0.100
930400 0.100
930600 0.100
930800 0.100
931000 0.100
931200 0.100
931400 0.100
931600 0.100
931800 0.100
932000 0.100
932200 0.100
932400 0.100
932600 0.100
932800 0.100
933000 0.100
933200 0.100
933400 0.100
933600 0.100
933800 0.100
934000 0.100
934200 0.100
934400 0.100
934600 0.100
934800 0.100
935000 0.100
935200 0.100
935400 0.100
935600 0.100
935800 0.100
936000 0.100
936200 0.100
936400 0.100
936600 0.100
936800 0.100
937000 0.100
937200 0.100
937400 0.100
937600 0.100
937800 0.100
938000 0.100
938200 0.100
938400 0.100
938600 0.100
938800 0.100
939000 0.100
939200 0.100
939400 0.100
939600 0.100
939800 0.100
940000 0.100
940200 0.100
940400 0.100
940600 0.100
940800 0.100
941000 0.100
941200 0.100
941400 0.100
941600 0.100
941800 0.100
942000 0.100
942200 0.100
942400 0.100
942600 0.100
942800 0.100
943000 0.100
943200 0.100
943400 0.100
943600 0.100
943800 0.100
944000 0.100
944200 0.100
944400 0.100
944600 0.100
944800 0.100
945000 0.100
945200 0.100
945400 0.100
945600 0.100
945800 0.100
946000 0.100
946200 0.100
946400 0.100
946600 0.100
946800 0.100
947000 0.100
947200 0.100
947400 0.100
947600 0.100
947800 0.100
948000 0.100
948200 0.100
948400 0.100
948600 0.100
948800 0.100
949000 0.100
949200 0.100
949400 0.100
949600 0.100
949800 0.100
950000 0.100
950200 0.100
950400 0.100
950600 0.100
950800 0.100
951000 0.100
951200 0.100
951400 0.100
951600 0.100
951800 0.100
952000 0.100
952200 0.100
952400 0.100
952600 0.100
952800 0.100
953000 0.100
953200 0.100
953400 0.100
953600 0.100
953800 0.100
954000 0.100
954200 0.100
954400 0.100
954600 0.100
954800 0.100
955000 0.100
955200 0.100
955400 0.100
955600 0.100
955800 0.100
956000 0.100
956200 0.100
956400 0.100
956600 0.100
956800 0.100
957000 0.100
957200 0.100
957400 0.100
957600 0.100
957800 0.100
958000 0.100
958200 0.100
958400 0.100
958600 0.100
958800 0.100
959000 0.100
959200 0.100
959400 0.100
959600 0.100
959800 0.100
960000 0.100
960200 0.100
960400 0.100
960600 0.100
960800 0.100
961000 0.100
961200 0.100
961400 0.100
961600 0.100
961800 0.100
962000 0.100
962200 0.100
962400 0.100
962600 0.100
962800 0.100
963000 0.100
963200 0.100
963400 0.100
963600 0.100
963800 0.100
964000 0.100
964200 0.100
964400 0.100
964600 0.100
964800 0.100
965000 0.100
965200 0.100
965400 0.100
965600 0.100
965800 0.100
966000 0.100
966200 0.100
966400 0.100
966600 0.100
966800 0.100
967000 0.100
967200 0.100
967400 0.100
967600 0.100
967800 0.100
968000 0.100
968200 0.100
968400 0.100
968600 0.100
968800 0.100
969000 0.100
969200 0.100
969400 0.100
969600 0.100
969800 0.100
970000 0.100
970200 0.100
970400 0.100
970600 0.100
970800 0.100
971000 0.100
971200 0.100
971400 0.100
971600 0.100
971800 0.100
972000 0.100
972200 0.100
972400 0.100
972600 0.100
972800 0.100
973000 0.100
973200 0.100
973400 0.100
973600 0.100
973800 0.100
974000 0.100
974200 0.100
974400 0.100
974600 0.100
974800 0.100
975000 0.100
975200 0.100
975400 0.100
975600 0.100
975800 0.100
976000 0.100
976200 0.100
976400 0.100
976600 0.100
976800 0.100
977000 0.100
977200 0.100
977400 0.100
977600 0.100
977800 0.100
978000 0.100
978200 0.100
978400 0.100
978600 0.100
978800 0.100
979000 0.100
979200 0.100
979400 0.100
979600 0.100
979800 0.100
980000 0.100
980200 0.100
980400 0.100
980600 0.100
980800 0.100
981000 0.100
981200 0.100
981400 0.100
981600 0.100
981800 0.100
982000 0.100
982200 0.100
982400 0.100
982600 0.100
982800 0.100
983000 0.100
983200 0.100
983400 0.100
983600 0.100
983800 0.100
984000 0.100
984200 0.100
984400 0.100
984600 0.100
984800 0.100
985000 0.100
985200 0.100
985400 0.100
985600 0.100
985800 0.100
986000 0.100
986200 0.100
986400 0.100
986600 0.100
986800 0.100
987000 0.100
987200 0.100
987400 0.100
987600 0.100
987800 0.100
988000 0.100
988200 0.100
988400 0.100
988600 0.100
988800 0.100
989000 0.100
989200 0.100
989400 0.100
989600 0.100
989800 0.100
990000 0.100
990200 0.100
990400 0.100
990600 0.100
990800 0.100
991000 0.100
991200 0.100
991400 0.100
991600 0.100
991800 0.100
992000 0.100
992200 0.100
992400 0.100
992600 0.100
992800 0.100
993000 0.100
993200 0.100
993400 0.100
993600 0.100
993800 0.100
994000 0.100
994200 0.100
994400 0.100
994600 0.100
994800 0.100
995000 0.100
995200 0.100
995400 0.100
995600 0.100
995800 0.100
996000 0.100
996200 0.100
996400 0.100
996600 0.100
996800 0.100
997000 0.100
997200 0.100
997400 0.100
997600 0.100
997800 0.100
998000 0.100
998200 0.100
998400 0.100
998600 0.100
998800 0.100
999000 0.100
999200 0.100
999400 0.100
999600 0.100
999800 0.100
1000000 0.010
