10 79
20 79
30 79
40 79
50 79
60 79
70 79
80 79
90 79
100 79
110 79
120 79
130 79
140 79
150 79
160 79
170 79
180 79
190 79
200 79
210 79
220 79
230 79
240 79
250 79
260 79
270 79
280 79
290 79
300 79
310 79
320 79
330 79
340 79
350 79
360 79
370 79
380 79
390 79
400 79
410 79
420 79
430 79
440 79
450 79
460 79
470 79
480 79
490 79
500 79
510 79
520 79
530 79
540 79
550 79
560 79
570 79
580 79
590 79
600 79
610 79
620 79
630 79
640 79
650 79
660 79
670 79
680 79
690 79
700 79
710 79
720 79
730 79
740 79
750 79
760 79
770 79
780 79
790 79
800 79
810 79
820 79
830 79
840 79
850 79
860 79
870 79
880 79
890 79
900 79
910 79
920 79
930 79
940 79
950 79
960 79
970 79
980 79
990 79
1000 79
1010 79
1020 79
1030 79
1040 79
1050 79
1060 79
1070 79
1080 79
1090 79
1100 79
1110 79
1120 79
1130 79
1140 79
1150 79
1160 79
1170 79
1180 79
1190 79
1200 79
1210 79
1220 79
1230 79
1240 79
1250 79
1260 79
1270 79
1280 79
1290 79
1300 79
1310 79
1320 79
1330 79
1340 79
1350 79
1360 79
1370 79
1380 79
1390 79
1400 79
1410 79
1420 79
1430 79
1440 79
1450 79
1460 79
1470 79
1480 79
1490 79
1500 79
1510 79
1520 79
1530 79
1540 79
1550 79
1560 79
1570 79
1580 79
1590 79
1600 79
1610 79
1620 79
1630 79
1640 79
1650 79
1660 79
1670 79
1680 79
1690 79
1700 79
1710 79
1720 79
1730 79
1740 79
1750 79
1760 79
1770 79
1780 79
1790 79
1800 79
1810 79
1820 79
1830 79
1840 79
1850 79
1860 79
1870 79
1880 79
1890 79
1900 79
1910 79
1920 79
1930 79
1940 79
1950 79
1960 79
1970 79
1980 79
1990 79
2000 79
2010 79
2020 79
2030 79
2040 79
2050 79
2060 79
2070 79
2080 79
2090 79
2100 79
2110 79
2120 79
2130 79
2140 79
2150 79
2160 79
2170 79
2180 79
2190 79
2200 79
2210 79
2220 79
2230 79
2240 79
2250 79
2260 79
2270 79
2280 79
2290 79
2300 79
2310 79
2320 79
2330 79
2340 79
2350 79
2360 79
2370 79
2380 79
2390 79
2400 79
2410 79
2420 79
2430 79
2440 79
2450 79
2460 79
2470 79
2480 79
2490 79
2500 79
2510 79
2520 79
2530 79
2540 79
2550 79
2560 79
2570 79
2580 79
2590 79
2600 79
2610 79
2620 79
2630 79
2640 79
2650 79
2660 79
2670 79
2680 79
2690 79
2700 79
2710 79
2720 79
2730 79
2740 79
2750 79
2760 79
2770 79
2780 79
2790 79
2800 79
2810 79
2820 79
2830 79
2840 79
2850 79
2860 79
2870 79
2880 79
2890 79
2900 79
2910 79
2920 79
2930 79
2940 79
2950 79
2960 79
2970 79
2980 79
2990 79
3000 79
3010 79
3020 79
3030 79
3040 79
3050 79
3060 79
3070 79
3080 79
3090 79
3100 79
3110 79
3120 79
3130 79
3140 79
3150 79
3160 79
3170 79
3180 79
3190 79
3200 79
3210 79
3220 79
3230 79
3240 79
3250 79
3260 79
3270 79
3280 79
3290 79
3300 79
3310 79
3320 79
3330 79
3340 79
3350 79
3360 79
3370 79
3380 79
3390 79
3400 79
3410 79
3420 79
3430 79
3440 79
3450 79
3460 79
3470 79
3480 79
3490 79
3500 79
3510 79
3520 79
3530 79
3540 79
3550 79
3560 79
3570 79
3580 79
3590 79
3600 79
3610 79
3620 79
3630 79
3640 79
3650 79
3660 79
3670 79
3680 79
3690 79
3700 79
3710 79
3720 79
3730 79
3740 79
3750 79
3760 79
3770 79
3780 79
3790 79
3800 79
3810 79
3820 79
3830 79
3840 79
3850 79
3860 79
3870 79
3880 79
3890 79
3900 79
3910 79
3920 79
3930 79
3940 79
3950 79
3960 79
3970 79
3980 79
3990 79
4000 79
4010 79
4020 79
4030 79
4040 79
4050 79
4060 79
4070 79
4080 79
4090 79
4100 79
4110 79
4120 79
4130 79
4140 79
4150 79
4160 79
4170 79
4180 79
4190 79
4200 79
4210 79
4220 79
4230 79
4240 79
4250 79
4260 79
4270 79
4280 79
4290 79
4300 79
4310 79
4320 79
4330 79
4340 79
4350 79
4360 79
4370 79
4380 79
4390 79
4400 79
4410 79
4420 79
4430 79
4440 79
4450 79
4460 79
4470 79
4480 79
4490 79
4500 79
4510 79
4520 79
4530 79
4540 79
4550 79
4560 79
4570 79
4580 79
4590 79
4600 79
4610 79
4620 79
4630 79
4640 79
4650 79
4660 79
4670 79
4680 79
4690 79
4700 79
4710 79
4720 79
4730 79
4740 79
4750 79
4760 79
4770 79
4780 79
4790 79
4800 79
4810 79
4820 79
4830 79
4840 79
4850 79
4860 79
4870 79
4880 79
4890 79
4900 79
4910 79
4920 79
4930 79
4940 79
4950 79
4960 79
4970 79
4980 79
4990 79
5000 79
5010 79
5020 79
5030 79
5040 79
5050 79
5060 79
5070 79
5080 79
5090 79
5100 79
5110 79
5120 79
5130 79
5140 79
5150 79
5160 79
5170 79
5180 79
5190 79
5200 79
5210 79
5220 79
5230 79
5240 79
5250 79
5260 79
5270 79
5280 79
5290 79
5300 79
5310 79
5320 79
5330 79
5340 79
5350 79
5360 79
5370 79
5380 79
5390 79
5400 79
5410 79
5420 79
5430 79
5440 79
5450 79
5460 79
5470 79
5480 79
5490 79
5500 79
5510 79
5520 79
5530 79
5540 79
5550 79
5560 79
5570 79
5580 79
5590 79
5600 79
5610 79
5620 79
5630 79
5640 79
5650 79
5660 79
5670 79
5680 79
5690 79
5700 79
5710 79
5720 79
5730 79
5740 79
5750 79
5760 79
5770 79
5780 79
5790 79
5800 79
5810 79
5820 79
5830 79
5840 79
5850 79
5860 79
5870 79
5880 79
5890 79
5900 79
5910 79
5920 79
5930 79
5940 79
5950 79
5960 79
5970 79
5980 79
5990 79
6000 79
6010 79
6020 79
6030 79
6040 79
6050 79
6060 79
6070 79
6080 79
6090 79
6100 79
6110 79
6120 79
6130 79
6140 79
6150 79
6160 79
6170 79
6180 79
6190 79
6200 79
6210 79
6220 79
6230 79
6240 79
6250 79
6260 79
6270 79
6280 79
6290 79
6300 79
6310 79
6320 79
6330 79
6340 79
6350 79
6360 79
6370 79
6380 79
6390 79
6400 78
6410 78
6420 78
6430 78
6440 78
6450 78
6460 78
6470 78
6480 78
6490 78
6500 78
6510 78
6520 78
6530 78
6540 78
6550 78
6560 78
6570 78
6580 78
6590 78
6600 78
6610 78
6620 78
6630 78
6640 78
6650 78
6660 78
6670 78
6680 78
6690 78
6700 78
6710 78
6720 78
6730 78
6740 78
6750 78
6760 78
6770 78
6780 78
6790 78
6800 78
6810 78
6820 78
6830 78
6840 78
6850 78
6860 78
6870 78
6880 78
6890 77
6900 77
6910 77
6920 77
6930 76
6940 76
6950 76
6960 76
6970 76
6980 76
6990 76
7000 76
7010 76
7020 76
7030 76
7040 76
7050 76
7060 76
7070 76
7080 76
7090 76
7100 76
7110 76
7120 76
7130 76
7140 76
7150 76
7160 76
7170 76
7180 76
7190 76
7200 76
7210 76
7220 76
7230 76
7240 76
7250 76
7260 76
7270 76
7280 76
7290 76
7300 76
7310 76
7320 72
7330 72
7340 72
7350 72
7360 72
7370 72
7380 72
7390 72
7400 72
7410 72
7420 72
7430 72
7440 72
7450 72
7460 72
7470 72
7480 72
7490 72
7500 72
7510 72
7520 72
7530 72
7540 72
7550 72
7560 72
7570 72
7580 72
7590 72
7600 72
7610 72
7620 72
7630 72
7640 72
7650 72
7660 72
7670 72
7680 72
7690 72
7700 72
7710 72
7720 72
7730 72
7740 72
7750 72
7760 72
7770 72
7780 72
7790 72
7800 72
7810 72
7820 72
7830 72
7840 72
7850 72
7860 72
7870 71
7880 71
7890 71
7900 71
7910 71
7920 71
7930 71
7940 71
7950 71
7960 71
7970 71
7980 71
7990 71
8000 71
8010 71
8020 71
8030 71
8040 71
8050 71
8060 71
8070 71
8080 71
8090 71
8100 71
8110 71
8120 71
8130 71
8140 71
8150 71
8160 71
8170 71
8180 71
8190 71
8200 71
8210 71
8220 71
8230 71
8240 71
8250 71
8260 71
8270 71
8280 71
8290 71
8300 71
8310 71
8320 71
8330 71
8340 71
8350 71
8360 71
8370 71
8380 71
8390 71
8400 71
8410 71
8420 71
8430 71
8440 71
8450 71
8460 71
8470 71
8480 71
8490 71
8500 71
8510 71
8520 71
8530 71
8540 71
8550 71
8560 71
8570 71
8580 71
8590 71
8600 71
8610 71
8620 71
8630 71
8640 71
8650 71
8660 71
8670 71
8680 71
8690 71
8700 71
8710 71
8720 71
8730 71
8740 71
8750 71
8760 71
8770 71
8780 71
8790 71
8800 71
8810 71
8820 71
8830 71
8840 71
8850 71
8860 71
8870 71
8880 71
8890 71
8900 71
8910 71
8920 71
8930 71
8940 71
8950 71
8960 71
8970 71
8980 71
8990 71
9000 71
9010 71
9020 71
9030 71
9040 71
9050 71
9060 71
9070 71
9080 71
9090 71
9100 71
9110 71
9120 71
9130 71
9140 71
9150 71
9160 71
9170 71
9180 71
9190 71
9200 71
9210 71
9220 71
9230 71
9240 71
9250 71
9260 71
9270 71
9280 71
9290 71
9300 71
9310 71
9320 71
9330 71
9340 71
9350 71
9360 71
9370 71
9380 71
9390 71
9400 71
9410 71
9420 71
9430 71
9440 71
9450 71
9460 71
9470 71
9480 71
9490 71
9500 71
9510 71
9520 71
9530 71
9540 71
9550 71
9560 71
9570 71
9580 71
9590 71
9600 71
9610 71
9620 71
9630 71
9640 71
9650 71
9660 71
9670 71
9680 71
9690 71
9700 71
9710 71
9720 71
9730 71
9740 71
9750 71
9760 71
9770 71
9780 71
9790 71
9800 71
9810 71
9820 71
9830 71
9840 71
9850 71
9860 71
9870 71
9880 71
9890 71
9900 71
9910 71
9920 71
9930 71
9940 71
9950 71
9960 71
9970 71
9980 71
9990 71
10000 71
10010 71
10020 71
10030 71
10040 71
10050 71
10060 71
10070 71
10080 71
10090 71
10100 71
10110 71
10120 71
10130 71
10140 71
10150 71
10160 71
10170 71
10180 71
10190 71
10200 71
10210 71
10220 71
10230 71
10240 71
10250 71
10260 71
10270 71
10280 71
10290 71
10300 71
10310 71
10320 71
10330 71
10340 71
10350 71
10360 71
10370 71
10380 71
10390 71
10400 71
10410 71
10420 71
10430 71
10440 71
10450 71
10460 71
10470 71
10480 71
10490 71
10500 71
10510 71
10520 71
10530 71
10540 71
10550 71
10560 71
10570 71
10580 71
10590 71
10600 71
10610 71
10620 71
10630 71
10640 71
10650 71
10660 71
10670 71
10680 71
10690 71
10700 71
10710 71
10720 71
10730 71
10740 71
10750 71
10760 71
10770 71
