200 500.000
400 500.000
600 500.000
800 500.000
1000 500.000
1200 500.000
1400 500.000
1600 500.000
1800 500.000
2000 500.000
2200 500.000
2400 500.000
2600 500.000
2800 500.000
3000 500.000
3200 500.000
3400 500.000
3600 500.000
3800 500.000
4000 500.000
4200 500.000
4400 500.000
4600 500.000
4800 500.000
5000 500.000
5200 500.000
5400 500.000
5600 500.000
5800 500.000
6000 500.000
6200 500.000
6400 500.000
6600 500.000
6800 500.000
7000 500.000
7200 500.000
7400 500.000
7600 500.000
7800 500.000
8000 500.000
8200 500.000
8400 500.000
8600 500.000
8800 500.000
9000 500.000
9200 500.000
9400 500.000
9600 500.000
9800 500.000
10000 500.000
10200 500.000
10400 500.000
10600 500.000
10800 500.000
11000 500.000
11200 500.000
11400 500.000
11600 500.000
11800 500.000
12000 500.000
12200 500.000
12400 500.000
12600 500.000
12800 500.000
13000 500.000
13200 500.000
13400 500.000
13600 500.000
13800 500.000
14000 500.000
14200 500.000
14400 500.000
14600 500.000
14800 500.000
15000 500.000
15200 500.000
15400 500.000
15600 500.000
15800 500.000
16000 500.000
16200 500.000
16400 500.000
16600 500.000
16800 500.000
17000 500.000
17200 500.000
17400 500.000
17600 500.000
17800 500.000
18000 500.000
18200 500.000
18400 500.000
18600 500.000
18800 500.000
19000 500.000
19200 500.000
19400 500.000
19600 500.000
19800 500.000
20000 500.000
20200 500.000
20400 500.000
20600 500.000
20800 500.000
21000 500.000
21200 500.000
21400 500.000
21600 500.000
21800 500.000
22000 500.000
22200 500.000
22400 500.000
22600 500.000
22800 500.000
23000 500.000
23200 500.000
23400 500.000
23600 500.000
23800 500.000
24000 500.000
24200 500.000
24400 500.000
24600 500.000
24800 500.000
25000 500.000
25200 500.000
25400 500.000
25600 500.000
25800 500.000
26000 500.000
26200 500.000
26400 500.000
26600 500.000
26800 500.000
27000 500.000
27200 500.000
27400 500.000
27600 500.000
27800 500.000
28000 500.000
28200 500.000
28400 500.000
28600 500.000
28800 500.000
29000 500.000
29200 500.000
29400 500.000
29600 500.000
29800 500.000
30000 500.000
30200 500.000
30400 500.000
30600 500.000
30800 500.000
31000 500.000
31200 500.000
31400 500.000
31600 500.000
31800 500.000
32000 500.000
32200 500.000
32400 500.000
32600 500.000
32800 500.000
33000 500.000
33200 500.000
33400 500.000
33600 500.000
33800 500.000
34000 500.000
34200 500.000
34400 500.000
34600 500.000
34800 500.000
35000 500.000
35200 500.000
35400 500.000
35600 500.000
35800 500.000
36000 500.000
36200 500.000
36400 500.000
36600 500.000
36800 500.000
37000 500.000
37200 500.000
37400 500.000
37600 500.000
37800 500.000
38000 500.000
38200 500.000
38400 500.000
38600 500.000
38800 500.000
39000 500.000
39200 500.000
39400 500.000
39600 500.000
39800 500.000
40000 500.000
40200 500.000
40400 500.000
40600 500.000
40800 500.000
41000 500.000
41200 500.000
41400 500.000
41600 500.000
41800 500.000
42000 500.000
42200 500.000
42400 500.000
42600 500.000
42800 500.000
43000 500.000
43200 500.000
43400 500.000
43600 500.000
43800 500.000
44000 500.000
44200 500.000
44400 500.000
44600 500.000
44800 500.000
45000 500.000
45200 500.000
45400 500.000
45600 500.000
45800 500.000
46000 500.000
46200 500.000
46400 500.000
46600 500.000
46800 500.000
47000 500.000
47200 500.000
47400 500.000
47600 500.000
47800 500.000
48000 500.000
48200 500.000
48400 500.000
48600 500.000
48800 500.000
49000 500.000
49200 500.000
49400 500.000
49600 500.000
49800 500.000
50000 500.000
50200 500.000
50400 500.000
50600 500.000
50800 500.000
51000 500.000
51200 500.000
51400 500.000
51600 500.000
51800 500.000
52000 500.000
52200 500.000
52400 500.000
52600 500.000
52800 500.000
53000 500.000
53200 500.000
53400 500.000
53600 500.000
53800 500.000
54000 500.000
54200 500.000
54400 500.000
54600 500.000
54800 500.000
55000 500.000
55200 500.000
55400 500.000
55600 500.000
55800 500.000
56000 500.000
56200 500.000
56400 500.000
56600 500.000
56800 500.000
57000 500.000
57200 500.000
57400 500.000
57600 500.000
57800 500.000
58000 500.000
58200 500.000
58400 500.000
58600 500.000
58800 500.000
59000 500.000
59200 500.000
59400 500.000
59600 500.000
59800 500.000
60000 500.000
60200 500.000
60400 500.000
60600 500.000
60800 500.000
61000 500.000
61200 500.000
61400 500.000
61600 500.000
61800 500.000
62000 500.000
62200 500.000
62400 500.000
62600 500.000
62800 500.000
63000 500.000
63200 500.000
63400 500.000
63600 500.000
63800 500.000
64000 500.000
64200 500.000
64400 500.000
64600 500.000
64800 500.000
65000 500.000
65200 500.000
65400 500.000
65600 500.000
65800 500.000
66000 500.000
66200 500.000
66400 500.000
66600 500.000
66800 500.000
67000 500.000
67200 500.000
67400 500.000
67600 500.000
67800 500.000
68000 500.000
68200 500.000
68400 500.000
68600 500.000
68800 500.000
69000 500.000
69200 500.000
69400 500.000
69600 500.000
69800 500.000
70000 500.000
70200 500.000
70400 500.000
70600 500.000
70800 500.000
71000 500.000
71200 500.000
71400 500.000
71600 500.000
71800 500.000
72000 500.000
72200 500.000
72400 500.000
72600 500.000
72800 500.000
73000 500.000
73200 500.000
73400 500.000
73600 500.000
73800 500.000
74000 500.000
74200 500.000
74400 500.000
74600 500.000
74800 500.000
75000 500.000
75200 500.000
75400 500.000
75600 500.000
75800 500.000
76000 500.000
76200 500.000
76400 500.000
76600 500.000
76800 500.000
77000 500.000
77200 500.000
77400 500.000
77600 500.000
77800 500.000
78000 500.000
78200 500.000
78400 500.000
78600 500.000
78800 500.000
79000 500.000
79200 500.000
79400 500.000
79600 500.000
79800 500.000
80000 500.000
80200 500.000
80400 500.000
80600 500.000
80800 500.000
81000 500.000
81200 500.000
81400 500.000
81600 500.000
81800 500.000
82000 500.000
82200 500.000
82400 500.000
82600 500.000
82800 500.000
83000 500.000
83200 500.000
83400 500.000
83600 500.000
83800 500.000
84000 500.000
84200 500.000
84400 500.000
84600 500.000
84800 500.000
85000 500.000
85200 500.000
85400 500.000
85600 500.000
85800 500.000
86000 500.000
86200 500.000
86400 500.000
86600 500.000
86800 500.000
87000 500.000
87200 500.000
87400 500.000
87600 500.000
87800 500.000
88000 500.000
88200 500.000
88400 500.000
88600 500.000
88800 500.000
89000 500.000
89200 500.000
89400 500.000
89600 500.000
89800 500.000
90000 500.000
90200 500.000
90400 500.000
90600 500.000
90800 500.000
91000 500.000
91200 500.000
91400 500.000
91600 500.000
91800 500.000
92000 500.000
92200 500.000
92400 500.000
92600 500.000
92800 500.000
93000 500.000
93200 500.000
93400 500.000
93600 500.000
93800 500.000
94000 500.000
94200 500.000
94400 500.000
94600 500.000
94800 500.000
95000 500.000
95200 500.000
95400 500.000
95600 500.000
95800 500.000
96000 500.000
96200 500.000
96400 500.000
96600 500.000
96800 500.000
97000 500.000
97200 500.000
97400 500.000
97600 500.000
97800 500.000
98000 500.000
98200 500.000
98400 500.000
98600 500.000
98800 500.000
99000 500.000
99200 500.000
99400 500.000
99600 500.000
99800 500.000
100000 500.000
100200 500.000
100400 500.000
100600 500.000
100800 500.000
101000 500.000
101200 500.000
101400 500.000
101600 500.000
101800 500.000
102000 500.000
102200 500.000
102400 500.000
102600 500.000
102800 500.000
103000 500.000
103200 500.000
103400 500.000
103600 500.000
103800 500.000
104000 500.000
104200 500.000
104400 500.000
104600 500.000
104800 500.000
105000 500.000
105200 500.000
105400 500.000
105600 500.000
105800 500.000
106000 500.000
106200 500.000
106400 500.000
106600 500.000
106800 500.000
107000 500.000
107200 500.000
107400 500.000
107600 500.000
107800 500.000
108000 500.000
108200 500.000
108400 500.000
108600 500.000
108800 500.000
109000 500.000
109200 500.000
109400 500.000
109600 500.000
109800 500.000
110000 500.000
110200 500.000
110400 500.000
110600 500.000
110800 500.000
111000 500.000
111200 500.000
111400 500.000
111600 500.000
111800 500.000
112000 500.000
112200 500.000
112400 500.000
112600 500.000
112800 500.000
113000 500.000
113200 500.000
113400 500.000
113600 500.000
113800 500.000
114000 500.000
114200 500.000
114400 500.000
114600 500.000
114800 500.000
115000 500.000
115200 500.000
115400 500.000
115600 500.000
115800 500.000
116000 500.000
116200 500.000
116400 500.000
116600 500.000
116800 500.000
117000 500.000
117200 500.000
117400 500.000
117600 500.000
117800 500.000
118000 500.000
118200 500.000
118400 500.000
118600 500.000
118800 500.000
119000 500.000
119200 500.000
119400 500.000
119600 500.000
119800 500.000
120000 500.000
120200 500.000
120400 500.000
120600 500.000
120800 500.000
121000 500.000
121200 500.000
121400 500.000
121600 500.000
121800 500.000
122000 500.000
122200 500.000
122400 500.000
122600 500.000
122800 500.000
123000 500.000
123200 500.000
123400 500.000
123600 500.000
123800 500.000
124000 500.000
124200 500.000
124400 500.000
124600 500.000
124800 500.000
125000 500.000
125200 500.000
125400 500.000
125600 500.000
125800 500.000
126000 500.000
126200 500.000
126400 500.000
126600 500.000
126800 500.000
127000 500.000
127200 500.000
127400 500.000
127600 500.000
127800 500.000
128000 500.000
128200 500.000
128400 500.000
128600 500.000
128800 500.000
129000 500.000
129200 500.000
129400 500.000
129600 500.000
129800 500.000
130000 500.000
130200 500.000
130400 500.000
130600 500.000
130800 500.000
131000 500.000
131200 500.000
131400 500.000
131600 500.000
131800 500.000
132000 500.000
132200 500.000
132400 500.000
132600 500.000
132800 500.000
133000 500.000
133200 500.000
133400 500.000
133600 500.000
133800 500.000
134000 500.000
134200 500.000
134400 500.000
134600 500.000
134800 500.000
135000 500.000
135200 500.000
135400 500.000
135600 500.000
135800 500.000
136000 500.000
136200 500.000
136400 500.000
136600 500.000
136800 500.000
137000 500.000
137200 500.000
137400 500.000
137600 500.000
137800 500.000
138000 500.000
138200 500.000
138400 500.000
138600 500.000
138800 500.000
139000 500.000
139200 500.000
139400 500.000
139600 500.000
139800 500.000
140000 500.000
140200 500.000
140400 500.000
140600 500.000
140800 500.000
141000 500.000
141200 500.000
141400 500.000
141600 500.000
141800 500.000
142000 500.000
142200 500.000
142400 500.000
142600 500.000
142800 500.000
143000 500.000
143200 500.000
143400 500.000
143600 500.000
143800 500.000
144000 500.000
144200 500.000
144400 500.000
144600 500.000
144800 500.000
145000 500.000
145200 500.000
145400 500.000
145600 500.000
145800 500.000
146000 500.000
146200 500.000
146400 500.000
146600 500.000
146800 500.000
147000 500.000
147200 500.000
147400 500.000
147600 500.000
147800 500.000
148000 500.000
148200 500.000
148400 500.000
148600 500.000
148800 500.000
149000 500.000
149200 500.000
149400 500.000
149600 500.000
149800 500.000
150000 500.000
150200 500.000
150400 500.000
150600 500.000
150800 500.000
151000 500.000
151200 500.000
151400 500.000
151600 500.000
151800 500.000
152000 500.000
152200 500.000
152400 500.000
152600 500.000
152800 500.000
153000 500.000
153200 500.000
153400 500.000
153600 500.000
153800 500.000
154000 500.000
154200 500.000
154400 500.000
154600 500.000
154800 500.000
155000 500.000
155200 500.000
155400 500.000
155600 500.000
155800 500.000
156000 500.000
156200 500.000
156400 500.000
156600 500.000
156800 500.000
157000 500.000
157200 500.000
157400 500.000
157600 500.000
157800 500.000
158000 500.000
158200 500.000
158400 500.000
158600 500.000
158800 500.000
159000 500.000
159200 500.000
159400 500.000
159600 500.000
159800 500.000
160000 500.000
160200 500.000
160400 500.000
160600 500.000
160800 500.000
161000 500.000
161200 500.000
161400 500.000
161600 500.000
161800 500.000
162000 500.000
162200 500.000
162400 500.000
162600 500.000
162800 500.000
163000 500.000
163200 500.000
163400 500.000
163600 500.000
163800 500.000
164000 500.000
164200 500.000
164400 500.000
164600 500.000
164800 500.000
165000 500.000
165200 500.000
165400 500.000
165600 500.000
165800 500.000
166000 500.000
166200 500.000
166400 500.000
166600 500.000
166800 500.000
167000 500.000
167200 500.000
167400 500.000
167600 500.000
167800 500.000
168000 500.000
168200 500.000
168400 500.000
168600 500.000
168800 500.000
169000 500.000
169200 500.000
169400 500.000
169600 500.000
169800 500.000
170000 500.000
170200 500.000
170400 500.000
170600 500.000
170800 500.000
171000 500.000
171200 500.000
171400 500.000
171600 500.000
171800 500.000
172000 500.000
172200 500.000
172400 500.000
172600 500.000
172800 500.000
173000 500.000
173200 500.000
173400 500.000
173600 500.000
173800 500.000
174000 500.000
174200 500.000
174400 500.000
174600 500.000
174800 500.000
175000 500.000
175200 500.000
175400 500.000
175600 500.000
175800 500.000
176000 500.000
176200 500.000
176400 500.000
176600 500.000
176800 500.000
177000 500.000
177200 500.000
177400 500.000
177600 500.000
177800 500.000
178000 500.000
178200 500.000
178400 500.000
178600 500.000
178800 500.000
179000 500.000
179200 500.000
179400 500.000
179600 500.000
179800 500.000
180000 500.000
180200 500.000
180400 500.000
180600 500.000
180800 500.000
181000 500.000
181200 500.000
181400 500.000
181600 500.000
181800 500.000
182000 500.000
182200 500.000
182400 500.000
182600 500.000
182800 500.000
183000 500.000
183200 500.000
183400 500.000
183600 500.000
183800 500.000
184000 500.000
184200 500.000
184400 500.000
184600 500.000
184800 500.000
185000 500.000
185200 500.000
185400 500.000
185600 500.000
185800 500.000
186000 500.000
186200 500.000
186400 500.000
186600 500.000
186800 500.000
187000 500.000
187200 500.000
187400 500.000
187600 500.000
187800 500.000
188000 500.000
188200 500.000
188400 500.000
188600 500.000
188800 500.000
189000 500.000
189200 500.000
189400 500.000
189600 500.000
189800 500.000
190000 500.000
190200 500.000
190400 500.000
190600 500.000
190800 500.000
191000 500.000
191200 500.000
191400 500.000
191600 500.000
191800 500.000
192000 500.000
192200 500.000
192400 500.000
192600 500.000
192800 500.000
193000 500.000
193200 500.000
193400 500.000
193600 500.000
193800 500.000
194000 500.000
194200 500.000
194400 500.000
194600 500.000
194800 500.000
195000 500.000
195200 500.000
195400 500.000
195600 500.000
195800 500.000
196000 500.000
196200 500.000
196400 500.000
196600 500.000
196800 500.000
197000 500.000
197200 500.000
197400 500.000
197600 500.000
197800 500.000
198000 500.000
198200 500.000
198400 500.000
198600 500.000
198800 500.000
199000 500.000
199200 500.000
199400 500.000
199600 500.000
199800 500.000
200000 500.000
200200 500.000
200400 500.000
200600 500.000
200800 500.000
201000 500.000
201200 500.000
201400 500.000
201600 500.000
201800 500.000
202000 500.000
202200 500.000
202400 500.000
202600 500.000
202800 500.000
203000 500.000
203200 500.000
203400 500.000
203600 500.000
203800 500.000
204000 500.000
204200 500.000
204400 500.000
204600 500.000
204800 500.000
205000 500.000
205200 500.000
205400 500.000
205600 500.000
205800 500.000
206000 500.000
206200 500.000
206400 500.000
206600 500.000
206800 500.000
207000 500.000
207200 500.000
207400 500.000
207600 500.000
207800 500.000
208000 500.000
208200 500.000
208400 500.000
208600 500.000
208800 500.000
209000 500.000
209200 500.000
209400 500.000
209600 500.000
209800 500.000
210000 500.000
210200 500.000
210400 500.000
210600 500.000
210800 500.000
211000 500.000
211200 500.000
211400 500.000
211600 500.000
211800 500.000
212000 500.000
212200 500.000
212400 500.000
212600 500.000
212800 500.000
213000 500.000
213200 500.000
213400 500.000
213600 500.000
213800 500.000
214000 500.000
214200 500.000
214400 500.000
214600 500.000
214800 500.000
215000 500.000
215200 500.000
215400 500.000
215600 500.000
215800 500.000
216000 500.000
216200 500.000
216400 500.000
216600 500.000
216800 500.000
217000 500.000
217200 500.000
217400 500.000
217600 500.000
217800 500.000
218000 500.000
218200 500.000
218400 500.000
218600 500.000
218800 500.000
219000 500.000
219200 500.000
219400 500.000
219600 500.000
219800 500.000
220000 500.000
220200 500.000
220400 500.000
220600 500.000
220800 500.000
221000 500.000
221200 500.000
221400 500.000
221600 500.000
221800 500.000
222000 500.000
222200 500.000
222400 500.000
222600 500.000
222800 500.000
223000 500.000
223200 500.000
223400 500.000
223600 500.000
223800 500.000
224000 500.000
224200 500.000
224400 500.000
224600 500.000
224800 500.000
225000 500.000
225200 500.000
225400 500.000
225600 500.000
225800 500.000
226000 500.000
226200 500.000
226400 500.000
226600 500.000
226800 500.000
227000 500.000
227200 500.000
227400 500.000
227600 500.000
227800 500.000
228000 500.000
228200 500.000
228400 500.000
228600 500.000
228800 500.000
229000 500.000
229200 500.000
229400 500.000
229600 500.000
229800 500.000
230000 500.000
230200 500.000
230400 500.000
230600 500.000
230800 500.000
231000 500.000
231200 500.000
231400 500.000
231600 500.000
231800 500.000
232000 500.000
232200 500.000
232400 500.000
232600 500.000
232800 500.000
233000 500.000
233200 500.000
233400 500.000
233600 500.000
233800 500.000
234000 500.000
234200 500.000
234400 500.000
234600 500.000
234800 500.000
235000 500.000
235200 500.000
235400 500.000
235600 500.000
235800 500.000
236000 500.000
236200 500.000
236400 500.000
236600 500.000
236800 500.000
237000 500.000
237200 500.000
237400 500.000
237600 500.000
237800 500.000
238000 500.000
238200 500.000
238400 500.000
238600 500.000
238800 500.000
239000 500.000
239200 500.000
239400 500.000
239600 500.000
239800 500.000
240000 500.000
240200 500.000
240400 500.000
240600 500.000
240800 500.000
241000 500.000
241200 500.000
241400 500.000
241600 500.000
241800 500.000
242000 500.000
242200 500.000
242400 500.000
242600 500.000
242800 500.000
243000 500.000
243200 500.000
243400 500.000
243600 500.000
243800 500.000
244000 500.000
244200 500.000
244400 500.000
244600 500.000
244800 500.000
245000 500.000
245200 500.000
245400 500.000
245600 500.000
245800 500.000
246000 500.000
246200 500.000
246400 500.000
246600 500.000
246800 500.000
247000 500.000
247200 500.000
247400 500.000
247600 500.000
247800 500.000
248000 500.000
248200 500.000
248400 500.000
248600 500.000
248800 500.000
249000 500.000
249200 500.000
249400 500.000
249600 500.000
249800 500.000
250000 500.000
250200 500.000
250400 500.000
250600 500.000
250800 500.000
251000 500.000
251200 500.000
251400 500.000
251600 500.000
251800 500.000
252000 500.000
252200 500.000
252400 500.000
252600 500.000
252800 500.000
253000 500.000
253200 500.000
253400 500.000
253600 500.000
253800 500.000
254000 500.000
254200 500.000
254400 500.000
254600 500.000
254800 500.000
255000 500.000
255200 500.000
255400 500.000
255600 500.000
255800 500.000
256000 500.000
256200 500.000
256400 500.000
256600 500.000
256800 500.000
257000 500.000
257200 500.000
257400 500.000
257600 500.000
257800 500.000
258000 500.000
258200 500.000
258400 500.000
258600 500.000
258800 500.000
259000 500.000
259200 500.000
259400 500.000
259600 500.000
259800 500.000
260000 500.000
260200 500.000
260400 500.000
260600 500.000
260800 500.000
261000 500.000
261200 500.000
261400 500.000
261600 500.000
261800 500.000
262000 500.000
262200 500.000
262400 500.000
262600 500.000
262800 500.000
263000 500.000
263200 500.000
263400 500.000
263600 500.000
263800 500.000
264000 500.000
264200 500.000
264400 500.000
264600 500.000
264800 500.000
265000 500.000
265200 500.000
265400 500.000
265600 500.000
265800 500.000
266000 500.000
266200 500.000
266400 500.000
266600 500.000
266800 500.000
267000 500.000
267200 500.000
267400 500.000
267600 500.000
267800 500.000
268000 500.000
268200 500.000
268400 500.000
268600 500.000
268800 500.000
269000 500.000
269200 500.000
269400 500.000
269600 500.000
269800 500.000
270000 500.000
270200 500.000
270400 500.000
270600 500.000
270800 500.000
271000 500.000
271200 500.000
271400 500.000
271600 500.000
271800 500.000
272000 500.000
272200 500.000
272400 500.000
272600 500.000
272800 500.000
273000 500.000
273200 500.000
273400 500.000
273600 500.000
273800 500.000
274000 500.000
274200 500.000
274400 500.000
274600 500.000
274800 500.000
275000 500.000
275200 500.000
275400 500.000
275600 500.000
275800 500.000
276000 500.000
276200 500.000
276400 500.000
276600 500.000
276800 500.000
277000 500.000
277200 500.000
277400 500.000
277600 500.000
277800 500.000
278000 500.000
278200 500.000
278400 500.000
278600 500.000
278800 500.000
279000 500.000
279200 500.000
279400 500.000
279600 500.000
279800 500.000
280000 500.000
280200 500.000
280400 500.000
280600 500.000
280800 500.000
281000 500.000
281200 500.000
281400 500.000
281600 500.000
281800 500.000
282000 500.000
282200 500.000
282400 500.000
282600 500.000
282800 500.000
283000 500.000
283200 500.000
283400 500.000
283600 500.000
283800 500.000
284000 500.000
284200 500.000
284400 500.000
284600 500.000
284800 500.000
285000 500.000
285200 500.000
285400 500.000
285600 500.000
285800 500.000
286000 500.000
286200 500.000
286400 500.000
286600 500.000
286800 500.000
287000 500.000
287200 500.000
287400 500.000
287600 500.000
287800 500.000
288000 500.000
288200 500.000
288400 500.000
288600 500.000
288800 500.000
289000 500.000
289200 500.000
289400 500.000
289600 500.000
289800 500.000
290000 500.000
290200 500.000
290400 500.000
290600 500.000
290800 500.000
291000 500.000
291200 500.000
291400 500.000
291600 500.000
291800 500.000
292000 500.000
292200 500.000
292400 500.000
292600 500.000
292800 500.000
293000 500.000
293200 500.000
293400 500.000
293600 500.000
293800 500.000
294000 500.000
294200 500.000
294400 500.000
294600 500.000
294800 500.000
295000 500.000
295200 500.000
295400 500.000
295600 500.000
295800 500.000
296000 500.000
296200 500.000
296400 500.000
296600 500.000
296800 500.000
297000 500.000
297200 500.000
297400 500.000
297600 500.000
297800 500.000
298000 500.000
298200 500.000
298400 500.000
298600 500.000
298800 500.000
299000 500.000
299200 500.000
299400 500.000
299600 500.000
299800 500.000
300000 500.000
300200 500.000
300400 500.000
300600 500.000
300800 500.000
301000 500.000
301200 500.000
301400 500.000
301600 500.000
301800 500.000
302000 500.000
302200 500.000
302400 500.000
302600 500.000
302800 500.000
303000 500.000
303200 500.000
303400 500.000
303600 500.000
303800 500.000
304000 500.000
304200 500.000
304400 500.000
304600 500.000
304800 500.000
305000 500.000
305200 500.000
305400 500.000
305600 500.000
305800 500.000
306000 500.000
306200 500.000
306400 500.000
306600 500.000
306800 500.000
307000 500.000
307200 500.000
307400 500.000
307600 500.000
307800 500.000
308000 500.000
308200 500.000
308400 500.000
308600 500.000
308800 500.000
309000 500.000
309200 500.000
309400 500.000
309600 500.000
309800 500.000
310000 500.000
310200 500.000
310400 500.000
310600 500.000
310800 500.000
311000 500.000
311200 500.000
311400 500.000
311600 500.000
311800 500.000
312000 500.000
312200 500.000
312400 500.000
312600 500.000
312800 500.000
313000 500.000
313200 500.000
313400 500.000
313600 500.000
313800 500.000
314000 500.000
314200 500.000
314400 500.000
314600 500.000
314800 500.000
315000 500.000
315200 500.000
315400 500.000
315600 500.000
315800 500.000
316000 500.000
316200 500.000
316400 500.000
316600 500.000
316800 500.000
317000 500.000
317200 500.000
317400 500.000
317600 500.000
317800 500.000
318000 500.000
318200 500.000
318400 500.000
318600 500.000
318800 500.000
319000 500.000
319200 500.000
319400 500.000
319600 500.000
319800 500.000
320000 500.000
320200 500.000
320400 500.000
320600 500.000
320800 500.000
321000 500.000
321200 500.000
321400 500.000
321600 500.000
321800 500.000
322000 500.000
322200 500.000
322400 500.000
322600 500.000
322800 500.000
323000 500.000
323200 500.000
323400 500.000
323600 500.000
323800 500.000
324000 500.000
324200 500.000
324400 500.000
324600 500.000
324800 500.000
325000 500.000
325200 500.000
325400 500.000
325600 500.000
325800 500.000
326000 500.000
326200 500.000
326400 500.000
326600 500.000
326800 500.000
327000 500.000
327200 500.000
327400 500.000
327600 500.000
327800 500.000
328000 500.000
328200 500.000
328400 500.000
328600 500.000
328800 500.000
329000 500.000
329200 500.000
329400 500.000
329600 500.000
329800 500.000
330000 500.000
330200 500.000
330400 500.000
330600 500.000
330800 500.000
331000 500.000
331200 500.000
331400 500.000
331600 500.000
331800 500.000
332000 500.000
332200 500.000
332400 500.000
332600 500.000
332800 500.000
333000 500.000
333200 500.000
333400 500.000
333600 500.000
333800 500.000
334000 500.000
334200 500.000
334400 500.000
334600 500.000
334800 500.000
335000 500.000
335200 500.000
335400 500.000
335600 500.000
335800 500.000
336000 500.000
336200 500.000
336400 500.000
336600 500.000
336800 500.000
337000 500.000
337200 500.000
337400 500.000
337600 500.000
337800 500.000
338000 500.000
338200 500.000
338400 500.000
338600 500.000
338800 500.000
339000 500.000
339200 500.000
339400 500.000
339600 500.000
339800 500.000
340000 500.000
340200 500.000
340400 500.000
340600 500.000
340800 500.000
341000 500.000
341200 500.000
341400 500.000
341600 500.000
341800 500.000
342000 500.000
342200 500.000
342400 500.000
342600 500.000
342800 500.000
343000 500.000
343200 500.000
343400 500.000
343600 500.000
343800 500.000
344000 500.000
344200 500.000
344400 500.000
344600 500.000
344800 500.000
345000 500.000
345200 500.000
345400 500.000
345600 500.000
345800 500.000
346000 500.000
346200 500.000
346400 500.000
346600 500.000
346800 500.000
347000 500.000
347200 500.000
347400 500.000
347600 500.000
347800 500.000
348000 500.000
348200 500.000
348400 500.000
348600 500.000
348800 500.000
349000 500.000
349200 500.000
349400 500.000
349600 500.000
349800 500.000
350000 500.000
350200 500.000
350400 500.000
350600 500.000
350800 500.000
351000 500.000
351200 500.000
351400 500.000
351600 500.000
351800 500.000
352000 500.000
352200 500.000
352400 500.000
352600 500.000
352800 500.000
353000 500.000
353200 500.000
353400 500.000
353600 500.000
353800 500.000
354000 500.000
354200 500.000
354400 500.000
354600 500.000
354800 500.000
355000 500.000
355200 500.000
355400 500.000
355600 500.000
355800 500.000
356000 500.000
356200 500.000
356400 500.000
356600 500.000
356800 500.000
357000 500.000
357200 500.000
357400 500.000
357600 500.000
357800 500.000
358000 500.000
358200 500.000
358400 500.000
358600 500.000
358800 500.000
359000 500.000
359200 500.000
359400 500.000
359600 500.000
359800 500.000
360000 500.000
360200 500.000
360400 500.000
360600 500.000
360800 500.000
361000 500.000
361200 500.000
361400 500.000
361600 500.000
361800 500.000
362000 500.000
362200 500.000
362400 500.000
362600 500.000
362800 500.000
363000 500.000
363200 500.000
363400 500.000
363600 500.000
363800 500.000
364000 500.000
364200 500.000
364400 500.000
364600 500.000
364800 500.000
365000 500.000
365200 500.000
365400 500.000
365600 500.000
365800 500.000
366000 500.000
366200 500.000
366400 500.000
366600 500.000
366800 500.000
367000 500.000
367200 500.000
367400 500.000
367600 500.000
367800 500.000
368000 500.000
368200 500.000
368400 500.000
368600 500.000
368800 500.000
369000 500.000
369200 500.000
369400 500.000
369600 500.000
369800 500.000
370000 500.000
370200 500.000
370400 500.000
370600 500.000
370800 500.000
371000 500.000
371200 500.000
371400 500.000
371600 500.000
371800 500.000
372000 500.000
372200 500.000
372400 500.000
372600 500.000
372800 500.000
373000 500.000
373200 500.000
373400 500.000
373600 500.000
373800 500.000
374000 500.000
374200 500.000
374400 500.000
374600 500.000
374800 500.000
375000 500.000
375200 500.000
375400 500.000
375600 500.000
375800 500.000
376000 500.000
376200 500.000
376400 500.000
376600 500.000
376800 500.000
377000 500.000
377200 500.000
377400 500.000
377600 500.000
377800 500.000
378000 500.000
378200 500.000
378400 500.000
378600 500.000
378800 500.000
379000 500.000
379200 500.000
379400 500.000
379600 500.000
379800 500.000
380000 500.000
380200 500.000
380400 500.000
380600 500.000
380800 500.000
381000 500.000
381200 500.000
381400 500.000
381600 500.000
381800 500.000
382000 500.000
382200 500.000
382400 500.000
382600 500.000
382800 500.000
383000 500.000
383200 500.000
383400 500.000
383600 500.000
383800 500.000
384000 500.000
384200 500.000
384400 500.000
384600 500.000
384800 500.000
385000 500.000
385200 500.000
385400 500.000
385600 500.000
385800 500.000
386000 500.000
386200 500.000
386400 500.000
386600 500.000
386800 500.000
387000 500.000
387200 500.000
387400 500.000
387600 500.000
387800 500.000
388000 500.000
388200 500.000
388400 500.000
388600 500.000
388800 500.000
389000 500.000
389200 500.000
389400 500.000
389600 500.000
389800 500.000
390000 500.000
390200 500.000
390400 500.000
390600 500.000
390800 500.000
391000 500.000
391200 500.000
391400 500.000
391600 500.000
391800 500.000
392000 500.000
392200 500.000
392400 500.000
392600 500.000
392800 500.000
393000 500.000
393200 500.000
393400 500.000
393600 500.000
393800 500.000
394000 500.000
394200 500.000
394400 500.000
394600 500.000
394800 500.000
395000 500.000
395200 500.000
395400 500.000
395600 500.000
395800 500.000
396000 500.000
396200 500.000
396400 500.000
396600 500.000
396800 500.000
397000 500.000
397200 500.000
397400 500.000
397600 500.000
397800 500.000
398000 500.000
398200 500.000
398400 500.000
398600 500.000
398800 500.000
399000 500.000
399200 500.000
399400 500.000
399600 500.000
399800 500.000
400000 500.000
400200 500.000
400400 500.000
400600 500.000
400800 500.000
401000 500.000
401200 500.000
401400 500.000
401600 500.000
401800 500.000
402000 500.000
402200 500.000
402400 500.000
402600 500.000
402800 500.000
403000 500.000
403200 500.000
403400 500.000
403600 500.000
403800 500.000
404000 500.000
404200 500.000
404400 500.000
404600 500.000
404800 500.000
405000 500.000
405200 500.000
405400 500.000
405600 500.000
405800 500.000
406000 500.000
406200 500.000
406400 500.000
406600 500.000
406800 500.000
407000 500.000
407200 500.000
407400 500.000
407600 500.000
407800 500.000
408000 500.000
408200 500.000
408400 500.000
408600 500.000
408800 500.000
409000 500.000
409200 500.000
409400 500.000
409600 500.000
409800 500.000
410000 500.000
410200 500.000
410400 500.000
410600 500.000
410800 500.000
411000 500.000
411200 500.000
411400 500.000
411600 500.000
411800 500.000
412000 500.000
412200 500.000
412400 500.000
412600 500.000
412800 500.000
413000 500.000
413200 500.000
413400 500.000
413600 500.000
413800 500.000
414000 500.000
414200 500.000
414400 500.000
414600 500.000
414800 500.000
415000 500.000
415200 500.000
415400 500.000
415600 500.000
415800 500.000
416000 500.000
416200 500.000
416400 500.000
416600 500.000
416800 500.000
417000 500.000
417200 500.000
417400 500.000
417600 500.000
417800 500.000
418000 500.000
418200 500.000
418400 500.000
418600 500.000
418800 500.000
419000 500.000
419200 500.000
419400 500.000
419600 500.000
419800 500.000
420000 500.000
420200 500.000
420400 500.000
420600 500.000
420800 500.000
421000 500.000
421200 500.000
421400 500.000
421600 500.000
421800 500.000
422000 500.000
422200 500.000
422400 500.000
422600 500.000
422800 500.000
423000 500.000
423200 500.000
423400 500.000
423600 500.000
423800 500.000
424000 500.000
424200 500.000
424400 500.000
424600 500.000
424800 500.000
425000 500.000
425200 500.000
425400 500.000
425600 500.000
425800 500.000
426000 500.000
426200 500.000
426400 500.000
426600 500.000
426800 500.000
427000 500.000
427200 500.000
427400 500.000
427600 500.000
427800 500.000
428000 500.000
428200 500.000
428400 500.000
428600 500.000
428800 500.000
429000 500.000
429200 500.000
429400 500.000
429600 500.000
429800 500.000
430000 500.000
430200 500.000
430400 500.000
430600 500.000
430800 500.000
431000 500.000
431200 500.000
431400 500.000
431600 500.000
431800 500.000
432000 500.000
432200 500.000
432400 500.000
432600 500.000
432800 500.000
433000 500.000
433200 500.000
433400 500.000
433600 500.000
433800 500.000
434000 500.000
434200 500.000
434400 500.000
434600 500.000
434800 500.000
435000 500.000
435200 500.000
435400 500.000
435600 500.000
435800 500.000
436000 500.000
436200 500.000
436400 500.000
436600 500.000
436800 500.000
437000 500.000
437200 500.000
437400 500.000
437600 500.000
437800 500.000
438000 500.000
438200 500.000
438400 500.000
438600 500.000
438800 500.000
439000 500.000
439200 500.000
439400 500.000
439600 500.000
439800 500.000
440000 500.000
440200 500.000
440400 500.000
440600 500.000
440800 500.000
441000 500.000
441200 500.000
441400 500.000
441600 500.000
441800 500.000
442000 500.000
442200 500.000
442400 500.000
442600 500.000
442800 500.000
443000 500.000
443200 500.000
443400 500.000
443600 500.000
443800 500.000
444000 500.000
444200 500.000
444400 500.000
444600 500.000
444800 500.000
445000 500.000
445200 500.000
445400 500.000
445600 500.000
445800 500.000
446000 500.000
446200 500.000
446400 500.000
446600 500.000
446800 500.000
447000 500.000
447200 500.000
447400 500.000
447600 500.000
447800 500.000
448000 500.000
448200 500.000
448400 500.000
448600 500.000
448800 500.000
449000 500.000
449200 500.000
449400 500.000
449600 500.000
449800 500.000
450000 500.000
450200 500.000
450400 500.000
450600 500.000
450800 500.000
451000 500.000
451200 500.000
451400 500.000
451600 500.000
451800 500.000
452000 500.000
452200 500.000
452400 500.000
452600 500.000
452800 500.000
453000 500.000
453200 500.000
453400 500.000
453600 500.000
453800 500.000
454000 500.000
454200 500.000
454400 500.000
454600 500.000
454800 500.000
455000 500.000
455200 500.000
455400 500.000
455600 500.000
455800 500.000
456000 500.000
456200 500.000
456400 500.000
456600 500.000
456800 500.000
457000 500.000
457200 500.000
457400 500.000
457600 500.000
457800 500.000
458000 500.000
458200 500.000
458400 500.000
458600 500.000
458800 500.000
459000 500.000
459200 500.000
459400 500.000
459600 500.000
459800 500.000
460000 500.000
460200 500.000
460400 500.000
460600 500.000
460800 500.000
461000 500.000
461200 500.000
461400 500.000
461600 500.000
461800 500.000
462000 500.000
462200 500.000
462400 500.000
462600 500.000
462800 500.000
463000 500.000
463200 500.000
463400 500.000
463600 500.000
463800 500.000
464000 500.000
464200 500.000
464400 500.000
464600 500.000
464800 500.000
465000 500.000
465200 500.000
465400 500.000
465600 500.000
465800 500.000
466000 500.000
466200 500.000
466400 500.000
466600 500.000
466800 500.000
467000 500.000
467200 500.000
467400 500.000
467600 500.000
467800 500.000
468000 500.000
468200 500.000
468400 500.000
468600 500.000
468800 500.000
469000 500.000
469200 500.000
469400 500.000
469600 500.000
469800 500.000
470000 500.000
470200 500.000
470400 500.000
470600 500.000
470800 500.000
471000 500.000
471200 500.000
471400 500.000
471600 500.000
471800 500.000
472000 500.000
472200 500.000
472400 500.000
472600 500.000
472800 500.000
473000 500.000
473200 500.000
473400 500.000
473600 500.000
473800 500.000
474000 500.000
474200 500.000
474400 500.000
474600 500.000
474800 500.000
475000 500.000
475200 500.000
475400 500.000
475600 500.000
475800 500.000
476000 500.000
476200 500.000
476400 500.000
476600 500.000
476800 500.000
477000 500.000
477200 500.000
477400 500.000
477600 500.000
477800 500.000
478000 500.000
478200 500.000
478400 500.000
478600 500.000
478800 500.000
479000 500.000
479200 500.000
479400 500.000
479600 500.000
479800 500.000
480000 500.000
480200 500.000
480400 500.000
480600 500.000
480800 500.000
481000 500.000
481200 500.000
481400 500.000
481600 500.000
481800 500.000
482000 500.000
482200 500.000
482400 500.000
482600 500.000
482800 500.000
483000 500.000
483200 500.000
483400 500.000
483600 500.000
483800 500.000
484000 500.000
484200 500.000
484400 500.000
484600 500.000
484800 500.000
485000 500.000
485200 500.000
485400 500.000
485600 500.000
485800 500.000
486000 500.000
486200 500.000
486400 500.000
486600 500.000
486800 500.000
487000 500.000
487200 500.000
487400 500.000
487600 500.000
487800 500.000
488000 500.000
488200 500.000
488400 500.000
488600 500.000
488800 500.000
489000 500.000
489200 500.000
489400 500.000
489600 500.000
489800 500.000
490000 500.000
490200 500.000
490400 500.000
490600 500.000
490800 500.000
491000 500.000
491200 500.000
491400 500.000
491600 500.000
491800 500.000
492000 500.000
492200 500.000
492400 500.000
492600 500.000
492800 500.000
493000 500.000
493200 500.000
493400 500.000
493600 500.000
493800 500.000
494000 500.000
494200 500.000
494400 500.000
494600 500.000
494800 500.000
495000 500.000
495200 500.000
495400 500.000
495600 500.000
495800 500.000
496000 500.000
496200 500.000
496400 500.000
496600 500.000
496800 500.000
497000 500.000
497200 500.000
497400 500.000
497600 500.000
497800 500.000
498000 500.000
498200 500.000
498400 500.000
498600 500.000
498800 500.000
499000 500.000
499200 500.000
499400 500.000
499600 500.000
499800 500.000
500000 500.000
500200 500.000
500400 500.000
500600 500.000
500800 500.000
501000 500.000
501200 500.000
501400 500.000
501600 500.000
501800 500.000
502000 500.000
502200 500.000
502400 500.000
502600 500.000
502800 500.000
503000 500.000
503200 500.000
503400 500.000
503600 500.000
503800 500.000
504000 500.000
504200 500.000
504400 500.000
504600 500.000
504800 500.000
505000 500.000
505200 500.000
505400 500.000
505600 500.000
505800 500.000
506000 500.000
506200 500.000
506400 500.000
506600 500.000
506800 500.000
507000 500.000
507200 500.000
507400 500.000
507600 500.000
507800 500.000
508000 500.000
508200 500.000
508400 500.000
508600 500.000
508800 500.000
509000 500.000
509200 500.000
509400 500.000
509600 500.000
509800 500.000
510000 500.000
510200 500.000
510400 500.000
510600 500.000
510800 500.000
511000 500.000
511200 500.000
511400 500.000
511600 500.000
511800 500.000
512000 500.000
512200 500.000
512400 500.000
512600 500.000
512800 500.000
513000 500.000
513200 500.000
513400 500.000
513600 500.000
513800 500.000
514000 500.000
514200 500.000
514400 500.000
514600 500.000
514800 500.000
515000 500.000
515200 500.000
515400 500.000
515600 500.000
515800 500.000
516000 500.000
516200 500.000
516400 500.000
516600 500.000
516800 500.000
517000 500.000
517200 500.000
517400 500.000
517600 500.000
517800 500.000
518000 500.000
518200 500.000
518400 500.000
518600 500.000
518800 500.000
519000 500.000
519200 500.000
519400 500.000
519600 500.000
519800 500.000
520000 500.000
520200 500.000
520400 500.000
520600 500.000
520800 500.000
521000 500.000
521200 500.000
521400 500.000
521600 500.000
521800 500.000
522000 500.000
522200 500.000
522400 500.000
522600 500.000
522800 500.000
523000 500.000
523200 500.000
523400 500.000
523600 500.000
523800 500.000
524000 500.000
524200 500.000
524400 500.000
524600 500.000
524800 500.000
525000 500.000
525200 500.000
525400 500.000
525600 500.000
525800 500.000
526000 500.000
526200 500.000
526400 500.000
526600 500.000
526800 500.000
527000 500.000
527200 500.000
527400 500.000
527600 500.000
527800 500.000
528000 500.000
528200 500.000
528400 500.000
528600 500.000
528800 500.000
529000 500.000
529200 500.000
529400 500.000
529600 500.000
529800 500.000
530000 500.000
530200 500.000
530400 500.000
530600 500.000
530800 500.000
531000 500.000
531200 500.000
531400 500.000
531600 500.000
531800 500.000
532000 500.000
532200 500.000
532400 500.000
532600 500.000
532800 500.000
533000 500.000
533200 500.000
533400 500.000
533600 500.000
533800 500.000
534000 500.000
534200 500.000
534400 500.000
534600 500.000
534800 500.000
535000 500.000
535200 500.000
535400 500.000
535600 500.000
535800 500.000
536000 500.000
536200 500.000
536400 500.000
536600 500.000
536800 500.000
537000 500.000
537200 500.000
537400 500.000
537600 500.000
537800 500.000
538000 500.000
538200 500.000
538400 500.000
538600 500.000
538800 500.000
539000 500.000
539200 500.000
539400 500.000
539600 500.000
539800 500.000
540000 500.000
540200 500.000
540400 500.000
540600 500.000
540800 500.000
541000 500.000
541200 500.000
541400 500.000
541600 500.000
541800 500.000
542000 500.000
542200 500.000
542400 500.000
542600 500.000
542800 500.000
543000 500.000
543200 500.000
543400 500.000
543600 500.000
543800 500.000
544000 500.000
544200 500.000
544400 500.000
544600 500.000
544800 500.000
545000 500.000
545200 500.000
545400 500.000
545600 500.000
545800 500.000
546000 500.000
546200 500.000
546400 500.000
546600 500.000
546800 500.000
547000 500.000
547200 500.000
547400 500.000
547600 500.000
547800 500.000
548000 500.000
548200 500.000
548400 500.000
548600 500.000
548800 500.000
549000 500.000
549200 500.000
549400 500.000
549600 500.000
549800 500.000
550000 500.000
550200 500.000
550400 500.000
550600 500.000
550800 500.000
551000 500.000
551200 500.000
551400 500.000
551600 500.000
551800 500.000
552000 500.000
552200 500.000
552400 500.000
552600 500.000
552800 500.000
553000 500.000
553200 500.000
553400 500.000
553600 500.000
553800 500.000
554000 500.000
554200 500.000
554400 500.000
554600 500.000
554800 500.000
555000 500.000
555200 500.000
555400 500.000
555600 500.000
555800 500.000
556000 500.000
556200 500.000
556400 500.000
556600 500.000
556800 500.000
557000 500.000
557200 500.000
557400 500.000
557600 500.000
557800 500.000
558000 500.000
558200 500.000
558400 500.000
558600 500.000
558800 500.000
559000 500.000
559200 500.000
559400 500.000
559600 500.000
559800 500.000
560000 500.000
560200 500.000
560400 500.000
560600 500.000
560800 500.000
561000 500.000
561200 500.000
561400 500.000
561600 500.000
561800 500.000
562000 500.000
562200 500.000
562400 500.000
562600 500.000
562800 500.000
563000 500.000
563200 500.000
563400 500.000
563600 500.000
563800 500.000
564000 500.000
564200 500.000
564400 500.000
564600 500.000
564800 500.000
565000 500.000
565200 500.000
565400 500.000
565600 500.000
565800 500.000
566000 500.000
566200 500.000
566400 500.000
566600 500.000
566800 500.000
567000 500.000
567200 500.000
567400 500.000
567600 500.000
567800 500.000
568000 500.000
568200 500.000
568400 500.000
568600 500.000
568800 500.000
569000 500.000
569200 500.000
569400 500.000
569600 500.000
569800 500.000
570000 500.000
570200 500.000
570400 500.000
570600 500.000
570800 500.000
571000 500.000
571200 500.000
571400 500.000
571600 500.000
571800 500.000
572000 500.000
572200 500.000
572400 500.000
572600 500.000
572800 500.000
573000 500.000
573200 500.000
573400 500.000
573600 500.000
573800 500.000
574000 500.000
574200 500.000
574400 500.000
574600 500.000
574800 500.000
575000 500.000
575200 500.000
575400 500.000
575600 500.000
575800 500.000
576000 500.000
576200 500.000
576400 500.000
576600 500.000
576800 500.000
577000 500.000
577200 500.000
577400 500.000
577600 500.000
577800 500.000
578000 500.000
578200 500.000
578400 500.000
578600 500.000
578800 500.000
579000 500.000
579200 500.000
579400 500.000
579600 500.000
579800 500.000
580000 500.000
580200 500.000
580400 500.000
580600 500.000
580800 500.000
581000 500.000
581200 500.000
581400 500.000
581600 500.000
581800 500.000
582000 500.000
582200 500.000
582400 500.000
582600 500.000
582800 500.000
583000 500.000
583200 500.000
583400 500.000
583600 500.000
583800 500.000
584000 500.000
584200 500.000
584400 500.000
584600 500.000
584800 500.000
585000 500.000
585200 500.000
585400 500.000
585600 500.000
585800 500.000
586000 500.000
586200 500.000
586400 500.000
586600 500.000
586800 500.000
587000 500.000
587200 500.000
587400 500.000
587600 500.000
587800 500.000
588000 500.000
588200 500.000
588400 500.000
588600 500.000
588800 500.000
589000 500.000
589200 500.000
589400 500.000
589600 500.000
589800 500.000
590000 500.000
590200 500.000
590400 500.000
590600 500.000
590800 500.000
591000 500.000
591200 500.000
591400 500.000
591600 500.000
591800 500.000
592000 500.000
592200 500.000
592400 500.000
592600 500.000
592800 500.000
593000 500.000
593200 500.000
593400 500.000
593600 500.000
593800 500.000
594000 500.000
594200 500.000
594400 500.000
594600 500.000
594800 500.000
595000 500.000
595200 500.000
595400 500.000
595600 500.000
595800 500.000
596000 500.000
596200 500.000
596400 500.000
596600 500.000
596800 500.000
597000 500.000
597200 500.000
597400 500.000
597600 500.000
597800 500.000
598000 500.000
598200 500.000
598400 500.000
598600 500.000
598800 500.000
599000 500.000
599200 500.000
599400 500.000
599600 500.000
599800 500.000
600000 500.000
600200 500.000
600400 500.000
600600 500.000
600800 500.000
601000 500.000
601200 500.000
601400 500.000
601600 500.000
601800 500.000
602000 500.000
602200 500.000
602400 500.000
602600 500.000
602800 500.000
603000 500.000
603200 500.000
603400 500.000
603600 500.000
603800 500.000
604000 500.000
604200 500.000
604400 500.000
604600 500.000
604800 500.000
605000 500.000
605200 500.000
605400 500.000
605600 500.000
605800 500.000
606000 500.000
606200 500.000
606400 500.000
606600 500.000
606800 500.000
607000 500.000
607200 500.000
607400 500.000
607600 500.000
607800 500.000
608000 500.000
608200 500.000
608400 500.000
608600 500.000
608800 500.000
609000 500.000
609200 500.000
609400 500.000
609600 500.000
609800 500.000
610000 500.000
610200 500.000
610400 500.000
610600 500.000
610800 500.000
611000 500.000
611200 500.000
611400 500.000
611600 500.000
611800 500.000
612000 500.000
612200 500.000
612400 500.000
612600 500.000
612800 500.000
613000 500.000
613200 500.000
613400 500.000
613600 500.000
613800 500.000
614000 500.000
614200 500.000
614400 500.000
614600 500.000
614800 500.000
615000 500.000
615200 500.000
615400 500.000
615600 500.000
615800 500.000
616000 500.000
616200 500.000
616400 500.000
616600 500.000
616800 500.000
617000 500.000
617200 500.000
617400 500.000
617600 500.000
617800 500.000
618000 500.000
618200 500.000
618400 500.000
618600 500.000
618800 500.000
619000 500.000
619200 500.000
619400 500.000
619600 500.000
619800 500.000
620000 500.000
620200 500.000
620400 500.000
620600 500.000
620800 500.000
621000 500.000
621200 500.000
621400 500.000
621600 500.000
621800 500.000
622000 500.000
622200 500.000
622400 500.000
622600 500.000
622800 500.000
623000 500.000
623200 500.000
623400 500.000
623600 500.000
623800 500.000
624000 500.000
624200 500.000
624400 500.000
624600 500.000
624800 500.000
625000 500.000
625200 500.000
625400 500.000
625600 500.000
625800 500.000
626000 500.000
626200 500.000
626400 500.000
626600 500.000
626800 500.000
627000 500.000
627200 500.000
627400 500.000
627600 500.000
627800 500.000
628000 500.000
628200 500.000
628400 500.000
628600 500.000
628800 500.000
629000 500.000
629200 500.000
629400 500.000
629600 500.000
629800 500.000
630000 500.000
630200 500.000
630400 500.000
630600 500.000
630800 500.000
631000 500.000
631200 500.000
631400 500.000
631600 500.000
631800 500.000
632000 500.000
632200 500.000
632400 500.000
632600 500.000
632800 500.000
633000 500.000
633200 500.000
633400 500.000
633600 500.000
633800 500.000
634000 500.000
634200 500.000
634400 500.000
634600 500.000
634800 500.000
635000 500.000
635200 500.000
635400 500.000
635600 500.000
635800 500.000
636000 500.000
636200 500.000
636400 500.000
636600 500.000
636800 500.000
637000 500.000
637200 500.000
637400 500.000
637600 500.000
637800 500.000
638000 500.000
638200 500.000
638400 500.000
638600 500.000
638800 500.000
639000 500.000
639200 500.000
639400 500.000
639600 500.000
639800 500.000
640000 500.000
640200 500.000
640400 500.000
640600 500.000
640800 500.000
641000 500.000
641200 500.000
641400 500.000
641600 500.000
641800 500.000
642000 500.000
642200 500.000
642400 500.000
642600 500.000
642800 500.000
643000 500.000
643200 500.000
643400 500.000
643600 500.000
643800 500.000
644000 500.000
644200 500.000
644400 500.000
644600 500.000
644800 500.000
645000 500.000
645200 500.000
645400 500.000
645600 500.000
645800 500.000
646000 500.000
646200 500.000
646400 500.000
646600 500.000
646800 500.000
647000 500.000
647200 500.000
647400 500.000
647600 500.000
647800 500.000
648000 500.000
648200 500.000
648400 500.000
648600 500.000
648800 500.000
649000 500.000
649200 500.000
649400 500.000
649600 500.000
649800 500.000
650000 500.000
650200 500.000
650400 500.000
650600 500.000
650800 500.000
651000 500.000
651200 500.000
651400 500.000
651600 500.000
651800 500.000
652000 500.000
652200 500.000
652400 500.000
652600 500.000
652800 500.000
653000 500.000
653200 500.000
653400 500.000
653600 500.000
653800 500.000
654000 500.000
654200 500.000
654400 500.000
654600 500.000
654800 500.000
655000 500.000
655200 500.000
655400 500.000
655600 500.000
655800 500.000
656000 500.000
656200 500.000
656400 500.000
656600 500.000
656800 500.000
657000 500.000
657200 500.000
657400 500.000
657600 500.000
657800 500.000
658000 500.000
658200 500.000
658400 500.000
658600 500.000
658800 500.000
659000 500.000
659200 500.000
659400 500.000
659600 500.000
659800 500.000
660000 500.000
660200 500.000
660400 500.000
660600 500.000
660800 500.000
661000 500.000
661200 500.000
661400 500.000
661600 500.000
661800 500.000
662000 500.000
662200 500.000
662400 500.000
662600 500.000
662800 500.000
663000 500.000
663200 500.000
663400 500.000
663600 500.000
663800 500.000
664000 500.000
664200 500.000
664400 500.000
664600 500.000
664800 500.000
665000 500.000
665200 500.000
665400 500.000
665600 500.000
665800 500.000
666000 500.000
666200 500.000
666400 500.000
666600 500.000
666800 500.000
667000 500.000
667200 500.000
667400 500.000
667600 500.000
667800 500.000
668000 500.000
668200 500.000
668400 500.000
668600 500.000
668800 500.000
669000 500.000
669200 500.000
669400 500.000
669600 500.000
669800 500.000
670000 500.000
670200 500.000
670400 500.000
670600 500.000
670800 500.000
671000 500.000
671200 500.000
671400 500.000
671600 500.000
671800 500.000
672000 500.000
672200 500.000
672400 500.000
672600 500.000
672800 500.000
673000 500.000
673200 500.000
673400 500.000
673600 500.000
673800 500.000
674000 500.000
674200 500.000
674400 500.000
674600 500.000
674800 500.000
675000 500.000
675200 500.000
675400 500.000
675600 500.000
675800 500.000
676000 500.000
676200 500.000
676400 500.000
676600 500.000
676800 500.000
677000 500.000
677200 500.000
677400 500.000
677600 500.000
677800 500.000
678000 500.000
678200 500.000
678400 500.000
678600 500.000
678800 500.000
679000 500.000
679200 500.000
679400 500.000
679600 500.000
679800 500.000
680000 500.000
680200 500.000
680400 500.000
680600 500.000
680800 500.000
681000 500.000
681200 500.000
681400 500.000
681600 500.000
681800 500.000
682000 500.000
682200 500.000
682400 500.000
682600 500.000
682800 500.000
683000 500.000
683200 500.000
683400 500.000
683600 500.000
683800 500.000
684000 500.000
684200 500.000
684400 500.000
684600 500.000
684800 500.000
685000 500.000
685200 500.000
685400 500.000
685600 500.000
685800 500.000
686000 500.000
686200 500.000
686400 500.000
686600 500.000
686800 500.000
687000 500.000
687200 500.000
687400 500.000
687600 500.000
687800 500.000
688000 500.000
688200 500.000
688400 500.000
688600 500.000
688800 500.000
689000 500.000
689200 500.000
689400 500.000
689600 500.000
689800 500.000
690000 500.000
690200 500.000
690400 500.000
690600 500.000
690800 500.000
691000 500.000
691200 500.000
691400 500.000
691600 500.000
691800 500.000
692000 500.000
692200 500.000
692400 500.000
692600 500.000
692800 500.000
693000 500.000
693200 500.000
693400 500.000
693600 500.000
693800 500.000
694000 500.000
694200 500.000
694400 500.000
694600 500.000
694800 500.000
695000 500.000
695200 500.000
695400 500.000
695600 500.000
695800 500.000
696000 500.000
696200 500.000
696400 500.000
696600 500.000
696800 500.000
697000 500.000
697200 500.000
697400 500.000
697600 500.000
697800 500.000
698000 500.000
698200 500.000
698400 500.000
698600 500.000
698800 500.000
699000 500.000
699200 500.000
699400 500.000
699600 500.000
699800 500.000
700000 500.000
700200 500.000
700400 500.000
700600 500.000
700800 500.000
701000 500.000
701200 500.000
701400 500.000
701600 500.000
701800 500.000
702000 500.000
702200 500.000
702400 500.000
702600 500.000
702800 500.000
703000 500.000
703200 500.000
703400 500.000
703600 500.000
703800 500.000
704000 500.000
704200 500.000
704400 500.000
704600 500.000
704800 500.000
705000 500.000
705200 500.000
705400 500.000
705600 500.000
705800 500.000
706000 500.000
706200 500.000
706400 500.000
706600 500.000
706800 500.000
707000 500.000
707200 500.000
707400 500.000
707600 500.000
707800 500.000
708000 500.000
708200 500.000
708400 500.000
708600 500.000
708800 500.000
709000 500.000
709200 500.000
709400 500.000
709600 500.000
709800 500.000
710000 500.000
710200 500.000
710400 500.000
710600 500.000
710800 500.000
711000 500.000
711200 500.000
711400 500.000
711600 500.000
711800 500.000
712000 500.000
712200 500.000
712400 500.000
712600 500.000
712800 500.000
713000 500.000
713200 500.000
713400 500.000
713600 500.000
713800 500.000
714000 500.000
714200 500.000
714400 500.000
714600 500.000
714800 500.000
715000 500.000
715200 500.000
715400 500.000
715600 500.000
715800 500.000
716000 500.000
716200 500.000
716400 500.000
716600 500.000
716800 500.000
717000 500.000
717200 500.000
717400 500.000
717600 500.000
717800 500.000
718000 500.000
718200 500.000
718400 500.000
718600 500.000
718800 500.000
719000 500.000
719200 500.000
719400 500.000
719600 500.000
719800 500.000
720000 500.000
720200 500.000
720400 500.000
720600 500.000
720800 500.000
721000 500.000
721200 500.000
721400 500.000
721600 500.000
721800 500.000
722000 500.000
722200 500.000
722400 500.000
722600 500.000
722800 500.000
723000 500.000
723200 500.000
723400 500.000
723600 500.000
723800 500.000
724000 500.000
724200 500.000
724400 500.000
724600 500.000
724800 500.000
725000 500.000
725200 500.000
725400 500.000
725600 500.000
725800 500.000
726000 500.000
726200 500.000
726400 500.000
726600 500.000
726800 500.000
727000 500.000
727200 500.000
727400 500.000
727600 500.000
727800 500.000
728000 500.000
728200 500.000
728400 500.000
728600 500.000
728800 500.000
729000 500.000
729200 500.000
729400 500.000
729600 500.000
729800 500.000
730000 500.000
730200 500.000
730400 500.000
730600 500.000
730800 500.000
731000 500.000
731200 500.000
731400 500.000
731600 500.000
731800 500.000
732000 500.000
732200 500.000
732400 500.000
732600 500.000
732800 500.000
733000 500.000
733200 500.000
733400 500.000
733600 500.000
733800 500.000
734000 500.000
734200 500.000
734400 500.000
734600 500.000
734800 500.000
735000 500.000
735200 500.000
735400 500.000
735600 500.000
735800 500.000
736000 500.000
736200 500.000
736400 500.000
736600 500.000
736800 500.000
737000 500.000
737200 500.000
737400 500.000
737600 500.000
737800 500.000
738000 500.000
738200 500.000
738400 500.000
738600 500.000
738800 500.000
739000 500.000
739200 500.000
739400 500.000
739600 500.000
739800 500.000
740000 500.000
740200 500.000
740400 500.000
740600 500.000
740800 500.000
741000 500.000
741200 500.000
741400 500.000
741600 500.000
741800 500.000
742000 500.000
742200 500.000
742400 500.000
742600 500.000
742800 500.000
743000 500.000
743200 500.000
743400 500.000
743600 500.000
743800 500.000
744000 500.000
744200 500.000
744400 500.000
744600 500.000
744800 500.000
745000 500.000
745200 500.000
745400 500.000
745600 500.000
745800 500.000
746000 500.000
746200 500.000
746400 500.000
746600 500.000
746800 500.000
747000 500.000
747200 500.000
747400 500.000
747600 500.000
747800 500.000
748000 500.000
748200 500.000
748400 500.000
748600 500.000
748800 500.000
749000 500.000
749200 500.000
749400 500.000
749600 500.000
749800 500.000
750000 500.000
750200 500.000
750400 500.000
750600 500.000
750800 500.000
751000 500.000
751200 500.000
751400 500.000
751600 500.000
751800 500.000
752000 500.000
752200 500.000
752400 500.000
752600 500.000
752800 500.000
753000 500.000
753200 500.000
753400 500.000
753600 500.000
753800 500.000
754000 500.000
754200 500.000
754400 500.000
754600 500.000
754800 500.000
755000 500.000
755200 500.000
755400 500.000
755600 500.000
755800 500.000
756000 500.000
756200 500.000
756400 500.000
756600 500.000
756800 500.000
757000 500.000
757200 500.000
757400 500.000
757600 500.000
757800 500.000
758000 500.000
758200 500.000
758400 500.000
758600 500.000
758800 500.000
759000 500.000
759200 500.000
759400 500.000
759600 500.000
759800 500.000
760000 500.000
760200 500.000
760400 500.000
760600 500.000
760800 500.000
761000 500.000
761200 500.000
761400 500.000
761600 500.000
761800 500.000
762000 500.000
762200 500.000
762400 500.000
762600 500.000
762800 500.000
763000 500.000
763200 500.000
763400 500.000
763600 500.000
763800 500.000
764000 500.000
764200 500.000
764400 500.000
764600 500.000
764800 500.000
765000 500.000
765200 500.000
765400 500.000
765600 500.000
765800 500.000
766000 500.000
766200 500.000
766400 500.000
766600 500.000
766800 500.000
767000 500.000
767200 500.000
767400 500.000
767600 500.000
767800 500.000
768000 500.000
768200 500.000
768400 500.000
768600 500.000
768800 500.000
769000 500.000
769200 500.000
769400 500.000
769600 500.000
769800 500.000
770000 500.000
770200 500.000
770400 500.000
770600 500.000
770800 500.000
771000 500.000
771200 500.000
771400 500.000
771600 500.000
771800 500.000
772000 500.000
772200 500.000
772400 500.000
772600 500.000
772800 500.000
773000 500.000
773200 500.000
773400 500.000
773600 500.000
773800 500.000
774000 500.000
774200 500.000
774400 500.000
774600 500.000
774800 500.000
775000 500.000
775200 500.000
775400 500.000
775600 500.000
775800 500.000
776000 500.000
776200 500.000
776400 500.000
776600 500.000
776800 500.000
777000 500.000
777200 500.000
777400 500.000
777600 500.000
777800 500.000
778000 500.000
778200 500.000
778400 500.000
778600 500.000
778800 500.000
779000 500.000
779200 500.000
779400 500.000
779600 500.000
779800 500.000
780000 500.000
780200 500.000
780400 500.000
780600 500.000
780800 500.000
781000 500.000
781200 500.000
781400 500.000
781600 500.000
781800 500.000
782000 500.000
782200 500.000
782400 500.000
782600 500.000
782800 500.000
783000 500.000
783200 500.000
783400 500.000
783600 500.000
783800 500.000
784000 500.000
784200 500.000
784400 500.000
784600 500.000
784800 500.000
785000 500.000
785200 500.000
785400 500.000
785600 500.000
785800 500.000
786000 500.000
786200 500.000
786400 500.000
786600 500.000
786800 500.000
787000 500.000
787200 500.000
787400 500.000
787600 500.000
787800 500.000
788000 500.000
788200 500.000
788400 500.000
788600 500.000
788800 500.000
789000 500.000
789200 500.000
789400 500.000
789600 500.000
789800 500.000
790000 500.000
790200 500.000
790400 500.000
790600 500.000
790800 500.000
791000 500.000
791200 500.000
791400 500.000
791600 500.000
791800 500.000
792000 500.000
792200 500.000
792400 500.000
792600 500.000
792800 500.000
793000 500.000
793200 500.000
793400 500.000
793600 500.000
793800 500.000
794000 500.000
794200 500.000
794400 500.000
794600 500.000
794800 500.000
795000 500.000
795200 500.000
795400 500.000
795600 500.000
795800 500.000
796000 500.000
796200 500.000
796400 500.000
796600 500.000
796800 500.000
797000 500.000
797200 500.000
797400 500.000
797600 500.000
797800 500.000
798000 500.000
798200 500.000
798400 500.000
798600 500.000
798800 500.000
799000 500.000
799200 500.000
799400 500.000
799600 500.000
799800 500.000
800000 500.000
800200 500.000
800400 500.000
800600 500.000
800800 500.000
801000 500.000
801200 500.000
801400 500.000
801600 500.000
801800 500.000
802000 500.000
802200 500.000
802400 500.000
802600 500.000
802800 500.000
803000 500.000
803200 500.000
803400 500.000
803600 500.000
803800 500.000
804000 500.000
804200 500.000
804400 500.000
804600 500.000
804800 500.000
805000 500.000
805200 500.000
805400 500.000
805600 500.000
805800 500.000
806000 500.000
806200 500.000
806400 500.000
806600 500.000
806800 500.000
807000 500.000
807200 500.000
807400 500.000
807600 500.000
807800 500.000
808000 500.000
808200 500.000
808400 500.000
808600 500.000
808800 500.000
809000 500.000
809200 500.000
809400 500.000
809600 500.000
809800 500.000
810000 500.000
810200 500.000
810400 500.000
810600 500.000
810800 500.000
811000 500.000
811200 500.000
811400 500.000
811600 500.000
811800 500.000
812000 500.000
812200 500.000
812400 500.000
812600 500.000
812800 500.000
813000 500.000
813200 500.000
813400 500.000
813600 500.000
813800 500.000
814000 500.000
814200 500.000
814400 500.000
814600 500.000
814800 500.000
815000 500.000
815200 500.000
815400 500.000
815600 500.000
815800 500.000
816000 500.000
816200 500.000
816400 500.000
816600 500.000
816800 500.000
817000 500.000
817200 500.000
817400 500.000
817600 500.000
817800 500.000
818000 500.000
818200 500.000
818400 500.000
818600 500.000
818800 500.000
819000 500.000
819200 500.000
819400 500.000
819600 500.000
819800 500.000
820000 500.000
820200 500.000
820400 500.000
820600 500.000
820800 500.000
821000 500.000
821200 500.000
821400 500.000
821600 500.000
821800 500.000
822000 500.000
822200 500.000
822400 500.000
822600 500.000
822800 500.000
823000 500.000
823200 500.000
823400 500.000
823600 500.000
823800 500.000
824000 500.000
824200 500.000
824400 500.000
824600 500.000
824800 500.000
825000 500.000
825200 500.000
825400 500.000
825600 500.000
825800 500.000
826000 500.000
826200 500.000
826400 500.000
826600 500.000
826800 500.000
827000 500.000
827200 500.000
827400 500.000
827600 500.000
827800 500.000
828000 500.000
828200 500.000
828400 500.000
828600 500.000
828800 500.000
829000 500.000
829200 500.000
829400 500.000
829600 500.000
829800 500.000
830000 500.000
830200 500.000
830400 500.000
830600 500.000
830800 500.000
831000 500.000
831200 500.000
831400 500.000
831600 500.000
831800 500.000
832000 500.000
832200 500.000
832400 500.000
832600 500.000
832800 500.000
833000 500.000
833200 500.000
833400 500.000
833600 500.000
833800 500.000
834000 500.000
834200 500.000
834400 500.000
834600 500.000
834800 500.000
835000 500.000
835200 500.000
835400 500.000
835600 500.000
835800 500.000
836000 500.000
836200 500.000
836400 500.000
836600 500.000
836800 500.000
837000 500.000
837200 500.000
837400 500.000
837600 500.000
837800 500.000
838000 500.000
838200 500.000
838400 500.000
838600 500.000
838800 500.000
839000 500.000
839200 500.000
839400 500.000
839600 500.000
839800 500.000
840000 500.000
840200 500.000
840400 500.000
840600 500.000
840800 500.000
841000 500.000
841200 500.000
841400 500.000
841600 500.000
841800 500.000
842000 500.000
842200 500.000
842400 500.000
842600 500.000
842800 500.000
843000 500.000
843200 500.000
843400 500.000
843600 500.000
843800 500.000
844000 500.000
844200 500.000
844400 500.000
844600 500.000
844800 500.000
845000 500.000
845200 500.000
845400 500.000
845600 500.000
845800 500.000
846000 500.000
846200 500.000
846400 500.000
846600 500.000
846800 500.000
847000 500.000
847200 500.000
847400 500.000
847600 500.000
847800 500.000
848000 500.000
848200 500.000
848400 500.000
848600 500.000
848800 500.000
849000 500.000
849200 500.000
849400 500.000
849600 500.000
849800 500.000
850000 500.000
850200 500.000
850400 500.000
850600 500.000
850800 500.000
851000 500.000
851200 500.000
851400 500.000
851600 500.000
851800 500.000
852000 500.000
852200 500.000
852400 500.000
852600 500.000
852800 500.000
853000 500.000
853200 500.000
853400 500.000
853600 500.000
853800 500.000
854000 500.000
854200 500.000
854400 500.000
854600 500.000
854800 500.000
855000 500.000
855200 500.000
855400 500.000
855600 500.000
855800 500.000
856000 500.000
856200 500.000
856400 500.000
856600 500.000
856800 500.000
857000 500.000
857200 500.000
857400 500.000
857600 500.000
857800 500.000
858000 500.000
858200 500.000
858400 500.000
858600 500.000
858800 500.000
859000 500.000
859200 500.000
859400 500.000
859600 500.000
859800 500.000
860000 500.000
860200 500.000
860400 500.000
860600 500.000
860800 500.000
861000 500.000
861200 500.000
861400 500.000
861600 500.000
861800 500.000
862000 500.000
862200 500.000
862400 500.000
862600 500.000
862800 500.000
863000 500.000
863200 500.000
863400 500.000
863600 500.000
863800 500.000
864000 500.000
864200 500.000
864400 500.000
864600 500.000
864800 500.000
865000 500.000
865200 500.000
865400 500.000
865600 500.000
865800 500.000
866000 500.000
866200 500.000
866400 500.000
866600 500.000
866800 500.000
867000 500.000
867200 500.000
867400 500.000
867600 500.000
867800 500.000
868000 500.000
868200 500.000
868400 500.000
868600 500.000
868800 500.000
869000 500.000
869200 500.000
869400 500.000
869600 500.000
869800 500.000
870000 500.000
870200 500.000
870400 500.000
870600 500.000
870800 500.000
871000 500.000
871200 500.000
871400 500.000
871600 500.000
871800 500.000
872000 500.000
872200 500.000
872400 500.000
872600 500.000
872800 500.000
873000 500.000
873200 500.000
873400 500.000
873600 500.000
873800 500.000
874000 500.000
874200 500.000
874400 500.000
874600 500.000
874800 500.000
875000 500.000
875200 500.000
875400 500.000
875600 500.000
875800 500.000
876000 500.000
876200 500.000
876400 500.000
876600 500.000
876800 500.000
877000 500.000
877200 500.000
877400 500.000
877600 500.000
877800 500.000
878000 500.000
878200 500.000
878400 500.000
878600 500.000
878800 500.000
879000 500.000
879200 500.000
879400 500.000
879600 500.000
879800 500.000
880000 500.000
880200 500.000
880400 500.000
880600 500.000
880800 500.000
881000 500.000
881200 500.000
881400 500.000
881600 500.000
881800 500.000
882000 500.000
882200 500.000
882400 500.000
882600 500.000
882800 500.000
883000 500.000
883200 500.000
883400 500.000
883600 500.000
883800 500.000
884000 500.000
884200 500.000
884400 500.000
884600 500.000
884800 500.000
885000 500.000
885200 500.000
885400 500.000
885600 500.000
885800 500.000
886000 500.000
886200 500.000
886400 500.000
886600 500.000
886800 500.000
887000 500.000
887200 500.000
887400 500.000
887600 500.000
887800 500.000
888000 500.000
888200 500.000
888400 500.000
888600 500.000
888800 500.000
889000 500.000
889200 500.000
889400 500.000
889600 500.000
889800 500.000
890000 500.000
890200 500.000
890400 500.000
890600 500.000
890800 500.000
891000 500.000
891200 500.000
891400 500.000
891600 500.000
891800 500.000
892000 500.000
892200 500.000
892400 500.000
892600 500.000
892800 500.000
893000 500.000
893200 500.000
893400 500.000
893600 500.000
893800 500.000
894000 500.000
894200 500.000
894400 500.000
894600 500.000
894800 500.000
895000 500.000
895200 500.000
895400 500.000
895600 500.000
895800 500.000
896000 500.000
896200 500.000
896400 500.000
896600 500.000
896800 500.000
897000 500.000
897200 500.000
897400 500.000
897600 500.000
897800 500.000
898000 500.000
898200 500.000
898400 500.000
898600 500.000
898800 500.000
899000 500.000
899200 500.000
899400 500.000
899600 500.000
899800 500.000
900000 500.000
900200 500.000
900400 500.000
900600 500.000
900800 500.000
901000 500.000
901200 500.000
901400 500.000
901600 500.000
901800 500.000
902000 500.000
902200 500.000
902400 500.000
902600 500.000
902800 500.000
903000 500.000
903200 500.000
903400 500.000
903600 500.000
903800 500.000
904000 500.000
904200 500.000
904400 500.000
904600 500.000
904800 500.000
905000 500.000
905200 500.000
905400 500.000
905600 500.000
905800 500.000
906000 500.000
906200 500.000
906400 500.000
906600 500.000
906800 500.000
907000 500.000
907200 500.000
907400 500.000
907600 500.000
907800 500.000
908000 500.000
908200 500.000
908400 500.000
908600 500.000
908800 500.000
909000 500.000
909200 500.000
909400 500.000
909600 500.000
909800 500.000
910000 500.000
910200 500.000
910400 500.000
910600 500.000
910800 500.000
911000 500.000
911200 500.000
911400 500.000
911600 500.000
911800 500.000
912000 500.000
912200 500.000
912400 500.000
912600 500.000
912800 500.000
913000 500.000
913200 500.000
913400 500.000
913600 500.000
913800 500.000
914000 500.000
914200 500.000
914400 500.000
914600 500.000
914800 500.000
915000 500.000
915200 500.000
915400 500.000
915600 500.000
915800 500.000
916000 500.000
916200 500.000
916400 500.000
916600 500.000
916800 500.000
917000 500.000
917200 500.000
917400 500.000
917600 500.000
917800 500.000
918000 500.000
918200 500.000
918400 500.000
918600 500.000
918800 500.000
919000 500.000
919200 500.000
919400 500.000
919600 500.000
919800 500.000
920000 500.000
920200 500.000
920400 500.000
920600 500.000
920800 500.000
921000 500.000
921200 500.000
921400 500.000
921600 500.000
921800 500.000
922000 500.000
922200 500.000
922400 500.000
922600 500.000
922800 500.000
923000 500.000
923200 500.000
923400 500.000
923600 500.000
923800 500.000
924000 500.000
924200 500.000
924400 500.000
924600 500.000
924800 500.000
925000 500.000
925200 500.000
925400 500.000
925600 500.000
925800 500.000
926000 500.000
926200 500.000
926400 500.000
926600 500.000
926800 500.000
927000 500.000
927200 500.000
927400 500.000
927600 500.000
927800 500.000
928000 500.000
928200 500.000
928400 500.000
928600 500.000
928800 500.000
929000 500.000
929200 500.000
929400 500.000
929600 500.000
929800 500.000
930000 500.000
930200 500.000
930400 500.000
930600 500.000
930800 500.000
931000 500.000
931200 500.000
931400 500.000
931600 500.000
931800 500.000
932000 500.000
932200 500.000
932400 500.000
932600 500.000
932800 500.000
933000 500.000
933200 500.000
933400 500.000
933600 500.000
933800 500.000
934000 500.000
934200 500.000
934400 500.000
934600 500.000
934800 500.000
935000 500.000
935200 500.000
935400 500.000
935600 500.000
935800 500.000
936000 500.000
936200 500.000
936400 500.000
936600 500.000
936800 500.000
937000 500.000
937200 500.000
937400 500.000
937600 500.000
937800 500.000
938000 500.000
938200 500.000
938400 500.000
938600 500.000
938800 500.000
939000 500.000
939200 500.000
939400 500.000
939600 500.000
939800 500.000
940000 500.000
940200 500.000
940400 500.000
940600 500.000
940800 500.000
941000 500.000
941200 500.000
941400 500.000
941600 500.000
941800 500.000
942000 500.000
942200 500.000
942400 500.000
942600 500.000
942800 500.000
943000 500.000
943200 500.000
943400 500.000
943600 500.000
943800 500.000
944000 500.000
944200 500.000
944400 500.000
944600 500.000
944800 500.000
945000 500.000
945200 500.000
945400 500.000
945600 500.000
945800 500.000
946000 500.000
946200 500.000
946400 500.000
946600 500.000
946800 500.000
947000 500.000
947200 500.000
947400 500.000
947600 500.000
947800 500.000
948000 500.000
948200 500.000
948400 500.000
948600 500.000
948800 500.000
949000 500.000
949200 500.000
949400 500.000
949600 500.000
949800 500.000
950000 500.000
950200 500.000
950400 500.000
950600 500.000
950800 500.000
951000 500.000
951200 500.000
951400 500.000
951600 500.000
951800 500.000
952000 500.000
952200 500.000
952400 500.000
952600 500.000
952800 500.000
953000 500.000
953200 500.000
953400 500.000
953600 500.000
953800 500.000
954000 500.000
954200 500.000
954400 500.000
954600 500.000
954800 500.000
955000 500.000
955200 500.000
955400 500.000
955600 500.000
955800 500.000
956000 500.000
956200 500.000
956400 500.000
956600 500.000
956800 500.000
957000 500.000
957200 500.000
957400 500.000
957600 500.000
957800 500.000
958000 500.000
958200 500.000
958400 500.000
958600 500.000
958800 500.000
959000 500.000
959200 500.000
959400 500.000
959600 500.000
959800 500.000
960000 500.000
960200 500.000
960400 500.000
960600 500.000
960800 500.000
961000 500.000
961200 500.000
961400 500.000
961600 500.000
961800 500.000
962000 500.000
962200 500.000
962400 500.000
962600 500.000
962800 500.000
963000 500.000
963200 500.000
963400 500.000
963600 500.000
963800 500.000
964000 500.000
964200 500.000
964400 500.000
964600 500.000
964800 500.000
965000 500.000
965200 500.000
965400 500.000
965600 500.000
965800 500.000
966000 500.000
966200 500.000
966400 500.000
966600 500.000
966800 500.000
967000 500.000
967200 500.000
967400 500.000
967600 500.000
967800 500.000
968000 500.000
968200 500.000
968400 500.000
968600 500.000
968800 500.000
969000 500.000
969200 500.000
969400 500.000
969600 500.000
969800 500.000
970000 500.000
970200 500.000
970400 500.000
970600 500.000
970800 500.000
971000 500.000
971200 500.000
971400 500.000
971600 500.000
971800 500.000
972000 500.000
972200 500.000
972400 500.000
972600 500.000
972800 500.000
973000 500.000
973200 500.000
973400 500.000
973600 500.000
973800 500.000
974000 500.000
974200 500.000
974400 500.000
974600 500.000
974800 500.000
975000 500.000
975200 500.000
975400 500.000
975600 500.000
975800 500.000
976000 500.000
976200 500.000
976400 500.000
976600 500.000
976800 500.000
977000 500.000
977200 500.000
977400 500.000
977600 500.000
977800 500.000
978000 500.000
978200 500.000
978400 500.000
978600 500.000
978800 500.000
979000 500.000
979200 500.000
979400 500.000
979600 500.000
979800 500.000
980000 500.000
980200 500.000
980400 500.000
980600 500.000
980800 500.000
981000 500.000
981200 500.000
981400 500.000
981600 500.000
981800 500.000
982000 500.000
982200 500.000
982400 500.000
982600 500.000
982800 500.000
983000 500.000
983200 500.000
983400 500.000
983600 500.000
983800 500.000
984000 500.000
984200 500.000
984400 500.000
984600 500.000
984800 500.000
985000 500.000
985200 500.000
985400 500.000
985600 500.000
985800 500.000
986000 500.000
986200 500.000
986400 500.000
986600 500.000
986800 500.000
987000 500.000
987200 500.000
987400 500.000
987600 500.000
987800 500.000
988000 500.000
988200 500.000
988400 500.000
988600 500.000
988800 500.000
989000 500.000
989200 500.000
989400 500.000
989600 500.000
989800 500.000
990000 500.000
990200 500.000
990400 500.000
990600 500.000
990800 500.000
991000 500.000
991200 500.000
991400 500.000
991600 500.000
991800 500.000
992000 500.000
992200 500.000
992400 500.000
992600 500.000
992800 500.000
993000 500.000
993200 500.000
993400 500.000
993600 500.000
993800 500.000
994000 500.000
994200 500.000
994400 500.000
994600 500.000
994800 500.000
995000 500.000
995200 500.000
995400 500.000
995600 500.000
995800 500.000
996000 500.000
996200 500.000
996400 500.000
996600 500.000
996800 500.000
997000 500.000
997200 500.000
997400 500.000
997600 500.000
997800 500.000
998000 500.000
998200 500.000
998400 500.000
998600 500.000
998800 500.000
999000 500.000
999200 500.000
999400 500.000
999600 500.000
999800 500.000
1000000 0.100
