200 77
400 77
600 77
800 77
1000 77
1200 77
1400 77
1600 77
1800 77
2000 77
2200 77
2400 77
2600 77
2800 77
3000 77
3200 77
3400 77
3600 77
3800 77
4000 77
4200 77
4400 77
4600 77
4800 77
5000 77
5200 77
5400 77
5600 77
5800 77
6000 77
6200 77
6400 77
6600 77
6800 77
7000 77
7200 77
7400 77
7600 77
7800 77
8000 77
8200 77
8400 77
8600 77
8800 77
9000 77
9200 77
9400 77
9600 77
9800 77
10000 77
10200 77
10400 77
10600 77
10800 77
11000 77
11200 77
11400 77
11600 77
11800 77
12000 77
12200 77
12400 77
12600 77
12800 77
13000 77
13200 77
13400 77
13600 77
13800 77
14000 77
14200 77
14400 77
14600 77
14800 77
15000 77
15200 77
15400 77
15600 77
15800 77
16000 77
16200 77
16400 77
16600 77
16800 77
17000 77
17200 77
17400 77
17600 77
17800 77
18000 77
18200 77
18400 77
18600 77
18800 77
19000 77
19200 77
19400 77
19600 77
19800 77
20000 77
20200 77
20400 77
20600 77
20800 77
21000 77
21200 77
21400 77
21600 77
21800 77
22000 77
22200 77
22400 77
22600 77
22800 77
23000 77
23200 77
23400 77
23600 77
23800 77
24000 77
24200 77
24400 77
24600 77
24800 77
25000 77
25200 77
25400 77
25600 77
25800 77
26000 77
26200 77
26400 77
26600 77
26800 77
27000 77
27200 77
27400 77
27600 77
27800 77
28000 77
28200 77
28400 77
28600 77
28800 77
29000 77
29200 77
29400 77
29600 77
29800 77
30000 77
30200 77
30400 77
30600 77
30800 77
31000 77
31200 77
31400 77
31600 77
31800 77
32000 77
32200 77
32400 77
32600 77
32800 77
33000 77
33200 77
33400 77
33600 77
33800 77
34000 77
34200 77
34400 77
34600 77
34800 77
35000 77
35200 77
35400 77
35600 77
35800 77
36000 77
36200 77
36400 77
36600 77
36800 77
37000 77
37200 77
37400 77
37600 77
37800 77
38000 77
38200 77
38400 77
38600 77
38800 77
39000 77
39200 77
39400 77
39600 77
39800 77
40000 77
40200 77
40400 77
40600 77
40800 77
41000 77
41200 77
41400 77
41600 77
41800 77
42000 77
42200 77
42400 77
42600 77
42800 77
43000 77
43200 77
43400 77
43600 77
43800 77
44000 77
44200 77
44400 77
44600 77
44800 77
45000 77
45200 77
45400 77
45600 77
45800 77
46000 77
46200 77
46400 77
46600 77
46800 77
47000 77
47200 77
47400 77
47600 77
47800 77
48000 77
48200 77
48400 77
48600 77
48800 77
49000 77
49200 77
49400 77
49600 77
49800 77
50000 77
50200 77
50400 77
50600 77
50800 77
51000 77
51200 77
51400 77
51600 77
51800 77
52000 77
52200 77
52400 77
52600 77
52800 77
53000 77
53200 77
53400 77
53600 77
53800 77
54000 77
54200 77
54400 77
54600 77
54800 77
55000 77
55200 77
55400 77
55600 77
55800 77
56000 77
56200 77
56400 77
56600 77
56800 77
57000 77
57200 77
57400 77
57600 77
57800 77
58000 77
58200 77
58400 77
58600 77
58800 77
59000 77
59200 77
59400 77
59600 77
59800 77
60000 77
60200 77
60400 77
60600 77
60800 77
61000 77
61200 77
61400 77
61600 77
61800 77
62000 77
62200 77
62400 77
62600 77
62800 77
63000 77
63200 77
63400 77
63600 77
63800 77
64000 77
64200 77
64400 77
64600 77
64800 77
65000 77
65200 77
65400 77
65600 77
65800 77
66000 77
66200 77
66400 77
66600 77
66800 77
67000 77
67200 77
67400 77
67600 77
67800 77
68000 77
68200 77
68400 77
68600 77
68800 77
69000 77
69200 77
69400 77
69600 77
69800 77
70000 77
70200 77
70400 77
70600 77
70800 77
71000 77
71200 77
71400 77
71600 77
71800 77
72000 77
72200 77
72400 77
72600 77
72800 77
73000 77
73200 77
73400 77
73600 77
73800 77
74000 77
74200 77
74400 77
74600 77
74800 77
75000 77
75200 77
75400 77
75600 77
75800 77
76000 77
76200 77
76400 77
76600 77
76800 77
77000 77
77200 77
77400 77
77600 77
77800 77
78000 77
78200 77
78400 77
78600 77
78800 77
79000 77
79200 77
79400 77
79600 77
79800 77
80000 77
80200 77
80400 77
80600 77
80800 77
81000 77
81200 77
81400 77
81600 77
81800 77
82000 77
82200 77
82400 77
82600 77
82800 77
83000 77
83200 77
83400 77
83600 77
83800 77
84000 77
84200 77
84400 77
84600 77
84800 77
85000 77
85200 77
85400 77
85600 77
85800 77
86000 77
86200 77
86400 77
86600 77
86800 77
87000 77
87200 77
87400 77
87600 77
87800 77
88000 77
88200 77
88400 77
88600 77
88800 77
89000 77
89200 77
89400 77
89600 77
89800 77
90000 77
90200 77
90400 77
90600 77
90800 77
91000 77
91200 77
91400 77
91600 77
91800 77
92000 77
92200 77
92400 77
92600 77
92800 77
93000 77
93200 77
93400 77
93600 77
93800 77
94000 77
94200 77
94400 77
94600 77
94800 77
95000 77
95200 77
95400 77
95600 77
95800 77
96000 77
96200 77
96400 77
96600 77
96800 77
97000 77
97200 77
97400 77
97600 77
97800 77
98000 77
98200 77
98400 77
98600 77
98800 77
99000 77
99200 77
99400 77
99600 77
99800 77
100000 77
100200 77
100400 77
100600 77
100800 77
101000 77
101200 77
101400 77
101600 77
101800 77
102000 77
102200 77
102400 77
102600 77
102800 77
103000 77
103200 77
103400 77
103600 77
103800 77
104000 77
104200 77
104400 77
104600 77
104800 77
105000 77
105200 77
105400 77
105600 77
105800 77
106000 77
106200 77
106400 77
106600 77
106800 77
107000 77
107200 77
107400 77
107600 77
107800 77
108000 77
108200 77
108400 77
108600 77
108800 77
109000 77
109200 77
109400 77
109600 77
109800 77
110000 77
110200 77
110400 77
110600 77
110800 77
111000 77
111200 77
111400 77
111600 77
111800 77
112000 77
112200 77
112400 77
112600 77
112800 77
113000 77
113200 77
113400 77
113600 77
113800 77
114000 77
114200 77
114400 77
114600 77
114800 77
115000 77
115200 77
115400 77
115600 77
115800 77
116000 77
116200 77
116400 77
116600 77
116800 77
117000 77
117200 77
117400 77
117600 77
117800 77
118000 77
118200 77
118400 77
118600 77
118800 77
119000 77
119200 77
119400 77
119600 77
119800 77
120000 77
120200 77
120400 77
120600 77
120800 77
121000 77
121200 77
121400 77
121600 77
121800 77
122000 77
122200 77
122400 77
122600 77
122800 77
123000 77
123200 77
123400 77
123600 77
123800 77
124000 77
124200 77
124400 77
124600 77
124800 77
125000 77
125200 77
125400 77
125600 77
125800 77
126000 77
126200 77
126400 77
126600 77
126800 77
127000 77
127200 77
127400 77
127600 77
127800 77
128000 77
128200 77
128400 77
128600 77
128800 77
129000 77
129200 77
129400 77
129600 77
129800 77
130000 77
130200 77
130400 77
130600 77
130800 77
131000 77
131200 77
131400 77
131600 77
131800 77
132000 77
132200 77
132400 77
132600 77
132800 77
133000 77
133200 77
133400 77
133600 77
133800 77
134000 77
134200 77
134400 77
134600 77
134800 77
135000 77
135200 77
135400 77
135600 77
135800 77
136000 77
136200 77
136400 77
136600 77
136800 77
137000 77
137200 77
137400 77
137600 77
137800 77
138000 77
138200 77
138400 77
138600 77
138800 77
139000 77
139200 77
139400 77
139600 77
139800 77
140000 77
140200 77
140400 77
140600 77
140800 77
141000 77
141200 77
141400 77
141600 77
141800 77
142000 77
142200 77
142400 77
142600 77
142800 77
143000 77
143200 77
143400 77
143600 77
143800 77
144000 77
144200 77
144400 77
144600 77
144800 77
145000 77
145200 77
145400 77
145600 77
145800 77
146000 77
146200 77
146400 77
146600 77
146800 77
147000 77
147200 77
147400 77
147600 77
147800 77
148000 77
148200 77
148400 77
148600 77
148800 77
149000 77
149200 77
149400 77
149600 77
149800 77
150000 77
150200 77
150400 77
150600 77
150800 77
151000 77
151200 77
151400 77
151600 77
151800 77
152000 77
152200 77
152400 77
152600 77
152800 77
153000 77
153200 77
153400 77
153600 77
153800 77
154000 77
154200 77
154400 77
154600 77
154800 77
155000 77
155200 77
155400 77
155600 77
155800 77
156000 77
156200 77
156400 77
156600 77
156800 77
157000 77
157200 77
157400 77
157600 77
157800 77
158000 77
158200 77
158400 77
158600 77
158800 77
159000 77
159200 77
159400 77
159600 77
159800 77
160000 77
160200 77
160400 77
160600 77
160800 77
161000 77
161200 77
161400 77
161600 77
161800 77
162000 77
162200 77
162400 77
162600 77
162800 77
163000 77
163200 77
163400 77
163600 77
163800 77
164000 77
164200 77
164400 77
164600 77
164800 77
165000 77
165200 77
165400 77
165600 77
165800 77
166000 77
166200 77
166400 77
166600 77
166800 77
167000 77
167200 77
167400 77
167600 77
167800 77
168000 77
168200 77
168400 77
168600 77
168800 77
169000 77
169200 77
169400 77
169600 77
169800 77
170000 77
170200 77
170400 77
170600 77
170800 77
171000 77
171200 77
171400 77
171600 77
171800 77
172000 77
172200 77
172400 77
172600 77
172800 77
173000 77
173200 77
173400 77
173600 77
173800 77
174000 77
174200 77
174400 77
174600 77
174800 77
175000 77
175200 77
175400 77
175600 77
175800 77
176000 77
176200 77
176400 77
176600 77
176800 77
177000 77
177200 77
177400 77
177600 77
177800 77
178000 77
178200 77
178400 77
178600 77
178800 77
179000 77
179200 77
179400 77
179600 77
179800 77
180000 77
180200 77
180400 77
180600 77
180800 77
181000 77
181200 77
181400 77
181600 77
181800 77
182000 77
182200 77
182400 77
182600 77
182800 77
183000 77
183200 77
183400 77
183600 77
183800 77
184000 77
184200 77
184400 77
184600 77
184800 77
185000 77
185200 77
185400 77
185600 77
185800 77
186000 77
186200 77
186400 77
186600 77
186800 77
187000 77
187200 77
187400 77
187600 77
187800 77
188000 77
188200 77
188400 77
188600 77
188800 77
189000 77
189200 77
189400 77
189600 77
189800 77
190000 77
190200 77
190400 77
190600 77
190800 77
191000 77
191200 77
191400 77
191600 77
191800 77
192000 77
192200 77
192400 77
192600 77
192800 77
193000 77
193200 77
193400 77
193600 77
193800 77
194000 77
194200 77
194400 77
194600 77
194800 77
195000 77
195200 77
195400 77
195600 77
195800 77
196000 77
196200 77
196400 77
196600 77
196800 77
197000 77
197200 77
197400 77
197600 77
197800 77
198000 77
198200 77
198400 77
198600 77
198800 77
199000 77
199200 77
199400 77
199600 77
199800 77
200000 77
200200 77
200400 77
200600 77
200800 77
201000 77
201200 77
201400 77
201600 77
201800 77
202000 77
202200 77
202400 77
202600 77
202800 77
203000 77
203200 77
203400 77
203600 77
203800 77
204000 77
204200 77
204400 77
204600 77
204800 77
205000 77
205200 77
205400 77
205600 77
205800 77
206000 77
206200 77
206400 77
206600 77
206800 77
207000 77
207200 77
207400 77
207600 77
207800 77
208000 77
208200 77
208400 77
208600 77
208800 77
209000 77
209200 77
209400 77
209600 77
209800 77
210000 77
210200 77
210400 77
210600 77
210800 77
211000 77
211200 77
211400 77
211600 77
211800 77
212000 77
212200 77
212400 77
212600 77
212800 77
213000 77
213200 77
213400 77
213600 77
213800 77
214000 77
214200 77
214400 77
214600 77
214800 77
215000 77
215200 77
215400 77
215600 77
215800 77
216000 77
216200 77
216400 77
216600 77
216800 77
217000 77
217200 77
217400 77
217600 77
217800 77
218000 77
218200 77
218400 77
218600 77
218800 77
219000 77
219200 77
219400 77
219600 77
219800 77
220000 77
220200 77
220400 77
220600 77
220800 77
221000 77
221200 77
221400 77
221600 77
221800 77
222000 77
222200 77
222400 77
222600 77
222800 77
223000 77
223200 77
223400 77
223600 77
223800 77
224000 77
224200 77
224400 77
224600 77
224800 77
225000 77
225200 77
225400 77
225600 77
225800 77
226000 77
226200 77
226400 77
226600 77
226800 77
227000 77
227200 77
227400 77
227600 77
227800 77
228000 77
228200 77
228400 77
228600 77
228800 77
229000 77
229200 77
229400 77
229600 77
229800 77
230000 77
230200 77
230400 77
230600 77
230800 77
231000 77
231200 77
231400 77
231600 77
231800 77
232000 77
232200 77
232400 77
232600 77
232800 77
233000 77
233200 77
233400 77
233600 77
233800 77
234000 77
234200 77
234400 77
234600 77
234800 77
235000 77
235200 77
235400 77
235600 77
235800 77
236000 77
236200 77
236400 77
236600 77
236800 77
237000 77
237200 77
237400 77
237600 77
237800 77
238000 77
238200 77
238400 77
238600 77
238800 77
239000 77
239200 77
239400 77
239600 77
239800 77
240000 77
240200 77
240400 77
240600 77
240800 77
241000 77
241200 77
241400 77
241600 77
241800 77
242000 77
242200 77
242400 77
242600 77
242800 77
243000 77
243200 77
243400 77
243600 77
243800 77
244000 77
244200 77
244400 77
244600 77
244800 77
245000 77
245200 77
245400 77
245600 77
245800 77
246000 77
246200 77
246400 77
246600 77
246800 77
247000 77
247200 77
247400 77
247600 77
247800 77
248000 77
248200 77
248400 77
248600 77
248800 77
249000 77
249200 77
249400 77
249600 77
249800 77
250000 77
250200 77
250400 77
250600 77
250800 77
251000 77
251200 77
251400 77
251600 77
251800 77
252000 77
252200 77
252400 77
252600 77
252800 77
253000 77
253200 77
253400 77
253600 77
253800 77
254000 77
254200 77
254400 77
254600 77
254800 77
255000 77
255200 77
255400 77
255600 77
255800 77
256000 77
256200 77
256400 77
256600 77
256800 77
257000 77
257200 77
257400 77
257600 77
257800 77
258000 77
258200 77
258400 77
258600 77
258800 77
259000 77
259200 77
259400 77
259600 77
259800 77
260000 77
260200 77
260400 77
260600 77
260800 77
261000 77
261200 77
261400 77
261600 77
261800 77
262000 77
262200 77
262400 77
262600 77
262800 77
263000 77
263200 77
263400 77
263600 77
263800 77
264000 77
264200 77
264400 77
264600 77
264800 77
265000 77
265200 77
265400 77
265600 77
265800 77
266000 77
266200 77
266400 77
266600 77
266800 77
267000 77
267200 77
267400 77
267600 77
267800 77
268000 77
268200 77
268400 77
268600 77
268800 77
269000 77
269200 77
269400 77
269600 77
269800 77
270000 77
270200 77
270400 77
270600 77
270800 77
271000 77
271200 77
271400 77
271600 77
271800 77
272000 77
272200 77
272400 77
272600 77
272800 77
273000 77
273200 77
273400 77
273600 77
273800 77
274000 77
274200 77
274400 77
274600 77
274800 77
275000 77
275200 77
275400 77
275600 77
275800 77
276000 77
276200 77
276400 77
276600 77
276800 77
277000 77
277200 77
277400 77
277600 77
277800 77
278000 77
278200 77
278400 77
278600 77
278800 77
279000 77
279200 77
279400 77
279600 77
279800 77
280000 77
280200 77
280400 77
280600 77
280800 77
281000 77
281200 77
281400 77
281600 77
281800 77
282000 77
282200 77
282400 77
282600 77
282800 77
283000 77
283200 77
283400 77
283600 77
283800 77
284000 77
284200 77
284400 77
284600 77
284800 77
285000 77
285200 77
285400 77
285600 77
285800 77
286000 77
286200 77
286400 77
286600 77
286800 77
287000 77
287200 77
287400 77
287600 77
287800 77
288000 77
288200 77
288400 77
288600 77
288800 77
289000 77
289200 77
289400 77
289600 77
289800 77
290000 77
290200 77
290400 77
290600 77
290800 77
291000 77
291200 77
291400 77
291600 77
291800 77
292000 77
292200 77
292400 77
292600 77
292800 77
293000 77
293200 77
293400 77
293600 77
293800 77
294000 77
294200 77
294400 77
294600 77
294800 77
295000 77
295200 77
295400 77
295600 77
295800 77
296000 77
296200 77
296400 77
296600 77
296800 77
297000 77
297200 77
297400 77
297600 77
297800 77
298000 77
298200 77
298400 77
298600 77
298800 77
299000 77
299200 77
299400 77
299600 77
299800 77
300000 77
300200 77
300400 77
300600 77
300800 77
301000 77
301200 77
301400 77
301600 77
301800 77
302000 77
302200 77
302400 77
302600 77
302800 77
303000 77
303200 77
303400 77
303600 77
303800 77
304000 77
304200 77
304400 77
304600 77
304800 77
305000 77
305200 77
305400 77
305600 77
305800 77
306000 77
306200 77
306400 77
306600 77
306800 77
307000 77
307200 77
307400 77
307600 77
307800 77
308000 77
308200 77
308400 77
308600 77
308800 77
309000 77
309200 77
309400 77
309600 77
309800 77
310000 77
310200 77
310400 77
310600 77
310800 77
311000 77
311200 77
311400 77
311600 77
311800 77
312000 77
312200 77
312400 77
312600 77
312800 77
313000 77
313200 77
313400 77
313600 77
313800 77
314000 77
314200 77
314400 77
314600 77
314800 77
315000 77
315200 77
315400 77
315600 77
315800 77
316000 77
316200 77
316400 77
316600 77
316800 77
317000 77
317200 77
317400 77
317600 77
317800 77
318000 77
318200 77
318400 77
318600 77
318800 77
319000 77
319200 77
319400 77
319600 77
319800 77
320000 77
320200 77
320400 77
320600 77
320800 77
321000 77
321200 77
321400 77
321600 77
321800 77
322000 77
322200 77
322400 77
322600 77
322800 77
323000 77
323200 77
323400 77
323600 77
323800 77
324000 77
324200 77
324400 77
324600 77
324800 77
325000 77
325200 77
325400 77
325600 77
325800 77
326000 77
326200 77
326400 77
326600 77
326800 77
327000 77
327200 77
327400 77
327600 77
327800 77
328000 77
328200 77
328400 77
328600 77
328800 77
329000 77
329200 77
329400 77
329600 77
329800 77
330000 77
330200 77
330400 77
330600 77
330800 77
331000 77
331200 77
331400 77
331600 77
331800 77
332000 77
332200 77
332400 77
332600 77
332800 77
333000 77
333200 77
333400 77
333600 77
333800 77
334000 77
334200 77
334400 77
334600 77
334800 77
335000 77
335200 77
335400 77
335600 77
335800 77
336000 77
336200 77
336400 77
336600 77
336800 77
337000 77
337200 77
337400 77
337600 77
337800 77
338000 77
338200 77
338400 77
338600 77
338800 77
339000 77
339200 77
339400 77
339600 77
339800 77
340000 77
340200 77
340400 77
340600 77
340800 77
341000 77
341200 77
341400 77
341600 77
341800 77
342000 77
342200 77
342400 77
342600 77
342800 77
343000 77
343200 77
343400 77
343600 77
343800 77
344000 77
344200 77
344400 77
344600 77
344800 77
345000 77
345200 77
345400 77
345600 77
345800 77
346000 77
346200 77
346400 77
346600 77
346800 77
347000 77
347200 77
347400 77
347600 77
347800 77
348000 77
348200 77
348400 77
348600 77
348800 77
349000 77
349200 77
349400 77
349600 77
349800 77
350000 77
350200 77
350400 77
350600 77
350800 77
351000 77
351200 77
351400 77
351600 77
351800 77
352000 77
352200 77
352400 77
352600 77
352800 77
353000 77
353200 77
353400 77
353600 77
353800 77
354000 77
354200 77
354400 77
354600 77
354800 77
355000 77
355200 77
355400 77
355600 77
355800 77
356000 77
356200 77
356400 77
356600 77
356800 77
357000 77
357200 77
357400 77
357600 77
357800 77
358000 77
358200 77
358400 77
358600 77
358800 77
359000 77
359200 77
359400 77
359600 77
359800 77
360000 77
360200 77
360400 77
360600 77
360800 77
361000 77
361200 77
361400 77
361600 77
361800 77
362000 77
362200 77
362400 77
362600 77
362800 77
363000 77
363200 77
363400 77
363600 77
363800 77
364000 77
364200 77
364400 77
364600 77
364800 77
365000 77
365200 77
365400 77
365600 77
365800 77
366000 77
366200 77
366400 77
366600 77
366800 77
367000 77
367200 77
367400 77
367600 77
367800 77
368000 77
368200 77
368400 77
368600 77
368800 77
369000 77
369200 77
369400 77
369600 77
369800 77
370000 77
370200 77
370400 77
370600 77
370800 77
371000 77
371200 77
371400 77
371600 77
371800 77
372000 77
372200 77
372400 77
372600 77
372800 77
373000 77
373200 77
373400 77
373600 77
373800 77
374000 77
374200 77
374400 77
374600 77
374800 77
375000 77
375200 77
375400 77
375600 77
375800 77
376000 77
376200 77
376400 77
376600 77
376800 77
377000 77
377200 77
377400 77
377600 77
377800 77
378000 77
378200 77
378400 77
378600 77
378800 77
379000 77
379200 77
379400 77
379600 77
379800 77
380000 77
380200 77
380400 77
380600 77
380800 77
381000 77
381200 77
381400 77
381600 77
381800 77
382000 77
382200 77
382400 77
382600 77
382800 77
383000 77
383200 77
383400 77
383600 77
383800 77
384000 77
384200 77
384400 77
384600 77
384800 77
385000 77
385200 77
385400 77
385600 77
385800 77
386000 77
386200 77
386400 77
386600 77
386800 77
387000 77
387200 77
387400 77
387600 77
387800 77
388000 77
388200 77
388400 77
388600 77
388800 77
389000 77
389200 77
389400 77
389600 77
389800 77
390000 77
390200 77
390400 77
390600 77
390800 77
391000 77
391200 77
391400 77
391600 77
391800 77
392000 77
392200 77
392400 77
392600 77
392800 77
393000 77
393200 77
393400 77
393600 77
393800 77
394000 77
394200 77
394400 77
394600 77
394800 77
395000 77
395200 77
395400 77
395600 77
395800 77
396000 77
396200 77
396400 77
396600 77
396800 77
397000 77
397200 77
397400 77
397600 77
397800 77
398000 77
398200 77
398400 77
398600 77
398800 77
399000 77
399200 77
399400 77
399600 77
399800 77
400000 77
400200 77
400400 77
400600 77
400800 77
401000 77
401200 77
401400 77
401600 77
401800 77
402000 77
402200 77
402400 77
402600 77
402800 77
403000 77
403200 77
403400 77
403600 77
403800 77
404000 77
404200 77
404400 77
404600 77
404800 77
405000 77
405200 77
405400 77
405600 77
405800 77
406000 77
406200 77
406400 77
406600 77
406800 77
407000 77
407200 77
407400 77
407600 77
407800 77
408000 77
408200 77
408400 77
408600 77
408800 77
409000 77
409200 77
409400 77
409600 77
409800 77
410000 77
410200 77
410400 77
410600 77
410800 77
411000 77
411200 77
411400 77
411600 77
411800 77
412000 77
412200 77
412400 77
412600 77
412800 77
413000 77
413200 77
413400 77
413600 77
413800 77
414000 77
414200 77
414400 77
414600 77
414800 77
415000 77
415200 77
415400 77
415600 77
415800 77
416000 77
416200 77
416400 77
416600 77
416800 77
417000 77
417200 77
417400 77
417600 77
417800 77
418000 77
418200 77
418400 77
418600 77
418800 77
419000 77
419200 77
419400 77
419600 77
419800 77
420000 77
420200 77
420400 77
420600 77
420800 77
421000 77
421200 77
421400 77
421600 77
421800 77
422000 77
422200 77
422400 77
422600 77
422800 77
423000 77
423200 77
423400 77
423600 77
423800 77
424000 77
424200 77
424400 77
424600 77
424800 77
425000 77
425200 77
425400 77
425600 77
425800 77
426000 77
426200 77
426400 77
426600 77
426800 77
427000 77
427200 77
427400 77
427600 77
427800 77
428000 77
428200 77
428400 77
428600 77
428800 77
429000 77
429200 77
429400 77
429600 77
429800 77
430000 77
430200 77
430400 77
430600 77
430800 77
431000 77
431200 77
431400 77
431600 77
431800 77
432000 77
432200 77
432400 77
432600 77
432800 77
433000 77
433200 77
433400 77
433600 77
433800 77
434000 77
434200 77
434400 77
434600 77
434800 77
435000 77
435200 77
435400 77
435600 77
435800 77
436000 77
436200 77
436400 77
436600 77
436800 77
437000 77
437200 77
437400 77
437600 77
437800 77
438000 77
438200 77
438400 77
438600 77
438800 77
439000 77
439200 77
439400 77
439600 77
439800 77
440000 77
440200 77
440400 77
440600 77
440800 77
441000 77
441200 77
441400 77
441600 77
441800 77
442000 77
442200 77
442400 77
442600 77
442800 77
443000 77
443200 77
443400 77
443600 77
443800 77
444000 77
444200 77
444400 77
444600 77
444800 77
445000 77
445200 77
445400 77
445600 77
445800 77
446000 77
446200 77
446400 77
446600 77
446800 77
447000 77
447200 77
447400 77
447600 77
447800 77
448000 77
448200 77
448400 77
448600 77
448800 77
449000 77
449200 77
449400 77
449600 77
449800 77
450000 77
450200 77
450400 77
450600 77
450800 77
451000 77
451200 77
451400 77
451600 77
451800 77
452000 77
452200 77
452400 77
452600 77
452800 77
453000 77
453200 77
453400 77
453600 77
453800 77
454000 77
454200 77
454400 77
454600 77
454800 77
455000 77
455200 77
455400 77
455600 77
455800 77
456000 77
456200 77
456400 77
456600 77
456800 77
457000 77
457200 77
457400 77
457600 77
457800 77
458000 77
458200 77
458400 77
458600 77
458800 77
459000 77
459200 77
459400 77
459600 77
459800 77
460000 77
460200 77
460400 77
460600 77
460800 77
461000 77
461200 77
461400 77
461600 77
461800 77
462000 77
462200 77
462400 77
462600 77
462800 77
463000 77
463200 77
463400 77
463600 77
463800 77
464000 77
464200 77
464400 77
464600 77
464800 77
465000 77
465200 77
465400 77
465600 77
465800 77
466000 77
466200 77
466400 77
466600 77
466800 77
467000 77
467200 77
467400 77
467600 77
467800 77
468000 77
468200 77
468400 77
468600 77
468800 77
469000 77
469200 77
469400 77
469600 77
469800 77
470000 77
470200 77
470400 77
470600 77
470800 77
471000 77
471200 77
471400 77
471600 77
471800 77
472000 77
472200 77
472400 77
472600 77
472800 77
473000 77
473200 77
473400 77
473600 77
473800 77
474000 77
474200 77
474400 77
474600 77
474800 77
475000 77
475200 77
475400 77
475600 77
475800 77
476000 77
476200 77
476400 77
476600 77
476800 77
477000 77
477200 77
477400 77
477600 77
477800 77
478000 77
478200 77
478400 77
478600 77
478800 77
479000 77
479200 77
479400 77
479600 77
479800 77
480000 77
480200 77
480400 77
480600 77
480800 77
481000 77
481200 77
481400 77
481600 77
481800 77
482000 77
482200 77
482400 77
482600 77
482800 77
483000 77
483200 77
483400 77
483600 77
483800 77
484000 77
484200 77
484400 77
484600 77
484800 77
485000 77
485200 77
485400 77
485600 77
485800 77
486000 77
486200 77
486400 77
486600 77
486800 77
487000 77
487200 77
487400 77
487600 77
487800 77
488000 77
488200 77
488400 77
488600 77
488800 77
489000 77
489200 77
489400 77
489600 77
489800 77
490000 77
490200 77
490400 77
490600 77
490800 77
491000 77
491200 77
491400 77
491600 77
491800 77
492000 77
492200 77
492400 77
492600 77
492800 77
493000 77
493200 77
493400 77
493600 77
493800 77
494000 77
494200 77
494400 77
494600 77
494800 77
495000 77
495200 77
495400 77
495600 77
495800 77
496000 77
496200 77
496400 77
496600 77
496800 77
497000 77
497200 77
497400 77
497600 77
497800 77
498000 77
498200 77
498400 77
498600 77
498800 77
499000 77
499200 77
499400 77
499600 77
499800 77
500000 77
500200 77
500400 77
500600 77
500800 77
501000 77
501200 77
501400 77
501600 77
501800 77
502000 77
502200 77
502400 77
502600 77
502800 77
503000 77
503200 77
503400 77
503600 77
503800 77
504000 77
504200 77
504400 77
504600 77
504800 77
505000 77
505200 77
505400 77
505600 77
505800 77
506000 77
506200 77
506400 77
506600 77
506800 77
507000 77
507200 77
507400 77
507600 77
507800 77
508000 77
508200 77
508400 77
508600 77
508800 77
509000 77
509200 77
509400 77
509600 77
509800 77
510000 77
510200 77
510400 77
510600 77
510800 77
511000 77
511200 77
511400 77
511600 77
511800 77
512000 77
512200 77
512400 77
512600 77
512800 77
513000 77
513200 77
513400 77
513600 77
513800 77
514000 77
514200 77
514400 77
514600 77
514800 77
515000 77
515200 77
515400 77
515600 77
515800 77
516000 77
516200 77
516400 77
516600 77
516800 77
517000 77
517200 77
517400 77
517600 77
517800 77
518000 77
518200 77
518400 77
518600 77
518800 77
519000 77
519200 77
519400 77
519600 77
519800 77
520000 77
520200 77
520400 77
520600 77
520800 77
521000 77
521200 77
521400 77
521600 77
521800 77
522000 77
522200 77
522400 77
522600 77
522800 77
523000 77
523200 77
523400 77
523600 77
523800 77
524000 77
524200 77
524400 77
524600 77
524800 77
525000 77
525200 77
525400 77
525600 77
525800 77
526000 77
526200 77
526400 77
526600 77
526800 77
527000 77
527200 77
527400 77
527600 77
527800 77
528000 77
528200 77
528400 77
528600 77
528800 77
529000 77
529200 77
529400 77
529600 77
529800 77
530000 77
530200 77
530400 77
530600 77
530800 77
531000 77
531200 77
531400 77
531600 77
531800 77
532000 77
532200 77
532400 77
532600 77
532800 77
533000 77
533200 77
533400 77
533600 77
533800 77
534000 77
534200 77
534400 77
534600 77
534800 77
535000 77
535200 77
535400 77
535600 77
535800 77
536000 77
536200 77
536400 77
536600 77
536800 77
537000 77
537200 77
537400 77
537600 77
537800 77
538000 77
538200 77
538400 77
538600 77
538800 77
539000 77
539200 77
539400 77
539600 77
539800 77
540000 77
540200 77
540400 77
540600 77
540800 77
541000 77
541200 77
541400 77
541600 77
541800 77
542000 77
542200 77
542400 77
542600 77
542800 77
543000 77
543200 77
543400 77
543600 77
543800 77
544000 77
544200 77
544400 77
544600 77
544800 77
545000 77
545200 77
545400 77
545600 77
545800 77
546000 77
546200 77
546400 77
546600 77
546800 77
547000 77
547200 77
547400 77
547600 77
547800 77
548000 77
548200 77
548400 77
548600 77
548800 77
549000 77
549200 77
549400 77
549600 77
549800 77
550000 77
550200 77
550400 77
550600 77
550800 77
551000 77
551200 77
551400 77
551600 77
551800 77
552000 77
552200 77
552400 77
552600 77
552800 77
553000 77
553200 77
553400 77
553600 77
553800 77
554000 77
554200 77
554400 77
554600 77
554800 77
555000 77
555200 77
555400 77
555600 77
555800 77
556000 77
556200 77
556400 77
556600 77
556800 77
557000 77
557200 77
557400 77
557600 77
557800 77
558000 77
558200 77
558400 77
558600 77
558800 77
559000 77
559200 77
559400 77
559600 77
559800 77
560000 77
560200 77
560400 77
560600 77
560800 77
561000 77
561200 77
561400 77
561600 77
561800 77
562000 77
562200 77
562400 77
562600 77
562800 77
563000 77
563200 77
563400 77
563600 77
563800 77
564000 77
564200 77
564400 77
564600 77
564800 77
565000 77
565200 77
565400 77
565600 77
565800 77
566000 77
566200 77
566400 77
566600 77
566800 77
567000 77
567200 77
567400 77
567600 77
567800 77
568000 77
568200 77
568400 77
568600 77
568800 77
569000 77
569200 77
569400 77
569600 77
569800 77
570000 77
570200 77
570400 77
570600 77
570800 77
571000 77
571200 77
571400 77
571600 77
571800 77
572000 77
572200 77
572400 77
572600 77
572800 77
573000 77
573200 77
573400 77
573600 77
573800 77
574000 77
574200 77
574400 77
574600 77
574800 77
575000 77
575200 77
575400 77
575600 77
575800 77
576000 77
576200 77
576400 77
576600 77
576800 77
577000 77
577200 77
577400 77
577600 77
577800 77
578000 77
578200 77
578400 77
578600 77
578800 77
579000 77
579200 77
579400 77
579600 77
579800 77
580000 77
580200 77
580400 77
580600 77
580800 77
581000 77
581200 77
581400 77
581600 77
581800 77
582000 77
582200 77
582400 77
582600 77
582800 77
583000 77
583200 77
583400 77
583600 77
583800 77
584000 77
584200 77
584400 77
584600 77
584800 77
585000 77
585200 77
585400 77
585600 77
585800 77
586000 77
586200 77
586400 77
586600 77
586800 77
587000 77
587200 77
587400 77
587600 77
587800 77
588000 77
588200 77
588400 77
588600 77
588800 77
589000 77
589200 77
589400 77
589600 77
589800 77
590000 77
590200 77
590400 77
590600 77
590800 77
591000 77
591200 77
591400 77
591600 77
591800 77
592000 77
592200 77
592400 77
592600 77
592800 77
593000 77
593200 77
593400 77
593600 77
593800 77
594000 77
594200 77
594400 77
594600 77
594800 77
595000 77
595200 77
595400 77
595600 77
595800 77
596000 77
596200 77
596400 77
596600 77
596800 77
597000 77
597200 77
597400 77
597600 77
597800 77
598000 77
598200 77
598400 77
598600 77
598800 77
599000 77
599200 77
599400 77
599600 77
599800 77
600000 77
600200 77
600400 77
600600 77
600800 77
601000 77
601200 77
601400 77
601600 77
601800 77
602000 77
602200 77
602400 77
602600 77
602800 77
603000 77
603200 77
603400 77
603600 77
603800 77
604000 77
604200 77
604400 77
604600 77
604800 77
605000 77
605200 77
605400 77
605600 77
605800 77
606000 77
606200 77
606400 77
606600 77
606800 77
607000 77
607200 77
607400 77
607600 77
607800 77
608000 77
608200 77
608400 77
608600 77
608800 77
609000 77
609200 77
609400 77
609600 77
609800 77
610000 77
610200 77
610400 77
610600 77
610800 77
611000 77
611200 77
611400 77
611600 77
611800 77
612000 77
612200 77
612400 77
612600 77
612800 77
613000 77
613200 77
613400 77
613600 77
613800 77
614000 77
614200 77
614400 77
614600 77
614800 77
615000 77
615200 77
615400 77
615600 77
615800 77
616000 77
616200 77
616400 77
616600 77
616800 77
617000 77
617200 77
617400 77
617600 77
617800 77
618000 77
618200 77
618400 77
618600 77
618800 77
619000 77
619200 77
619400 77
619600 77
619800 77
620000 77
620200 77
620400 77
620600 77
620800 77
621000 77
621200 77
621400 77
621600 77
621800 77
622000 77
622200 77
622400 77
622600 77
622800 77
623000 77
623200 77
623400 77
623600 77
623800 77
624000 77
624200 77
624400 77
624600 77
624800 77
625000 77
625200 77
625400 77
625600 77
625800 77
626000 77
626200 77
626400 77
626600 77
626800 77
627000 77
627200 77
627400 77
627600 77
627800 77
628000 77
628200 77
628400 77
628600 77
628800 77
629000 77
629200 77
629400 77
629600 77
629800 77
630000 77
630200 77
630400 77
630600 77
630800 77
631000 77
631200 77
631400 77
631600 77
631800 77
632000 77
632200 77
632400 77
632600 77
632800 77
633000 77
633200 77
633400 77
633600 77
633800 77
634000 77
634200 77
634400 77
634600 77
634800 77
635000 77
635200 77
635400 77
635600 77
635800 77
636000 77
636200 77
636400 77
636600 77
636800 77
637000 77
637200 77
637400 77
637600 77
637800 77
638000 77
638200 77
638400 77
638600 77
638800 77
639000 77
639200 77
639400 77
639600 77
639800 77
640000 77
640200 77
640400 77
640600 77
640800 77
641000 77
641200 77
641400 77
641600 77
641800 77
642000 77
642200 77
642400 77
642600 77
642800 77
643000 77
643200 77
643400 77
643600 77
643800 77
644000 77
644200 77
644400 77
644600 77
644800 77
645000 77
645200 77
645400 77
645600 77
645800 77
646000 77
646200 77
646400 77
646600 77
646800 77
647000 77
647200 77
647400 77
647600 77
647800 77
648000 77
648200 77
648400 77
648600 77
648800 77
649000 77
649200 77
649400 77
649600 77
649800 77
650000 77
650200 77
650400 77
650600 77
650800 77
651000 77
651200 77
651400 77
651600 77
651800 77
652000 77
652200 77
652400 77
652600 77
652800 77
653000 77
653200 77
653400 77
653600 77
653800 77
654000 77
654200 77
654400 77
654600 77
654800 77
655000 77
655200 77
655400 77
655600 77
655800 77
656000 77
656200 77
656400 77
656600 77
656800 77
657000 77
657200 77
657400 77
657600 77
657800 77
658000 77
658200 77
658400 77
658600 77
658800 77
659000 77
659200 77
659400 77
659600 77
659800 77
660000 77
660200 77
660400 77
660600 77
660800 77
661000 77
661200 77
661400 77
661600 77
661800 77
662000 77
662200 77
662400 77
662600 77
662800 77
663000 77
663200 77
663400 77
663600 77
663800 77
664000 77
664200 77
664400 77
664600 77
664800 77
665000 77
665200 77
665400 77
665600 77
665800 77
666000 77
666200 77
666400 77
666600 77
666800 77
667000 77
667200 77
667400 77
667600 77
667800 77
668000 77
668200 77
668400 77
668600 77
668800 77
669000 77
669200 77
669400 77
669600 77
669800 77
670000 77
670200 77
670400 77
670600 77
670800 77
671000 77
671200 77
671400 77
671600 77
671800 77
672000 77
672200 77
672400 77
672600 77
672800 77
673000 77
673200 77
673400 77
673600 77
673800 77
674000 77
674200 77
674400 77
674600 77
674800 77
675000 77
675200 77
675400 77
675600 77
675800 77
676000 77
676200 77
676400 77
676600 77
676800 77
677000 77
677200 77
677400 77
677600 77
677800 77
678000 77
678200 77
678400 77
678600 77
678800 77
679000 77
679200 77
679400 77
679600 77
679800 77
680000 77
680200 77
680400 77
680600 77
680800 77
681000 77
681200 77
681400 77
681600 77
681800 77
682000 77
682200 77
682400 77
682600 77
682800 77
683000 77
683200 77
683400 77
683600 77
683800 77
684000 77
684200 77
684400 77
684600 77
684800 77
685000 77
685200 77
685400 77
685600 77
685800 77
686000 77
686200 77
686400 77
686600 77
686800 77
687000 77
687200 77
687400 77
687600 77
687800 77
688000 77
688200 77
688400 77
688600 77
688800 77
689000 77
689200 77
689400 77
689600 77
689800 77
690000 77
690200 77
690400 77
690600 77
690800 77
691000 77
691200 77
691400 77
691600 77
691800 77
692000 77
692200 77
692400 77
692600 77
692800 77
693000 77
693200 77
693400 77
693600 77
693800 77
694000 77
694200 77
694400 77
694600 77
694800 77
695000 77
695200 77
695400 77
695600 77
695800 77
696000 77
696200 77
696400 77
696600 77
696800 77
697000 77
697200 77
697400 77
697600 77
697800 77
698000 77
698200 77
698400 77
698600 77
698800 77
699000 77
699200 77
699400 77
699600 77
699800 77
700000 77
700200 77
700400 77
700600 77
700800 77
701000 77
701200 77
701400 77
701600 77
701800 77
702000 77
702200 77
702400 77
702600 77
702800 77
703000 77
703200 77
703400 77
703600 77
703800 77
704000 77
704200 77
704400 77
704600 77
704800 77
705000 77
705200 77
705400 77
705600 77
705800 77
706000 77
706200 77
706400 77
706600 77
706800 77
707000 77
707200 77
707400 77
707600 77
707800 77
708000 77
708200 77
708400 77
708600 77
708800 77
709000 77
709200 77
709400 77
709600 77
709800 77
710000 77
710200 77
710400 77
710600 77
710800 77
711000 77
711200 77
711400 77
711600 77
711800 77
712000 77
712200 77
712400 77
712600 77
712800 77
713000 77
713200 77
713400 77
713600 77
713800 77
714000 77
714200 77
714400 77
714600 77
714800 77
715000 77
715200 77
715400 77
715600 77
715800 77
716000 77
716200 77
716400 77
716600 77
716800 77
717000 77
717200 77
717400 77
717600 77
717800 77
718000 77
718200 77
718400 77
718600 77
718800 77
719000 77
719200 77
719400 77
719600 77
719800 77
720000 77
720200 77
720400 77
720600 77
720800 77
721000 77
721200 77
721400 77
721600 77
721800 77
722000 77
722200 77
722400 77
722600 77
722800 77
723000 77
723200 77
723400 77
723600 77
723800 77
724000 77
724200 77
724400 77
724600 77
724800 77
725000 77
725200 77
725400 77
725600 77
725800 77
726000 77
726200 77
726400 77
726600 77
726800 77
727000 77
727200 77
727400 77
727600 77
727800 77
728000 77
728200 77
728400 77
728600 77
728800 77
729000 77
729200 77
729400 77
729600 77
729800 77
730000 77
730200 77
730400 77
730600 77
730800 77
731000 77
731200 77
731400 77
731600 77
731800 77
732000 77
732200 77
732400 77
732600 77
732800 77
733000 77
733200 77
733400 77
733600 77
733800 77
734000 77
734200 77
734400 77
734600 77
734800 77
735000 77
735200 77
735400 77
735600 77
735800 77
736000 77
736200 77
736400 77
736600 77
736800 77
737000 77
737200 77
737400 77
737600 77
737800 77
738000 77
738200 77
738400 77
738600 77
738800 77
739000 77
739200 77
739400 77
739600 77
739800 77
740000 77
740200 77
740400 77
740600 77
740800 77
741000 77
741200 77
741400 77
741600 77
741800 77
742000 77
742200 77
742400 77
742600 77
742800 77
743000 77
743200 77
743400 77
743600 77
743800 77
744000 77
744200 77
744400 77
744600 77
744800 77
745000 77
745200 77
745400 77
745600 77
745800 77
746000 77
746200 77
746400 77
746600 77
746800 77
747000 77
747200 77
747400 77
747600 77
747800 77
748000 77
748200 77
748400 77
748600 77
748800 77
749000 77
749200 77
749400 77
749600 77
749800 77
750000 77
750200 77
750400 77
750600 77
750800 77
751000 77
751200 77
751400 77
751600 77
751800 77
752000 77
752200 77
752400 77
752600 77
752800 77
753000 77
753200 77
753400 77
753600 77
753800 77
754000 77
754200 77
754400 77
754600 77
754800 77
755000 77
755200 77
755400 77
755600 77
755800 77
756000 77
756200 77
756400 77
756600 77
756800 77
757000 77
757200 77
757400 77
757600 77
757800 77
758000 77
758200 77
758400 77
758600 77
758800 77
759000 77
759200 77
759400 77
759600 77
759800 77
760000 77
760200 77
760400 77
760600 77
760800 77
761000 77
761200 77
761400 77
761600 77
761800 77
762000 77
762200 77
762400 77
762600 77
762800 77
763000 77
763200 77
763400 77
763600 77
763800 77
764000 77
764200 77
764400 77
764600 77
764800 77
765000 77
765200 77
765400 77
765600 77
765800 77
766000 77
766200 77
766400 77
766600 77
766800 77
767000 77
767200 77
767400 77
767600 77
767800 77
768000 77
768200 77
768400 77
768600 77
768800 77
769000 77
769200 77
769400 77
769600 77
769800 77
770000 77
770200 77
770400 77
770600 77
770800 77
771000 77
771200 77
771400 77
771600 77
771800 77
772000 77
772200 77
772400 77
772600 77
772800 77
773000 77
773200 77
773400 77
773600 77
773800 77
774000 77
774200 77
774400 77
774600 77
774800 77
775000 77
775200 77
775400 77
775600 77
775800 77
776000 77
776200 77
776400 77
776600 77
776800 77
777000 77
777200 77
777400 77
777600 77
777800 77
778000 77
778200 77
778400 77
778600 77
778800 77
779000 77
779200 77
779400 77
779600 77
779800 77
780000 77
780200 77
780400 77
780600 77
780800 77
781000 77
781200 77
781400 77
781600 77
781800 77
782000 77
782200 77
782400 77
782600 77
782800 77
783000 77
783200 77
783400 77
783600 77
783800 77
784000 77
784200 77
784400 77
784600 77
784800 77
785000 77
785200 77
785400 77
785600 77
785800 77
786000 77
786200 77
786400 77
786600 77
786800 77
787000 77
787200 77
787400 77
787600 77
787800 77
788000 77
788200 77
788400 77
788600 77
788800 77
789000 77
789200 77
789400 77
789600 77
789800 77
790000 77
790200 77
790400 77
790600 77
790800 77
791000 77
791200 77
791400 77
791600 77
791800 77
792000 77
792200 77
792400 77
792600 77
792800 77
793000 77
793200 77
793400 77
793600 77
793800 77
794000 77
794200 77
794400 77
794600 77
794800 77
795000 77
795200 77
795400 77
795600 77
795800 77
796000 77
796200 77
796400 77
796600 77
796800 77
797000 77
797200 77
797400 77
797600 77
797800 77
798000 77
798200 77
798400 77
798600 77
798800 77
799000 77
799200 77
799400 77
799600 77
799800 77
800000 77
800200 77
800400 77
800600 77
800800 77
801000 77
801200 77
801400 77
801600 77
801800 77
802000 77
802200 77
802400 77
802600 77
802800 77
803000 77
803200 77
803400 77
803600 77
803800 77
804000 77
804200 77
804400 77
804600 77
804800 77
805000 77
805200 77
805400 77
805600 77
805800 77
806000 77
806200 77
806400 77
806600 77
806800 77
807000 77
807200 77
807400 77
807600 77
807800 77
808000 77
808200 77
808400 77
808600 77
808800 77
809000 77
809200 77
809400 77
809600 77
809800 77
810000 77
810200 77
810400 77
810600 77
810800 77
811000 77
811200 77
811400 77
811600 77
811800 77
812000 77
812200 77
812400 77
812600 77
812800 77
813000 77
813200 77
813400 77
813600 77
813800 77
814000 77
814200 77
814400 77
814600 77
814800 77
815000 77
815200 77
815400 77
815600 77
815800 77
816000 77
816200 77
816400 77
816600 77
816800 77
817000 77
817200 77
817400 77
817600 77
817800 77
818000 77
818200 77
818400 77
818600 77
818800 77
819000 77
819200 77
819400 77
819600 77
819800 77
820000 77
820200 77
820400 77
820600 77
820800 77
821000 77
821200 77
821400 77
821600 77
821800 77
822000 77
822200 77
822400 77
822600 77
822800 77
823000 77
823200 77
823400 77
823600 77
823800 77
824000 77
824200 77
824400 77
824600 77
824800 77
825000 77
825200 77
825400 77
825600 77
825800 77
826000 77
826200 77
826400 77
826600 77
826800 77
827000 77
827200 77
827400 77
827600 77
827800 77
828000 77
828200 77
828400 77
828600 77
828800 77
829000 77
829200 77
829400 77
829600 77
829800 77
830000 77
830200 77
830400 77
830600 77
830800 77
831000 77
831200 77
831400 77
831600 77
831800 77
832000 77
832200 77
832400 77
832600 77
832800 77
833000 77
833200 77
833400 77
833600 77
833800 77
834000 77
834200 77
834400 77
834600 77
834800 77
835000 77
835200 77
835400 77
835600 77
835800 77
836000 77
836200 77
836400 77
836600 77
836800 77
837000 77
837200 77
837400 77
837600 77
837800 77
838000 77
838200 77
838400 77
838600 77
838800 77
839000 77
839200 77
839400 77
839600 77
839800 77
840000 77
840200 77
840400 77
840600 77
840800 77
841000 77
841200 77
841400 77
841600 77
841800 77
842000 77
842200 77
842400 77
842600 77
842800 77
843000 77
843200 77
843400 77
843600 77
843800 77
844000 77
844200 77
844400 77
844600 77
844800 77
845000 77
845200 77
845400 77
845600 77
845800 77
846000 77
846200 77
846400 77
846600 77
846800 77
847000 77
847200 77
847400 77
847600 77
847800 77
848000 77
848200 77
848400 77
848600 77
848800 77
849000 77
849200 77
849400 77
849600 77
849800 77
850000 77
850200 77
850400 77
850600 77
850800 77
851000 77
851200 77
851400 77
851600 77
851800 77
852000 77
852200 77
852400 77
852600 77
852800 77
853000 77
853200 77
853400 77
853600 77
853800 77
854000 77
854200 77
854400 77
854600 77
854800 77
855000 77
855200 77
855400 77
855600 77
855800 77
856000 77
856200 77
856400 77
856600 77
856800 77
857000 77
857200 77
857400 77
857600 77
857800 77
858000 77
858200 77
858400 77
858600 77
858800 77
859000 77
859200 77
859400 77
859600 77
859800 77
860000 77
860200 77
860400 77
860600 77
860800 77
861000 77
861200 77
861400 77
861600 77
861800 77
862000 77
862200 77
862400 77
862600 77
862800 77
863000 77
863200 77
863400 77
863600 77
863800 77
864000 77
864200 77
864400 77
864600 77
864800 77
865000 77
865200 77
865400 77
865600 77
865800 77
866000 77
866200 77
866400 77
866600 77
866800 77
867000 77
867200 77
867400 77
867600 77
867800 77
868000 77
868200 77
868400 77
868600 77
868800 77
869000 77
869200 77
869400 77
869600 77
869800 77
870000 77
870200 77
870400 77
870600 77
870800 77
871000 77
871200 77
871400 77
871600 77
871800 77
872000 77
872200 77
872400 77
872600 77
872800 77
873000 77
873200 77
873400 77
873600 77
873800 77
874000 77
874200 77
874400 77
874600 77
874800 77
875000 77
875200 77
875400 77
875600 77
875800 77
876000 77
876200 77
876400 77
876600 77
876800 77
877000 77
877200 77
877400 77
877600 77
877800 77
878000 77
878200 77
878400 77
878600 77
878800 77
879000 77
879200 77
879400 77
879600 77
879800 77
880000 77
880200 77
880400 77
880600 77
880800 77
881000 77
881200 77
881400 77
881600 77
881800 77
882000 77
882200 77
882400 77
882600 77
882800 77
883000 77
883200 77
883400 77
883600 77
883800 77
884000 77
884200 77
884400 77
884600 77
884800 77
885000 77
885200 77
885400 77
885600 77
885800 77
886000 77
886200 77
886400 77
886600 77
886800 77
887000 77
887200 77
887400 77
887600 77
887800 77
888000 77
888200 77
888400 77
888600 77
888800 77
889000 77
889200 77
889400 77
889600 77
889800 77
890000 77
890200 77
890400 77
890600 77
890800 77
891000 77
891200 77
891400 77
891600 77
891800 77
892000 77
892200 77
892400 77
892600 77
892800 77
893000 77
893200 77
893400 77
893600 77
893800 77
894000 77
894200 77
894400 77
894600 77
894800 77
895000 77
895200 77
895400 77
895600 77
895800 77
896000 77
896200 77
896400 77
896600 77
896800 77
897000 77
897200 77
897400 77
897600 77
897800 77
898000 77
898200 77
898400 77
898600 77
898800 77
899000 77
899200 77
899400 77
899600 77
899800 77
900000 77
900200 77
900400 77
900600 77
900800 77
901000 77
901200 77
901400 77
901600 77
901800 77
902000 77
902200 77
902400 77
902600 77
902800 77
903000 77
903200 77
903400 77
903600 77
903800 77
904000 77
904200 77
904400 77
904600 77
904800 77
905000 77
905200 77
905400 77
905600 77
905800 77
906000 77
906200 77
906400 77
906600 77
906800 77
907000 77
907200 77
907400 77
907600 77
907800 77
908000 77
908200 77
908400 77
908600 77
908800 77
909000 77
909200 77
909400 77
909600 77
909800 77
910000 77
910200 77
910400 77
910600 77
910800 77
911000 77
911200 77
911400 77
911600 77
911800 77
912000 77
912200 77
912400 77
912600 77
912800 77
913000 77
913200 77
913400 77
913600 77
913800 77
914000 77
914200 77
914400 77
914600 77
914800 77
915000 77
915200 77
915400 77
915600 77
915800 77
916000 77
916200 77
916400 77
916600 77
916800 77
917000 77
917200 77
917400 77
917600 77
917800 77
918000 77
918200 77
918400 77
918600 77
918800 77
919000 77
919200 77
919400 77
919600 77
919800 77
920000 77
920200 77
920400 77
920600 77
920800 77
921000 77
921200 77
921400 77
921600 77
921800 77
922000 77
922200 77
922400 77
922600 77
922800 77
923000 77
923200 77
923400 77
923600 77
923800 77
924000 77
924200 77
924400 77
924600 77
924800 77
925000 77
925200 77
925400 77
925600 77
925800 77
926000 77
926200 77
926400 77
926600 77
926800 77
927000 77
927200 77
927400 77
927600 77
927800 77
928000 77
928200 77
928400 77
928600 77
928800 77
929000 77
929200 77
929400 77
929600 77
929800 77
930000 77
930200 77
930400 77
930600 77
930800 77
931000 77
931200 77
931400 77
931600 77
931800 77
932000 77
932200 77
932400 77
932600 77
932800 77
933000 77
933200 77
933400 77
933600 77
933800 77
934000 77
934200 77
934400 77
934600 77
934800 77
935000 77
935200 77
935400 77
935600 77
935800 77
936000 77
936200 77
936400 77
936600 77
936800 77
937000 77
937200 77
937400 77
937600 77
937800 77
938000 77
938200 77
938400 77
938600 77
938800 77
939000 77
939200 77
939400 77
939600 77
939800 77
940000 77
940200 77
940400 77
940600 77
940800 77
941000 77
941200 77
941400 77
941600 77
941800 77
942000 77
942200 77
942400 77
942600 77
942800 77
943000 77
943200 77
943400 77
943600 77
943800 77
944000 77
944200 77
944400 77
944600 77
944800 77
945000 77
945200 77
945400 77
945600 77
945800 77
946000 77
946200 77
946400 77
946600 77
946800 77
947000 77
947200 77
947400 77
947600 77
947800 77
948000 77
948200 77
948400 77
948600 77
948800 77
949000 77
949200 77
949400 77
949600 77
949800 77
950000 77
950200 77
950400 77
950600 77
950800 77
951000 77
951200 77
951400 77
951600 77
951800 77
952000 77
952200 77
952400 77
952600 77
952800 77
953000 77
953200 77
953400 77
953600 77
953800 77
954000 77
954200 77
954400 77
954600 77
954800 77
955000 77
955200 77
955400 77
955600 77
955800 77
956000 77
956200 77
956400 77
956600 77
956800 77
957000 77
957200 77
957400 77
957600 77
957800 77
958000 77
958200 77
958400 77
958600 77
958800 77
959000 77
959200 77
959400 77
959600 77
959800 77
960000 77
960200 77
960400 77
960600 77
960800 77
961000 77
961200 77
961400 77
961600 77
961800 77
962000 77
962200 77
962400 77
962600 77
962800 77
963000 77
963200 77
963400 77
963600 77
963800 77
964000 77
964200 77
964400 77
964600 77
964800 77
965000 77
965200 77
965400 77
965600 77
965800 77
966000 77
966200 77
966400 77
966600 77
966800 77
967000 77
967200 77
967400 77
967600 77
967800 77
968000 77
968200 77
968400 77
968600 77
968800 77
969000 77
969200 77
969400 77
969600 77
969800 77
970000 77
970200 77
970400 77
970600 77
970800 77
971000 77
971200 77
971400 77
971600 77
971800 77
972000 77
972200 77
972400 77
972600 77
972800 77
973000 77
973200 77
973400 77
973600 77
973800 77
974000 77
974200 77
974400 77
974600 77
974800 77
975000 77
975200 77
975400 77
975600 77
975800 77
976000 77
976200 77
976400 77
976600 77
976800 77
977000 77
977200 77
977400 77
977600 77
977800 77
978000 77
978200 77
978400 77
978600 77
978800 77
979000 77
979200 77
979400 77
979600 77
979800 77
980000 77
980200 77
980400 77
980600 77
980800 77
981000 77
981200 77
981400 77
981600 77
981800 77
982000 77
982200 77
982400 77
982600 77
982800 77
983000 77
983200 77
983400 77
983600 77
983800 77
984000 77
984200 77
984400 77
984600 77
984800 77
985000 77
985200 77
985400 77
985600 77
985800 77
986000 77
986200 77
986400 77
986600 77
986800 77
987000 77
987200 77
987400 77
987600 77
987800 77
988000 77
988200 77
988400 77
988600 77
988800 77
989000 77
989200 77
989400 77
989600 77
989800 77
990000 77
990200 77
990400 77
990600 77
990800 77
991000 77
991200 77
991400 77
991600 77
991800 77
992000 77
992200 77
992400 77
992600 77
992800 77
993000 77
993200 77
993400 77
993600 77
993800 77
994000 77
994200 77
994400 77
994600 77
994800 77
995000 77
995200 77
995400 77
995600 77
995800 77
996000 77
996200 77
996400 77
996600 77
996800 77
997000 77
997200 77
997400 77
997600 77
997800 77
998000 77
998200 77
998400 77
998600 77
998800 77
999000 77
999200 77
999400 77
999600 77
999800 77
1000000 77
