200 159
400 157
600 147
800 137
1000 152
1200 161
1400 156
1600 144
1800 147
2000 145
2200 155
2400 176
2600 141
2800 142
3000 144
3200 156
3400 167
3600 144
3800 144
4000 156
4200 144
4400 164
4600 154
4800 151
5000 150
5200 142
5400 141
5600 140
5800 161
6000 143
6200 152
6400 130
6600 148
6800 147
7000 161
7200 141
7400 143
7600 159
7800 144
8000 156
8200 153
8400 147
8600 163
8800 147
9000 139
9200 179
9400 137
9600 155
9800 136
10000 168
10200 158
10400 148
10600 165
10800 134
11000 140
11200 161
11400 115
11600 139
11800 146
12000 144
12200 151
12400 178
12600 119
12800 156
13000 147
13200 139
13400 149
13600 154
13800 151
14000 147
14200 152
14400 149
14600 145
14800 142
15000 124
15200 150
15400 163
15600 135
15800 150
16000 148
16200 153
16400 161
16600 154
16800 166
17000 150
17200 136
17400 146
17600 143
17800 161
18000 156
18200 165
18400 144
18600 141
18800 156
19000 163
19200 140
19400 132
19600 137
19800 159
20000 162
20200 130
20400 126
20600 160
20800 146
21000 148
21200 145
21400 147
21600 162
21800 129
22000 153
22200 156
22400 167
22600 179
22800 160
23000 165
23200 140
23400 160
23600 152
23800 141
24000 165
24200 159
24400 139
24600 154
24800 155
25000 177
25200 124
25400 159
25600 146
25800 153
26000 140
26200 141
26400 136
26600 158
26800 158
27000 135
27200 161
27400 146
27600 128
27800 140
28000 152
28200 164
28400 147
28600 143
28800 153
29000 145
29200 144
29400 135
29600 144
29800 154
30000 149
30200 147
30400 136
30600 148
30800 133
31000 144
31200 133
31400 158
31600 108
31800 127
32000 152
32200 151
32400 168
32600 146
32800 132
33000 145
33200 173
33400 158
33600 157
33800 140
34000 145
34200 159
34400 155
34600 123
34800 145
35000 159
35200 163
35400 138
35600 133
35800 145
36000 126
36200 148
36400 150
36600 157
36800 151
37000 151
37200 140
37400 167
37600 135
37800 154
38000 148
38200 140
38400 161
38600 159
38800 171
39000 131
39200 154
39400 159
39600 165
39800 141
40000 158
40200 141
40400 149
40600 146
40800 146
41000 155
41200 137
41400 128
41600 153
41800 165
42000 156
42200 167
42400 154
42600 158
42800 134
43000 159
43200 171
43400 124
43600 151
43800 149
44000 165
44200 155
44400 154
44600 153
44800 142
45000 157
45200 157
45400 149
45600 149
45800 151
46000 113
46200 159
46400 142
46600 145
46800 143
47000 138
47200 171
47400 138
47600 164
47800 145
48000 135
48200 127
48400 145
48600 132
48800 151
49000 136
49200 173
49400 129
49600 164
49800 144
50000 139
50200 150
50400 140
50600 155
50800 136
51000 140
51200 167
51400 144
51600 155
51800 128
52000 131
52200 143
52400 147
52600 141
52800 144
53000 157
53200 143
53400 150
53600 174
53800 129
54000 142
54200 154
54400 143
54600 156
54800 149
55000 151
55200 162
55400 144
55600 150
55800 141
56000 129
56200 155
56400 172
56600 129
56800 149
57000 163
57200 167
57400 143
57600 161
57800 155
58000 156
58200 143
58400 145
58600 138
58800 138
59000 135
59200 163
59400 154
59600 146
59800 154
60000 166
60200 167
60400 157
60600 160
60800 162
61000 149
61200 152
61400 143
61600 153
61800 144
62000 148
62200 171
62400 134
62600 168
62800 152
63000 144
63200 165
63400 168
63600 151
63800 157
64000 127
64200 148
64400 116
64600 128
64800 150
65000 144
65200 137
65400 150
65600 152
65800 153
66000 144
66200 146
66400 129
66600 121
66800 139
67000 160
67200 145
67400 144
67600 144
67800 148
68000 154
68200 141
68400 140
68600 145
68800 151
69000 130
69200 152
69400 140
69600 137
69800 152
70000 164
70200 155
70400 154
70600 155
70800 147
71000 162
71200 169
71400 166
71600 161
71800 159
72000 168
72200 142
72400 160
72600 144
72800 148
73000 137
73200 128
73400 149
73600 149
73800 170
74000 149
74200 151
74400 154
74600 139
74800 151
75000 160
75200 160
75400 144
75600 165
75800 161
76000 142
76200 141
76400 134
76600 132
76800 144
77000 136
77200 148
77400 165
77600 162
77800 162
78000 145
78200 137
78400 149
78600 144
78800 149
79000 152
79200 154
79400 144
79600 140
79800 140
80000 154
80200 152
80400 166
80600 154
80800 143
81000 141
81200 149
81400 136
81600 137
81800 169
82000 155
82200 135
82400 145
82600 150
82800 167
83000 162
83200 156
83400 149
83600 138
83800 174
84000 147
84200 146
84400 150
84600 130
84800 131
85000 146
85200 145
85400 171
85600 147
85800 144
86000 154
86200 157
86400 155
86600 149
86800 165
87000 142
87200 161
87400 160
87600 153
87800 153
88000 155
88200 151
88400 162
88600 162
88800 168
89000 144
89200 159
89400 159
89600 151
89800 152
90000 145
90200 143
90400 139
90600 143
90800 142
91000 156
91200 142
91400 152
91600 170
91800 151
92000 168
92200 155
92400 137
92600 157
92800 150
93000 148
93200 141
93400 159
93600 119
93800 154
94000 159
94200 159
94400 143
94600 162
94800 143
95000 129
95200 146
95400 150
95600 142
95800 143
96000 172
96200 149
96400 152
96600 140
96800 152
97000 153
97200 168
97400 145
97600 149
97800 136
98000 153
98200 145
98400 146
98600 140
98800 158
99000 133
99200 142
99400 139
99600 140
99800 147
100000 159
100200 146
100400 165
100600 155
100800 170
101000 170
101200 148
101400 135
101600 158
101800 124
102000 172
102200 150
102400 151
102600 150
102800 137
103000 157
103200 152
103400 143
103600 168
103800 162
104000 134
104200 161
104400 169
104600 138
104800 151
105000 156
105200 150
105400 156
105600 146
105800 166
106000 147
106200 155
106400 151
106600 163
106800 147
107000 155
107200 158
107400 148
107600 155
107800 126
108000 148
108200 150
108400 154
108600 149
108800 153
109000 147
109200 138
109400 164
109600 143
109800 163
110000 152
110200 141
110400 148
110600 136
110800 142
111000 154
111200 144
111400 146
111600 145
111800 141
112000 154
112200 161
112400 146
112600 154
112800 133
113000 155
113200 153
113400 146
113600 164
113800 153
114000 164
114200 150
114400 144
114600 165
114800 160
115000 163
115200 152
115400 147
115600 147
115800 147
116000 134
116200 140
116400 149
116600 141
116800 132
117000 132
117200 148
117400 159
117600 157
117800 118
118000 156
118200 149
118400 151
118600 136
118800 139
119000 140
119200 151
119400 161
119600 161
119800 139
120000 142
120200 150
120400 156
120600 149
120800 150
121000 155
121200 145
121400 154
121600 162
121800 151
122000 143
122200 151
122400 138
122600 151
122800 161
123000 157
123200 129
123400 171
123600 140
123800 146
124000 137
124200 149
124400 142
124600 135
124800 146
125000 138
125200 155
125400 158
125600 144
125800 144
126000 157
126200 147
126400 152
126600 153
126800 162
127000 139
127200 142
127400 132
127600 147
127800 131
128000 132
128200 146
128400 159
128600 139
128800 140
129000 148
129200 159
129400 144
129600 153
129800 129
130000 135
130200 137
130400 169
130600 130
130800 135
131000 145
131200 143
131400 157
131600 144
131800 148
132000 155
132200 154
132400 156
132600 138
132800 155
133000 146
133200 152
133400 154
133600 151
133800 148
134000 147
134200 158
134400 163
134600 125
134800 154
135000 160
135200 148
135400 158
135600 139
135800 141
136000 149
136200 164
136400 145
136600 130
136800 154
137000 160
137200 135
137400 152
137600 125
137800 151
138000 153
138200 149
138400 156
138600 124
138800 166
139000 147
139200 144
139400 155
139600 143
139800 150
140000 147
140200 166
140400 157
140600 171
140800 156
141000 147
141200 147
141400 131
141600 137
141800 163
142000 144
142200 150
142400 156
142600 144
142800 144
143000 175
143200 142
143400 138
143600 159
143800 131
144000 172
144200 142
144400 117
144600 147
144800 156
145000 136
145200 149
145400 133
145600 145
145800 138
146000 154
146200 145
146400 151
146600 149
146800 167
147000 146
147200 154
147400 150
147600 161
147800 155
148000 158
148200 150
148400 137
148600 134
148800 149
149000 147
149200 136
149400 144
149600 134
149800 166
150000 150
150200 149
150400 175
150600 149
150800 156
151000 147
151200 142
151400 147
151600 137
151800 153
152000 147
152200 144
152400 140
152600 151
152800 151
153000 144
153200 142
153400 157
153600 165
153800 156
154000 152
154200 162
154400 159
154600 162
154800 157
155000 150
155200 161
155400 140
155600 147
155800 149
156000 153
156200 135
156400 161
156600 162
156800 159
157000 137
157200 129
157400 150
157600 126
157800 152
158000 153
158200 150
158400 148
158600 139
158800 158
159000 159
159200 148
159400 155
159600 157
159800 155
160000 155
160200 137
160400 140
160600 148
160800 160
161000 157
161200 139
161400 139
161600 169
161800 144
162000 166
162200 113
162400 129
162600 139
162800 162
163000 155
163200 120
163400 140
163600 140
163800 155
164000 151
164200 150
164400 134
164600 171
164800 149
165000 164
165200 148
165400 130
165600 159
165800 168
166000 152
166200 171
166400 155
166600 160
166800 159
167000 151
167200 143
167400 161
167600 134
167800 166
168000 155
168200 149
168400 163
168600 156
168800 140
169000 153
169200 127
169400 154
169600 161
169800 156
170000 137
170200 171
170400 156
170600 148
170800 149
171000 130
171200 143
171400 146
171600 165
171800 171
172000 144
172200 150
172400 160
172600 148
172800 144
173000 157
173200 140
173400 143
173600 161
173800 135
174000 158
174200 162
174400 152
174600 128
174800 147
175000 139
175200 154
175400 163
175600 133
175800 140
176000 152
176200 154
176400 140
176600 161
176800 159
177000 146
177200 162
177400 139
177600 143
177800 178
178000 144
178200 138
178400 170
178600 135
178800 125
179000 139
179200 148
179400 147
179600 132
179800 133
180000 144
180200 149
180400 166
180600 147
180800 163
181000 128
181200 165
181400 136
181600 148
181800 134
182000 156
182200 139
182400 145
182600 146
182800 169
183000 154
183200 146
183400 163
183600 157
183800 155
184000 132
184200 161
184400 155
184600 134
184800 173
185000 143
185200 146
185400 163
185600 163
185800 145
186000 155
186200 161
186400 139
186600 155
186800 135
187000 129
187200 122
187400 148
187600 146
187800 136
188000 154
188200 145
188400 134
188600 133
188800 141
189000 142
189200 159
189400 137
189600 156
189800 150
190000 131
190200 157
190400 142
190600 145
190800 134
191000 128
191200 149
191400 154
191600 156
191800 122
192000 139
192200 145
192400 148
192600 144
192800 158
193000 150
193200 151
193400 160
193600 142
193800 152
194000 149
194200 126
194400 140
194600 143
194800 136
195000 162
195200 138
195400 162
195600 153
195800 167
196000 159
196200 146
196400 121
196600 153
196800 172
197000 140
197200 155
197400 159
197600 157
197800 142
198000 128
198200 173
198400 149
198600 127
198800 144
199000 142
199200 137
199400 138
199600 151
199800 150
200000 147
200200 178
200400 163
200600 149
200800 146
201000 149
201200 139
201400 142
201600 137
201800 142
202000 151
202200 166
202400 148
202600 146
202800 137
203000 152
203200 158
203400 142
203600 152
203800 147
204000 148
204200 160
204400 151
204600 157
204800 160
205000 138
205200 148
205400 149
205600 142
205800 128
206000 145
206200 152
206400 146
206600 129
206800 162
207000 153
207200 151
207400 149
207600 149
207800 139
208000 153
208200 139
208400 148
208600 163
208800 130
209000 170
209200 153
209400 153
209600 158
209800 157
210000 121
210200 140
210400 169
210600 144
210800 169
211000 166
211200 144
211400 149
211600 168
211800 117
212000 124
212200 144
212400 143
212600 146
212800 151
213000 142
213200 146
213400 155
213600 153
213800 159
214000 160
214200 149
214400 147
214600 117
214800 146
215000 170
215200 157
215400 135
215600 156
215800 140
216000 162
216200 148
216400 152
216600 139
216800 167
217000 153
217200 153
217400 139
217600 146
217800 154
218000 153
218200 142
218400 164
218600 160
218800 133
219000 161
219200 157
219400 135
219600 157
219800 129
220000 146
220200 156
220400 134
220600 150
220800 135
221000 154
221200 148
221400 160
221600 168
221800 153
222000 134
222200 143
222400 133
222600 153
222800 178
223000 151
223200 128
223400 144
223600 129
223800 130
224000 145
224200 137
224400 133
224600 150
224800 163
225000 147
225200 156
225400 148
225600 173
225800 140
226000 165
226200 129
226400 163
226600 141
226800 150
227000 120
227200 156
227400 133
227600 155
227800 130
228000 155
228200 150
228400 149
228600 151
228800 150
229000 139
229200 136
229400 155
229600 136
229800 153
230000 146
230200 135
230400 143
230600 155
230800 160
231000 150
231200 164
231400 147
231600 145
231800 145
232000 150
232200 147
232400 148
232600 158
232800 157
233000 141
233200 137
233400 153
233600 151
233800 168
234000 130
234200 166
234400 149
234600 152
234800 156
235000 151
235200 155
235400 150
235600 155
235800 137
236000 147
236200 146
236400 153
236600 166
236800 147
237000 169
237200 129
237400 167
237600 138
237800 147
238000 163
238200 145
238400 166
238600 122
238800 138
239000 169
239200 139
239400 140
239600 154
239800 167
240000 141
240200 160
240400 138
240600 168
240800 145
241000 146
241200 159
241400 139
241600 151
241800 139
242000 153
242200 138
242400 169
242600 165
242800 144
243000 142
243200 142
243400 141
243600 149
243800 133
244000 167
244200 154
244400 158
244600 146
244800 140
245000 131
245200 153
245400 147
245600 137
245800 157
246000 154
246200 156
246400 138
246600 153
246800 153
247000 158
247200 154
247400 166
247600 133
247800 142
248000 149
248200 161
248400 157
248600 144
248800 165
249000 150
249200 156
249400 153
249600 154
249800 153
250000 153
250200 132
250400 154
250600 151
250800 143
251000 147
251200 162
251400 145
251600 122
251800 149
252000 137
252200 140
252400 164
252600 144
252800 140
253000 161
253200 147
253400 139
253600 155
253800 149
254000 160
254200 149
254400 154
254600 131
254800 151
255000 154
255200 115
255400 155
255600 143
255800 151
256000 144
256200 164
256400 163
256600 161
256800 165
257000 145
257200 129
257400 149
257600 153
257800 138
258000 149
258200 129
258400 147
258600 134
258800 143
259000 159
259200 150
259400 135
259600 152
259800 141
260000 149
260200 150
260400 143
260600 155
260800 148
261000 153
261200 155
261400 156
261600 160
261800 149
262000 154
262200 172
262400 134
262600 159
262800 128
263000 161
263200 142
263400 156
263600 131
263800 174
264000 158
264200 156
264400 156
264600 166
264800 131
265000 144
265200 146
265400 147
265600 139
265800 168
266000 161
266200 167
266400 147
266600 164
266800 163
267000 139
267200 163
267400 150
267600 159
267800 126
268000 167
268200 163
268400 170
268600 158
268800 150
269000 161
269200 157
269400 160
269600 150
269800 157
270000 137
270200 144
270400 159
270600 124
270800 153
271000 163
271200 131
271400 155
271600 155
271800 134
272000 163
272200 137
272400 137
272600 163
272800 139
273000 138
273200 162
273400 161
273600 134
273800 149
274000 166
274200 135
274400 154
274600 151
274800 167
275000 141
275200 149
275400 160
275600 131
275800 159
276000 157
276200 143
276400 134
276600 158
276800 140
277000 149
277200 137
277400 158
277600 150
277800 171
278000 146
278200 165
278400 166
278600 134
278800 119
279000 148
279200 151
279400 170
279600 153
279800 160
280000 146
280200 142
280400 165
280600 142
280800 175
281000 153
281200 163
281400 144
281600 150
281800 155
282000 154
282200 149
282400 152
282600 150
282800 130
283000 151
283200 170
283400 146
283600 161
283800 152
284000 167
284200 169
284400 144
284600 160
284800 156
285000 147
285200 148
285400 136
285600 158
285800 151
286000 162
286200 135
286400 141
286600 156
286800 147
287000 147
287200 172
287400 166
287600 158
287800 151
288000 155
288200 164
288400 140
288600 159
288800 140
289000 137
289200 167
289400 167
289600 169
289800 155
290000 154
290200 135
290400 146
290600 130
290800 140
291000 157
291200 151
291400 156
291600 150
291800 141
292000 154
292200 144
292400 134
292600 134
292800 153
293000 142
293200 119
293400 145
293600 169
293800 126
294000 163
294200 152
294400 161
294600 141
294800 177
295000 154
295200 150
295400 148
295600 156
295800 149
296000 140
296200 146
296400 156
296600 161
296800 149
297000 164
297200 149
297400 147
297600 161
297800 146
298000 147
298200 161
298400 154
298600 149
298800 135
299000 157
299200 140
299400 151
299600 149
299800 173
300000 153
300200 135
300400 147
300600 164
300800 154
301000 155
301200 138
301400 145
301600 137
301800 129
302000 154
302200 153
302400 156
302600 159
302800 153
303000 155
303200 147
303400 152
303600 151
303800 145
304000 160
304200 146
304400 140
304600 154
304800 153
305000 145
305200 137
305400 162
305600 137
305800 170
306000 141
306200 157
306400 143
306600 139
306800 153
307000 140
307200 164
307400 145
307600 143
307800 151
308000 136
308200 141
308400 149
308600 140
308800 146
309000 137
309200 146
309400 142
309600 160
309800 139
310000 139
310200 162
310400 139
310600 155
310800 151
311000 143
311200 145
311400 124
311600 150
311800 143
312000 149
312200 167
312400 141
312600 140
312800 156
313000 141
313200 149
313400 139
313600 136
313800 158
314000 132
314200 146
314400 161
314600 135
314800 158
315000 138
315200 141
315400 136
315600 142
315800 164
316000 148
316200 148
316400 146
316600 144
316800 158
317000 142
317200 145
317400 130
317600 161
317800 129
318000 173
318200 140
318400 168
318600 137
318800 164
319000 146
319200 142
319400 134
319600 126
319800 144
320000 152
320200 146
320400 135
320600 162
320800 136
321000 151
321200 139
321400 141
321600 155
321800 149
322000 124
322200 144
322400 146
322600 143
322800 144
323000 148
323200 151
323400 145
323600 165
323800 159
324000 151
324200 141
324400 138
324600 137
324800 151
325000 147
325200 160
325400 164
325600 146
325800 147
326000 135
326200 158
326400 131
326600 138
326800 154
327000 165
327200 162
327400 157
327600 165
327800 149
328000 162
328200 148
328400 142
328600 130
328800 131
329000 139
329200 159
329400 128
329600 155
329800 138
330000 171
330200 152
330400 141
330600 143
330800 167
331000 147
331200 125
331400 142
331600 137
331800 140
332000 151
332200 144
332400 149
332600 155
332800 154
333000 149
333200 143
333400 145
333600 138
333800 144
334000 140
334200 139
334400 150
334600 133
334800 177
335000 166
335200 155
335400 145
335600 154
335800 138
336000 138
336200 142
336400 141
336600 138
336800 157
337000 150
337200 137
337400 126
337600 158
337800 131
338000 138
338200 140
338400 148
338600 158
338800 153
339000 128
339200 153
339400 157
339600 146
339800 152
340000 174
340200 175
340400 151
340600 135
340800 145
341000 145
341200 150
341400 147
341600 136
341800 167
342000 143
342200 160
342400 156
342600 170
342800 160
343000 128
343200 151
343400 152
343600 124
343800 133
344000 141
344200 156
344400 158
344600 139
344800 148
345000 136
345200 138
345400 140
345600 146
345800 159
346000 163
346200 165
346400 149
346600 154
346800 166
347000 133
347200 154
347400 151
347600 132
347800 157
348000 147
348200 131
348400 140
348600 155
348800 165
349000 141
349200 151
349400 148
349600 144
349800 141
350000 166
350200 159
350400 135
350600 156
350800 158
351000 165
351200 157
351400 162
351600 158
351800 155
352000 139
352200 141
352400 170
352600 157
352800 154
353000 151
353200 158
353400 138
353600 137
353800 144
354000 155
354200 153
354400 139
354600 146
354800 158
355000 147
355200 139
355400 141
355600 151
355800 132
356000 169
356200 144
356400 142
356600 155
356800 159
357000 149
357200 151
357400 146
357600 161
357800 144
358000 138
358200 154
358400 148
358600 141
358800 164
359000 160
359200 146
359400 160
359600 157
359800 159
360000 160
360200 171
360400 156
360600 170
360800 145
361000 115
361200 159
361400 149
361600 146
361800 172
362000 148
362200 145
362400 146
362600 145
362800 154
363000 160
363200 132
363400 138
363600 164
363800 146
364000 147
364200 145
364400 156
364600 145
364800 166
365000 161
365200 145
365400 156
365600 151
365800 158
366000 134
366200 141
366400 157
366600 155
366800 146
367000 139
367200 147
367400 146
367600 148
367800 164
368000 150
368200 155
368400 172
368600 137
368800 153
369000 141
369200 149
369400 147
369600 151
369800 154
370000 137
370200 163
370400 163
370600 179
370800 150
371000 149
371200 125
371400 147
371600 156
371800 173
372000 147
372200 161
372400 151
372600 168
372800 156
373000 126
373200 151
373400 148
373600 142
373800 135
374000 149
374200 142
374400 163
374600 148
374800 163
375000 155
375200 152
375400 132
375600 155
375800 150
376000 165
376200 160
376400 160
376600 138
376800 164
377000 148
377200 153
377400 137
377600 148
377800 165
378000 150
378200 157
378400 145
378600 131
378800 155
379000 151
379200 167
379400 156
379600 135
379800 159
380000 136
380200 160
380400 159
380600 168
380800 148
381000 161
381200 161
381400 141
381600 175
381800 155
382000 137
382200 154
382400 140
382600 130
382800 151
383000 163
383200 138
383400 143
383600 145
383800 160
384000 137
384200 138
384400 164
384600 147
384800 144
385000 129
385200 156
385400 152
385600 153
385800 168
386000 146
386200 155
386400 156
386600 150
386800 146
387000 140
387200 137
387400 123
387600 143
387800 130
388000 141
388200 135
388400 144
388600 152
388800 133
389000 154
389200 152
389400 162
389600 153
389800 145
390000 164
390200 128
390400 144
390600 146
390800 156
391000 153
391200 155
391400 134
391600 162
391800 160
392000 146
392200 133
392400 137
392600 146
392800 155
393000 160
393200 142
393400 141
393600 166
393800 143
394000 162
394200 161
394400 146
394600 168
394800 133
395000 157
395200 147
395400 157
395600 153
395800 158
396000 146
396200 151
396400 141
396600 163
396800 144
397000 162
397200 134
397400 119
397600 156
397800 152
398000 151
398200 145
398400 150
398600 147
398800 158
399000 153
399200 157
399400 156
399600 149
399800 143
400000 142
400200 161
400400 134
400600 141
400800 165
401000 131
401200 157
401400 157
401600 136
401800 149
402000 152
402200 147
402400 166
402600 150
402800 152
403000 152
403200 128
403400 163
403600 146
403800 154
404000 135
404200 134
404400 151
404600 163
404800 144
405000 154
405200 140
405400 148
405600 157
405800 144
406000 149
406200 165
406400 159
406600 149
406800 146
407000 148
407200 133
407400 140
407600 146
407800 164
408000 162
408200 154
408400 135
408600 150
408800 148
409000 162
409200 164
409400 159
409600 161
409800 163
410000 156
410200 124
410400 150
410600 153
410800 153
411000 158
411200 138
411400 146
411600 153
411800 120
412000 136
412200 147
412400 166
412600 155
412800 158
413000 154
413200 168
413400 152
413600 167
413800 151
414000 152
414200 167
414400 139
414600 131
414800 149
415000 160
415200 168
415400 153
415600 149
415800 137
416000 148
416200 158
416400 134
416600 151
416800 147
417000 137
417200 138
417400 146
417600 144
417800 161
418000 126
418200 134
418400 140
418600 131
418800 158
419000 141
419200 153
419400 139
419600 138
419800 163
420000 158
420200 144
420400 145
420600 157
420800 141
421000 174
421200 155
421400 160
421600 138
421800 130
422000 139
422200 132
422400 162
422600 156
422800 171
423000 148
423200 140
423400 166
423600 140
423800 138
424000 137
424200 142
424400 148
424600 136
424800 138
425000 157
425200 164
425400 148
425600 162
425800 155
426000 152
426200 142
426400 142
426600 129
426800 135
427000 156
427200 137
427400 160
427600 149
427800 143
428000 145
428200 150
428400 162
428600 148
428800 149
429000 157
429200 166
429400 153
429600 155
429800 161
430000 165
430200 159
430400 155
430600 152
430800 141
431000 162
431200 151
431400 145
431600 136
431800 148
432000 155
432200 168
432400 148
432600 162
432800 148
433000 165
433200 135
433400 177
433600 163
433800 156
434000 149
434200 145
434400 151
434600 138
434800 151
435000 159
435200 141
435400 139
435600 149
435800 141
436000 166
436200 159
436400 145
436600 154
436800 151
437000 158
437200 137
437400 152
437600 141
437800 132
438000 142
438200 153
438400 150
438600 154
438800 150
439000 160
439200 153
439400 142
439600 138
439800 161
440000 142
440200 154
440400 159
440600 166
440800 153
441000 139
441200 169
441400 148
441600 150
441800 159
442000 153
442200 144
442400 141
442600 161
442800 141
443000 179
443200 169
443400 145
443600 144
443800 139
444000 156
444200 146
444400 158
444600 163
444800 163
445000 168
445200 138
445400 144
445600 140
445800 128
446000 121
446200 160
446400 163
446600 148
446800 154
447000 157
447200 148
447400 146
447600 152
447800 147
448000 146
448200 137
448400 158
448600 157
448800 131
449000 142
449200 154
449400 144
449600 131
449800 149
450000 150
450200 152
450400 143
450600 157
450800 166
451000 136
451200 157
451400 128
451600 159
451800 147
452000 142
452200 128
452400 147
452600 133
452800 152
453000 146
453200 160
453400 157
453600 137
453800 144
454000 150
454200 162
454400 145
454600 141
454800 158
455000 157
455200 165
455400 150
455600 166
455800 166
456000 145
456200 142
456400 141
456600 159
456800 166
457000 159
457200 153
457400 167
457600 153
457800 155
458000 151
458200 160
458400 157
458600 151
458800 176
459000 156
459200 139
459400 133
459600 166
459800 134
460000 156
460200 151
460400 162
460600 174
460800 148
461000 166
461200 163
461400 141
461600 148
461800 152
462000 146
462200 148
462400 143
462600 159
462800 151
463000 152
463200 153
463400 158
463600 165
463800 157
464000 141
464200 147
464400 152
464600 140
464800 175
465000 152
465200 145
465400 168
465600 162
465800 161
466000 164
466200 153
466400 143
466600 138
466800 166
467000 157
467200 134
467400 148
467600 151
467800 153
468000 150
468200 153
468400 135
468600 149
468800 148
469000 146
469200 158
469400 157
469600 144
469800 161
470000 145
470200 140
470400 156
470600 157
470800 136
471000 161
471200 135
471400 174
471600 163
471800 143
472000 153
472200 164
472400 142
472600 123
472800 156
473000 164
473200 155
473400 162
473600 146
473800 144
474000 145
474200 168
474400 158
474600 154
474800 156
475000 149
475200 144
475400 149
475600 130
475800 155
476000 149
476200 157
476400 140
476600 149
476800 152
477000 151
477200 140
477400 153
477600 152
477800 167
478000 166
478200 142
478400 151
478600 154
478800 138
479000 147
479200 153
479400 175
479600 147
479800 146
480000 178
480200 125
480400 134
480600 138
480800 171
481000 142
481200 148
481400 153
481600 153
481800 146
482000 145
482200 162
482400 165
482600 149
482800 158
483000 149
483200 163
483400 146
483600 142
483800 139
484000 161
484200 164
484400 151
484600 141
484800 157
485000 147
485200 153
485400 162
485600 150
485800 149
486000 152
486200 151
486400 166
486600 154
486800 161
487000 148
487200 136
487400 154
487600 134
487800 152
488000 130
488200 140
488400 145
488600 157
488800 139
489000 141
489200 149
489400 144
489600 160
489800 141
490000 140
490200 142
490400 172
490600 150
490800 128
491000 152
491200 159
491400 148
491600 149
491800 153
492000 150
492200 151
492400 164
492600 160
492800 154
493000 160
493200 166
493400 164
493600 140
493800 135
494000 170
494200 158
494400 124
494600 152
494800 142
495000 135
495200 154
495400 163
495600 155
495800 130
496000 130
496200 155
496400 156
496600 147
496800 161
497000 143
497200 137
497400 147
497600 128
497800 155
498000 151
498200 136
498400 146
498600 150
498800 170
499000 158
499200 148
499400 140
499600 145
499800 144
500000 133
500200 158
500400 146
500600 147
500800 139
501000 136
501200 112
501400 146
501600 144
501800 149
502000 165
502200 157
502400 169
502600 145
502800 117
503000 143
503200 138
503400 159
503600 158
503800 155
504000 143
504200 139
504400 171
504600 162
504800 129
505000 133
505200 142
505400 138
505600 146
505800 156
506000 157
506200 164
506400 145
506600 137
506800 151
507000 155
507200 163
507400 166
507600 155
507800 140
508000 171
508200 146
508400 152
508600 156
508800 160
509000 157
509200 128
509400 171
509600 153
509800 153
510000 146
510200 138
510400 153
510600 142
510800 133
511000 158
511200 141
511400 158
511600 141
511800 151
512000 144
512200 130
512400 155
512600 153
512800 145
513000 162
513200 158
513400 156
513600 145
513800 166
514000 141
514200 143
514400 164
514600 133
514800 152
515000 161
515200 164
515400 147
515600 136
515800 171
516000 149
516200 144
516400 143
516600 170
516800 140
517000 161
517200 161
517400 138
517600 145
517800 147
518000 149
518200 148
518400 168
518600 154
518800 127
519000 142
519200 168
519400 152
519600 152
519800 153
520000 161
520200 172
520400 156
520600 159
520800 160
521000 157
521200 147
521400 174
521600 151
521800 165
522000 147
522200 139
522400 152
522600 165
522800 133
523000 176
523200 142
523400 168
523600 154
523800 126
524000 146
524200 132
524400 165
524600 152
524800 158
525000 149
525200 154
525400 139
525600 153
525800 128
526000 140
526200 159
526400 137
526600 146
526800 148
527000 158
527200 129
527400 140
527600 147
527800 148
528000 162
528200 143
528400 144
528600 155
528800 159
529000 144
529200 154
529400 126
529600 142
529800 143
530000 145
530200 139
530400 134
530600 175
530800 162
531000 155
531200 141
531400 151
531600 136
531800 138
532000 143
532200 154
532400 151
532600 160
532800 146
533000 147
533200 147
533400 157
533600 155
533800 144
534000 153
534200 136
534400 141
534600 156
534800 150
535000 159
535200 137
535400 162
535600 147
535800 132
536000 151
536200 154
536400 155
536600 146
536800 161
537000 128
537200 143
537400 157
537600 146
537800 150
538000 146
538200 141
538400 150
538600 142
538800 139
539000 145
539200 153
539400 165
539600 154
539800 147
540000 147
540200 158
540400 162
540600 160
540800 153
541000 134
541200 150
541400 148
541600 146
541800 143
542000 142
542200 145
542400 149
542600 162
542800 153
543000 178
543200 142
543400 158
543600 152
543800 168
544000 166
544200 154
544400 159
544600 138
544800 136
545000 151
545200 162
545400 148
545600 150
545800 140
546000 132
546200 151
546400 145
546600 156
546800 132
547000 168
547200 177
547400 145
547600 146
547800 154
548000 161
548200 155
548400 153
548600 149
548800 139
549000 163
549200 153
549400 126
549600 125
549800 145
550000 135
550200 135
550400 167
550600 154
550800 143
551000 162
551200 145
551400 146
551600 158
551800 150
552000 153
552200 139
552400 149
552600 135
552800 166
553000 136
553200 139
553400 148
553600 157
553800 148
554000 172
554200 153
554400 140
554600 149
554800 147
555000 161
555200 144
555400 149
555600 148
555800 177
556000 150
556200 138
556400 144
556600 151
556800 140
557000 164
557200 153
557400 157
557600 144
557800 162
558000 149
558200 162
558400 169
558600 166
558800 148
559000 177
559200 157
559400 136
559600 154
559800 150
560000 152
560200 144
560400 157
560600 150
560800 160
561000 147
561200 166
561400 145
561600 155
561800 147
562000 143
562200 169
562400 143
562600 122
562800 163
563000 173
563200 144
563400 149
563600 163
563800 153
564000 129
564200 148
564400 140
564600 160
564800 145
565000 154
565200 131
565400 146
565600 131
565800 162
566000 167
566200 156
566400 157
566600 173
566800 123
567000 143
567200 142
567400 136
567600 170
567800 157
568000 141
568200 169
568400 142
568600 160
568800 164
569000 165
569200 151
569400 147
569600 155
569800 148
570000 151
570200 139
570400 150
570600 151
570800 143
571000 154
571200 153
571400 135
571600 152
571800 156
572000 142
572200 143
572400 158
572600 145
572800 151
573000 154
573200 134
573400 139
573600 159
573800 153
574000 146
574200 128
574400 149
574600 173
574800 160
575000 154
575200 145
575400 155
575600 158
575800 150
576000 142
576200 130
576400 146
576600 178
576800 155
577000 152
577200 138
577400 135
577600 148
577800 145
578000 144
578200 143
578400 150
578600 132
578800 149
579000 160
579200 145
579400 144
579600 135
579800 153
580000 170
580200 169
580400 148
580600 142
580800 125
581000 154
581200 136
581400 149
581600 136
581800 146
582000 148
582200 150
582400 147
582600 142
582800 156
583000 148
583200 135
583400 165
583600 149
583800 161
584000 154
584200 135
584400 149
584600 147
584800 156
585000 145
585200 153
585400 151
585600 149
585800 178
586000 149
586200 138
586400 157
586600 153
586800 160
587000 156
587200 154
587400 141
587600 134
587800 153
588000 138
588200 128
588400 142
588600 152
588800 152
589000 147
589200 152
589400 154
589600 142
589800 147
590000 167
590200 146
590400 165
590600 138
590800 166
591000 146
591200 131
591400 139
591600 133
591800 151
592000 156
592200 141
592400 150
592600 142
592800 156
593000 154
593200 128
593400 142
593600 163
593800 134
594000 142
594200 136
594400 157
594600 146
594800 159
595000 133
595200 151
595400 140
595600 128
595800 168
596000 158
596200 134
596400 135
596600 160
596800 164
597000 154
597200 144
597400 147
597600 144
597800 152
598000 149
598200 155
598400 153
598600 142
598800 142
599000 141
599200 137
599400 136
599600 152
599800 138
600000 153
600200 148
600400 160
600600 159
600800 141
601000 154
601200 175
601400 146
601600 142
601800 155
602000 151
602200 153
602400 138
602600 178
602800 152
603000 168
603200 159
603400 134
603600 149
603800 163
604000 159
604200 155
604400 149
604600 138
604800 156
605000 151
605200 142
605400 147
605600 149
605800 146
606000 156
606200 145
606400 150
606600 175
606800 146
607000 143
607200 150
607400 149
607600 132
607800 156
608000 143
608200 148
608400 155
608600 151
608800 159
609000 135
609200 141
609400 144
609600 154
609800 149
610000 175
610200 153
610400 140
610600 157
610800 153
611000 156
611200 164
611400 145
611600 152
611800 154
612000 150
612200 166
612400 166
612600 154
612800 141
613000 174
613200 149
613400 148
613600 144
613800 148
614000 151
614200 161
614400 162
614600 151
614800 139
615000 127
615200 160
615400 145
615600 144
615800 140
616000 170
616200 139
616400 158
616600 163
616800 144
617000 155
617200 150
617400 166
617600 151
617800 161
618000 157
618200 149
618400 161
618600 134
618800 137
619000 160
619200 129
619400 130
619600 149
619800 140
620000 145
620200 136
620400 155
620600 147
620800 141
621000 120
621200 148
621400 131
621600 136
621800 145
622000 151
622200 126
622400 148
622600 156
622800 165
623000 158
623200 154
623400 146
623600 165
623800 138
624000 141
624200 143
624400 166
624600 167
624800 145
625000 153
625200 154
625400 131
625600 145
625800 148
626000 146
626200 150
626400 171
626600 123
626800 160
627000 151
627200 142
627400 128
627600 162
627800 158
628000 148
628200 166
628400 133
628600 172
628800 144
629000 143
629200 152
629400 132
629600 137
629800 160
630000 159
630200 157
630400 143
630600 156
630800 161
631000 148
631200 164
631400 145
631600 149
631800 150
632000 142
632200 143
632400 155
632600 137
632800 138
633000 133
633200 142
633400 145
633600 152
633800 152
634000 165
634200 153
634400 135
634600 148
634800 148
635000 146
635200 141
635400 155
635600 149
635800 154
636000 147
636200 171
636400 159
636600 157
636800 158
637000 133
637200 165
637400 153
637600 141
637800 135
638000 143
638200 149
638400 155
638600 156
638800 147
639000 155
639200 150
639400 165
639600 164
639800 154
640000 137
640200 146
640400 164
640600 110
640800 147
641000 146
641200 137
641400 173
641600 160
641800 153
642000 144
642200 150
642400 153
642600 152
642800 156
643000 168
643200 164
643400 135
643600 145
643800 142
644000 156
644200 129
644400 170
644600 135
644800 150
645000 127
645200 144
645400 149
645600 142
645800 164
646000 151
646200 148
646400 160
646600 143
646800 159
647000 133
647200 137
647400 160
647600 144
647800 153
648000 131
648200 138
648400 145
648600 151
648800 129
649000 148
649200 139
649400 126
649600 154
649800 143
650000 138
650200 124
650400 144
650600 132
650800 152
651000 143
651200 127
651400 163
651600 145
651800 172
652000 163
652200 157
652400 151
652600 158
652800 161
653000 121
653200 147
653400 158
653600 140
653800 151
654000 142
654200 155
654400 126
654600 134
654800 151
655000 160
655200 145
655400 144
655600 148
655800 149
656000 131
656200 152
656400 143
656600 143
656800 158
657000 140
657200 165
657400 151
657600 148
657800 165
658000 122
658200 150
658400 150
658600 154
658800 158
659000 151
659200 181
659400 140
659600 182
659800 141
660000 173
660200 149
660400 156
660600 153
660800 157
661000 144
661200 164
661400 151
661600 142
661800 163
662000 119
662200 150
662400 161
662600 131
662800 144
663000 174
663200 151
663400 156
663600 142
663800 166
664000 157
664200 155
664400 156
664600 141
664800 157
665000 172
665200 148
665400 148
665600 146
665800 157
666000 174
666200 160
666400 179
666600 135
666800 137
667000 165
667200 160
667400 158
667600 146
667800 153
668000 146
668200 166
668400 152
668600 150
668800 171
669000 154
669200 140
669400 146
669600 170
669800 136
670000 134
670200 150
670400 170
670600 129
670800 132
671000 139
671200 152
671400 154
671600 152
671800 131
672000 149
672200 161
672400 152
672600 143
672800 124
673000 137
673200 157
673400 143
673600 156
673800 150
674000 155
674200 118
674400 150
674600 164
674800 160
675000 142
675200 149
675400 139
675600 125
675800 153
676000 129
676200 137
676400 135
676600 146
676800 148
677000 137
677200 150
677400 147
677600 150
677800 154
678000 125
678200 141
678400 134
678600 157
678800 130
679000 159
679200 141
679400 153
679600 166
679800 149
680000 146
680200 159
680400 153
680600 148
680800 170
681000 134
681200 153
681400 156
681600 151
681800 141
682000 154
682200 164
682400 159
682600 150
682800 143
683000 152
683200 156
683400 149
683600 127
683800 155
684000 146
684200 157
684400 151
684600 146
684800 157
685000 156
685200 164
685400 163
685600 163
685800 138
686000 164
686200 159
686400 146
686600 152
686800 147
687000 147
687200 156
687400 153
687600 149
687800 135
688000 138
688200 143
688400 139
688600 158
688800 162
689000 179
689200 152
689400 165
689600 150
689800 144
690000 132
690200 158
690400 144
690600 147
690800 160
691000 156
691200 153
691400 140
691600 143
691800 150
692000 151
692200 158
692400 156
692600 145
692800 147
693000 162
693200 150
693400 152
693600 137
693800 158
694000 153
694200 137
694400 158
694600 168
694800 147
695000 148
695200 167
695400 139
695600 149
695800 140
696000 159
696200 150
696400 139
696600 154
696800 145
697000 141
697200 153
697400 139
697600 157
697800 143
698000 143
698200 137
698400 156
698600 143
698800 150
699000 159
699200 138
699400 164
699600 149
699800 156
700000 158
700200 145
700400 157
700600 156
700800 157
701000 142
701200 150
701400 155
701600 163
701800 147
702000 160
702200 150
702400 155
702600 155
702800 144
703000 170
703200 168
703400 138
703600 144
703800 140
704000 157
704200 158
704400 142
704600 130
704800 161
705000 142
705200 144
705400 157
705600 137
705800 152
706000 146
706200 137
706400 145
706600 164
706800 140
707000 139
707200 148
707400 168
707600 134
707800 140
708000 148
708200 161
708400 129
708600 170
708800 130
709000 166
709200 159
709400 150
709600 142
709800 141
710000 137
710200 149
710400 159
710600 146
710800 151
711000 156
711200 162
711400 174
711600 130
711800 165
712000 154
712200 144
712400 157
712600 146
712800 149
713000 159
713200 133
713400 157
713600 142
713800 150
714000 148
714200 143
714400 172
714600 140
714800 150
715000 156
715200 131
715400 163
715600 136
715800 166
716000 154
716200 136
716400 146
716600 169
716800 155
717000 157
717200 161
717400 147
717600 153
717800 160
718000 133
718200 140
718400 137
718600 124
718800 149
719000 153
719200 159
719400 130
719600 148
719800 154
720000 159
720200 149
720400 157
720600 145
720800 140
721000 145
721200 164
721400 152
721600 154
721800 168
722000 144
722200 153
722400 165
722600 171
722800 144
723000 140
723200 156
723400 153
723600 148
723800 153
724000 145
724200 158
724400 153
724600 148
724800 157
725000 157
725200 148
725400 144
725600 159
725800 155
726000 142
726200 133
726400 152
726600 147
726800 155
727000 156
727200 153
727400 174
727600 134
727800 156
728000 135
728200 146
728400 160
728600 148
728800 161
729000 139
729200 154
729400 149
729600 158
729800 110
730000 133
730200 144
730400 137
730600 123
730800 153
731000 155
731200 179
731400 160
731600 147
731800 142
732000 121
732200 148
732400 150
732600 155
732800 171
733000 158
733200 155
733400 161
733600 145
733800 130
734000 159
734200 158
734400 137
734600 173
734800 141
735000 138
735200 155
735400 151
735600 146
735800 146
736000 143
736200 155
736400 146
736600 146
736800 135
737000 136
737200 149
737400 150
737600 133
737800 147
738000 132
738200 143
738400 154
738600 135
738800 136
739000 147
739200 146
739400 180
739600 144
739800 139
740000 142
740200 152
740400 150
740600 158
740800 147
741000 149
741200 156
741400 129
741600 160
741800 129
742000 161
742200 138
742400 145
742600 140
742800 170
743000 162
743200 150
743400 164
743600 138
743800 152
744000 142
744200 131
744400 144
744600 151
744800 155
745000 140
745200 130
745400 137
745600 147
745800 134
746000 150
746200 140
746400 146
746600 126
746800 170
747000 146
747200 160
747400 162
747600 152
747800 163
748000 155
748200 163
748400 154
748600 135
748800 173
749000 151
749200 143
749400 145
749600 129
749800 130
750000 168
750200 175
750400 152
750600 132
750800 146
751000 143
751200 155
751400 150
751600 130
751800 137
752000 144
752200 146
752400 163
752600 150
752800 136
753000 150
753200 160
753400 158
753600 157
753800 159
754000 155
754200 159
754400 158
754600 152
754800 133
755000 159
755200 147
755400 174
755600 152
755800 134
756000 147
756200 131
756400 157
756600 149
756800 146
757000 152
757200 148
757400 147
757600 158
757800 160
758000 144
758200 160
758400 144
758600 138
758800 157
759000 164
759200 140
759400 156
759600 156
759800 145
760000 130
760200 134
760400 164
760600 170
760800 138
761000 127
761200 141
761400 163
761600 153
761800 147
762000 144
762200 179
762400 144
762600 150
762800 146
763000 147
763200 136
763400 135
763600 142
763800 125
764000 139
764200 122
764400 149
764600 140
764800 158
765000 143
765200 142
765400 141
765600 161
765800 146
766000 164
766200 146
766400 143
766600 158
766800 158
767000 157
767200 150
767400 165
767600 145
767800 123
768000 148
768200 152
768400 147
768600 151
768800 170
769000 143
769200 160
769400 152
769600 145
769800 136
770000 161
770200 132
770400 162
770600 161
770800 136
771000 150
771200 144
771400 139
771600 138
771800 158
772000 151
772200 126
772400 157
772600 169
772800 149
773000 137
773200 147
773400 140
773600 139
773800 155
774000 144
774200 153
774400 153
774600 129
774800 148
775000 137
775200 136
775400 156
775600 150
775800 150
776000 144
776200 132
776400 152
776600 117
776800 162
777000 148
777200 164
777400 159
777600 149
777800 169
778000 127
778200 145
778400 147
778600 142
778800 139
779000 147
779200 133
779400 138
779600 157
779800 154
780000 143
780200 166
780400 160
780600 149
780800 146
781000 144
781200 158
781400 145
781600 136
781800 143
782000 133
782200 160
782400 151
782600 153
782800 156
783000 148
783200 157
783400 129
783600 132
783800 129
784000 137
784200 159
784400 156
784600 152
784800 129
785000 153
785200 176
785400 129
785600 160
785800 149
786000 151
786200 133
786400 138
786600 143
786800 144
787000 146
787200 151
787400 150
787600 147
787800 151
788000 143
788200 144
788400 148
788600 168
788800 150
789000 146
789200 156
789400 151
789600 158
789800 160
790000 148
790200 169
790400 151
790600 159
790800 147
791000 143
791200 162
791400 142
791600 145
791800 154
792000 142
792200 146
792400 137
792600 137
792800 155
793000 168
793200 115
793400 162
793600 152
793800 148
794000 172
794200 152
794400 144
794600 170
794800 155
795000 135
795200 148
795400 126
795600 140
795800 147
796000 161
796200 163
796400 130
796600 152
796800 124
797000 146
797200 135
797400 162
797600 148
797800 130
798000 147
798200 146
798400 136
798600 142
798800 169
799000 160
799200 153
799400 149
799600 144
799800 148
800000 139
800200 148
800400 154
800600 155
800800 147
801000 159
801200 130
801400 142
801600 150
801800 159
802000 147
802200 144
802400 151
802600 138
802800 155
803000 152
803200 141
803400 147
803600 137
803800 143
804000 153
804200 156
804400 146
804600 161
804800 146
805000 165
805200 154
805400 152
805600 143
805800 144
806000 136
806200 138
806400 175
806600 167
806800 154
807000 138
807200 141
807400 151
807600 156
807800 140
808000 166
808200 174
808400 147
808600 158
808800 146
809000 161
809200 165
809400 145
809600 142
809800 146
810000 147
810200 166
810400 146
810600 152
810800 143
811000 158
811200 136
811400 129
811600 142
811800 130
812000 152
812200 144
812400 154
812600 138
812800 162
813000 159
813200 155
813400 146
813600 131
813800 150
814000 164
814200 143
814400 150
814600 155
814800 147
815000 133
815200 143
815400 154
815600 171
815800 122
816000 150
816200 149
816400 119
816600 156
816800 150
817000 139
817200 139
817400 146
817600 155
817800 143
818000 153
818200 163
818400 156
818600 136
818800 160
819000 130
819200 150
819400 156
819600 133
819800 171
820000 144
820200 145
820400 148
820600 144
820800 137
821000 155
821200 163
821400 171
821600 153
821800 134
822000 165
822200 146
822400 138
822600 171
822800 127
823000 145
823200 168
823400 167
823600 151
823800 151
824000 145
824200 129
824400 146
824600 161
824800 155
825000 154
825200 134
825400 115
825600 142
825800 145
826000 171
826200 162
826400 155
826600 139
826800 147
827000 132
827200 142
827400 160
827600 162
827800 156
828000 165
828200 151
828400 163
828600 152
828800 143
829000 139
829200 150
829400 152
829600 138
829800 156
830000 141
830200 139
830400 155
830600 161
830800 168
831000 162
831200 154
831400 146
831600 166
831800 132
832000 139
832200 150
832400 137
832600 142
832800 143
833000 173
833200 146
833400 154
833600 134
833800 148
834000 155
834200 143
834400 149
834600 142
834800 146
835000 149
835200 123
835400 132
835600 155
835800 156
836000 167
836200 171
836400 159
836600 141
836800 170
837000 147
837200 171
837400 166
837600 148
837800 156
838000 155
838200 138
838400 143
838600 143
838800 136
839000 155
839200 142
839400 156
839600 128
839800 164
840000 150
840200 123
840400 164
840600 166
840800 155
841000 137
841200 155
841400 144
841600 152
841800 133
842000 170
842200 163
842400 153
842600 129
842800 158
843000 149
843200 142
843400 161
843600 160
843800 174
844000 155
844200 160
844400 162
844600 168
844800 153
845000 117
845200 149
845400 151
845600 137
845800 134
846000 143
846200 158
846400 167
846600 146
846800 144
847000 169
847200 134
847400 157
847600 144
847800 139
848000 160
848200 132
848400 164
848600 161
848800 161
849000 146
849200 149
849400 151
849600 157
849800 165
850000 149
850200 143
850400 153
850600 148
850800 164
851000 159
851200 153
851400 131
851600 141
851800 152
852000 160
852200 158
852400 150
852600 144
852800 128
853000 142
853200 170
853400 165
853600 135
853800 173
854000 141
854200 130
854400 139
854600 145
854800 138
855000 173
855200 143
855400 149
855600 148
855800 149
856000 138
856200 146
856400 157
856600 138
856800 134
857000 145
857200 140
857400 157
857600 145
857800 152
858000 166
858200 142
858400 144
858600 154
858800 139
859000 163
859200 172
859400 154
859600 148
859800 151
860000 154
860200 146
860400 162
860600 150
860800 151
861000 159
861200 145
861400 139
861600 160
861800 137
862000 160
862200 136
862400 145
862600 151
862800 151
863000 158
863200 154
863400 156
863600 154
863800 153
864000 161
864200 137
864400 140
864600 128
864800 146
865000 159
865200 135
865400 168
865600 161
865800 169
866000 164
866200 164
866400 155
866600 152
866800 137
867000 150
867200 156
867400 146
867600 159
867800 146
868000 138
868200 130
868400 140
868600 166
868800 170
869000 157
869200 156
869400 150
869600 150
869800 149
870000 147
870200 154
870400 149
870600 126
870800 145
871000 154
871200 148
871400 122
871600 151
871800 149
872000 137
872200 143
872400 135
872600 165
872800 135
873000 171
873200 160
873400 152
873600 131
873800 153
874000 148
874200 157
874400 152
874600 138
874800 128
875000 153
875200 140
875400 153
875600 142
875800 144
876000 136
876200 145
876400 171
876600 140
876800 144
877000 138
877200 167
877400 151
877600 121
877800 143
878000 160
878200 166
878400 127
878600 143
878800 157
879000 161
879200 156
879400 151
879600 131
879800 138
880000 163
880200 167
880400 148
880600 159
880800 154
881000 151
881200 172
881400 138
881600 173
881800 144
882000 148
882200 148
882400 149
882600 138
882800 167
883000 141
883200 145
883400 146
883600 145
883800 150
884000 157
884200 153
884400 168
884600 148
884800 164
885000 136
885200 159
885400 148
885600 153
885800 154
886000 156
886200 131
886400 144
886600 139
886800 163
887000 145
887200 149
887400 129
887600 154
887800 174
888000 153
888200 153
888400 169
888600 145
888800 150
889000 138
889200 148
889400 150
889600 163
889800 147
890000 138
890200 158
890400 151
890600 147
890800 170
891000 149
891200 145
891400 149
891600 155
891800 142
892000 149
892200 142
892400 142
892600 143
892800 132
893000 148
893200 160
893400 149
893600 150
893800 133
894000 157
894200 133
894400 135
894600 137
894800 156
895000 143
895200 130
895400 150
895600 159
895800 142
896000 159
896200 128
896400 147
896600 159
896800 141
897000 150
897200 164
897400 147
897600 162
897800 158
898000 155
898200 155
898400 146
898600 145
898800 153
899000 150
899200 156
899400 136
899600 140
899800 157
900000 170
900200 154
900400 165
900600 141
900800 146
901000 140
901200 171
901400 123
901600 152
901800 159
902000 147
902200 163
902400 146
902600 134
902800 149
903000 138
903200 153
903400 135
903600 151
903800 162
904000 153
904200 149
904400 152
904600 163
904800 163
905000 126
905200 162
905400 145
905600 153
905800 139
906000 155
906200 148
906400 179
906600 162
906800 158
907000 141
907200 144
907400 158
907600 139
907800 164
908000 134
908200 144
908400 132
908600 169
908800 158
909000 167
909200 150
909400 145
909600 154
909800 166
910000 138
910200 133
910400 153
910600 153
910800 154
911000 160
911200 165
911400 162
911600 144
911800 150
912000 154
912200 153
912400 160
912600 167
912800 123
913000 146
913200 140
913400 128
913600 144
913800 143
914000 147
914200 143
914400 143
914600 153
914800 163
915000 163
915200 166
915400 154
915600 167
915800 148
916000 146
916200 142
916400 172
916600 150
916800 142
917000 148
917200 183
917400 143
917600 176
917800 136
918000 152
918200 155
918400 129
918600 168
918800 147
919000 146
919200 149
919400 173
919600 146
919800 161
920000 142
920200 147
920400 162
920600 128
920800 163
921000 163
921200 140
921400 154
921600 160
921800 147
922000 158
922200 131
922400 160
922600 143
922800 156
923000 138
923200 170
923400 153
923600 124
923800 160
924000 155
924200 148
924400 148
924600 146
924800 146
925000 157
925200 159
925400 147
925600 143
925800 148
926000 150
926200 146
926400 150
926600 168
926800 142
927000 147
927200 163
927400 157
927600 154
927800 149
928000 168
928200 125
928400 148
928600 137
928800 138
929000 144
929200 161
929400 154
929600 157
929800 154
930000 143
930200 150
930400 155
930600 155
930800 140
931000 165
931200 142
931400 146
931600 157
931800 130
932000 161
932200 142
932400 151
932600 165
932800 169
933000 127
933200 143
933400 155
933600 142
933800 166
934000 140
934200 157
934400 152
934600 160
934800 139
935000 163
935200 150
935400 137
935600 152
935800 150
936000 131
936200 151
936400 145
936600 135
936800 126
937000 151
937200 142
937400 145
937600 154
937800 145
938000 155
938200 145
938400 146
938600 145
938800 131
939000 172
939200 156
939400 145
939600 140
939800 160
940000 145
940200 152
940400 149
940600 147
940800 151
941000 129
941200 148
941400 163
941600 146
941800 149
942000 168
942200 154
942400 142
942600 160
942800 140
943000 147
943200 159
943400 159
943600 161
943800 131
944000 139
944200 148
944400 163
944600 143
944800 133
945000 138
945200 145
945400 125
945600 142
945800 165
946000 140
946200 142
946400 164
946600 153
946800 126
947000 158
947200 144
947400 163
947600 150
947800 143
948000 133
948200 149
948400 171
948600 153
948800 149
949000 151
949200 162
949400 144
949600 169
949800 154
950000 153
950200 155
950400 149
950600 166
950800 148
951000 118
951200 166
951400 148
951600 130
951800 137
952000 149
952200 161
952400 152
952600 151
952800 159
953000 162
953200 163
953400 159
953600 157
953800 155
954000 148
954200 160
954400 140
954600 161
954800 139
955000 148
955200 151
955400 178
955600 151
955800 157
956000 144
956200 157
956400 166
956600 131
956800 134
957000 149
957200 160
957400 123
957600 130
957800 167
958000 158
958200 154
958400 128
958600 156
958800 157
959000 164
959200 147
959400 150
959600 152
959800 167
960000 135
960200 150
960400 168
960600 153
960800 154
961000 145
961200 153
961400 155
961600 134
961800 148
962000 156
962200 146
962400 144
962600 139
962800 158
963000 145
963200 153
963400 156
963600 142
963800 166
964000 152
964200 134
964400 133
964600 133
964800 154
965000 156
965200 154
965400 158
965600 138
965800 145
966000 152
966200 140
966400 170
966600 152
966800 163
967000 152
967200 133
967400 145
967600 133
967800 151
968000 152
968200 155
968400 162
968600 158
968800 145
969000 141
969200 155
969400 139
969600 154
969800 149
970000 124
970200 137
970400 139
970600 148
970800 137
971000 147
971200 118
971400 143
971600 171
971800 165
972000 139
972200 141
972400 129
972600 146
972800 143
973000 160
973200 124
973400 156
973600 135
973800 147
974000 139
974200 143
974400 162
974600 147
974800 151
975000 157
975200 153
975400 146
975600 152
975800 162
976000 155
976200 146
976400 145
976600 159
976800 161
977000 142
977200 142
977400 143
977600 135
977800 140
978000 158
978200 167
978400 153
978600 142
978800 153
979000 159
979200 170
979400 153
979600 150
979800 152
980000 159
980200 138
980400 146
980600 140
980800 141
981000 136
981200 123
981400 173
981600 146
981800 152
982000 144
982200 136
982400 150
982600 136
982800 147
983000 141
983200 139
983400 162
983600 158
983800 154
984000 149
984200 136
984400 156
984600 164
984800 155
985000 157
985200 154
985400 146
985600 163
985800 148
986000 144
986200 128
986400 152
986600 146
986800 149
987000 157
987200 153
987400 150
987600 152
987800 161
988000 142
988200 147
988400 145
988600 152
988800 143
989000 144
989200 162
989400 156
989600 142
989800 144
990000 136
990200 160
990400 155
990600 146
990800 154
991000 162
991200 146
991400 138
991600 157
991800 152
992000 156
992200 137
992400 153
992600 134
992800 155
993000 135
993200 128
993400 146
993600 142
993800 139
994000 147
994200 169
994400 132
994600 133
994800 142
995000 148
995200 176
995400 133
995600 155
995800 150
996000 137
996200 164
996400 148
996600 160
996800 156
997000 160
997200 154
997400 131
997600 144
997800 163
998000 140
998200 146
998400 142
998600 149
998800 162
999000 139
999200 152
999400 134
999600 158
999800 140
1000000 141
