500 153
1000 138
1500 147
2000 151
2500 152
3000 154
3500 130
4000 153
4500 147
5000 158
5500 140
6000 154
6500 138
7000 143
7500 136
8000 156
8500 154
9000 139
9500 136
10000 127
10500 158
11000 162
11500 156
12000 164
12500 149
13000 139
13500 160
14000 152
14500 142
15000 158
15500 149
16000 143
16500 160
17000 146
17500 154
18000 131
18500 167
19000 132
19500 156
20000 136
20500 152
21000 166
21500 160
22000 124
22500 127
23000 147
23500 147
24000 151
24500 155
25000 155
25500 155
26000 162
26500 148
27000 134
27500 126
28000 121
28500 124
29000 137
29500 137
30000 148
30500 166
31000 132
31500 138
32000 143
32500 160
33000 126
33500 164
34000 140
34500 172
35000 153
35500 148
36000 151
36500 137
37000 128
37500 119
38000 162
38500 155
39000 121
39500 159
40000 151
40500 144
41000 120
41500 158
42000 135
42500 137
43000 143
43500 150
44000 146
44500 136
45000 152
45500 154
46000 163
46500 145
47000 155
47500 146
48000 150
48500 148
49000 143
49500 120
50000 142
50500 145
51000 145
51500 143
52000 148
52500 152
53000 159
53500 170
54000 158
54500 145
55000 159
55500 125
56000 127
56500 135
57000 164
57500 134
58000 128
58500 124
59000 133
59500 136
60000 148
60500 164
61000 154
61500 149
62000 127
62500 135
63000 155
63500 165
64000 147
64500 162
65000 136
65500 152
66000 150
66500 160
67000 141
67500 143
68000 151
68500 146
69000 146
69500 142
70000 149
70500 151
71000 156
71500 146
72000 149
72500 143
73000 137
73500 142
74000 139
74500 145
75000 153
75500 143
76000 128
76500 154
77000 141
77500 133
78000 162
78500 131
79000 136
79500 145
80000 137
80500 134
81000 140
81500 142
82000 135
82500 140
83000 152
83500 143
84000 138
84500 138
85000 148
85500 129
86000 150
86500 136
87000 128
87500 130
88000 141
88500 140
89000 122
89500 144
90000 133
90500 137
91000 133
91500 120
92000 135
92500 115
93000 163
93500 140
94000 140
94500 136
95000 144
95500 153
96000 146
96500 161
97000 140
97500 132
98000 145
98500 131
99000 161
99500 153
100000 146
100500 134
101000 152
101500 137
102000 140
102500 121
103000 142
103500 143
104000 137
104500 150
105000 149
105500 122
106000 126
106500 149
107000 148
107500 152
108000 131
108500 135
109000 131
109500 152
110000 136
110500 128
111000 129
111500 140
112000 137
112500 140
113000 139
113500 126
114000 155
114500 127
115000 137
115500 159
116000 118
116500 135
117000 144
117500 153
118000 130
118500 133
119000 136
119500 138
120000 145
120500 150
121000 127
121500 152
122000 137
122500 140
123000 143
123500 134
124000 143
124500 129
125000 137
125500 124
126000 121
126500 143
127000 130
127500 139
128000 137
128500 139
129000 119
129500 129
130000 135
130500 138
131000 146
131500 134
132000 113
132500 138
133000 149
133500 149
134000 140
134500 126
135000 123
135500 117
136000 134
136500 138
137000 134
137500 131
138000 138
138500 139
139000 127
139500 140
140000 138
140500 114
141000 122
141500 137
142000 141
142500 124
143000 122
143500 148
144000 125
144500 125
145000 144
145500 143
146000 130
146500 109
147000 128
147500 104
148000 138
148500 145
149000 143
149500 124
150000 124
150500 169
151000 124
151500 128
152000 107
152500 112
153000 139
153500 113
154000 137
154500 135
155000 116
155500 133
156000 133
156500 125
157000 120
157500 118
158000 136
158500 122
159000 117
159500 131
160000 144
160500 142
161000 117
161500 136
162000 130
162500 118
163000 131
163500 141
164000 122
164500 134
165000 120
165500 129
166000 142
166500 142
167000 150
167500 132
168000 128
168500 117
169000 125
169500 116
170000 115
170500 117
171000 135
171500 130
172000 151
172500 123
173000 112
173500 125
174000 130
174500 129
175000 124
175500 130
176000 152
176500 116
177000 134
177500 129
178000 115
178500 142
179000 111
179500 130
180000 117
180500 129
181000 133
181500 111
182000 106
182500 111
183000 107
183500 127
184000 120
184500 149
185000 143
185500 127
186000 145
186500 118
187000 111
187500 124
188000 122
188500 109
189000 118
189500 144
190000 149
190500 118
191000 125
191500 118
192000 119
192500 111
193000 127
193500 116
194000 116
194500 114
195000 134
195500 121
196000 112
196500 115
197000 115
197500 117
198000 102
198500 111
199000 120
199500 124
200000 105
200500 124
201000 123
201500 113
202000 127
202500 111
203000 111
203500 113
204000 120
204500 123
205000 119
205500 109
206000 106
206500 115
207000 137
207500 108
208000 112
208500 94
209000 119
209500 112
210000 101
210500 116
211000 123
211500 98
212000 112
212500 129
213000 90
213500 128
214000 107
214500 114
215000 105
215500 112
216000 96
216500 113
217000 118
217500 114
218000 105
218500 118
219000 83
219500 111
220000 113
220500 140
221000 105
221500 98
222000 106
222500 95
223000 92
223500 98
224000 104
224500 99
225000 126
225500 106
226000 93
226500 93
227000 94
227500 116
228000 109
228500 112
229000 96
229500 97
230000 97
230500 108
231000 128
231500 96
232000 103
232500 107
233000 99
233500 102
234000 154
234500 98
235000 105
235500 97
236000 85
236500 106
237000 105
237500 125
238000 103
238500 113
239000 91
239500 144
240000 108
240500 96
241000 85
241500 112
242000 94
242500 103
243000 108
243500 141
244000 85
244500 108
245000 104
245500 88
246000 102
246500 129
247000 87
247500 85
248000 136
248500 108
249000 110
249500 97
250000 113
250500 98
251000 102
251500 87
252000 97
252500 103
253000 102
253500 100
254000 89
254500 87
255000 105
255500 118
256000 101
256500 97
257000 98
257500 91
258000 86
258500 88
259000 79
259500 107
260000 114
260500 99
261000 91
261500 106
262000 91
262500 82
263000 83
263500 78
264000 122
264500 130
265000 142
265500 95
266000 100
266500 90
267000 100
267500 120
268000 83
268500 109
269000 88
269500 83
270000 74
270500 96
271000 90
271500 110
272000 87
272500 76
273000 103
273500 79
274000 84
274500 93
275000 78
275500 123
276000 90
276500 103
277000 113
277500 115
278000 88
278500 80
279000 81
279500 89
280000 85
280500 130
281000 104
281500 87
282000 85
282500 136
283000 77
283500 78
284000 105
284500 82
285000 74
285500 79
286000 96
286500 96
287000 86
287500 86
288000 76
288500 81
289000 103
289500 105
290000 73
290500 95
291000 87
291500 81
292000 77
292500 79
293000 80
293500 111
294000 87
294500 77
295000 71
295500 68
296000 68
296500 66
297000 71
297500 68
298000 72
298500 73
299000 76
299500 83
300000 74
300500 89
301000 83
301500 78
302000 72
302500 70
303000 71
303500 81
304000 79
304500 74
305000 72
305500 72
306000 71
306500 72
307000 74
307500 70
308000 72
308500 71
309000 72
309500 78
310000 77
310500 72
311000 72
311500 69
312000 69
312500 71
313000 71
313500 71
314000 69
314500 74
315000 71
315500 74
316000 75
316500 73
317000 73
317500 71
318000 70
318500 70
319000 70
319500 72
320000 71
320500 70
321000 88
321500 73
322000 72
322500 72
323000 72
323500 72
324000 75
324500 73
325000 75
325500 76
326000 74
326500 71
327000 70
327500 70
328000 70
328500 70
329000 70
329500 72
330000 70
330500 74
331000 70
331500 70
332000 70
332500 70
333000 70
333500 71
334000 71
334500 70
335000 70
335500 70
336000 70
336500 70
337000 71
337500 70
338000 70
338500 71
339000 73
339500 71
340000 73
340500 71
341000 70
341500 70
342000 70
342500 71
343000 71
343500 71
344000 71
344500 71
345000 71
345500 71
346000 72
346500 70
347000 70
347500 69
348000 69
348500 68
349000 68
349500 68
350000 68
350500 68
351000 68
351500 68
352000 68
352500 68
353000 70
353500 69
354000 69
354500 69
355000 69
355500 69
356000 68
356500 68
357000 68
357500 68
358000 68
358500 68
359000 68
359500 68
360000 68
360500 68
361000 68
361500 68
362000 68
362500 68
363000 68
363500 68
364000 68
364500 68
365000 68
365500 69
366000 70
366500 69
367000 69
367500 69
368000 69
368500 69
369000 69
369500 69
370000 69
370500 69
371000 69
371500 68
372000 68
372500 68
373000 69
373500 69
374000 69
374500 69
375000 68
375500 68
376000 68
376500 68
377000 68
377500 68
378000 68
378500 68
379000 68
379500 68
380000 68
380500 68
381000 69
381500 68
382000 68
382500 68
383000 68
383500 68
384000 68
384500 68
385000 68
385500 68
386000 68
386500 68
387000 68
387500 68
388000 68
388500 68
389000 68
389500 68
390000 68
390500 68
391000 68
391500 68
392000 68
392500 68
393000 68
393500 68
394000 68
394500 68
395000 68
395500 68
396000 68
396500 68
397000 68
397500 68
398000 68
398500 68
399000 68
399500 68
400000 68
400500 68
401000 68
401500 68
402000 68
402500 68
403000 68
403500 68
404000 68
404500 68
405000 68
405500 68
406000 68
406500 68
407000 68
407500 68
408000 68
408500 68
409000 68
409500 68
410000 68
410500 68
411000 68
411500 68
412000 68
412500 68
413000 68
413500 68
414000 68
414500 68
415000 68
415500 68
416000 68
416500 68
417000 68
417500 68
418000 68
418500 68
419000 68
419500 68
420000 68
420500 68
421000 68
421500 68
422000 68
422500 68
423000 68
423500 68
424000 68
424500 68
425000 68
425500 68
426000 68
426500 68
427000 68
427500 68
428000 68
428500 68
429000 68
429500 68
430000 68
430500 68
431000 68
431500 68
432000 68
432500 68
433000 68
433500 68
434000 68
434500 68
435000 68
435500 68
436000 68
436500 68
437000 68
437500 68
438000 68
438500 68
439000 68
439500 68
440000 68
440500 68
441000 68
441500 68
442000 68
442500 68
443000 68
443500 68
444000 68
444500 68
445000 68
445500 68
446000 68
446500 68
447000 68
447500 68
448000 68
448500 68
449000 68
449500 68
450000 68
450500 68
451000 68
451500 68
452000 68
452500 68
453000 68
453500 68
454000 68
454500 68
455000 68
455500 68
456000 68
456500 68
457000 68
457500 68
458000 68
458500 68
459000 68
459500 68
460000 68
460500 68
461000 68
461500 68
462000 68
462500 68
463000 68
463500 68
464000 68
464500 68
465000 68
465500 68
466000 68
466500 68
467000 68
467500 68
468000 68
468500 68
469000 68
469500 68
470000 68
470500 68
471000 68
471500 68
472000 68
472500 68
473000 68
473500 68
474000 68
474500 68
475000 68
475500 68
476000 68
476500 68
477000 68
477500 68
478000 68
478500 68
479000 68
479500 68
480000 68
480500 68
481000 68
481500 68
482000 68
482500 68
483000 68
483500 68
484000 68
484500 68
485000 68
485500 68
486000 68
486500 68
487000 68
487500 68
488000 68
488500 68
489000 68
489500 68
490000 68
490500 68
491000 68
491500 68
492000 68
492500 68
493000 68
493500 68
494000 68
494500 68
495000 68
495500 68
496000 68
496500 68
497000 68
497500 68
498000 68
498500 68
499000 68
499500 68
500000 68
500500 68
501000 68
501500 68
502000 68
502500 68
503000 68
503500 68
504000 68
504500 68
505000 68
505500 68
506000 68
506500 68
507000 68
507500 68
508000 68
508500 68
509000 68
509500 68
510000 68
510500 68
511000 68
511500 68
512000 68
512500 68
513000 68
513500 68
514000 68
514500 68
515000 68
515500 68
516000 68
516500 68
517000 68
517500 68
518000 68
518500 68
519000 68
519500 68
520000 68
520500 68
521000 68
521500 68
522000 68
522500 68
523000 68
523500 68
524000 68
524500 68
525000 68
525500 68
526000 68
526500 68
527000 68
527500 68
528000 68
528500 68
529000 68
529500 68
530000 68
530500 68
531000 68
531500 68
532000 68
532500 68
533000 68
533500 68
534000 68
534500 68
535000 68
535500 68
536000 68
536500 68
537000 68
537500 68
538000 68
538500 68
539000 68
539500 68
540000 68
540500 68
541000 68
541500 68
542000 68
542500 68
543000 68
543500 68
544000 68
544500 68
545000 68
545500 68
546000 68
546500 68
547000 68
547500 68
548000 68
548500 68
549000 68
549500 68
550000 68
550500 68
551000 68
551500 68
552000 68
552500 68
553000 68
553500 68
554000 68
554500 68
555000 68
555500 68
556000 68
556500 68
557000 68
557500 68
558000 68
558500 68
559000 68
559500 68
560000 68
560500 68
561000 68
561500 68
562000 68
562500 68
563000 68
563500 68
564000 68
564500 68
565000 68
565500 68
566000 68
566500 68
567000 68
567500 68
568000 68
568500 68
569000 68
569500 68
570000 68
570500 68
571000 68
571500 68
572000 68
572500 68
573000 68
573500 68
574000 68
574500 68
575000 68
575500 68
576000 68
576500 68
577000 68
577500 68
578000 68
578500 68
579000 68
579500 68
580000 68
580500 68
581000 68
581500 68
582000 68
582500 68
583000 68
583500 68
584000 68
584500 68
585000 68
585500 68
586000 68
586500 68
587000 68
587500 68
588000 68
588500 68
589000 68
589500 68
590000 68
590500 68
591000 68
591500 68
592000 68
592500 68
593000 68
593500 68
594000 68
594500 68
595000 68
595500 68
596000 68
596500 68
597000 68
597500 68
598000 68
598500 68
599000 68
599500 68
600000 68
600500 68
601000 68
601500 68
602000 68
602500 68
603000 68
603500 68
604000 68
604500 68
605000 68
605500 68
606000 68
606500 68
607000 68
607500 68
608000 68
608500 68
609000 68
609500 68
610000 68
610500 68
611000 68
611500 68
612000 68
612500 68
613000 68
613500 68
614000 68
614500 68
615000 68
615500 68
616000 68
616500 68
617000 68
617500 68
618000 68
618500 68
619000 68
619500 68
620000 68
620500 68
621000 68
621500 68
622000 68
622500 68
623000 68
623500 68
624000 68
624500 68
625000 68
625500 68
626000 68
626500 68
627000 68
627500 68
628000 68
628500 68
629000 68
629500 68
630000 68
630500 68
631000 68
631500 68
632000 68
632500 68
633000 68
633500 68
634000 68
634500 68
635000 68
635500 68
636000 68
636500 68
637000 68
637500 68
638000 68
638500 68
639000 68
639500 68
640000 68
640500 68
641000 68
641500 68
642000 68
642500 68
643000 68
643500 68
644000 68
644500 68
645000 68
645500 68
646000 68
646500 68
647000 68
647500 68
648000 68
648500 68
649000 68
649500 68
650000 68
650500 68
651000 68
651500 68
652000 68
652500 68
653000 68
653500 68
654000 68
654500 68
655000 68
655500 68
656000 68
656500 68
657000 68
657500 68
658000 68
658500 68
659000 68
659500 68
660000 68
