50 79
100 79
150 79
200 79
250 79
300 79
350 79
400 79
450 79
500 79
550 79
600 79
650 79
700 79
750 79
800 79
850 79
900 79
950 79
1000 79
1050 79
1100 79
1150 79
1200 79
1250 79
1300 79
1350 79
1400 79
1450 79
1500 79
1550 79
1600 79
1650 79
1700 79
1750 79
1800 79
1850 79
1900 79
1950 79
2000 79
2050 79
2100 79
2150 79
2200 79
2250 79
2300 79
2350 79
2400 79
2450 79
2500 79
2550 79
2600 79
2650 79
2700 79
2750 79
2800 79
2850 79
2900 79
2950 79
3000 79
3050 79
3100 79
3150 79
3200 79
3250 79
3300 79
3350 79
3400 79
3450 79
3500 79
3550 79
3600 79
3650 79
3700 79
3750 79
3800 79
3850 79
3900 79
3950 79
4000 79
4050 79
4100 79
4150 79
4200 79
4250 79
4300 79
4350 79
4400 79
4450 79
4500 79
4550 79
4600 79
4650 79
4700 79
4750 79
4800 79
4850 79
4900 79
4950 79
5000 79
5050 79
5100 79
5150 79
5200 79
5250 79
5300 79
5350 79
5400 79
5450 79
5500 79
5550 79
5600 79
5650 79
5700 79
5750 79
5800 79
5850 79
5900 79
5950 79
6000 79
6050 79
6100 79
6150 79
6200 79
6250 79
6300 79
6350 79
6400 79
6450 79
6500 79
6550 79
6600 79
6650 79
6700 79
6750 79
6800 79
6850 79
6900 79
6950 79
7000 79
7050 79
7100 79
7150 79
7200 79
7250 79
7300 79
7350 79
7400 79
7450 79
7500 79
7550 79
7600 79
7650 79
7700 79
7750 79
7800 79
7850 79
7900 79
7950 79
8000 79
8050 79
8100 79
8150 79
8200 79
8250 79
8300 79
8350 79
8400 79
8450 79
8500 79
8550 79
8600 79
8650 79
8700 79
8750 79
8800 79
8850 79
8900 79
8950 79
9000 79
9050 79
9100 79
9150 79
9200 79
9250 79
9300 79
9350 79
9400 79
9450 79
9500 79
9550 79
9600 79
9650 79
9700 79
9750 79
9800 79
9850 79
9900 79
9950 79
10000 79
10050 79
10100 79
10150 79
10200 79
10250 79
10300 79
10350 79
10400 79
10450 79
10500 79
10550 79
10600 79
10650 79
10700 79
10750 79
10800 79
10850 79
10900 79
10950 79
11000 79
11050 79
11100 79
11150 79
11200 79
11250 79
11300 79
11350 79
11400 79
11450 79
11500 79
11550 79
11600 79
11650 79
11700 79
11750 79
11800 79
11850 79
11900 79
11950 79
12000 79
12050 79
12100 79
12150 79
12200 79
12250 79
12300 79
12350 79
12400 79
12450 79
12500 79
12550 79
12600 79
12650 79
12700 79
12750 79
12800 79
12850 79
12900 79
12950 79
13000 79
13050 79
13100 79
13150 79
13200 79
13250 79
13300 79
13350 79
13400 79
13450 79
13500 79
13550 79
13600 79
13650 79
13700 79
13750 79
13800 79
13850 79
13900 79
13950 79
14000 79
14050 79
14100 79
14150 79
14200 79
14250 79
14300 79
14350 79
14400 79
14450 79
14500 79
14550 79
14600 79
14650 79
14700 79
14750 79
14800 79
14850 79
14900 79
14950 79
15000 79
15050 79
15100 79
15150 79
15200 79
15250 79
15300 79
15350 79
15400 79
15450 79
15500 79
15550 79
15600 79
15650 79
15700 79
15750 79
15800 79
15850 79
15900 79
15950 79
16000 79
16050 79
16100 79
16150 79
16200 79
16250 79
16300 79
16350 79
16400 79
16450 79
16500 79
16550 79
16600 79
16650 79
16700 79
16750 79
16800 79
16850 79
16900 79
16950 79
17000 79
17050 79
17100 79
17150 79
17200 79
17250 79
17300 79
17350 79
17400 79
17450 79
17500 79
17550 79
17600 79
17650 79
17700 79
17750 79
17800 79
17850 79
17900 79
17950 79
18000 79
18050 79
18100 79
18150 79
18200 79
18250 79
18300 79
18350 79
18400 79
18450 79
18500 79
18550 79
18600 79
18650 79
18700 79
18750 79
18800 79
18850 79
18900 79
18950 79
19000 79
19050 79
19100 79
19150 79
19200 79
19250 79
19300 79
19350 79
19400 79
19450 79
19500 79
19550 79
19600 79
19650 79
19700 79
19750 79
19800 79
19850 79
19900 79
19950 79
20000 79
20050 79
20100 79
20150 79
20200 79
20250 79
20300 79
20350 79
20400 79
20450 79
20500 79
20550 79
20600 79
20650 79
20700 79
20750 79
20800 79
20850 79
20900 79
20950 79
21000 79
21050 79
21100 79
21150 79
21200 79
21250 79
21300 79
21350 79
21400 79
21450 79
21500 79
21550 79
21600 79
21650 79
21700 79
21750 79
21800 79
21850 79
21900 79
21950 79
22000 79
22050 79
22100 79
22150 79
22200 79
22250 79
22300 79
22350 79
22400 79
22450 79
22500 79
22550 79
22600 79
22650 79
22700 79
22750 79
22800 79
22850 79
22900 79
22950 79
23000 79
23050 79
23100 79
23150 79
23200 79
23250 79
23300 79
23350 79
23400 79
23450 79
23500 79
23550 79
23600 79
23650 79
23700 79
23750 79
23800 79
23850 79
23900 79
23950 79
24000 79
24050 79
24100 79
24150 79
24200 79
24250 79
24300 79
24350 79
24400 79
24450 79
24500 79
24550 79
24600 79
24650 79
24700 79
24750 79
24800 79
24850 79
24900 79
24950 79
25000 79
25050 79
25100 79
25150 79
25200 79
25250 79
25300 79
25350 79
25400 79
25450 79
25500 79
25550 79
25600 79
25650 79
25700 79
25750 79
25800 79
25850 79
25900 79
25950 79
26000 79
26050 79
26100 79
26150 79
26200 79
26250 79
26300 79
26350 79
26400 79
26450 79
26500 79
26550 79
26600 79
26650 79
26700 79
26750 79
26800 79
26850 79
26900 79
26950 79
27000 79
27050 79
27100 79
27150 79
27200 79
27250 79
27300 79
27350 79
27400 79
27450 79
27500 79
27550 79
27600 79
27650 79
27700 79
27750 79
27800 79
27850 79
27900 79
27950 79
28000 79
28050 79
28100 79
28150 79
28200 79
28250 79
28300 79
28350 79
28400 79
28450 79
28500 79
28550 79
28600 79
28650 79
28700 79
28750 79
28800 79
28850 79
28900 79
28950 79
29000 79
29050 79
29100 79
29150 79
29200 79
29250 79
29300 79
29350 79
29400 79
29450 79
29500 79
29550 79
29600 79
29650 79
29700 79
29750 79
29800 79
29850 79
29900 79
29950 79
30000 79
30050 79
30100 79
30150 79
30200 79
30250 79
30300 79
30350 79
30400 79
30450 79
30500 79
30550 79
30600 79
30650 79
30700 79
30750 79
30800 79
30850 79
30900 79
30950 79
31000 79
31050 79
31100 79
31150 79
31200 79
31250 79
31300 79
31350 79
31400 79
31450 79
31500 79
31550 79
31600 79
31650 79
31700 79
31750 79
31800 79
31850 79
31900 79
31950 79
32000 79
32050 79
32100 79
32150 79
32200 79
32250 79
32300 79
32350 79
32400 79
32450 79
32500 79
32550 79
32600 79
32650 79
32700 79
32750 79
32800 79
32850 79
32900 79
32950 79
33000 79
33050 79
33100 79
33150 79
33200 79
33250 79
33300 79
33350 79
33400 79
33450 79
33500 79
33550 79
33600 79
33650 79
33700 79
33750 79
33800 74
33850 74
33900 74
33950 74
34000 74
34050 74
34100 74
34150 74
34200 74
34250 74
34300 74
34350 74
34400 74
34450 74
34500 74
34550 74
34600 74
34650 74
34700 74
34750 74
34800 74
34850 74
34900 74
34950 74
35000 74
35050 74
35100 74
35150 74
35200 74
35250 74
35300 74
35350 74
35400 74
35450 74
35500 74
35550 74
35600 74
35650 74
35700 74
35750 74
35800 74
35850 74
35900 74
35950 74
36000 74
36050 74
36100 74
36150 74
36200 74
36250 74
36300 74
36350 74
36400 74
36450 74
36500 74
36550 74
36600 74
36650 74
36700 74
36750 74
36800 74
36850 74
36900 74
36950 74
37000 74
37050 74
37100 74
37150 74
37200 74
37250 74
37300 74
37350 74
37400 74
37450 74
37500 74
37550 74
37600 74
37650 74
37700 74
37750 74
37800 74
37850 74
37900 74
37950 74
38000 74
38050 74
38100 74
38150 74
38200 74
38250 74
38300 74
38350 74
38400 74
38450 74
38500 74
38550 74
38600 74
38650 74
38700 74
38750 74
38800 74
38850 74
38900 74
38950 74
39000 74
39050 74
39100 74
39150 74
39200 74
39250 74
39300 74
39350 74
39400 74
39450 74
39500 74
39550 74
39600 74
39650 74
39700 74
39750 74
39800 74
39850 74
39900 74
39950 74
40000 74
40050 74
40100 74
40150 74
40200 74
40250 74
40300 74
40350 74
40400 74
40450 74
40500 74
40550 74
40600 74
40650 74
40700 74
40750 74
40800 74
40850 74
40900 74
40950 74
41000 74
41050 74
41100 74
41150 74
41200 74
41250 74
41300 74
41350 74
41400 74
41450 74
41500 74
41550 74
41600 74
41650 74
41700 74
41750 74
41800 74
41850 74
41900 74
41950 74
42000 74
42050 74
42100 74
42150 74
42200 74
42250 74
42300 74
42350 74
42400 74
42450 74
42500 74
42550 74
42600 74
42650 74
42700 74
42750 74
42800 74
42850 74
42900 74
42950 74
43000 74
43050 74
43100 74
43150 74
43200 74
43250 74
43300 74
43350 74
43400 74
43450 74
43500 74
43550 74
43600 74
43650 74
43700 74
43750 74
43800 74
43850 74
43900 74
43950 74
44000 74
44050 74
44100 74
44150 74
44200 74
44250 74
44300 74
44350 74
44400 74
44450 74
44500 74
44550 74
44600 74
44650 74
44700 74
44750 74
44800 74
44850 74
44900 74
44950 74
45000 74
45050 74
45100 74
45150 74
45200 74
45250 74
45300 74
45350 74
45400 74
45450 74
45500 74
45550 74
45600 74
45650 74
45700 74
45750 74
45800 74
45850 74
45900 74
45950 74
46000 74
46050 74
46100 74
46150 74
46200 74
46250 74
46300 74
46350 74
46400 74
46450 74
46500 74
46550 74
46600 74
46650 74
46700 74
46750 74
46800 74
46850 74
46900 74
46950 74
47000 74
47050 74
47100 74
47150 74
47200 74
47250 74
47300 74
47350 74
47400 74
47450 74
47500 74
47550 74
47600 74
47650 74
47700 74
47750 74
47800 74
47850 74
47900 74
47950 74
48000 74
48050 74
48100 74
48150 74
48200 74
48250 74
48300 74
48350 74
48400 74
48450 74
48500 74
48550 74
48600 74
48650 74
48700 74
48750 74
48800 74
48850 74
48900 74
48950 74
49000 74
49050 74
49100 74
49150 74
49200 74
49250 74
49300 74
49350 74
49400 74
49450 74
49500 74
49550 74
49600 74
49650 74
49700 74
49750 74
49800 74
49850 74
49900 74
49950 74
50000 74
50050 74
50100 74
50150 74
50200 74
50250 74
50300 74
50350 74
50400 74
50450 74
50500 74
50550 74
50600 74
50650 74
50700 74
50750 74
50800 74
50850 74
50900 74
50950 74
51000 74
51050 74
51100 74
51150 74
51200 74
51250 74
51300 74
51350 74
51400 74
51450 74
51500 74
51550 74
51600 74
51650 74
51700 74
51750 74
51800 74
51850 74
51900 74
51950 74
52000 74
52050 74
52100 74
52150 74
52200 74
52250 74
52300 74
52350 74
52400 74
52450 74
52500 74
52550 74
52600 74
52650 74
52700 74
52750 74
52800 74
52850 74
52900 74
52950 74
53000 74
53050 74
53100 74
53150 74
53200 74
53250 74
53300 74
53350 74
53400 74
53450 74
53500 74
53550 74
53600 74
53650 74
53700 74
53750 74
53800 74
53850 74
53900 74
53950 74
54000 74
54050 74
54100 74
54150 74
54200 74
54250 74
54300 74
54350 74
54400 74
54450 74
54500 74
54550 74
54600 74
54650 74
54700 74
54750 74
54800 74
54850 74
54900 74
54950 74
55000 74
55050 74
55100 74
55150 74
55200 74
55250 74
55300 74
55350 74
55400 74
55450 74
55500 74
55550 74
55600 74
55650 74
55700 74
55750 74
55800 74
55850 74
55900 74
55950 74
56000 74
56050 74
56100 74
56150 74
56200 74
56250 74
56300 74
56350 74
56400 74
56450 74
56500 74
56550 74
56600 74
56650 74
56700 74
56750 74
56800 74
56850 74
56900 74
56950 74
57000 74
57050 74
57100 74
57150 74
57200 74
57250 74
57300 74
57350 74
57400 74
57450 74
57500 74
57550 74
57600 74
57650 74
57700 74
57750 74
57800 74
57850 74
57900 74
57950 74
58000 74
58050 74
58100 74
58150 74
58200 74
58250 74
58300 74
58350 74
58400 74
58450 74
58500 74
58550 74
58600 74
58650 74
58700 74
58750 74
58800 74
58850 74
58900 74
58950 74
59000 74
59050 74
59100 74
59150 72
59200 72
59250 72
59300 72
59350 72
59400 72
59450 72
59500 72
59550 72
59600 72
59650 72
59700 72
59750 72
59800 72
59850 72
59900 72
59950 72
60000 72
60050 72
60100 72
60150 72
60200 72
60250 72
60300 72
60350 72
60400 72
60450 72
60500 72
60550 72
60600 72
60650 72
60700 72
60750 72
60800 72
60850 72
60900 72
60950 72
61000 72
61050 72
61100 72
61150 72
61200 72
61250 72
61300 72
61350 72
61400 72
61450 72
61500 72
61550 72
61600 72
61650 72
61700 72
61750 72
61800 72
61850 72
61900 72
61950 72
62000 72
62050 72
62100 72
62150 72
62200 72
62250 72
62300 72
62350 72
62400 72
62450 72
62500 72
62550 72
62600 72
62650 72
62700 72
62750 72
62800 72
62850 69
62900 69
62950 69
63000 69
63050 69
63100 69
63150 69
63200 69
63250 69
63300 69
63350 69
63400 69
63450 69
63500 69
63550 69
63600 69
63650 69
63700 69
63750 69
63800 69
63850 69
63900 69
63950 69
64000 69
64050 69
64100 69
64150 69
64200 69
64250 69
64300 69
64350 69
64400 69
64450 69
64500 69
64550 69
64600 69
64650 69
64700 69
64750 69
64800 69
64850 69
64900 69
64950 69
65000 69
65050 69
65100 69
65150 69
65200 69
65250 69
65300 69
65350 69
65400 69
65450 69
65500 69
65550 69
65600 69
65650 69
65700 69
65750 69
65800 69
65850 69
65900 69
65950 69
66000 69
66050 69
66100 69
66150 69
66200 69
66250 69
66300 69
66350 69
66400 69
66450 69
66500 69
66550 69
66600 69
66650 69
66700 69
66750 69
66800 69
66850 69
66900 69
66950 69
67000 69
67050 69
67100 69
67150 69
67200 69
67250 69
67300 69
67350 69
67400 69
67450 69
67500 69
67550 69
67600 69
67650 69
67700 69
67750 69
67800 69
67850 69
67900 69
67950 69
68000 69
68050 69
68100 69
68150 69
68200 69
68250 69
68300 69
68350 69
68400 69
68450 69
68500 69
68550 69
68600 69
68650 69
68700 69
68750 69
68800 69
68850 69
68900 69
68950 69
69000 69
69050 69
69100 69
69150 69
69200 69
69250 69
69300 69
69350 69
69400 69
69450 69
69500 69
69550 69
69600 69
69650 69
69700 69
69750 69
69800 69
69850 69
69900 69
69950 69
70000 69
70050 69
70100 69
70150 69
70200 69
70250 69
70300 69
70350 69
70400 69
70450 69
70500 69
70550 69
70600 69
70650 69
70700 69
70750 69
70800 69
70850 69
70900 69
70950 69
71000 69
71050 69
71100 69
71150 69
71200 69
71250 69
71300 69
71350 69
71400 69
71450 69
71500 69
71550 69
71600 69
71650 69
71700 69
71750 69
71800 69
71850 69
71900 69
71950 69
72000 69
72050 69
72100 69
72150 69
72200 69
72250 69
72300 69
72350 69
72400 69
72450 69
72500 69
72550 69
72600 69
72650 69
72700 69
72750 69
72800 69
72850 69
72900 69
72950 69
73000 69
73050 69
73100 69
73150 69
73200 69
73250 69
73300 69
73350 69
73400 69
73450 69
73500 69
73550 69
73600 69
73650 69
73700 69
73750 69
73800 69
73850 69
73900 69
73950 69
74000 69
74050 69
74100 69
74150 69
74200 69
74250 69
74300 69
74350 69
74400 69
74450 69
74500 69
74550 69
74600 69
74650 69
74700 69
74750 69
74800 69
74850 69
74900 69
74950 69
75000 69
75050 69
75100 69
75150 69
75200 69
75250 69
75300 69
75350 69
75400 69
75450 69
75500 69
75550 69
75600 69
75650 69
75700 69
75750 69
75800 69
75850 69
75900 69
75950 69
76000 69
76050 69
76100 69
76150 69
76200 69
76250 69
76300 69
76350 69
76400 69
76450 69
76500 69
76550 69
76600 69
76650 69
76700 69
76750 69
76800 69
76850 69
76900 69
76950 69
77000 69
77050 69
77100 69
77150 69
77200 69
77250 69
77300 69
77350 69
77400 69
77450 69
77500 69
77550 69
77600 69
77650 69
77700 69
77750 69
77800 69
77850 69
77900 69
77950 69
78000 69
78050 69
78100 69
78150 69
78200 69
78250 69
78300 69
78350 69
78400 69
78450 69
78500 69
78550 69
78600 69
78650 69
78700 69
78750 69
78800 69
78850 69
78900 69
78950 69
79000 69
79050 69
79100 69
79150 69
79200 69
79250 69
79300 69
79350 69
79400 69
79450 69
79500 69
79550 69
79600 69
79650 69
79700 69
79750 69
79800 69
79850 69
79900 69
79950 69
80000 69
80050 69
80100 69
80150 69
80200 69
80250 69
80300 69
80350 69
80400 69
80450 69
80500 69
80550 69
80600 69
80650 69
80700 69
80750 69
80800 69
80850 69
80900 69
80950 69
81000 69
81050 69
81100 69
81150 69
81200 69
81250 69
81300 69
81350 69
81400 69
81450 69
81500 69
81550 69
81600 69
81650 69
81700 69
81750 69
81800 69
81850 69
81900 69
81950 69
82000 69
82050 69
82100 69
82150 69
82200 69
82250 69
82300 69
82350 69
82400 69
82450 69
82500 69
82550 69
82600 69
82650 69
82700 69
82750 69
82800 69
82850 69
82900 69
82950 69
83000 69
83050 69
83100 69
83150 69
83200 69
83250 69
83300 69
83350 69
83400 69
83450 69
83500 69
83550 69
83600 69
83650 69
83700 69
83750 69
83800 69
83850 69
83900 69
83950 69
84000 69
84050 69
84100 69
84150 69
84200 69
84250 69
84300 69
84350 69
84400 69
84450 69
84500 69
84550 69
84600 69
84650 69
84700 69
84750 69
84800 69
84850 69
84900 69
84950 69
85000 69
85050 69
85100 69
85150 69
85200 69
85250 69
85300 69
85350 69
85400 69
85450 69
85500 69
85550 69
85600 69
85650 69
85700 69
85750 69
85800 69
85850 69
85900 69
85950 69
86000 69
86050 69
86100 69
86150 69
86200 69
86250 69
86300 69
86350 69
86400 69
86450 69
86500 69
86550 69
86600 69
86650 69
86700 69
86750 69
86800 69
86850 69
86900 69
86950 69
87000 69
87050 69
87100 69
87150 69
87200 69
87250 69
87300 69
87350 69
87400 69
87450 69
87500 69
87550 69
87600 69
87650 69
87700 69
87750 69
87800 69
87850 69
87900 69
87950 69
88000 69
88050 69
88100 69
88150 69
88200 69
88250 69
88300 69
88350 69
88400 69
88450 69
88500 69
88550 69
88600 69
88650 69
88700 69
88750 69
88800 69
88850 69
88900 69
88950 69
89000 69
89050 69
89100 69
89150 69
89200 69
89250 69
89300 69
89350 69
89400 69
89450 69
89500 69
89550 69
89600 69
89650 69
89700 69
89750 69
89800 69
89850 69
89900 69
89950 69
90000 69
90050 69
90100 69
90150 69
90200 69
90250 69
90300 69
90350 69
90400 69
90450 69
90500 69
90550 69
90600 69
90650 69
90700 69
90750 69
90800 69
90850 69
90900 69
90950 69
91000 69
91050 69
91100 69
91150 69
91200 69
91250 69
91300 69
91350 69
91400 69
91450 69
91500 69
91550 69
91600 69
91650 69
91700 69
91750 69
91800 69
91850 69
91900 69
91950 69
92000 69
92050 69
92100 69
92150 69
92200 69
92250 69
92300 69
92350 69
92400 69
92450 69
92500 69
92550 69
92600 69
92650 69
92700 69
92750 69
92800 69
92850 69
92900 69
92950 69
93000 69
93050 69
93100 69
93150 69
93200 69
93250 69
93300 69
93350 69
93400 69
93450 69
93500 69
93550 69
93600 69
93650 69
93700 69
93750 69
93800 69
93850 69
93900 69
93950 69
94000 69
94050 69
94100 69
94150 69
94200 69
94250 69
94300 69
94350 69
94400 69
94450 69
94500 69
94550 69
94600 69
94650 69
94700 69
94750 69
94800 69
94850 69
94900 69
94950 69
95000 69
95050 69
95100 69
95150 69
95200 69
95250 69
95300 69
95350 69
95400 69
95450 69
95500 69
95550 69
95600 69
95650 69
95700 69
95750 69
95800 69
95850 69
95900 69
95950 69
96000 69
96050 69
96100 69
96150 69
96200 69
96250 69
96300 69
96350 69
96400 69
96450 69
96500 69
96550 69
96600 69
96650 69
96700 69
96750 69
96800 69
96850 69
96900 69
96950 69
97000 69
97050 69
97100 69
97150 69
97200 69
97250 69
97300 69
97350 69
97400 69
97450 69
97500 69
97550 69
97600 69
97650 69
97700 69
97750 69
97800 69
97850 69
97900 69
97950 69
98000 69
98050 69
98100 69
98150 69
98200 69
98250 69
98300 69
98350 69
98400 69
98450 69
98500 69
98550 69
98600 69
98650 69
98700 69
98750 69
98800 69
98850 69
98900 69
98950 69
99000 69
99050 69
99100 69
99150 69
99200 69
99250 69
99300 69
99350 69
99400 69
99450 69
99500 69
99550 69
99600 69
99650 69
99700 69
99750 69
99800 69
99850 69
99900 69
99950 69
100000 69
100050 69
100100 69
100150 69
100200 69
100250 69
100300 69
100350 69
100400 69
100450 69
100500 69
100550 69
100600 69
100650 69
100700 69
100750 69
100800 69
100850 69
100900 69
100950 69
101000 69
101050 69
101100 69
101150 69
101200 69
101250 69
101300 69
101350 69
101400 69
101450 69
101500 69
101550 69
101600 69
101650 69
101700 69
101750 69
101800 69
101850 69
101900 69
101950 69
102000 69
102050 69
102100 69
102150 69
102200 69
102250 69
102300 69
102350 69
102400 69
102450 69
102500 69
102550 69
102600 69
102650 69
102700 69
102750 69
102800 69
102850 69
102900 69
102950 69
103000 69
103050 69
103100 69
103150 69
103200 69
103250 69
103300 69
103350 69
103400 69
103450 69
103500 69
103550 69
103600 69
103650 69
103700 69
103750 69
103800 69
103850 69
103900 69
103950 69
104000 69
104050 69
104100 69
104150 69
104200 69
104250 69
104300 69
104350 69
104400 69
104450 69
104500 69
104550 69
104600 69
104650 69
104700 69
104750 69
104800 69
104850 69
104900 69
104950 69
105000 69
105050 69
105100 69
105150 69
105200 69
105250 69
105300 69
105350 69
105400 69
105450 69
105500 69
105550 69
105600 69
105650 69
105700 69
105750 69
105800 69
105850 69
105900 69
105950 69
106000 69
106050 69
106100 69
106150 69
106200 69
106250 69
106300 69
106350 69
106400 69
106450 69
106500 69
106550 69
106600 69
106650 69
106700 69
106750 69
106800 69
106850 69
106900 69
106950 69
107000 69
107050 69
107100 69
107150 69
107200 69
107250 69
107300 69
107350 69
107400 69
107450 69
107500 69
107550 69
107600 69
107650 69
107700 69
107750 69
107800 69
107850 69
107900 69
107950 69
108000 69
108050 69
108100 69
108150 69
108200 69
108250 69
108300 69
108350 69
108400 69
108450 69
108500 69
108550 69
108600 69
108650 69
108700 69
108750 69
108800 69
108850 69
108900 69
108950 69
109000 69
109050 69
109100 69
109150 69
109200 69
109250 69
109300 69
109350 69
109400 69
109450 69
109500 69
109550 69
109600 69
109650 69
109700 69
109750 69
109800 69
109850 69
109900 69
109950 69
110000 69
110050 69
110100 69
110150 69
110200 69
110250 69
110300 69
110350 69
110400 69
110450 69
110500 69
110550 69
110600 69
110650 69
110700 69
110750 69
110800 69
110850 69
110900 69
110950 69
111000 69
111050 69
111100 69
111150 69
111200 69
111250 69
111300 69
111350 69
111400 69
111450 69
111500 69
111550 69
111600 69
111650 69
111700 69
111750 69
111800 69
111850 69
111900 69
111950 69
112000 69
112050 69
112100 69
112150 69
112200 69
112250 69
112300 69
112350 69
112400 69
112450 69
112500 69
112550 69
112600 69
112650 69
112700 69
112750 69
112800 69
112850 69
112900 69
112950 69
113000 69
113050 69
113100 69
113150 69
113200 69
113250 69
113300 69
113350 69
113400 69
113450 69
113500 69
113550 69
113600 69
113650 69
113700 69
113750 69
113800 69
113850 69
113900 69
113950 69
114000 69
114050 69
114100 69
114150 69
114200 69
114250 69
114300 69
114350 69
114400 69
114450 69
114500 69
114550 69
114600 69
114650 69
114700 69
114750 69
114800 69
114850 69
114900 69
114950 69
115000 69
115050 69
