10 79
20 79
30 79
40 79
50 79
60 79
70 79
80 79
90 79
100 79
110 79
120 79
130 79
140 79
150 79
160 79
170 79
180 79
190 79
200 79
210 79
220 79
230 79
240 79
250 79
260 79
270 79
280 79
290 79
300 79
310 79
320 79
330 79
340 79
350 79
360 79
370 79
380 79
390 79
400 79
410 79
420 79
430 79
440 79
450 79
460 79
470 79
480 79
490 79
500 79
510 79
520 79
530 79
540 79
550 79
560 79
570 79
580 79
590 79
600 79
610 79
620 79
630 79
640 79
650 79
660 79
670 79
680 79
690 79
700 79
710 79
720 79
730 79
740 79
750 79
760 79
770 79
780 79
790 79
800 79
810 79
820 79
830 79
840 79
850 79
860 79
870 79
880 79
890 79
900 79
910 79
920 79
930 79
940 79
950 79
960 79
970 79
980 79
990 79
1000 79
1010 79
1020 79
1030 79
1040 79
1050 79
1060 79
1070 79
1080 79
1090 79
1100 79
1110 79
1120 79
1130 79
1140 79
1150 79
1160 79
1170 79
1180 79
1190 79
1200 79
1210 79
1220 79
1230 79
1240 79
1250 79
1260 79
1270 79
1280 79
1290 79
1300 79
1310 79
1320 79
1330 79
1340 79
1350 79
1360 79
1370 79
1380 79
1390 79
1400 79
1410 79
1420 79
1430 79
1440 79
1450 79
1460 79
1470 79
1480 79
1490 79
1500 79
1510 79
1520 79
1530 79
1540 79
1550 79
1560 79
1570 79
1580 79
1590 79
1600 79
1610 79
1620 79
1630 79
1640 79
1650 79
1660 79
1670 79
1680 79
1690 79
1700 79
1710 79
1720 79
1730 79
1740 79
1750 79
1760 79
1770 79
1780 79
1790 79
1800 79
1810 79
1820 79
1830 79
1840 79
1850 79
1860 79
1870 79
1880 79
1890 79
1900 79
1910 79
1920 79
1930 79
1940 79
1950 79
1960 79
1970 79
1980 79
1990 79
2000 79
2010 79
2020 79
2030 79
2040 79
2050 79
2060 79
2070 79
2080 79
2090 79
2100 79
2110 79
2120 79
2130 79
2140 79
2150 79
2160 79
2170 79
2180 79
2190 79
2200 79
2210 79
2220 79
2230 79
2240 79
2250 79
2260 79
2270 79
2280 79
2290 79
2300 79
2310 79
2320 79
2330 79
2340 79
2350 79
2360 79
2370 79
2380 79
2390 79
2400 79
2410 79
2420 79
2430 79
2440 79
2450 79
2460 79
2470 79
2480 79
2490 79
2500 79
2510 79
2520 79
2530 79
2540 79
2550 79
2560 79
2570 79
2580 79
2590 79
2600 79
2610 79
2620 79
2630 79
2640 79
2650 79
2660 79
2670 79
2680 79
2690 79
2700 79
2710 79
2720 79
2730 79
2740 79
2750 79
2760 79
2770 79
2780 79
2790 79
2800 79
2810 79
2820 79
2830 79
2840 79
2850 79
2860 79
2870 79
2880 79
2890 79
2900 79
2910 79
2920 79
2930 79
2940 79
2950 79
2960 79
2970 79
2980 79
2990 79
3000 79
3010 79
3020 79
3030 79
3040 79
3050 79
3060 79
3070 79
3080 79
3090 79
3100 79
3110 79
3120 79
3130 79
3140 79
3150 79
3160 79
3170 79
3180 79
3190 79
3200 79
3210 79
3220 79
3230 79
3240 79
3250 79
3260 79
3270 79
3280 79
3290 79
3300 79
3310 79
3320 79
3330 79
3340 79
3350 79
3360 79
3370 79
3380 79
3390 79
3400 79
3410 79
3420 79
3430 79
3440 79
3450 79
3460 79
3470 79
3480 79
3490 79
3500 79
3510 79
3520 79
3530 79
3540 79
3550 79
3560 79
3570 79
3580 79
3590 79
3600 79
3610 79
3620 79
3630 79
3640 79
3650 79
3660 79
3670 79
3680 79
3690 79
3700 79
3710 79
3720 79
3730 79
3740 79
3750 79
3760 79
3770 79
3780 79
3790 79
3800 79
3810 79
3820 79
3830 79
3840 79
3850 79
3860 79
3870 79
3880 79
3890 79
3900 79
3910 79
3920 79
3930 79
3940 79
3950 79
3960 79
3970 79
3980 79
3990 79
4000 79
4010 79
4020 79
4030 79
4040 79
4050 79
4060 79
4070 79
4080 79
4090 79
4100 79
4110 79
4120 79
4130 79
4140 79
4150 79
4160 79
4170 79
4180 79
4190 79
4200 79
4210 79
4220 79
4230 79
4240 79
4250 79
4260 79
4270 79
4280 79
4290 79
4300 79
4310 79
4320 79
4330 79
4340 79
4350 79
4360 79
4370 79
4380 79
4390 79
4400 79
4410 79
4420 79
4430 79
4440 79
4450 79
4460 79
4470 79
4480 79
4490 79
4500 79
4510 79
4520 79
4530 79
4540 79
4550 79
4560 79
4570 79
4580 79
4590 79
4600 79
4610 79
4620 79
4630 79
4640 79
4650 79
4660 79
4670 79
4680 79
4690 79
4700 79
4710 79
4720 79
4730 79
4740 79
4750 79
4760 79
4770 79
4780 79
4790 79
4800 79
4810 79
4820 79
4830 79
4840 79
4850 79
4860 79
4870 79
4880 79
4890 79
4900 79
4910 79
4920 79
4930 79
4940 79
4950 79
4960 79
4970 79
4980 79
4990 79
5000 79
5010 79
5020 79
5030 79
5040 79
5050 79
5060 79
5070 79
5080 79
5090 79
5100 79
5110 79
5120 79
5130 79
5140 79
5150 79
5160 79
5170 79
5180 79
5190 79
5200 79
5210 79
5220 79
5230 79
5240 79
5250 79
5260 79
5270 79
5280 79
5290 79
5300 79
5310 79
5320 79
5330 79
5340 79
5350 79
5360 79
5370 79
5380 79
5390 79
5400 79
5410 79
5420 79
5430 79
5440 79
5450 79
5460 79
5470 79
5480 79
5490 79
5500 79
5510 79
5520 79
5530 79
5540 79
5550 79
5560 79
5570 79
5580 79
5590 79
5600 79
5610 79
5620 79
5630 79
5640 79
5650 79
5660 79
5670 79
5680 79
5690 79
5700 79
5710 79
5720 79
5730 79
5740 79
5750 79
5760 79
5770 79
5780 79
5790 79
5800 79
5810 79
5820 79
5830 79
5840 79
5850 79
5860 79
5870 79
5880 79
5890 79
5900 79
5910 79
5920 79
5930 79
5940 79
5950 79
5960 79
5970 79
5980 79
5990 79
6000 79
6010 79
6020 79
6030 79
6040 79
6050 79
6060 79
6070 79
6080 79
6090 79
6100 79
6110 79
6120 79
6130 79
6140 79
6150 79
6160 79
6170 79
6180 79
6190 79
6200 79
6210 79
6220 79
6230 79
6240 79
6250 79
6260 79
6270 79
6280 79
6290 79
6300 79
6310 79
6320 79
6330 79
6340 79
6350 79
6360 79
6370 79
6380 79
6390 74
6400 73
6410 73
6420 73
6430 73
6440 73
6450 73
6460 73
6470 73
6480 73
6490 73
6500 73
6510 73
6520 72
6530 72
6540 72
6550 72
6560 72
6570 72
6580 72
6590 72
6600 72
6610 72
6620 71
6630 71
6640 71
6650 71
6660 71
6670 71
6680 71
6690 71
6700 71
6710 71
6720 71
6730 71
6740 71
6750 71
6760 71
6770 71
6780 71
6790 71
6800 71
6810 71
6820 71
6830 71
6840 71
6850 71
6860 71
6870 71
6880 71
6890 71
6900 71
6910 71
6920 71
6930 71
6940 71
6950 71
6960 71
6970 71
6980 71
6990 71
7000 71
7010 71
7020 71
7030 71
7040 71
7050 71
7060 71
7070 71
7080 71
7090 71
7100 71
7110 71
7120 71
7130 71
7140 71
7150 71
7160 71
7170 71
7180 71
7190 71
7200 71
7210 71
7220 71
7230 71
7240 71
7250 71
7260 71
7270 71
7280 71
7290 71
7300 71
7310 71
7320 71
7330 71
7340 71
7350 71
7360 71
7370 71
7380 71
7390 71
7400 71
7410 71
7420 71
7430 71
7440 71
7450 71
7460 71
7470 71
7480 71
7490 71
7500 71
7510 71
7520 71
7530 71
7540 71
7550 71
7560 71
7570 71
7580 71
7590 71
7600 71
7610 71
7620 71
7630 71
7640 71
7650 71
7660 71
7670 71
7680 71
7690 71
7700 71
7710 71
7720 71
7730 71
7740 71
7750 71
7760 71
7770 71
7780 71
7790 71
7800 71
7810 71
7820 71
7830 71
7840 71
7850 71
7860 71
7870 71
7880 71
7890 71
7900 71
7910 71
7920 71
7930 71
7940 71
7950 71
7960 71
7970 71
7980 70
7990 70
8000 70
8010 70
8020 70
8030 70
8040 70
8050 70
8060 70
8070 70
8080 70
8090 70
8100 70
8110 70
8120 70
8130 70
8140 70
8150 70
8160 70
8170 70
8180 70
8190 70
8200 70
8210 70
8220 70
8230 70
8240 70
8250 70
8260 70
8270 70
8280 70
8290 70
8300 70
8310 70
8320 70
8330 70
8340 70
8350 70
8360 70
8370 70
8380 70
8390 70
8400 70
8410 70
8420 70
8430 70
8440 70
8450 70
8460 70
8470 70
8480 70
8490 70
8500 70
8510 70
8520 70
8530 70
8540 70
8550 70
8560 70
8570 70
8580 70
8590 70
8600 70
8610 70
8620 70
8630 70
8640 70
8650 70
8660 70
8670 70
8680 70
8690 70
8700 70
8710 70
8720 70
8730 70
8740 70
8750 70
8760 70
8770 70
8780 70
8790 70
8800 70
8810 70
8820 70
8830 70
8840 70
8850 70
8860 70
8870 70
8880 70
8890 70
8900 70
8910 70
8920 70
8930 70
8940 70
8950 70
8960 70
8970 70
8980 70
8990 70
9000 70
9010 70
9020 70
9030 70
9040 70
9050 70
9060 70
9070 70
9080 70
9090 70
9100 70
9110 70
9120 70
9130 70
9140 70
9150 70
9160 70
9170 70
9180 70
9190 70
9200 70
9210 70
9220 70
9230 70
9240 70
9250 70
9260 70
9270 70
9280 70
9290 70
9300 70
9310 70
9320 70
9330 70
9340 70
9350 70
9360 70
9370 70
9380 70
9390 70
9400 70
9410 70
9420 70
9430 70
9440 70
9450 70
9460 70
9470 70
9480 70
9490 70
9500 70
9510 70
9520 70
9530 70
9540 70
9550 70
9560 70
9570 70
9580 70
9590 70
9600 70
9610 70
9620 70
9630 70
9640 70
9650 70
9660 70
9670 70
9680 70
9690 70
9700 70
9710 70
9720 70
9730 70
9740 70
9750 70
9760 70
9770 70
9780 70
9790 70
9800 70
9810 70
9820 70
9830 70
9840 70
9850 70
9860 70
9870 70
9880 70
9890 70
9900 70
9910 70
9920 70
9930 70
9940 70
9950 70
9960 70
9970 70
9980 70
9990 70
10000 70
10010 70
10020 70
10030 70
10040 70
10050 70
10060 70
10070 70
10080 70
10090 70
10100 70
10110 70
10120 70
10130 70
10140 70
10150 70
10160 70
10170 70
10180 70
10190 70
10200 70
10210 70
10220 70
10230 70
10240 70
10250 70
10260 70
10270 70
10280 70
10290 70
10300 70
10310 70
10320 70
10330 70
10340 70
10350 70
10360 70
10370 70
10380 70
10390 70
10400 70
10410 70
10420 70
10430 70
10440 70
10450 70
10460 70
10470 70
10480 70
10490 70
10500 70
10510 70
10520 70
10530 70
10540 70
10550 70
10560 70
10570 70
10580 70
10590 70
10600 70
10610 70
10620 70
10630 70
10640 70
10650 70
10660 70
10670 70
10680 70
10690 70
10700 70
10710 70
10720 70
10730 70
10740 70
10750 70
10760 70
10770 70
