10 495.000
20 490.050
30 485.150
40 480.298
50 475.495
60 470.740
70 466.033
80 461.372
90 456.759
100 452.191
110 447.669
120 443.192
130 438.761
140 434.373
150 430.029
160 425.729
170 421.472
180 417.257
190 413.084
200 408.953
210 404.864
220 400.815
230 396.807
240 392.839
250 388.911
260 385.022
270 381.171
280 377.360
290 373.586
300 369.850
310 366.152
320 362.490
330 358.865
340 355.277
350 351.724
360 348.207
370 344.725
380 341.277
390 337.865
400 334.486
410 331.141
420 327.830
430 324.551
440 321.306
450 318.093
460 314.912
470 311.763
480 308.645
490 305.559
500 302.503
510 299.478
520 296.483
530 293.518
540 290.583
550 287.677
560 284.801
570 281.953
580 279.133
590 276.342
600 273.578
610 270.843
620 268.134
630 265.453
640 262.798
650 260.170
660 257.569
670 254.993
680 252.443
690 249.919
700 247.419
710 244.945
720 242.496
730 240.071
740 237.670
750 235.293
760 232.940
770 230.611
780 228.305
790 226.022
800 223.762
810 221.524
820 219.309
830 217.116
840 214.945
850 212.795
860 210.667
870 208.560
880 206.475
890 204.410
900 202.366
910 200.342
920 198.339
930 196.356
940 194.392
950 192.448
960 190.524
970 188.618
980 186.732
990 184.865
1000 183.016
1010 181.186
1020 179.374
1030 177.580
1040 175.805
1050 174.047
1060 172.306
1070 170.583
1080 168.877
1090 167.188
1100 165.517
1110 163.861
1120 162.223
1130 160.601
1140 158.995
1150 157.405
1160 155.831
1170 154.272
1180 152.730
1190 151.202
1200 149.690
1210 148.193
1220 146.711
1230 145.244
1240 143.792
1250 142.354
1260 140.930
1270 139.521
1280 138.126
1290 136.745
1300 135.377
1310 134.023
1320 132.683
1330 131.356
1340 130.043
1350 128.742
1360 127.455
1370 126.180
1380 124.919
1390 123.669
1400 122.433
1410 121.208
1420 119.996
1430 118.796
1440 117.608
1450 116.432
1460 115.268
1470 114.115
1480 112.974
1490 111.844
1500 110.726
1510 109.619
1520 108.522
1530 107.437
1540 106.363
1550 105.299
1560 104.246
1570 103.204
1580 102.172
1590 101.150
1600 100.139
1610 99.137
1620 98.146
1630 97.164
1640 96.193
1650 95.231
1660 94.278
1670 93.336
1680 92.402
1690 91.478
1700 90.563
1710 89.658
1720 88.761
1730 87.874
1740 86.995
1750 86.125
1760 85.264
1770 84.411
1780 83.567
1790 82.731
1800 81.904
1810 81.085
1820 80.274
1830 79.471
1840 78.677
1850 77.890
1860 77.111
1870 76.340
1880 75.576
1890 74.821
1900 74.072
1910 73.332
1920 72.598
1930 71.872
1940 71.154
1950 70.442
1960 69.738
1970 69.040
1980 68.350
1990 67.667
2000 66.990
2010 66.320
2020 65.657
2030 65.000
2040 64.350
2050 63.707
2060 63.070
2070 62.439
2080 61.815
2090 61.196
2100 60.584
2110 59.979
2120 59.379
2130 58.785
2140 58.197
2150 57.615
2160 57.039
2170 56.469
2180 55.904
2190 55.345
2200 54.791
2210 54.244
2220 53.701
2230 53.164
2240 52.632
2250 52.106
2260 51.585
2270 51.069
2280 50.559
2290 50.053
2300 49.552
2310 49.057
2320 48.566
2330 48.081
2340 47.600
2350 47.124
2360 46.653
2370 46.186
2380 45.724
2390 45.267
2400 44.814
2410 44.366
2420 43.923
2430 43.483
2440 43.048
2450 42.618
2460 42.192
2470 41.770
2480 41.352
2490 40.939
2500 40.529
2510 40.124
2520 39.723
2530 39.325
2540 38.932
2550 38.543
2560 38.157
2570 37.776
2580 37.398
2590 37.024
2600 36.654
2610 36.287
2620 35.925
2630 35.565
2640 35.210
2650 34.858
2660 34.509
2670 34.164
2680 33.822
2690 33.484
2700 33.149
2710 32.818
2720 32.489
2730 32.165
2740 31.843
2750 31.525
2760 31.209
2770 30.897
2780 30.588
2790 30.282
2800 29.980
2810 29.680
2820 29.383
2830 29.089
2840 28.798
2850 28.510
2860 28.225
2870 27.943
2880 27.663
2890 27.387
2900 27.113
2910 26.842
2920 26.573
2930 26.308
2940 26.045
2950 25.784
2960 25.526
2970 25.271
2980 25.018
2990 24.768
3000 24.520
3010 24.275
3020 24.032
3030 23.792
3040 23.554
3050 23.319
3060 23.086
3070 22.855
3080 22.626
3090 22.400
3100 22.176
3110 21.954
3120 21.735
3130 21.517
3140 21.302
3150 21.089
3160 20.878
3170 20.669
3180 20.463
3190 20.258
3200 20.055
3210 19.855
3220 19.656
3230 19.460
3240 19.265
3250 19.073
3260 18.882
3270 18.693
3280 18.506
3290 18.321
3300 18.138
3310 17.956
3320 17.777
3330 17.599
3340 17.423
3350 17.249
3360 17.076
3370 16.906
3380 16.737
3390 16.569
3400 16.403
3410 16.239
3420 16.077
3430 15.916
3440 15.757
3450 15.600
3460 15.444
3470 15.289
3480 15.136
3490 14.985
3500 14.835
3510 14.687
3520 14.540
3530 14.394
3540 14.250
3550 14.108
3560 13.967
3570 13.827
3580 13.689
3590 13.552
3600 13.417
3610 13.282
3620 13.150
3630 13.018
3640 12.888
3650 12.759
3660 12.631
3670 12.505
3680 12.380
3690 12.256
3700 12.134
3710 12.012
3720 11.892
3730 11.773
3740 11.656
3750 11.539
3760 11.424
3770 11.309
3780 11.196
3790 11.084
3800 10.973
3810 10.864
3820 10.755
3830 10.648
3840 10.541
3850 10.436
3860 10.331
3870 10.228
3880 10.126
3890 10.024
3900 9.924
3910 9.825
3920 9.727
3930 9.629
3940 9.533
3950 9.438
3960 9.343
3970 9.250
3980 9.158
3990 9.066
4000 8.975
4010 8.886
4020 8.797
4030 8.709
4040 8.622
4050 8.535
4060 8.450
4070 8.366
4080 8.282
4090 8.199
4100 8.117
4110 8.036
4120 7.956
4130 7.876
4140 7.797
4150 7.719
4160 7.642
4170 7.566
4180 7.490
4190 7.415
4200 7.341
4210 7.268
4220 7.195
4230 7.123
4240 7.052
4250 6.981
4260 6.911
4270 6.842
4280 6.774
4290 6.706
4300 6.639
4310 6.573
4320 6.507
4330 6.442
4340 6.377
4350 6.314
4360 6.251
4370 6.188
4380 6.126
4390 6.065
4400 6.004
4410 5.944
4420 5.885
4430 5.826
4440 5.768
4450 5.710
4460 5.653
4470 5.596
4480 5.540
4490 5.485
4500 5.430
4510 5.376
4520 5.322
4530 5.269
4540 5.216
4550 5.164
4560 5.112
4570 5.061
4580 5.011
4590 4.960
4600 4.911
4610 4.862
4620 4.813
4630 4.765
4640 4.717
4650 4.670
4660 4.623
4670 4.577
4680 4.531
4690 4.486
4700 4.441
4710 4.397
4720 4.353
4730 4.309
4740 4.266
4750 4.224
4760 4.181
4770 4.140
4780 4.098
4790 4.057
4800 4.017
4810 3.976
4820 3.937
4830 3.897
4840 3.858
4850 3.820
4860 3.782
4870 3.744
4880 3.706
4890 3.669
4900 3.633
4910 3.596
4920 3.560
4930 3.525
4940 3.489
4950 3.455
4960 3.420
4970 3.386
4980 3.352
4990 3.318
5000 3.285
5010 3.252
5020 3.220
5030 3.188
5040 3.156
5050 3.124
5060 3.093
5070 3.062
5080 3.031
5090 3.001
5100 2.971
5110 2.941
5120 2.912
5130 2.883
5140 2.854
5150 2.825
5160 2.797
5170 2.769
5180 2.742
5190 2.714
5200 2.687
5210 2.660
5220 2.634
5230 2.607
5240 2.581
5250 2.555
5260 2.530
5270 2.504
5280 2.479
5290 2.455
5300 2.430
5310 2.406
5320 2.382
5330 2.358
5340 2.334
5350 2.311
5360 2.288
5370 2.265
5380 2.242
5390 2.220
5400 2.198
5410 2.176
5420 2.154
5430 2.132
5440 2.111
5450 2.090
5460 2.069
5470 2.048
5480 2.028
5490 2.008
5500 1.988
5510 1.968
5520 1.948
5530 1.929
5540 1.909
5550 1.890
5560 1.871
5570 1.853
5580 1.834
5590 1.816
5600 1.798
5610 1.780
5620 1.762
5630 1.744
5640 1.727
5650 1.709
5660 1.692
5670 1.675
5680 1.659
5690 1.642
5700 1.626
5710 1.609
5720 1.593
5730 1.577
5740 1.562
5750 1.546
5760 1.531
5770 1.515
5780 1.500
5790 1.485
5800 1.470
5810 1.456
5820 1.441
5830 1.427
5840 1.412
5850 1.398
5860 1.384
5870 1.370
5880 1.357
5890 1.343
5900 1.330
5910 1.316
5920 1.303
5930 1.290
5940 1.277
5950 1.264
5960 1.252
5970 1.239
5980 1.227
5990 1.215
6000 1.203
6010 1.190
6020 1.179
6030 1.167
6040 1.155
6050 1.144
6060 1.132
6070 1.121
6080 1.110
6090 1.099
6100 1.088
6110 1.077
6120 1.066
6130 1.055
6140 1.045
6150 1.034
6160 1.024
6170 1.014
6180 1.004
6190 0.993
6200 0.984
6210 0.974
6220 0.964
6230 0.954
6240 0.945
6250 0.935
6260 0.926
6270 0.917
6280 0.908
6290 0.898
6300 0.889
6310 0.881
6320 0.872
6330 0.863
6340 0.854
6350 0.846
6360 0.837
6370 0.829
6380 0.821
6390 0.813
6400 0.804
6410 0.796
6420 0.788
6430 0.781
6440 0.773
6450 0.765
6460 0.757
6470 0.750
6480 0.742
6490 0.735
6500 0.728
6510 0.720
6520 0.713
6530 0.706
6540 0.699
6550 0.692
6560 0.685
6570 0.678
6580 0.671
6590 0.665
6600 0.658
6610 0.651
6620 0.645
6630 0.638
6640 0.632
6650 0.626
6660 0.619
6670 0.613
6680 0.607
6690 0.601
6700 0.595
6710 0.589
6720 0.583
6730 0.577
6740 0.572
6750 0.566
6760 0.560
6770 0.555
6780 0.549
6790 0.544
6800 0.538
6810 0.533
6820 0.527
6830 0.522
6840 0.517
6850 0.512
6860 0.507
6870 0.502
6880 0.497
6890 0.492
6900 0.487
6910 0.482
6920 0.477
6930 0.472
6940 0.468
6950 0.463
6960 0.458
6970 0.454
6980 0.449
6990 0.445
7000 0.440
7010 0.436
7020 0.431
7030 0.427
7040 0.423
7050 0.419
7060 0.414
7070 0.410
7080 0.406
7090 0.402
7100 0.398
7110 0.394
7120 0.390
7130 0.386
7140 0.382
7150 0.379
7160 0.375
7170 0.371
7180 0.367
7190 0.364
7200 0.360
7210 0.356
7220 0.353
7230 0.349
7240 0.346
7250 0.342
7260 0.339
7270 0.336
7280 0.332
7290 0.329
7300 0.326
7310 0.322
7320 0.319
7330 0.316
7340 0.313
7350 0.310
7360 0.307
7370 0.303
7380 0.300
7390 0.297
7400 0.294
7410 0.292
7420 0.289
7430 0.286
7440 0.283
7450 0.280
7460 0.277
7470 0.274
7480 0.272
7490 0.269
7500 0.266
7510 0.264
7520 0.261
7530 0.258
7540 0.256
7550 0.253
7560 0.251
7570 0.248
7580 0.246
7590 0.243
7600 0.241
7610 0.238
7620 0.236
7630 0.234
7640 0.231
7650 0.229
7660 0.227
7670 0.224
7680 0.222
7690 0.220
7700 0.218
7710 0.216
7720 0.213
7730 0.211
7740 0.209
7750 0.207
7760 0.205
7770 0.203
7780 0.201
7790 0.199
7800 0.197
7810 0.195
7820 0.193
7830 0.191
7840 0.189
7850 0.187
7860 0.185
7870 0.184
7880 0.182
7890 0.180
7900 0.178
7910 0.176
7920 0.175
7930 0.173
7940 0.171
7950 0.169
7960 0.168
7970 0.166
7980 0.164
7990 0.163
8000 0.161
8010 0.160
8020 0.158
8030 0.156
8040 0.155
8050 0.153
8060 0.152
8070 0.150
8080 0.149
8090 0.147
8100 0.146
8110 0.144
8120 0.143
8130 0.141
8140 0.140
8150 0.139
8160 0.137
8170 0.136
8180 0.134
8190 0.133
8200 0.132
8210 0.130
8220 0.129
8230 0.128
8240 0.127
8250 0.125
8260 0.124
8270 0.123
8280 0.122
8290 0.120
8300 0.119
8310 0.118
8320 0.117
8330 0.116
8340 0.114
8350 0.113
8360 0.112
8370 0.111
8380 0.110
8390 0.109
8400 0.108
8410 0.107
8420 0.106
8430 0.105
8440 0.104
8450 0.102
8460 0.101
8470 0.100
8480 0.099
8490 0.098
8500 0.097
8510 0.096
8520 0.096
8530 0.095
8540 0.094
8550 0.093
8560 0.092
8570 0.091
8580 0.090
8590 0.089
8600 0.088
8610 0.087
8620 0.086
8630 0.086
8640 0.085
8650 0.084
8660 0.083
8670 0.082
8680 0.081
8690 0.081
8700 0.080
8710 0.079
8720 0.078
8730 0.077
8740 0.077
8750 0.076
8760 0.075
8770 0.074
8780 0.074
8790 0.073
8800 0.072
8810 0.071
8820 0.071
8830 0.070
8840 0.069
8850 0.069
8860 0.068
8870 0.067
8880 0.067
8890 0.066
8900 0.065
8910 0.065
8920 0.064
8930 0.063
8940 0.063
8950 0.062
8960 0.061
8970 0.061
8980 0.060
8990 0.060
9000 0.059
9010 0.058
9020 0.058
9030 0.057
9040 0.057
9050 0.056
9060 0.056
9070 0.055
9080 0.054
9090 0.054
9100 0.053
9110 0.053
9120 0.052
9130 0.052
9140 0.051
9150 0.051
9160 0.050
9170 0.050
9180 0.049
9190 0.049
9200 0.048
9210 0.048
9220 0.047
9230 0.047
9240 0.046
9250 0.046
9260 0.045
9270 0.045
9280 0.045
9290 0.044
9300 0.044
9310 0.043
9320 0.043
9330 0.042
9340 0.042
9350 0.041
9360 0.041
9370 0.041
9380 0.040
9390 0.040
9400 0.039
9410 0.039
9420 0.039
9430 0.038
9440 0.038
9450 0.038
9460 0.037
9470 0.037
9480 0.036
9490 0.036
9500 0.036
9510 0.035
9520 0.035
9530 0.035
9540 0.034
9550 0.034
9560 0.034
9570 0.033
9580 0.033
9590 0.033
9600 0.032
9610 0.032
9620 0.032
9630 0.031
9640 0.031
9650 0.031
9660 0.030
9670 0.030
9680 0.030
9690 0.029
9700 0.029
9710 0.029
9720 0.029
9730 0.028
9740 0.028
9750 0.028
9760 0.027
9770 0.027
9780 0.027
9790 0.027
9800 0.026
9810 0.026
9820 0.026
9830 0.026
9840 0.025
9850 0.025
9860 0.025
9870 0.025
9880 0.024
9890 0.024
9900 0.024
9910 0.024
9920 0.023
9930 0.023
9940 0.023
9950 0.023
9960 0.022
9970 0.022
9980 0.022
9990 0.022
10000 0.022
10010 0.021
10020 0.021
10030 0.021
10040 0.021
10050 0.021
10060 0.020
10070 0.020
10080 0.020
10090 0.020
10100 0.020
10110 0.019
10120 0.019
10130 0.019
10140 0.019
10150 0.019
10160 0.018
10170 0.018
10180 0.018
10190 0.018
10200 0.018
10210 0.017
10220 0.017
10230 0.017
10240 0.017
10250 0.017
10260 0.017
10270 0.016
10280 0.016
10290 0.016
10300 0.016
10310 0.016
10320 0.016
10330 0.015
10340 0.015
10350 0.015
10360 0.015
10370 0.015
10380 0.015
10390 0.015
10400 0.014
10410 0.014
10420 0.014
10430 0.014
10440 0.014
10450 0.014
10460 0.014
10470 0.013
10480 0.013
10490 0.013
10500 0.013
10510 0.013
10520 0.013
10530 0.013
10540 0.013
10550 0.012
10560 0.012
10570 0.012
10580 0.012
10590 0.012
10600 0.012
10610 0.012
10620 0.012
10630 0.011
10640 0.011
10650 0.011
10660 0.011
10670 0.011
10680 0.011
10690 0.011
10700 0.011
10710 0.011
10720 0.010
10730 0.010
10740 0.010
10750 0.010
10760 0.010
10770 0.010
