500 79
1000 79
1500 79
2000 79
2500 79
3000 79
3500 79
4000 79
4500 79
5000 79
5500 79
6000 79
6500 79
7000 79
7500 79
8000 79
8500 79
9000 79
9500 79
10000 79
10500 79
11000 79
11500 79
12000 79
12500 79
13000 79
13500 79
14000 79
14500 79
15000 79
15500 79
16000 79
16500 79
17000 79
17500 79
18000 79
18500 79
19000 79
19500 79
20000 79
20500 79
21000 79
21500 79
22000 79
22500 79
23000 79
23500 79
24000 79
24500 79
25000 79
25500 79
26000 79
26500 79
27000 79
27500 79
28000 79
28500 79
29000 79
29500 79
30000 79
30500 79
31000 79
31500 79
32000 79
32500 79
33000 79
33500 79
34000 79
34500 79
35000 79
35500 79
36000 79
36500 79
37000 79
37500 79
38000 79
38500 79
39000 79
39500 79
40000 79
40500 79
41000 79
41500 79
42000 79
42500 79
43000 79
43500 79
44000 79
44500 79
45000 79
45500 79
46000 79
46500 79
47000 79
47500 79
48000 79
48500 79
49000 79
49500 79
50000 79
50500 79
51000 79
51500 79
52000 79
52500 79
53000 79
53500 79
54000 79
54500 79
55000 79
55500 79
56000 79
56500 79
57000 79
57500 79
58000 79
58500 79
59000 79
59500 79
60000 79
60500 79
61000 79
61500 79
62000 79
62500 79
63000 79
63500 79
64000 79
64500 79
65000 79
65500 79
66000 79
66500 79
67000 79
67500 79
68000 79
68500 79
69000 79
69500 79
70000 79
70500 79
71000 79
71500 79
72000 79
72500 79
73000 79
73500 79
74000 79
74500 79
75000 79
75500 79
76000 79
76500 79
77000 79
77500 79
78000 79
78500 79
79000 79
79500 79
80000 79
80500 79
81000 79
81500 79
82000 79
82500 79
83000 79
83500 79
84000 79
84500 79
85000 79
85500 79
86000 79
86500 79
87000 79
87500 79
88000 79
88500 79
89000 79
89500 79
90000 79
90500 79
91000 79
91500 79
92000 79
92500 79
93000 79
93500 79
94000 79
94500 79
95000 79
95500 79
96000 79
96500 79
97000 79
97500 79
98000 79
98500 79
99000 79
99500 79
100000 79
100500 79
101000 79
101500 79
102000 79
102500 79
103000 79
103500 79
104000 79
104500 79
105000 79
105500 79
106000 79
106500 79
107000 79
107500 79
108000 79
108500 79
109000 79
109500 79
110000 79
110500 79
111000 79
111500 79
112000 79
112500 79
113000 79
113500 79
114000 79
114500 79
115000 79
115500 79
116000 79
116500 79
117000 79
117500 79
118000 79
118500 79
119000 79
119500 79
120000 79
120500 79
121000 79
121500 79
122000 79
122500 79
123000 79
123500 79
124000 79
124500 79
125000 79
125500 79
126000 79
126500 79
127000 79
127500 79
128000 79
128500 79
129000 79
129500 79
130000 79
130500 79
131000 79
131500 79
132000 79
132500 79
133000 79
133500 79
134000 79
134500 79
135000 79
135500 79
136000 79
136500 79
137000 79
137500 79
138000 79
138500 79
139000 79
139500 79
140000 79
140500 79
141000 79
141500 79
142000 79
142500 79
143000 79
143500 79
144000 79
144500 79
145000 79
145500 79
146000 79
146500 79
147000 79
147500 79
148000 79
148500 79
149000 79
149500 79
150000 79
150500 79
151000 79
151500 79
152000 79
152500 79
153000 79
153500 79
154000 79
154500 79
155000 79
155500 79
156000 79
156500 79
157000 79
157500 79
158000 79
158500 79
159000 79
159500 79
160000 79
160500 79
161000 79
161500 79
162000 79
162500 79
163000 79
163500 79
164000 79
164500 79
165000 79
165500 79
166000 79
166500 79
167000 79
167500 79
168000 79
168500 79
169000 79
169500 79
170000 79
170500 79
171000 79
171500 79
172000 79
172500 79
173000 79
173500 79
174000 79
174500 79
175000 79
175500 79
176000 79
176500 79
177000 79
177500 79
178000 79
178500 79
179000 79
179500 79
180000 79
180500 79
181000 79
181500 79
182000 79
182500 79
183000 79
183500 79
184000 79
184500 79
185000 79
185500 79
186000 79
186500 79
187000 79
187500 79
188000 79
188500 79
189000 79
189500 79
190000 79
190500 79
191000 79
191500 79
192000 79
192500 79
193000 79
193500 79
194000 79
194500 79
195000 79
195500 79
196000 79
196500 79
197000 79
197500 79
198000 79
198500 79
199000 79
199500 79
200000 79
200500 79
201000 79
201500 79
202000 79
202500 79
203000 79
203500 79
204000 79
204500 79
205000 79
205500 79
206000 79
206500 79
207000 79
207500 79
208000 79
208500 79
209000 79
209500 79
210000 79
210500 79
211000 79
211500 79
212000 79
212500 79
213000 79
213500 79
214000 79
214500 79
215000 79
215500 79
216000 79
216500 79
217000 79
217500 79
218000 79
218500 79
219000 79
219500 79
220000 79
220500 79
221000 79
221500 79
222000 79
222500 79
223000 79
223500 79
224000 79
224500 79
225000 79
225500 79
226000 79
226500 79
227000 79
227500 79
228000 79
228500 79
229000 79
229500 79
230000 79
230500 79
231000 79
231500 79
232000 79
232500 79
233000 79
233500 79
234000 79
234500 79
235000 79
235500 79
236000 79
236500 79
237000 79
237500 79
238000 79
238500 79
239000 79
239500 79
240000 79
240500 79
241000 79
241500 79
242000 79
242500 79
243000 79
243500 79
244000 79
244500 79
245000 79
245500 79
246000 79
246500 79
247000 79
247500 79
248000 79
248500 79
249000 79
249500 79
250000 79
250500 79
251000 79
251500 79
252000 79
252500 79
253000 79
253500 79
254000 79
254500 79
255000 79
255500 79
256000 79
256500 79
257000 79
257500 79
258000 79
258500 79
259000 79
259500 79
260000 79
260500 79
261000 79
261500 79
262000 79
262500 79
263000 79
263500 79
264000 79
264500 79
265000 79
265500 79
266000 79
266500 79
267000 79
267500 79
268000 79
268500 79
269000 79
269500 79
270000 79
270500 79
271000 79
271500 79
272000 79
272500 79
273000 79
273500 79
274000 79
274500 79
275000 79
275500 79
276000 79
276500 79
277000 79
277500 79
278000 79
278500 79
279000 79
279500 79
280000 79
280500 79
281000 79
281500 79
282000 79
282500 79
283000 79
283500 79
284000 79
284500 79
285000 79
285500 79
286000 79
286500 79
287000 79
287500 79
288000 79
288500 79
289000 79
289500 79
290000 79
290500 79
291000 79
291500 79
292000 79
292500 79
293000 79
293500 79
294000 79
294500 79
295000 79
295500 79
296000 79
296500 79
297000 79
297500 79
298000 79
298500 79
299000 79
299500 79
300000 79
300500 79
301000 79
301500 79
302000 79
302500 79
303000 79
303500 79
304000 79
304500 79
305000 79
305500 79
306000 79
306500 79
307000 79
307500 79
308000 79
308500 79
309000 79
309500 79
310000 79
310500 79
311000 79
311500 79
312000 79
312500 79
313000 79
313500 79
314000 79
314500 79
315000 79
315500 79
316000 79
316500 79
317000 79
317500 79
318000 79
318500 79
319000 79
319500 79
320000 79
320500 79
321000 79
321500 79
322000 79
322500 79
323000 79
323500 79
324000 79
324500 79
325000 79
325500 79
326000 79
326500 79
327000 79
327500 79
328000 79
328500 79
329000 79
329500 79
330000 79
330500 79
331000 79
331500 79
332000 79
332500 79
333000 79
333500 79
334000 79
334500 79
335000 79
335500 79
336000 79
336500 79
337000 79
337500 79
338000 79
338500 79
339000 79
339500 79
340000 79
340500 79
341000 79
341500 79
342000 79
342500 79
343000 79
343500 79
344000 79
344500 79
345000 79
345500 79
346000 79
346500 79
347000 79
347500 79
348000 79
348500 79
349000 79
349500 79
350000 79
350500 79
351000 79
351500 79
352000 79
352500 79
353000 79
353500 79
354000 79
354500 79
355000 79
355500 79
356000 79
356500 79
357000 79
357500 79
358000 79
358500 79
359000 79
359500 79
360000 79
360500 79
361000 79
361500 79
362000 79
362500 79
363000 79
363500 79
364000 79
364500 79
365000 79
365500 79
366000 79
366500 79
367000 79
367500 79
368000 79
368500 79
369000 79
369500 79
370000 79
370500 79
371000 79
371500 79
372000 79
372500 79
373000 79
373500 79
374000 79
374500 79
375000 79
375500 79
376000 79
376500 79
377000 79
377500 79
378000 79
378500 79
379000 79
379500 79
380000 79
380500 79
381000 79
381500 79
382000 79
382500 79
383000 79
383500 79
384000 79
384500 79
385000 79
385500 79
386000 79
386500 79
387000 79
387500 79
388000 79
388500 79
389000 79
389500 79
390000 79
390500 79
391000 79
391500 79
392000 79
392500 79
393000 79
393500 79
394000 79
394500 79
395000 79
395500 79
396000 79
396500 79
397000 79
397500 79
398000 79
398500 79
399000 79
399500 79
400000 79
400500 79
401000 79
401500 79
402000 79
402500 79
403000 79
403500 79
404000 79
404500 79
405000 79
405500 79
406000 79
406500 79
407000 79
407500 79
408000 79
408500 79
409000 79
409500 79
410000 79
410500 79
411000 79
411500 79
412000 79
412500 79
413000 79
413500 79
414000 79
414500 79
415000 79
415500 79
416000 79
416500 79
417000 79
417500 79
418000 79
418500 79
419000 79
419500 79
420000 79
420500 79
421000 79
421500 79
422000 79
422500 79
423000 79
423500 79
424000 79
424500 79
425000 79
425500 79
426000 79
426500 79
427000 79
427500 79
428000 79
428500 79
429000 79
429500 79
430000 79
430500 79
431000 79
431500 79
432000 79
432500 79
433000 79
433500 79
434000 79
434500 79
435000 79
435500 79
436000 79
436500 79
437000 79
437500 79
438000 79
438500 79
439000 79
439500 79
440000 79
440500 79
441000 79
441500 79
442000 79
442500 79
443000 79
443500 79
444000 79
444500 79
445000 79
445500 79
446000 79
446500 79
447000 79
447500 79
448000 79
448500 79
449000 79
449500 79
450000 79
450500 79
451000 79
451500 79
452000 79
452500 79
453000 79
453500 79
454000 79
454500 79
455000 79
455500 79
456000 79
456500 79
457000 79
457500 79
458000 79
458500 79
459000 79
459500 79
460000 79
460500 79
461000 79
461500 79
462000 79
462500 79
463000 79
463500 79
464000 79
464500 79
465000 79
465500 79
466000 79
466500 79
467000 79
467500 79
468000 79
468500 79
469000 79
469500 79
470000 79
470500 79
471000 79
471500 79
472000 79
472500 79
473000 79
473500 79
474000 79
474500 79
475000 79
475500 79
476000 79
476500 79
477000 79
477500 79
478000 79
478500 79
479000 79
479500 79
480000 79
480500 79
481000 79
481500 79
482000 79
482500 79
483000 79
483500 79
484000 79
484500 79
485000 79
485500 79
486000 79
486500 79
487000 79
487500 79
488000 79
488500 79
489000 79
489500 79
490000 79
490500 79
491000 79
491500 79
492000 79
492500 79
493000 79
493500 79
494000 79
494500 79
495000 79
495500 79
496000 79
496500 79
497000 79
497500 79
498000 79
498500 79
499000 79
499500 79
500000 79
500500 79
501000 79
501500 79
502000 79
502500 79
503000 79
503500 79
504000 79
504500 79
505000 79
505500 79
506000 79
506500 79
507000 79
507500 78
508000 78
508500 78
509000 78
509500 78
510000 78
510500 78
511000 78
511500 78
512000 78
512500 78
513000 78
513500 78
514000 78
514500 78
515000 78
515500 78
516000 78
516500 78
517000 78
517500 78
518000 78
518500 78
519000 78
519500 78
520000 78
520500 78
521000 78
521500 78
522000 78
522500 78
523000 78
523500 78
524000 78
524500 78
525000 78
525500 78
526000 78
526500 78
527000 78
527500 78
528000 77
528500 77
529000 77
529500 77
530000 77
530500 77
531000 77
531500 77
532000 77
532500 77
533000 77
533500 77
534000 77
534500 77
535000 77
535500 77
536000 77
536500 77
537000 77
537500 77
538000 77
538500 77
539000 77
539500 77
540000 77
540500 77
541000 77
541500 77
542000 77
542500 77
543000 77
543500 77
544000 77
544500 77
545000 77
545500 77
546000 77
546500 77
547000 75
547500 75
548000 75
548500 75
549000 75
549500 75
550000 75
550500 75
551000 75
551500 75
552000 72
552500 72
553000 72
553500 72
554000 72
554500 72
555000 72
555500 72
556000 72
556500 72
557000 72
557500 72
558000 72
558500 72
559000 72
559500 72
560000 72
560500 72
561000 72
561500 72
562000 72
562500 72
563000 72
563500 72
564000 72
564500 72
565000 72
565500 72
566000 72
566500 72
567000 72
567500 72
568000 72
568500 72
569000 72
569500 72
570000 72
570500 72
571000 72
571500 72
572000 72
572500 72
573000 72
573500 72
574000 72
574500 72
575000 72
575500 72
576000 72
576500 72
577000 72
577500 72
578000 72
578500 72
579000 72
579500 72
580000 72
580500 72
581000 72
581500 72
582000 72
582500 72
583000 72
583500 72
584000 72
584500 72
585000 72
585500 72
586000 72
586500 72
587000 72
587500 72
588000 72
588500 72
589000 70
589500 70
590000 70
590500 70
591000 70
591500 70
592000 70
592500 70
593000 70
593500 70
594000 70
594500 70
595000 70
595500 70
596000 70
596500 70
597000 70
597500 70
598000 70
598500 70
599000 70
599500 70
600000 70
600500 70
601000 70
601500 70
602000 70
602500 70
603000 70
603500 70
604000 70
604500 70
605000 70
605500 70
606000 70
606500 70
607000 70
607500 70
608000 70
608500 70
609000 70
609500 70
610000 70
610500 69
611000 69
611500 69
612000 69
612500 69
613000 69
613500 69
614000 69
614500 69
615000 69
615500 69
616000 69
616500 69
617000 69
617500 69
618000 69
618500 69
619000 69
619500 69
620000 69
620500 69
621000 69
621500 69
622000 69
622500 69
623000 69
623500 69
624000 69
624500 69
625000 69
625500 69
626000 69
626500 69
627000 69
627500 69
628000 69
628500 69
629000 69
629500 69
630000 69
630500 69
631000 69
631500 69
632000 69
632500 69
633000 69
633500 69
634000 69
634500 69
635000 69
635500 69
636000 69
636500 69
637000 69
637500 69
638000 69
638500 69
639000 69
639500 69
640000 69
640500 69
641000 69
641500 69
642000 69
642500 69
643000 69
643500 69
644000 69
644500 69
645000 69
645500 69
646000 69
646500 69
647000 69
647500 69
648000 69
648500 69
649000 69
649500 69
650000 69
650500 69
651000 69
651500 69
652000 69
652500 69
653000 69
653500 69
654000 69
654500 69
655000 69
655500 69
656000 69
656500 69
657000 69
657500 69
658000 69
658500 69
659000 69
659500 69
660000 69
660500 69
661000 69
661500 69
662000 69
662500 69
663000 69
663500 69
664000 69
664500 69
665000 69
665500 69
666000 69
666500 69
667000 69
667500 69
668000 69
668500 69
669000 69
669500 69
670000 69
670500 69
671000 69
671500 69
672000 69
672500 69
673000 69
673500 69
674000 69
674500 69
675000 69
675500 69
676000 69
676500 69
677000 69
677500 69
678000 69
678500 69
679000 69
679500 69
680000 69
680500 69
681000 69
681500 69
682000 69
682500 69
683000 68
683500 68
684000 68
684500 68
685000 68
685500 68
686000 68
686500 68
687000 68
687500 68
688000 68
688500 68
689000 68
689500 68
690000 68
690500 68
691000 68
691500 68
692000 68
692500 68
693000 68
693500 68
694000 68
694500 68
695000 68
695500 68
696000 68
696500 68
697000 68
697500 68
698000 68
698500 68
699000 68
699500 68
700000 68
700500 68
701000 68
701500 68
702000 68
702500 68
703000 68
703500 68
704000 68
704500 68
705000 68
705500 68
706000 68
706500 68
707000 68
707500 68
708000 68
708500 68
709000 68
709500 68
710000 68
710500 68
711000 68
711500 68
712000 68
712500 68
713000 68
713500 68
714000 68
714500 68
715000 68
715500 68
716000 68
716500 68
717000 68
717500 68
718000 68
718500 68
719000 68
719500 68
720000 68
720500 68
721000 68
721500 68
722000 68
722500 68
723000 68
723500 68
724000 68
724500 68
725000 68
725500 68
726000 68
726500 68
727000 68
727500 68
728000 68
728500 68
729000 68
729500 68
730000 68
730500 68
731000 68
731500 68
732000 68
732500 68
733000 68
733500 68
734000 68
734500 68
735000 68
735500 68
736000 68
736500 68
737000 68
737500 68
738000 68
738500 68
739000 68
739500 68
740000 68
740500 68
741000 68
741500 68
742000 68
742500 68
743000 68
743500 68
744000 68
744500 68
745000 68
745500 68
746000 68
746500 68
747000 68
747500 68
748000 68
748500 68
749000 68
749500 68
750000 68
750500 68
751000 68
751500 68
752000 68
752500 68
753000 68
753500 68
754000 68
754500 68
755000 68
755500 68
756000 68
756500 68
757000 68
757500 68
758000 68
758500 68
759000 68
759500 68
760000 68
760500 68
761000 68
761500 68
762000 68
762500 68
763000 68
763500 68
764000 68
764500 68
765000 68
765500 68
766000 68
766500 68
767000 68
767500 68
768000 68
768500 68
769000 68
769500 68
770000 68
770500 68
771000 68
771500 68
772000 68
772500 68
773000 68
773500 68
774000 68
774500 68
775000 68
775500 68
776000 68
776500 68
777000 68
777500 68
778000 68
778500 68
779000 68
779500 68
780000 68
780500 68
781000 68
781500 68
782000 68
782500 68
783000 68
783500 68
784000 68
784500 68
785000 68
785500 68
786000 68
786500 68
787000 68
787500 68
788000 68
788500 68
789000 68
789500 68
790000 68
790500 68
791000 68
791500 68
792000 68
792500 68
793000 68
793500 68
794000 68
794500 68
795000 68
795500 68
796000 68
796500 68
797000 68
797500 68
798000 68
798500 68
799000 68
799500 68
800000 68
800500 68
801000 68
801500 68
802000 68
802500 68
803000 68
803500 68
804000 68
804500 68
805000 68
805500 68
806000 68
806500 68
807000 68
807500 68
808000 68
808500 68
809000 68
809500 68
810000 68
810500 68
811000 68
811500 68
812000 68
812500 68
813000 68
813500 68
814000 68
814500 68
815000 68
815500 68
816000 68
816500 68
817000 68
817500 68
818000 68
818500 68
819000 68
819500 68
820000 68
820500 68
821000 68
821500 68
822000 68
822500 68
823000 68
823500 68
824000 68
824500 68
825000 68
825500 68
826000 68
826500 68
827000 68
827500 68
828000 68
828500 68
829000 68
829500 68
830000 68
830500 68
831000 68
831500 68
832000 68
832500 68
833000 68
833500 68
834000 68
834500 68
835000 68
835500 68
836000 68
836500 68
837000 68
837500 68
838000 68
838500 68
839000 68
839500 68
840000 68
840500 68
841000 68
841500 68
842000 68
842500 68
843000 68
843500 68
844000 68
844500 68
845000 68
845500 68
846000 68
846500 68
847000 68
847500 68
848000 68
848500 68
849000 68
849500 68
850000 68
850500 68
851000 68
851500 68
852000 68
852500 68
853000 68
853500 68
854000 68
854500 68
855000 68
855500 68
856000 68
856500 68
857000 68
857500 68
858000 68
858500 68
859000 68
859500 68
860000 68
860500 68
861000 68
861500 68
862000 68
862500 68
863000 68
863500 68
864000 68
864500 68
865000 68
865500 68
866000 68
866500 68
867000 68
867500 68
868000 68
868500 68
869000 68
869500 68
870000 68
870500 68
871000 68
871500 68
872000 68
872500 68
873000 68
873500 68
874000 68
874500 68
875000 68
875500 68
876000 68
876500 68
877000 68
877500 68
878000 68
878500 68
879000 68
879500 68
880000 68
880500 68
881000 68
881500 68
882000 68
882500 68
883000 68
883500 68
884000 68
884500 68
885000 68
885500 68
886000 68
886500 68
887000 68
887500 68
888000 68
888500 68
889000 68
889500 68
890000 68
890500 68
891000 68
891500 68
892000 68
892500 68
893000 68
893500 68
894000 68
894500 68
895000 68
895500 68
896000 68
896500 68
897000 68
897500 68
898000 68
898500 68
899000 68
899500 68
900000 68
900500 68
901000 68
901500 68
902000 68
902500 68
903000 68
903500 68
904000 68
904500 68
905000 68
905500 68
906000 68
906500 68
907000 68
907500 68
908000 68
908500 68
909000 68
909500 68
910000 68
910500 68
911000 68
911500 68
912000 68
912500 68
913000 68
913500 68
914000 68
914500 68
915000 68
915500 68
916000 68
916500 68
917000 68
917500 68
918000 68
918500 68
919000 68
919500 68
920000 68
920500 68
921000 68
921500 68
922000 68
922500 68
923000 68
923500 68
924000 68
924500 68
925000 68
925500 68
926000 68
926500 68
927000 68
927500 68
928000 68
928500 68
929000 68
929500 68
930000 68
930500 68
931000 68
931500 68
932000 68
932500 68
933000 68
933500 68
934000 68
934500 68
935000 68
935500 68
936000 68
936500 68
937000 68
937500 68
938000 68
938500 68
939000 68
939500 68
940000 68
940500 68
941000 68
941500 68
942000 68
942500 68
943000 68
943500 68
944000 68
944500 68
945000 68
945500 68
946000 68
946500 68
947000 68
947500 68
948000 68
948500 68
949000 68
949500 68
950000 68
950500 68
951000 68
951500 68
952000 68
952500 68
953000 68
953500 68
954000 68
954500 68
955000 68
955500 68
956000 68
956500 68
957000 68
957500 68
958000 68
958500 68
959000 68
959500 68
960000 68
960500 68
961000 68
961500 68
962000 68
962500 68
963000 68
963500 68
964000 68
964500 68
965000 68
965500 68
966000 68
966500 68
967000 68
967500 68
968000 68
968500 68
969000 68
969500 68
970000 68
970500 68
971000 68
971500 68
972000 68
972500 68
973000 68
973500 68
974000 68
974500 68
975000 68
975500 68
976000 68
976500 68
977000 68
977500 68
978000 68
978500 68
979000 68
979500 68
980000 68
980500 68
981000 68
981500 68
982000 68
982500 68
983000 68
983500 68
984000 68
984500 68
985000 68
985500 68
986000 68
986500 68
987000 68
987500 68
988000 68
988500 68
989000 68
989500 68
990000 68
990500 68
991000 68
991500 68
992000 68
992500 68
993000 68
993500 68
994000 68
994500 68
995000 68
995500 68
996000 68
996500 68
997000 68
997500 68
998000 68
998500 68
999000 68
999500 68
1000000 68
1000500 68
1001000 68
1001500 68
1002000 68
1002500 68
1003000 68
1003500 68
1004000 68
1004500 68
1005000 68
1005500 68
1006000 68
1006500 68
1007000 68
1007500 68
1008000 68
1008500 68
1009000 68
1009500 68
1010000 68
1010500 68
1011000 68
1011500 68
1012000 68
1012500 68
1013000 68
1013500 68
1014000 68
1014500 68
1015000 68
1015500 68
1016000 68
1016500 68
1017000 68
1017500 68
1018000 68
1018500 68
1019000 68
1019500 68
1020000 68
1020500 68
1021000 68
1021500 68
1022000 68
1022500 68
1023000 68
1023500 68
1024000 68
1024500 68
1025000 68
1025500 68
1026000 68
1026500 68
1027000 68
1027500 68
1028000 68
1028500 68
1029000 68
1029500 68
1030000 68
1030500 68
1031000 68
1031500 68
1032000 68
1032500 68
1033000 68
1033500 68
1034000 68
1034500 68
1035000 68
1035500 68
1036000 68
1036500 68
1037000 68
1037500 68
1038000 68
1038500 68
1039000 68
1039500 68
1040000 68
1040500 68
1041000 68
1041500 68
1042000 68
1042500 68
1043000 68
1043500 68
1044000 68
1044500 68
1045000 68
1045500 68
1046000 68
1046500 68
1047000 68
1047500 68
1048000 68
1048500 68
1049000 68
1049500 68
1050000 68
1050500 68
1051000 68
1051500 68
1052000 68
1052500 68
1053000 68
1053500 68
1054000 68
1054500 68
1055000 68
1055500 68
1056000 68
1056500 68
1057000 68
1057500 68
1058000 68
1058500 68
1059000 68
1059500 68
1060000 68
1060500 68
1061000 68
1061500 68
1062000 68
1062500 68
1063000 68
1063500 68
1064000 68
1064500 68
1065000 68
1065500 68
1066000 68
1066500 68
1067000 68
1067500 68
1068000 68
1068500 68
1069000 68
1069500 68
1070000 68
1070500 68
1071000 68
1071500 68
1072000 68
1072500 68
1073000 68
1073500 68
1074000 68
1074500 68
1075000 68
1075500 68
1076000 68
1076500 68
1077000 68
1077500 68
1078000 68
1078500 68
1079000 68
1079500 68
1080000 68
1080500 68
1081000 68
1081500 68
1082000 68
1082500 68
1083000 68
1083500 68
1084000 68
1084500 68
1085000 68
1085500 68
1086000 68
1086500 68
1087000 68
1087500 68
1088000 68
1088500 68
1089000 68
1089500 68
1090000 68
1090500 68
1091000 68
1091500 68
1092000 68
1092500 68
1093000 68
1093500 68
1094000 68
1094500 68
1095000 68
1095500 68
1096000 68
1096500 68
1097000 68
1097500 68
1098000 68
1098500 68
1099000 68
1099500 68
1100000 68
1100500 68
1101000 68
1101500 68
1102000 68
1102500 68
1103000 68
1103500 68
1104000 68
1104500 68
1105000 68
1105500 68
1106000 68
1106500 68
1107000 68
1107500 68
1108000 68
1108500 68
1109000 68
1109500 68
1110000 68
1110500 68
1111000 68
1111500 68
1112000 68
1112500 68
1113000 68
1113500 68
1114000 68
1114500 68
1115000 68
1115500 68
1116000 68
1116500 68
1117000 68
1117500 68
1118000 68
1118500 68
1119000 68
1119500 68
1120000 68
1120500 68
1121000 68
1121500 68
1122000 68
1122500 68
1123000 68
1123500 68
1124000 68
1124500 68
1125000 68
1125500 68
1126000 68
1126500 68
1127000 68
1127500 68
1128000 68
1128500 68
1129000 68
1129500 68
1130000 68
1130500 68
1131000 68
1131500 68
1132000 68
1132500 68
1133000 68
1133500 68
1134000 68
1134500 68
1135000 68
1135500 68
1136000 68
1136500 68
1137000 68
1137500 68
1138000 68
1138500 68
1139000 68
1139500 68
1140000 68
1140500 68
1141000 68
1141500 68
1142000 68
1142500 68
1143000 68
1143500 68
1144000 68
1144500 68
1145000 68
1145500 68
1146000 68
1146500 68
1147000 68
1147500 68
1148000 68
1148500 68
1149000 68
1149500 68
1150000 68
1150500 68
1151000 68
1151500 68
1152000 68
1152500 68
1153000 68
1153500 68
1154000 68
1154500 68
1155000 68
1155500 68
1156000 68
1156500 68
1157000 68
1157500 68
1158000 68
1158500 68
1159000 68
1159500 68
1160000 68
1160500 68
1161000 68
1161500 68
1162000 68
1162500 68
1163000 68
1163500 68
1164000 68
1164500 68
1165000 68
1165500 68
1166000 68
1166500 68
1167000 68
1167500 68
1168000 68
1168500 68
1169000 68
1169500 68
1170000 68
1170500 68
1171000 68
1171500 68
1172000 68
1172500 68
1173000 68
1173500 68
1174000 68
1174500 68
1175000 68
1175500 68
1176000 68
1176500 68
1177000 68
1177500 68
1178000 68
1178500 68
1179000 68
1179500 68
1180000 68
1180500 68
1181000 68
1181500 68
1182000 68
1182500 68
1183000 68
1183500 68
1184000 68
1184500 68
1185000 68
1185500 68
1186000 68
1186500 68
1187000 68
1187500 68
1188000 68
1188500 68
1189000 68
1189500 68
1190000 68
1190500 68
1191000 68
1191500 68
1192000 68
1192500 68
1193000 68
1193500 68
1194000 68
1194500 68
1195000 68
1195500 68
1196000 68
1196500 68
1197000 68
1197500 68
1198000 68
1198500 68
1199000 68
1199500 68
1200000 68
1200500 68
1201000 68
1201500 68
1202000 68
1202500 68
1203000 68
1203500 68
1204000 68
1204500 68
1205000 68
1205500 68
1206000 68
1206500 68
1207000 68
1207500 68
1208000 68
1208500 68
1209000 68
1209500 68
1210000 68
1210500 68
1211000 68
1211500 68
1212000 68
1212500 68
1213000 68
1213500 68
1214000 68
1214500 68
1215000 68
1215500 68
1216000 68
1216500 68
1217000 68
1217500 68
1218000 68
1218500 68
1219000 68
1219500 68
1220000 68
1220500 68
1221000 68
1221500 68
1222000 68
1222500 68
1223000 68
1223500 68
1224000 68
1224500 68
1225000 68
1225500 68
1226000 68
1226500 68
1227000 68
1227500 68
1228000 68
1228500 68
1229000 68
1229500 68
1230000 68
1230500 68
1231000 68
1231500 68
1232000 68
1232500 68
1233000 68
1233500 68
1234000 68
1234500 68
1235000 68
1235500 68
1236000 68
1236500 68
1237000 68
1237500 68
1238000 68
1238500 68
1239000 68
1239500 68
1240000 68
1240500 68
1241000 68
1241500 68
1242000 68
1242500 68
1243000 68
1243500 68
1244000 68
1244500 68
1245000 68
1245500 68
1246000 68
1246500 68
1247000 68
1247500 68
1248000 68
1248500 68
1249000 68
1249500 68
1250000 68
1250500 68
1251000 68
1251500 68
1252000 68
1252500 68
1253000 68
1253500 68
1254000 68
1254500 68
1255000 68
1255500 68
1256000 68
1256500 68
1257000 68
1257500 68
1258000 68
1258500 68
1259000 68
1259500 68
1260000 68
1260500 68
1261000 68
1261500 68
1262000 68
1262500 68
1263000 68
1263500 68
1264000 68
1264500 68
1265000 68
1265500 68
1266000 68
1266500 68
1267000 68
1267500 68
1268000 68
1268500 68
1269000 68
1269500 68
1270000 68
1270500 68
1271000 68
1271500 68
1272000 68
1272500 68
1273000 68
1273500 68
1274000 68
1274500 68
1275000 68
1275500 68
1276000 68
1276500 68
1277000 68
1277500 68
1278000 68
1278500 68
1279000 68
1279500 68
1280000 68
1280500 68
1281000 68
1281500 68
1282000 68
1282500 68
1283000 68
1283500 68
1284000 68
1284500 68
1285000 68
1285500 68
1286000 68
1286500 68
1287000 68
1287500 68
1288000 68
1288500 68
1289000 68
1289500 68
1290000 68
1290500 68
1291000 68
1291500 68
1292000 68
1292500 68
1293000 68
1293500 68
1294000 68
1294500 68
1295000 68
1295500 68
1296000 68
1296500 68
1297000 68
1297500 68
1298000 68
1298500 68
1299000 68
1299500 68
1300000 68
1300500 68
1301000 68
1301500 68
1302000 68
1302500 68
1303000 68
1303500 68
1304000 68
1304500 68
1305000 68
1305500 68
1306000 68
1306500 68
1307000 68
1307500 68
1308000 68
1308500 68
1309000 68
1309500 68
1310000 68
1310500 68
1311000 68
1311500 68
1312000 68
1312500 68
1313000 68
1313500 68
1314000 68
1314500 68
1315000 68
1315500 68
1316000 68
1316500 68
1317000 68
1317500 68
1318000 68
1318500 68
1319000 68
1319500 68
1320000 68
1320500 68
1321000 68
1321500 68
1322000 68
1322500 68
1323000 68
1323500 68
1324000 68
1324500 68
1325000 68
1325500 68
1326000 68
1326500 68
1327000 68
1327500 68
1328000 68
1328500 68
1329000 68
1329500 68
1330000 68
1330500 68
1331000 68
1331500 68
1332000 68
1332500 68
1333000 68
1333500 68
1334000 68
1334500 68
1335000 68
1335500 68
1336000 68
1336500 68
1337000 68
1337500 68
1338000 68
1338500 68
1339000 68
1339500 68
1340000 68
1340500 68
1341000 68
1341500 68
1342000 68
1342500 68
1343000 68
1343500 68
1344000 68
1344500 68
1345000 68
1345500 68
1346000 68
1346500 68
1347000 68
1347500 68
1348000 68
1348500 68
1349000 68
1349500 68
1350000 68
1350500 68
1351000 68
1351500 68
1352000 68
1352500 68
1353000 68
1353500 68
1354000 68
1354500 68
1355000 68
1355500 68
1356000 68
1356500 68
1357000 68
1357500 68
1358000 68
1358500 68
1359000 68
1359500 68
1360000 68
1360500 68
1361000 68
1361500 68
1362000 68
1362500 68
1363000 68
1363500 68
1364000 68
1364500 68
1365000 68
1365500 68
1366000 68
1366500 68
1367000 68
1367500 68
1368000 68
1368500 68
1369000 68
1369500 68
1370000 68
1370500 68
1371000 68
1371500 68
1372000 68
1372500 68
1373000 68
1373500 68
1374000 68
1374500 68
1375000 68
1375500 68
1376000 68
1376500 68
1377000 68
1377500 68
1378000 68
1378500 68
1379000 68
1379500 68
1380000 68
1380500 68
1381000 68
1381500 68
1382000 68
1382500 68
1383000 68
1383500 68
1384000 68
1384500 68
1385000 68
1385500 68
1386000 68
1386500 68
1387000 68
1387500 68
1388000 68
1388500 68
1389000 68
1389500 68
1390000 68
1390500 68
1391000 68
1391500 68
1392000 68
1392500 68
1393000 68
1393500 68
1394000 68
1394500 68
1395000 68
1395500 68
1396000 68
1396500 68
1397000 68
1397500 68
1398000 68
1398500 68
1399000 68
1399500 68
1400000 68
1400500 68
1401000 68
1401500 68
1402000 68
1402500 68
1403000 68
1403500 68
1404000 68
1404500 68
1405000 68
1405500 68
1406000 68
1406500 68
1407000 68
1407500 68
1408000 68
1408500 68
1409000 68
1409500 68
1410000 68
1410500 68
1411000 68
1411500 68
1412000 68
1412500 68
1413000 68
1413500 68
1414000 68
1414500 68
1415000 68
1415500 68
1416000 68
1416500 68
1417000 68
1417500 68
1418000 68
1418500 68
1419000 68
1419500 68
1420000 68
1420500 68
1421000 68
1421500 68
1422000 68
1422500 68
1423000 68
1423500 68
1424000 68
1424500 68
1425000 68
1425500 68
1426000 68
1426500 68
1427000 68
1427500 68
1428000 68
1428500 68
1429000 68
1429500 68
1430000 68
1430500 68
1431000 68
1431500 68
1432000 68
1432500 68
1433000 68
1433500 68
1434000 68
1434500 68
1435000 68
1435500 68
1436000 68
1436500 68
1437000 68
1437500 68
1438000 68
1438500 68
1439000 68
1439500 68
1440000 68
1440500 68
1441000 68
1441500 68
1442000 68
1442500 68
1443000 68
1443500 68
1444000 68
1444500 68
1445000 68
1445500 68
1446000 68
1446500 68
1447000 68
1447500 68
1448000 68
1448500 68
1449000 68
1449500 68
1450000 68
1450500 68
1451000 68
1451500 68
1452000 68
1452500 68
1453000 68
1453500 68
1454000 68
1454500 68
1455000 68
1455500 68
1456000 68
1456500 68
1457000 68
1457500 68
1458000 68
1458500 68
1459000 68
1459500 68
1460000 68
1460500 68
1461000 68
1461500 68
1462000 68
1462500 68
1463000 68
1463500 68
1464000 68
1464500 68
1465000 68
1465500 68
1466000 68
1466500 68
1467000 68
1467500 68
1468000 68
1468500 68
1469000 68
1469500 68
1470000 68
1470500 68
1471000 68
1471500 68
1472000 68
1472500 68
1473000 68
1473500 68
1474000 68
1474500 68
1475000 68
1475500 68
1476000 68
1476500 68
1477000 68
1477500 68
1478000 68
1478500 68
1479000 68
1479500 68
1480000 68
1480500 68
1481000 68
1481500 68
1482000 68
1482500 68
1483000 68
1483500 68
1484000 68
1484500 68
1485000 68
1485500 68
1486000 68
1486500 68
1487000 68
1487500 68
1488000 68
1488500 68
1489000 68
1489500 68
1490000 68
1490500 68
1491000 68
1491500 68
1492000 68
1492500 68
1493000 68
1493500 68
1494000 68
1494500 68
1495000 68
1495500 68
1496000 68
1496500 68
1497000 68
1497500 68
1498000 68
1498500 68
1499000 68
1499500 68
1500000 68
1500500 68
1501000 68
1501500 68
1502000 68
1502500 68
1503000 68
1503500 68
1504000 68
1504500 68
1505000 68
1505500 68
1506000 68
1506500 68
1507000 68
1507500 68
1508000 68
1508500 68
1509000 68
1509500 68
1510000 68
1510500 68
1511000 68
1511500 68
1512000 68
1512500 68
1513000 68
1513500 68
1514000 68
1514500 68
1515000 68
1515500 68
1516000 68
1516500 68
1517000 68
1517500 68
1518000 68
1518500 68
1519000 68
1519500 68
1520000 68
1520500 68
1521000 68
1521500 68
1522000 68
1522500 68
1523000 68
1523500 68
1524000 68
1524500 68
1525000 68
1525500 68
1526000 68
1526500 68
1527000 68
1527500 68
1528000 68
1528500 68
1529000 68
1529500 68
1530000 68
1530500 68
1531000 68
1531500 68
1532000 68
1532500 68
1533000 68
1533500 68
1534000 68
1534500 68
1535000 68
1535500 68
1536000 68
1536500 68
1537000 68
1537500 68
1538000 68
1538500 68
1539000 68
1539500 68
1540000 68
1540500 68
1541000 68
1541500 68
1542000 68
