500 164
1000 141
1500 142
2000 152
2500 130
3000 152
3500 149
4000 169
4500 150
5000 167
5500 143
6000 141
6500 158
7000 159
7500 150
8000 156
8500 154
9000 152
9500 130
10000 131
10500 173
11000 159
11500 143
12000 171
12500 138
13000 128
13500 160
14000 145
14500 151
15000 134
15500 151
16000 135
16500 160
17000 140
17500 143
18000 158
18500 158
19000 146
19500 168
20000 141
20500 139
21000 160
21500 156
22000 147
22500 148
23000 154
23500 137
24000 134
24500 149
25000 130
25500 147
26000 139
26500 146
27000 160
27500 142
28000 144
28500 156
29000 136
29500 154
30000 168
30500 138
31000 151
31500 121
32000 144
32500 143
33000 162
33500 131
34000 148
34500 146
35000 152
35500 159
36000 160
36500 145
37000 161
37500 139
38000 138
38500 142
39000 157
39500 152
40000 168
40500 172
41000 151
41500 151
42000 162
42500 160
43000 134
43500 157
44000 141
44500 158
45000 142
45500 132
46000 130
46500 145
47000 155
47500 156
48000 150
48500 154
49000 150
49500 140
50000 123
50500 140
51000 155
51500 151
52000 151
52500 144
53000 152
53500 141
54000 147
54500 156
55000 142
55500 145
56000 160
56500 147
57000 140
57500 164
58000 146
58500 143
59000 148
59500 138
60000 139
60500 156
61000 151
61500 143
62000 131
62500 145
63000 147
63500 143
64000 158
64500 136
65000 154
65500 143
66000 152
66500 150
67000 147
67500 143
68000 140
68500 145
69000 142
69500 147
70000 158
70500 152
71000 166
71500 153
72000 148
72500 148
73000 176
73500 127
74000 152
74500 151
75000 154
75500 149
76000 160
76500 148
77000 146
77500 139
78000 156
78500 152
79000 148
79500 162
80000 140
80500 148
81000 132
81500 134
82000 147
82500 135
83000 139
83500 166
84000 168
84500 156
85000 154
85500 165
86000 165
86500 160
87000 149
87500 142
88000 131
88500 145
89000 153
89500 149
90000 123
90500 146
91000 149
91500 142
92000 156
92500 155
93000 129
93500 147
94000 138
94500 152
95000 126
95500 149
96000 147
96500 148
97000 132
97500 142
98000 138
98500 127
99000 171
99500 153
100000 154
100500 147
101000 163
101500 154
102000 151
102500 145
103000 142
103500 160
104000 171
104500 140
105000 135
105500 152
106000 153
106500 146
107000 156
107500 127
108000 160
108500 125
109000 139
109500 144
110000 144
110500 133
111000 165
111500 154
112000 139
112500 148
113000 144
113500 155
114000 147
114500 134
115000 143
115500 142
116000 159
116500 142
117000 145
117500 151
118000 135
118500 138
119000 146
119500 148
120000 145
120500 130
121000 134
121500 166
122000 134
122500 158
123000 142
123500 163
124000 131
124500 134
125000 159
125500 153
126000 148
126500 134
127000 146
127500 155
128000 117
128500 138
129000 149
129500 130
130000 162
130500 156
131000 161
131500 157
132000 148
132500 154
133000 152
133500 149
134000 132
134500 164
135000 144
135500 129
136000 138
136500 155
137000 146
137500 156
138000 141
138500 107
139000 115
139500 140
140000 156
140500 147
141000 156
141500 146
142000 129
142500 150
143000 151
143500 109
144000 152
144500 146
145000 135
145500 133
146000 149
146500 129
147000 143
147500 150
148000 142
148500 154
149000 146
149500 129
150000 149
150500 133
151000 148
151500 144
152000 148
152500 137
153000 142
153500 141
154000 172
154500 163
155000 151
155500 161
156000 135
156500 152
157000 141
157500 144
158000 135
158500 151
159000 118
159500 134
160000 153
160500 159
161000 132
161500 153
162000 149
162500 157
163000 162
163500 152
164000 141
164500 130
165000 165
165500 142
166000 144
166500 149
167000 128
167500 142
168000 137
168500 123
169000 157
169500 137
170000 135
170500 135
171000 140
171500 150
172000 158
172500 152
173000 139
173500 159
174000 164
174500 153
175000 144
175500 152
176000 106
176500 142
177000 153
177500 159
178000 118
178500 168
179000 137
179500 138
180000 157
180500 156
181000 134
181500 137
182000 159
182500 149
183000 127
183500 144
184000 129
184500 150
185000 137
185500 150
186000 145
186500 137
187000 150
187500 142
188000 131
188500 126
189000 152
189500 156
190000 128
190500 145
191000 127
191500 142
192000 144
192500 135
193000 141
193500 153
194000 158
194500 141
195000 137
195500 128
196000 143
196500 151
197000 153
197500 155
198000 145
198500 133
199000 134
199500 154
200000 136
200500 141
201000 159
201500 133
202000 138
202500 137
203000 147
203500 144
204000 148
204500 138
205000 139
205500 152
206000 134
206500 141
207000 128
207500 133
208000 138
208500 158
209000 129
209500 146
210000 150
210500 137
211000 131
211500 132
212000 143
212500 126
213000 143
213500 142
214000 115
214500 137
215000 130
215500 142
216000 133
216500 148
217000 165
217500 142
218000 139
218500 138
219000 111
219500 139
220000 131
220500 148
221000 147
221500 140
222000 121
222500 142
223000 146
223500 135
224000 135
224500 117
225000 129
225500 130
226000 148
226500 116
227000 134
227500 147
228000 145
228500 139
229000 147
229500 135
230000 125
230500 108
231000 163
231500 159
232000 140
232500 143
233000 141
233500 153
234000 141
234500 138
235000 143
235500 153
236000 129
236500 142
237000 144
237500 129
238000 140
238500 144
239000 134
239500 165
240000 125
240500 134
241000 146
241500 140
242000 152
242500 152
243000 113
243500 141
244000 129
244500 145
245000 141
245500 137
246000 158
246500 134
247000 151
247500 126
248000 147
248500 151
249000 150
249500 147
250000 142
250500 128
251000 117
251500 139
252000 142
252500 169
253000 143
253500 133
254000 134
254500 123
255000 142
255500 125
256000 148
256500 139
257000 120
257500 151
258000 142
258500 138
259000 145
259500 151
260000 142
260500 139
261000 147
261500 124
262000 149
262500 132
263000 140
263500 137
264000 134
264500 137
265000 116
265500 143
266000 126
266500 124
267000 154
267500 112
268000 129
268500 138
269000 142
269500 142
270000 130
270500 141
271000 132
271500 150
272000 137
272500 132
273000 128
273500 127
274000 136
274500 140
275000 130
275500 140
276000 139
276500 120
277000 142
277500 141
278000 139
278500 130
279000 142
279500 136
280000 156
280500 125
281000 136
281500 142
282000 139
282500 127
283000 141
283500 134
284000 116
284500 115
285000 144
285500 130
286000 135
286500 132
287000 140
287500 140
288000 141
288500 151
289000 151
289500 142
290000 121
290500 136
291000 135
291500 124
292000 130
292500 151
293000 157
293500 138
294000 131
294500 147
295000 117
295500 151
296000 127
296500 137
297000 144
297500 115
298000 129
298500 138
299000 136
299500 135
300000 152
300500 117
301000 116
301500 162
302000 131
302500 133
303000 139
303500 149
304000 150
304500 161
305000 117
305500 162
306000 143
306500 134
307000 139
307500 129
308000 122
308500 127
309000 153
309500 121
310000 121
310500 146
311000 145
311500 144
312000 130
312500 138
313000 135
313500 124
314000 129
314500 144
315000 130
315500 123
316000 139
316500 136
317000 102
317500 136
318000 122
318500 151
319000 120
319500 116
320000 117
320500 151
321000 127
321500 140
322000 126
322500 126
323000 140
323500 129
324000 153
324500 146
325000 133
325500 150
326000 127
326500 129
327000 130
327500 142
328000 143
328500 132
329000 137
329500 136
330000 144
330500 144
331000 117
331500 131
332000 120
332500 127
333000 106
333500 112
334000 152
334500 108
335000 125
335500 122
336000 129
336500 110
337000 130
337500 142
338000 123
338500 140
339000 139
339500 126
340000 137
340500 119
341000 125
341500 131
342000 145
342500 141
343000 155
343500 129
344000 138
344500 128
345000 119
345500 126
346000 146
346500 121
347000 131
347500 128
348000 133
348500 136
349000 121
349500 117
350000 122
350500 132
351000 135
351500 138
352000 118
352500 123
353000 138
353500 111
354000 128
354500 121
355000 144
355500 135
356000 115
356500 129
357000 130
357500 135
358000 135
358500 131
359000 101
359500 131
360000 123
360500 128
361000 134
361500 132
362000 131
362500 124
363000 138
363500 109
364000 127
364500 139
365000 106
365500 137
366000 146
366500 131
367000 139
367500 136
368000 124
368500 113
369000 114
369500 114
370000 131
370500 123
371000 116
371500 111
372000 129
372500 99
373000 136
373500 125
374000 119
374500 119
375000 93
375500 126
376000 130
376500 116
377000 120
377500 116
378000 128
378500 123
379000 104
379500 111
380000 117
380500 135
381000 126
381500 112
382000 143
382500 130
383000 120
383500 121
384000 102
384500 117
385000 148
385500 121
386000 133
386500 110
387000 137
387500 130
388000 118
388500 135
389000 150
389500 120
390000 119
390500 110
391000 106
391500 111
392000 117
392500 141
393000 141
393500 138
394000 113
394500 134
395000 114
395500 105
396000 135
396500 111
397000 136
397500 130
398000 138
398500 119
399000 111
399500 130
400000 118
400500 124
401000 137
401500 127
402000 128
402500 116
403000 110
403500 116
404000 113
404500 129
405000 113
405500 110
406000 113
406500 101
407000 138
407500 112
408000 108
408500 101
409000 108
409500 111
410000 138
410500 116
411000 124
411500 118
412000 102
412500 132
413000 119
413500 111
414000 120
414500 111
415000 116
415500 112
416000 125
416500 130
417000 138
417500 120
418000 137
418500 143
419000 95
419500 117
420000 126
420500 100
421000 130
421500 114
422000 129
422500 118
423000 123
423500 122
424000 127
424500 126
425000 116
425500 136
426000 128
426500 132
427000 144
427500 104
428000 120
428500 102
429000 110
429500 120
430000 118
430500 149
431000 114
431500 116
432000 138
432500 102
433000 119
433500 105
434000 99
434500 106
435000 108
435500 120
436000 123
436500 105
437000 122
437500 131
438000 116
438500 125
439000 108
439500 105
440000 132
440500 127
441000 101
441500 118
442000 120
442500 114
443000 120
443500 127
444000 121
444500 136
445000 110
445500 109
446000 97
446500 112
447000 90
447500 115
448000 119
448500 122
449000 169
449500 139
450000 125
450500 131
451000 98
451500 115
452000 117
452500 122
453000 127
453500 111
454000 115
454500 133
455000 113
455500 88
456000 104
456500 103
457000 121
457500 112
458000 102
458500 103
459000 113
459500 124
460000 115
460500 132
461000 105
461500 147
462000 101
462500 121
463000 96
463500 116
464000 102
464500 109
465000 99
465500 134
466000 111
466500 108
467000 120
467500 121
468000 105
468500 124
469000 107
469500 119
470000 103
470500 108
471000 92
471500 106
472000 89
472500 112
473000 103
473500 101
474000 137
474500 103
475000 115
475500 115
476000 113
476500 103
477000 120
477500 106
478000 115
478500 98
479000 108
479500 89
480000 108
480500 124
481000 109
481500 103
482000 123
482500 96
483000 118
483500 104
484000 131
484500 105
485000 116
485500 114
486000 111
486500 128
487000 101
487500 114
488000 94
488500 92
489000 104
489500 105
490000 109
490500 100
491000 101
491500 89
492000 112
492500 121
493000 111
493500 103
494000 130
494500 97
495000 111
495500 109
496000 83
496500 92
497000 139
497500 111
498000 97
498500 93
499000 117
499500 96
500000 105
500500 90
501000 106
501500 114
502000 105
502500 109
503000 89
503500 95
504000 119
504500 145
505000 94
505500 106
506000 99
506500 94
507000 94
507500 99
508000 104
508500 106
509000 114
509500 102
510000 109
510500 92
511000 82
511500 120
512000 118
512500 109
513000 94
513500 92
514000 120
514500 89
515000 101
515500 114
516000 94
516500 93
517000 131
517500 105
518000 115
518500 115
519000 92
519500 100
520000 96
520500 100
521000 96
521500 103
522000 125
522500 140
523000 97
523500 90
524000 90
524500 107
525000 119
525500 126
526000 96
526500 91
527000 100
527500 110
528000 94
528500 96
529000 113
529500 93
530000 99
530500 101
531000 99
531500 132
532000 85
532500 112
533000 105
533500 92
534000 135
534500 91
535000 108
535500 93
536000 97
536500 120
537000 98
537500 88
538000 123
538500 108
539000 84
539500 112
540000 99
540500 107
541000 82
541500 121
542000 85
542500 97
543000 107
543500 131
544000 124
544500 106
545000 128
545500 90
546000 90
546500 95
547000 89
547500 95
548000 140
548500 106
549000 91
549500 91
550000 87
550500 90
551000 92
551500 89
552000 84
552500 136
553000 84
553500 91
554000 93
554500 85
555000 98
555500 117
556000 87
556500 96
557000 93
557500 115
558000 76
558500 93
559000 79
559500 124
560000 99
560500 109
561000 105
561500 109
562000 80
562500 119
563000 93
563500 99
564000 84
564500 103
565000 80
565500 74
566000 80
566500 143
567000 81
567500 92
568000 81
568500 78
569000 77
569500 112
570000 92
570500 91
571000 94
571500 137
572000 75
572500 91
573000 99
573500 82
574000 141
574500 103
575000 82
575500 112
576000 86
576500 85
577000 101
577500 81
578000 116
578500 92
579000 86
579500 89
580000 89
580500 79
581000 114
581500 99
582000 95
582500 102
583000 78
583500 77
584000 82
584500 92
585000 95
585500 127
586000 85
586500 78
587000 87
587500 95
588000 94
588500 83
589000 78
589500 86
590000 88
590500 81
591000 84
591500 88
592000 93
592500 99
593000 140
593500 86
594000 87
594500 81
595000 80
595500 82
596000 83
596500 78
597000 80
597500 106
598000 86
598500 84
599000 91
599500 83
600000 76
600500 81
601000 93
601500 80
602000 80
602500 131
603000 77
603500 87
604000 89
604500 78
605000 93
605500 92
606000 136
606500 96
607000 89
607500 89
608000 129
608500 91
609000 82
609500 82
610000 81
610500 77
611000 82
611500 79
612000 87
612500 82
613000 86
613500 79
614000 130
614500 94
615000 138
615500 81
616000 84
616500 83
617000 76
617500 82
618000 86
618500 83
619000 96
619500 88
620000 81
620500 83
621000 83
621500 78
622000 84
622500 80
623000 81
623500 74
624000 73
624500 80
625000 86
625500 101
626000 77
626500 77
627000 75
627500 79
628000 95
628500 82
629000 73
629500 79
630000 77
630500 85
631000 79
631500 76
632000 71
632500 76
633000 110
633500 87
634000 80
634500 99
635000 77
635500 78
636000 74
636500 72
637000 73
637500 72
638000 70
638500 79
639000 80
639500 86
640000 76
640500 90
641000 82
641500 90
642000 84
642500 99
643000 81
643500 76
644000 86
644500 109
645000 78
645500 92
646000 76
646500 101
647000 102
647500 83
648000 129
648500 79
649000 73
649500 75
650000 69
650500 74
651000 70
651500 72
652000 70
652500 73
653000 76
653500 74
654000 72
654500 70
655000 72
655500 80
656000 84
656500 84
657000 91
657500 83
658000 76
658500 75
659000 71
659500 71
660000 72
660500 74
661000 73
661500 74
662000 121
662500 78
663000 76
663500 73
664000 73
664500 74
665000 73
665500 72
666000 73
666500 77
667000 80
667500 74
668000 73
668500 76
669000 75
669500 77
670000 73
670500 71
671000 75
671500 74
672000 75
672500 83
673000 76
673500 119
674000 82
674500 88
675000 82
675500 74
676000 77
676500 81
677000 76
677500 75
678000 73
678500 75
679000 74
679500 72
680000 72
680500 69
681000 72
681500 72
682000 69
682500 70
683000 68
683500 72
684000 70
684500 72
685000 73
685500 69
686000 69
686500 70
687000 70
687500 72
688000 72
688500 71
689000 71
689500 71
690000 71
690500 71
691000 72
691500 69
692000 71
692500 76
693000 77
693500 75
694000 116
694500 82
695000 77
695500 77
696000 79
696500 74
697000 74
697500 72
698000 69
698500 70
699000 71
699500 74
700000 75
700500 75
701000 75
701500 75
702000 70
702500 72
703000 70
703500 70
704000 74
704500 71
705000 69
705500 71
706000 71
706500 70
707000 69
707500 69
708000 73
708500 69
709000 71
709500 69
710000 69
710500 70
711000 69
711500 71
712000 72
712500 71
713000 72
713500 69
714000 69
714500 72
715000 71
715500 69
716000 81
716500 102
717000 78
717500 72
718000 71
718500 77
719000 74
719500 70
720000 71
720500 72
721000 69
721500 71
722000 76
722500 71
723000 71
723500 69
724000 74
724500 69
725000 70
725500 69
726000 71
726500 70
727000 71
727500 69
728000 71
728500 69
729000 71
729500 70
730000 70
730500 111
731000 80
731500 80
732000 75
732500 74
733000 83
733500 79
734000 79
734500 73
735000 87
735500 76
736000 75
736500 75
737000 75
737500 77
738000 70
738500 70
739000 70
739500 70
740000 70
740500 69
741000 69
741500 69
742000 69
742500 70
743000 70
743500 70
744000 69
744500 69
745000 70
745500 70
746000 70
746500 69
747000 69
747500 73
748000 72
748500 71
749000 69
749500 69
750000 69
750500 69
751000 73
751500 69
752000 69
752500 69
753000 71
753500 69
754000 69
754500 69
755000 69
755500 71
756000 70
756500 69
757000 68
757500 68
758000 68
758500 68
759000 69
759500 69
760000 68
760500 68
761000 68
761500 68
762000 69
762500 69
763000 70
763500 69
764000 69
764500 70
765000 69
765500 69
766000 70
766500 69
767000 68
767500 68
768000 68
768500 68
769000 68
769500 68
770000 69
770500 69
771000 69
771500 68
772000 68
772500 69
773000 68
773500 68
774000 69
774500 68
775000 68
775500 68
776000 69
776500 69
777000 70
777500 68
778000 68
778500 68
779000 68
779500 68
780000 68
780500 68
781000 69
781500 68
782000 68
782500 68
783000 68
783500 71
784000 68
784500 68
785000 68
785500 68
786000 68
786500 68
787000 68
787500 68
788000 68
788500 68
789000 68
789500 68
790000 68
790500 70
791000 68
791500 68
792000 68
792500 68
793000 68
793500 68
794000 68
794500 68
795000 69
795500 68
796000 68
796500 68
797000 69
797500 69
798000 68
798500 68
799000 68
799500 68
800000 68
800500 68
801000 69
801500 68
802000 69
802500 69
803000 69
803500 68
804000 68
804500 68
805000 68
805500 68
806000 69
806500 69
807000 68
807500 68
808000 69
808500 69
809000 69
809500 69
810000 69
810500 69
811000 69
811500 69
812000 69
812500 69
813000 69
813500 70
814000 69
814500 69
815000 69
815500 69
816000 69
816500 69
817000 69
817500 69
818000 69
818500 69
819000 70
819500 69
820000 69
820500 69
821000 69
821500 69
822000 68
822500 68
823000 68
823500 68
824000 68
824500 68
825000 68
825500 68
826000 68
826500 68
827000 68
827500 68
828000 68
828500 69
829000 69
829500 69
830000 69
830500 69
831000 69
831500 69
832000 69
832500 70
833000 69
833500 69
834000 69
834500 69
835000 69
835500 69
836000 69
836500 69
837000 69
837500 69
838000 69
838500 69
839000 69
839500 69
840000 69
840500 69
841000 69
841500 69
842000 69
842500 69
843000 69
843500 69
844000 69
844500 69
845000 69
845500 69
846000 69
846500 69
847000 69
847500 69
848000 70
848500 70
849000 69
849500 69
850000 69
850500 69
851000 69
851500 69
852000 69
852500 69
853000 69
853500 69
854000 69
854500 69
855000 69
855500 69
856000 69
856500 69
857000 69
857500 70
858000 69
858500 69
859000 69
859500 69
860000 69
860500 69
861000 69
861500 69
862000 69
862500 69
863000 69
863500 69
864000 69
864500 69
865000 69
865500 69
866000 69
866500 69
867000 69
867500 69
868000 69
868500 69
869000 69
869500 69
870000 69
870500 69
871000 69
871500 69
872000 69
872500 69
873000 69
873500 69
874000 69
874500 69
875000 69
875500 69
876000 69
876500 69
877000 69
877500 69
878000 69
878500 69
879000 69
879500 69
880000 69
880500 69
881000 69
881500 69
882000 69
882500 69
883000 69
883500 68
884000 68
884500 68
885000 68
885500 68
886000 69
886500 68
887000 68
887500 68
888000 68
888500 68
889000 68
889500 68
890000 68
890500 68
891000 68
891500 68
892000 68
892500 68
893000 68
893500 68
894000 68
894500 68
895000 68
895500 68
896000 68
896500 68
897000 68
897500 68
898000 68
898500 68
899000 68
899500 68
900000 68
900500 68
901000 68
901500 68
902000 68
902500 68
903000 68
903500 68
904000 68
904500 68
905000 68
905500 68
906000 68
906500 68
907000 68
907500 68
908000 68
908500 68
909000 68
909500 68
910000 68
910500 68
911000 68
911500 68
912000 68
912500 68
913000 68
913500 68
914000 68
914500 68
915000 68
915500 68
916000 68
916500 68
917000 68
917500 68
918000 68
918500 68
919000 68
919500 68
920000 68
920500 68
921000 68
921500 68
922000 68
922500 68
923000 68
923500 68
924000 68
924500 68
925000 68
925500 68
926000 68
926500 68
927000 68
927500 68
928000 68
928500 68
929000 68
929500 68
930000 68
930500 68
931000 68
931500 68
932000 68
932500 68
933000 68
933500 68
934000 68
934500 68
935000 68
935500 68
936000 68
936500 68
937000 68
937500 68
938000 68
938500 68
939000 68
939500 68
940000 68
940500 68
941000 68
941500 68
942000 68
942500 68
943000 68
943500 68
944000 68
944500 68
945000 68
945500 68
946000 68
946500 68
947000 68
947500 68
948000 68
948500 68
949000 68
949500 68
950000 68
950500 68
951000 68
951500 68
952000 68
952500 68
953000 68
953500 68
954000 68
954500 68
955000 68
955500 68
956000 68
956500 68
957000 68
957500 68
958000 68
958500 68
959000 68
959500 68
960000 68
960500 68
961000 68
961500 68
962000 68
962500 68
963000 68
963500 68
964000 68
964500 68
965000 68
965500 68
966000 68
966500 68
967000 68
967500 68
968000 68
968500 68
969000 68
969500 68
970000 68
970500 68
971000 68
971500 68
972000 68
972500 68
973000 68
973500 68
974000 68
974500 68
975000 68
975500 68
976000 68
976500 68
977000 68
977500 68
978000 68
978500 68
979000 68
979500 68
980000 68
980500 68
981000 68
981500 68
982000 68
982500 68
983000 68
983500 68
984000 68
984500 68
985000 68
985500 68
986000 68
986500 68
987000 68
987500 68
988000 68
988500 68
989000 68
989500 68
990000 68
990500 68
991000 68
991500 68
992000 68
992500 68
993000 68
993500 68
994000 68
994500 68
995000 68
995500 68
996000 68
996500 68
997000 68
997500 68
998000 68
998500 68
999000 68
999500 68
1000000 68
1000500 68
1001000 68
1001500 68
1002000 68
1002500 68
1003000 68
1003500 68
1004000 68
1004500 68
1005000 68
1005500 68
1006000 68
1006500 68
1007000 68
1007500 68
1008000 68
1008500 68
1009000 68
1009500 68
1010000 68
1010500 68
1011000 68
1011500 68
1012000 68
1012500 68
1013000 68
1013500 68
1014000 68
1014500 68
1015000 68
1015500 68
1016000 68
1016500 68
1017000 68
1017500 68
1018000 68
1018500 68
1019000 68
1019500 68
1020000 68
1020500 68
1021000 68
1021500 68
1022000 68
1022500 68
1023000 68
1023500 68
1024000 68
1024500 68
1025000 68
1025500 68
1026000 68
1026500 68
1027000 68
1027500 68
1028000 68
1028500 68
1029000 68
1029500 68
1030000 68
1030500 68
1031000 68
1031500 68
1032000 68
1032500 68
1033000 68
1033500 68
1034000 68
1034500 68
1035000 68
1035500 68
1036000 68
1036500 68
1037000 68
1037500 68
1038000 68
1038500 68
1039000 68
1039500 68
1040000 68
1040500 68
1041000 68
1041500 68
1042000 68
1042500 68
1043000 68
1043500 68
1044000 68
1044500 68
1045000 68
1045500 68
1046000 68
1046500 68
1047000 68
1047500 68
1048000 68
1048500 68
1049000 68
1049500 68
1050000 68
1050500 68
1051000 68
1051500 68
1052000 68
1052500 68
1053000 68
1053500 68
1054000 68
1054500 68
1055000 68
1055500 68
1056000 68
1056500 68
1057000 68
1057500 68
1058000 68
1058500 68
1059000 68
1059500 68
1060000 68
1060500 68
1061000 68
1061500 68
1062000 68
1062500 68
1063000 68
1063500 68
1064000 68
1064500 68
1065000 68
1065500 68
1066000 68
1066500 68
1067000 68
1067500 68
1068000 68
1068500 68
1069000 68
1069500 68
1070000 68
1070500 68
1071000 68
1071500 68
1072000 68
1072500 68
1073000 68
1073500 68
1074000 68
1074500 68
1075000 68
1075500 68
1076000 68
1076500 68
1077000 68
1077500 68
1078000 68
1078500 68
1079000 68
1079500 68
1080000 68
1080500 68
1081000 68
1081500 68
1082000 68
1082500 68
1083000 68
1083500 68
1084000 68
1084500 68
1085000 68
1085500 68
1086000 68
1086500 68
1087000 68
1087500 68
1088000 68
1088500 68
1089000 68
1089500 68
1090000 68
1090500 68
1091000 68
1091500 68
1092000 68
1092500 68
1093000 68
1093500 68
1094000 68
1094500 68
1095000 68
1095500 68
1096000 68
1096500 68
1097000 68
1097500 68
1098000 68
1098500 68
1099000 68
1099500 68
1100000 68
1100500 68
1101000 68
1101500 68
1102000 68
1102500 68
1103000 68
1103500 68
1104000 68
1104500 68
1105000 68
1105500 68
1106000 68
1106500 68
1107000 68
1107500 68
1108000 68
1108500 68
1109000 68
1109500 68
1110000 68
1110500 68
1111000 68
1111500 68
1112000 68
1112500 68
1113000 68
1113500 68
1114000 68
1114500 68
1115000 68
1115500 68
1116000 68
1116500 68
1117000 68
1117500 68
1118000 68
1118500 68
1119000 68
1119500 68
1120000 68
1120500 68
1121000 68
1121500 68
1122000 68
1122500 68
1123000 68
1123500 68
1124000 68
1124500 68
1125000 68
1125500 68
1126000 68
1126500 68
1127000 68
1127500 68
1128000 68
1128500 68
1129000 68
1129500 68
1130000 68
1130500 68
1131000 68
1131500 68
1132000 68
1132500 68
1133000 68
1133500 68
1134000 68
1134500 68
1135000 68
1135500 68
1136000 68
1136500 68
1137000 68
1137500 68
1138000 68
1138500 68
1139000 68
1139500 68
1140000 68
1140500 68
1141000 68
1141500 68
1142000 68
1142500 68
1143000 68
1143500 68
1144000 68
1144500 68
1145000 68
1145500 68
1146000 68
1146500 68
1147000 68
1147500 68
1148000 68
1148500 68
1149000 68
1149500 68
1150000 68
1150500 68
1151000 68
1151500 68
1152000 68
1152500 68
1153000 68
1153500 68
1154000 68
1154500 68
1155000 68
1155500 68
1156000 68
1156500 68
1157000 68
1157500 68
1158000 68
1158500 68
1159000 68
1159500 68
1160000 68
1160500 68
1161000 68
1161500 68
1162000 68
1162500 68
1163000 68
1163500 68
1164000 68
1164500 68
1165000 68
1165500 68
1166000 68
1166500 68
1167000 68
1167500 68
1168000 68
1168500 68
1169000 68
1169500 68
1170000 68
1170500 68
1171000 68
1171500 68
1172000 68
1172500 68
1173000 68
1173500 68
1174000 68
1174500 68
1175000 68
1175500 68
1176000 68
1176500 68
1177000 68
1177500 68
1178000 68
1178500 68
1179000 68
1179500 68
1180000 68
1180500 68
1181000 68
1181500 68
1182000 68
1182500 68
1183000 68
1183500 68
1184000 68
1184500 68
1185000 68
1185500 68
1186000 68
1186500 68
1187000 68
1187500 68
1188000 68
1188500 68
1189000 68
1189500 68
1190000 68
1190500 68
1191000 68
1191500 68
1192000 68
1192500 68
1193000 68
1193500 68
1194000 68
1194500 68
1195000 68
1195500 68
1196000 68
1196500 68
1197000 68
1197500 68
1198000 68
1198500 68
1199000 68
1199500 68
1200000 68
1200500 68
1201000 68
1201500 68
1202000 68
1202500 68
1203000 68
1203500 68
1204000 68
1204500 68
1205000 68
1205500 68
1206000 68
1206500 68
1207000 68
1207500 68
1208000 68
1208500 68
1209000 68
1209500 68
1210000 68
1210500 68
1211000 68
1211500 68
1212000 68
1212500 68
1213000 68
1213500 68
1214000 68
1214500 68
1215000 68
1215500 68
1216000 68
1216500 68
1217000 68
1217500 68
1218000 68
1218500 68
1219000 68
1219500 68
1220000 68
1220500 68
1221000 68
1221500 68
1222000 68
1222500 68
1223000 68
1223500 68
1224000 68
1224500 68
1225000 68
1225500 68
1226000 68
1226500 68
1227000 68
1227500 68
1228000 68
1228500 68
1229000 68
1229500 68
1230000 68
1230500 68
1231000 68
1231500 68
1232000 68
1232500 68
1233000 68
1233500 68
1234000 68
1234500 68
1235000 68
1235500 68
1236000 68
1236500 68
1237000 68
1237500 68
1238000 68
1238500 68
1239000 68
1239500 68
1240000 68
1240500 68
1241000 68
1241500 68
1242000 68
1242500 68
1243000 68
1243500 68
1244000 68
1244500 68
1245000 68
1245500 68
1246000 68
1246500 68
1247000 68
1247500 68
1248000 68
1248500 68
1249000 68
1249500 68
1250000 68
1250500 68
1251000 68
1251500 68
1252000 68
1252500 68
1253000 68
1253500 68
1254000 68
1254500 68
1255000 68
1255500 68
1256000 68
1256500 68
1257000 68
1257500 68
1258000 68
1258500 68
1259000 68
1259500 68
1260000 68
1260500 68
1261000 68
1261500 68
1262000 68
1262500 68
1263000 68
1263500 68
1264000 68
1264500 68
1265000 68
1265500 68
1266000 68
1266500 68
1267000 68
1267500 68
1268000 68
1268500 68
1269000 68
1269500 68
1270000 68
1270500 68
1271000 68
1271500 68
1272000 68
1272500 68
1273000 68
1273500 68
1274000 68
1274500 68
1275000 68
1275500 68
1276000 68
1276500 68
1277000 68
1277500 68
1278000 68
1278500 68
1279000 68
1279500 68
1280000 68
1280500 68
1281000 68
1281500 68
1282000 68
1282500 68
1283000 68
1283500 68
1284000 68
1284500 68
1285000 68
1285500 68
1286000 68
1286500 68
1287000 68
1287500 68
1288000 68
1288500 68
1289000 68
1289500 68
1290000 68
1290500 68
1291000 68
1291500 68
1292000 68
1292500 68
1293000 68
1293500 68
1294000 68
1294500 68
1295000 68
1295500 68
1296000 68
1296500 68
1297000 68
1297500 68
1298000 68
1298500 68
1299000 68
1299500 68
1300000 68
1300500 68
1301000 68
1301500 68
1302000 68
1302500 68
1303000 68
1303500 68
1304000 68
1304500 68
1305000 68
1305500 68
1306000 68
1306500 68
1307000 68
1307500 68
1308000 68
1308500 68
1309000 68
1309500 68
1310000 68
1310500 68
1311000 68
1311500 68
1312000 68
1312500 68
1313000 68
1313500 68
1314000 68
1314500 68
1315000 68
1315500 68
1316000 68
1316500 68
1317000 68
1317500 68
1318000 68
1318500 68
1319000 68
1319500 68
1320000 68
1320500 68
1321000 68
1321500 68
1322000 68
1322500 68
1323000 68
1323500 68
1324000 68
1324500 68
1325000 68
1325500 68
1326000 68
1326500 68
1327000 68
1327500 68
1328000 68
1328500 68
1329000 68
1329500 68
1330000 68
1330500 68
1331000 68
1331500 68
1332000 68
1332500 68
1333000 68
1333500 68
1334000 68
1334500 68
1335000 68
1335500 68
1336000 68
1336500 68
1337000 68
1337500 68
1338000 68
1338500 68
1339000 68
1339500 68
1340000 68
1340500 68
1341000 68
1341500 68
1342000 68
1342500 68
1343000 68
1343500 68
1344000 68
1344500 68
1345000 68
1345500 68
1346000 68
1346500 68
1347000 68
1347500 68
1348000 68
1348500 68
1349000 68
1349500 68
1350000 68
1350500 68
1351000 68
1351500 68
1352000 68
1352500 68
1353000 68
1353500 68
1354000 68
1354500 68
1355000 68
1355500 68
1356000 68
1356500 68
1357000 68
1357500 68
1358000 68
1358500 68
1359000 68
1359500 68
1360000 68
1360500 68
1361000 68
1361500 68
1362000 68
1362500 68
1363000 68
1363500 68
1364000 68
1364500 68
1365000 68
1365500 68
1366000 68
1366500 68
1367000 68
1367500 68
1368000 68
1368500 68
1369000 68
1369500 68
1370000 68
1370500 68
1371000 68
1371500 68
1372000 68
1372500 68
1373000 68
1373500 68
1374000 68
1374500 68
1375000 68
1375500 68
1376000 68
1376500 68
1377000 68
1377500 68
1378000 68
1378500 68
1379000 68
1379500 68
1380000 68
1380500 68
1381000 68
1381500 68
1382000 68
1382500 68
1383000 68
1383500 68
1384000 68
1384500 68
1385000 68
1385500 68
1386000 68
1386500 68
1387000 68
1387500 68
1388000 68
1388500 68
1389000 68
1389500 68
1390000 68
1390500 68
1391000 68
1391500 68
1392000 68
1392500 68
1393000 68
1393500 68
1394000 68
1394500 68
1395000 68
1395500 68
1396000 68
1396500 68
1397000 68
1397500 68
1398000 68
1398500 68
1399000 68
1399500 68
1400000 68
1400500 68
1401000 68
1401500 68
1402000 68
1402500 68
1403000 68
1403500 68
1404000 68
1404500 68
1405000 68
1405500 68
1406000 68
1406500 68
1407000 68
1407500 68
1408000 68
1408500 68
1409000 68
1409500 68
1410000 68
1410500 68
1411000 68
1411500 68
1412000 68
1412500 68
1413000 68
1413500 68
1414000 68
1414500 68
1415000 68
1415500 68
1416000 68
1416500 68
1417000 68
1417500 68
1418000 68
1418500 68
1419000 68
1419500 68
1420000 68
1420500 68
1421000 68
1421500 68
1422000 68
1422500 68
1423000 68
1423500 68
1424000 68
1424500 68
1425000 68
1425500 68
1426000 68
1426500 68
1427000 68
1427500 68
1428000 68
1428500 68
1429000 68
1429500 68
1430000 68
1430500 68
1431000 68
1431500 68
1432000 68
1432500 68
1433000 68
1433500 68
1434000 68
1434500 68
1435000 68
1435500 68
1436000 68
1436500 68
1437000 68
1437500 68
1438000 68
1438500 68
1439000 68
1439500 68
1440000 68
1440500 68
1441000 68
1441500 68
1442000 68
1442500 68
1443000 68
1443500 68
1444000 68
1444500 68
1445000 68
1445500 68
1446000 68
1446500 68
1447000 68
1447500 68
1448000 68
1448500 68
1449000 68
1449500 68
1450000 68
1450500 68
1451000 68
1451500 68
1452000 68
1452500 68
1453000 68
1453500 68
1454000 68
1454500 68
1455000 68
1455500 68
1456000 68
1456500 68
1457000 68
1457500 68
1458000 68
1458500 68
1459000 68
1459500 68
1460000 68
1460500 68
1461000 68
1461500 68
1462000 68
1462500 68
1463000 68
1463500 68
1464000 68
1464500 68
1465000 68
1465500 68
1466000 68
1466500 68
1467000 68
1467500 68
1468000 68
1468500 68
1469000 68
1469500 68
1470000 68
1470500 68
1471000 68
1471500 68
1472000 68
1472500 68
1473000 68
1473500 68
1474000 68
1474500 68
1475000 68
1475500 68
1476000 68
1476500 68
1477000 68
1477500 68
1478000 68
1478500 68
1479000 68
1479500 68
1480000 68
1480500 68
1481000 68
1481500 68
1482000 68
1482500 68
1483000 68
1483500 68
1484000 68
1484500 68
1485000 68
1485500 68
1486000 68
1486500 68
1487000 68
1487500 68
1488000 68
1488500 68
1489000 68
1489500 68
1490000 68
1490500 68
1491000 68
1491500 68
1492000 68
1492500 68
1493000 68
1493500 68
1494000 68
1494500 68
1495000 68
1495500 68
1496000 68
1496500 68
1497000 68
1497500 68
1498000 68
1498500 68
1499000 68
1499500 68
1500000 68
1500500 68
1501000 68
1501500 68
1502000 68
1502500 68
1503000 68
1503500 68
1504000 68
1504500 68
1505000 68
1505500 68
1506000 68
1506500 68
1507000 68
1507500 68
1508000 68
1508500 68
1509000 68
1509500 68
1510000 68
1510500 68
1511000 68
1511500 68
1512000 68
1512500 68
1513000 68
1513500 68
1514000 68
1514500 68
1515000 68
1515500 68
1516000 68
1516500 68
1517000 68
1517500 68
1518000 68
1518500 68
1519000 68
1519500 68
1520000 68
1520500 68
1521000 68
1521500 68
1522000 68
1522500 68
1523000 68
1523500 68
1524000 68
1524500 68
1525000 68
1525500 68
1526000 68
1526500 68
1527000 68
1527500 68
1528000 68
1528500 68
1529000 68
1529500 68
1530000 68
1530500 68
1531000 68
1531500 68
1532000 68
1532500 68
1533000 68
1533500 68
1534000 68
1534500 68
1535000 68
1535500 68
1536000 68
1536500 68
1537000 68
1537500 68
1538000 68
1538500 68
1539000 68
1539500 68
1540000 68
1540500 68
1541000 68
1541500 68
1542000 68
