500 130
1000 148
1500 149
2000 161
2500 135
3000 161
3500 154
4000 168
4500 140
5000 142
5500 135
6000 150
6500 164
7000 163
7500 142
8000 128
8500 139
9000 160
9500 154
10000 130
10500 157
11000 123
11500 171
12000 136
12500 155
13000 164
13500 158
14000 149
14500 144
15000 148
15500 146
16000 145
16500 144
17000 154
17500 142
18000 146
18500 138
19000 158
19500 153
20000 135
20500 142
21000 148
21500 132
22000 144
22500 143
23000 136
23500 140
24000 135
24500 140
25000 149
25500 137
26000 132
26500 141
27000 143
27500 138
28000 145
28500 147
29000 158
29500 147
30000 139
30500 151
31000 169
31500 170
32000 147
32500 141
33000 152
33500 176
34000 146
34500 143
35000 132
35500 145
36000 137
36500 150
37000 136
37500 153
38000 145
38500 161
39000 140
39500 147
40000 167
40500 145
41000 146
41500 152
42000 138
42500 158
43000 151
43500 134
44000 153
44500 147
45000 154
45500 151
46000 154
46500 137
47000 179
47500 157
48000 161
48500 148
49000 122
49500 157
50000 156
50500 143
51000 134
51500 146
52000 129
52500 137
53000 127
53500 146
54000 123
54500 151
55000 148
55500 130
56000 152
56500 156
57000 151
57500 148
58000 139
58500 138
59000 140
59500 151
60000 128
60500 144
61000 150
61500 145
62000 151
62500 138
63000 141
63500 131
64000 130
64500 158
65000 131
65500 143
66000 137
66500 140
67000 150
67500 150
68000 142
68500 139
69000 152
69500 146
70000 152
70500 140
71000 159
71500 162
72000 148
72500 155
73000 135
73500 138
74000 125
74500 153
75000 137
75500 130
76000 148
76500 129
77000 139
77500 152
78000 128
78500 148
79000 149
79500 159
80000 151
80500 133
81000 162
81500 150
82000 146
82500 156
83000 139
83500 151
84000 154
84500 129
85000 140
85500 142
86000 140
86500 119
87000 132
87500 135
88000 162
88500 163
89000 160
89500 147
90000 144
90500 132
91000 142
91500 152
92000 133
92500 138
93000 151
93500 162
94000 160
94500 159
95000 146
95500 152
96000 166
96500 136
97000 144
97500 149
98000 158
98500 142
99000 160
99500 149
100000 154
100500 123
101000 132
101500 138
102000 122
102500 113
103000 161
103500 131
104000 149
104500 146
105000 127
105500 129
106000 147
106500 129
107000 138
107500 120
108000 130
108500 157
109000 139
109500 118
110000 157
110500 147
111000 134
111500 128
112000 149
112500 121
113000 137
113500 155
114000 122
114500 140
115000 141
115500 128
116000 129
116500 140
117000 139
117500 152
118000 134
118500 121
119000 136
119500 136
120000 125
120500 132
121000 126
121500 117
122000 125
122500 132
123000 147
123500 118
124000 135
124500 143
125000 135
125500 130
126000 143
126500 139
127000 126
127500 137
128000 134
128500 139
129000 107
129500 124
130000 158
130500 140
131000 162
131500 150
132000 133
132500 135
133000 145
133500 121
134000 142
134500 129
135000 138
135500 148
136000 135
136500 132
137000 138
137500 156
138000 129
138500 124
139000 137
139500 147
140000 132
140500 142
141000 141
141500 135
142000 144
142500 152
143000 131
143500 146
144000 147
144500 139
145000 157
145500 129
146000 135
146500 149
147000 127
147500 137
148000 127
148500 105
149000 152
149500 159
150000 150
150500 139
151000 124
151500 124
152000 114
152500 128
153000 122
153500 121
154000 114
154500 135
155000 132
155500 137
156000 122
156500 124
157000 122
157500 154
158000 144
158500 142
159000 105
159500 123
160000 120
160500 125
161000 148
161500 128
162000 116
162500 125
163000 141
163500 111
164000 125
164500 134
165000 126
165500 126
166000 135
166500 120
167000 134
167500 141
168000 111
168500 132
169000 124
169500 113
170000 143
170500 135
171000 136
171500 116
172000 136
172500 134
173000 109
173500 114
174000 123
174500 125
175000 125
175500 134
176000 136
176500 134
177000 120
177500 133
178000 116
178500 119
179000 138
179500 131
180000 112
180500 129
181000 142
181500 117
182000 121
182500 121
183000 129
183500 134
184000 127
184500 135
185000 126
185500 141
186000 152
186500 153
187000 137
187500 132
188000 137
188500 129
189000 122
189500 130
190000 116
190500 136
191000 135
191500 128
192000 130
192500 123
193000 128
193500 157
194000 114
194500 141
195000 127
195500 132
196000 146
196500 130
197000 126
197500 150
198000 128
198500 136
199000 134
199500 128
200000 131
200500 117
201000 112
201500 121
202000 103
202500 113
203000 100
203500 127
204000 121
204500 110
205000 111
205500 122
206000 112
206500 119
207000 119
207500 114
208000 124
208500 111
209000 113
209500 137
210000 127
210500 121
211000 140
211500 115
212000 147
212500 107
213000 111
213500 148
214000 98
214500 148
215000 111
215500 112
216000 109
216500 104
217000 110
217500 102
218000 125
218500 120
219000 101
219500 110
220000 114
220500 127
221000 89
221500 110
222000 109
222500 104
223000 116
223500 112
224000 118
224500 126
225000 124
225500 116
226000 127
226500 123
227000 130
227500 119
228000 124
228500 132
229000 126
229500 97
230000 128
230500 106
231000 110
231500 129
232000 112
232500 114
233000 136
233500 119
234000 107
234500 104
235000 135
235500 120
236000 107
236500 109
237000 112
237500 114
238000 121
238500 120
239000 118
239500 129
240000 118
240500 131
241000 149
241500 111
242000 115
242500 119
243000 106
243500 113
244000 108
244500 132
245000 123
245500 106
246000 144
246500 159
247000 117
247500 107
248000 126
248500 103
249000 113
249500 109
250000 121
250500 91
251000 90
251500 117
252000 97
252500 108
253000 99
253500 107
254000 88
254500 89
255000 92
255500 88
256000 93
256500 99
257000 98
257500 85
258000 102
258500 95
259000 100
259500 109
260000 132
260500 101
261000 87
261500 113
262000 90
262500 103
263000 116
263500 89
264000 90
264500 90
265000 107
265500 96
266000 92
266500 86
267000 87
267500 117
268000 111
268500 95
269000 93
269500 84
270000 122
270500 94
271000 91
271500 92
272000 124
272500 94
273000 95
273500 90
274000 86
274500 101
275000 132
275500 118
276000 109
276500 86
277000 96
277500 93
278000 100
278500 106
279000 83
279500 84
280000 122
280500 103
281000 111
281500 108
282000 79
282500 95
283000 91
283500 111
284000 93
284500 123
285000 80
285500 98
286000 90
286500 97
287000 120
287500 97
288000 97
288500 105
289000 83
289500 86
290000 106
290500 96
291000 96
291500 87
292000 89
292500 82
293000 90
293500 92
294000 103
294500 96
295000 87
295500 89
296000 78
296500 98
297000 118
297500 92
298000 84
298500 105
299000 93
299500 100
300000 88
300500 73
301000 73
301500 114
302000 91
302500 85
303000 101
303500 76
304000 73
304500 78
305000 70
305500 70
306000 74
306500 78
307000 78
307500 69
308000 73
308500 69
309000 69
309500 76
310000 96
310500 104
311000 81
311500 77
312000 78
312500 73
313000 73
313500 69
314000 69
314500 79
315000 69
315500 71
316000 71
316500 69
317000 67
317500 71
318000 67
318500 67
319000 69
319500 68
320000 67
320500 72
321000 81
321500 79
322000 79
322500 76
323000 73
323500 73
324000 69
324500 71
325000 72
325500 70
326000 68
326500 74
327000 70
327500 80
328000 83
328500 76
329000 73
329500 75
330000 72
330500 74
331000 71
331500 72
332000 71
332500 71
333000 71
333500 77
334000 77
334500 75
335000 80
335500 107
336000 84
336500 76
337000 74
337500 90
338000 75
338500 81
339000 75
339500 86
340000 152
340500 75
341000 78
341500 74
342000 101
342500 87
343000 81
343500 77
344000 74
344500 72
345000 72
345500 73
346000 82
346500 79
347000 80
347500 89
348000 122
348500 82
349000 69
349500 97
350000 78
350500 71
351000 120
351500 76
352000 73
352500 70
353000 72
353500 70
354000 71
354500 70
355000 70
355500 70
356000 70
356500 70
357000 70
357500 73
358000 69
358500 69
359000 72
359500 68
360000 68
360500 68
361000 68
361500 68
362000 68
362500 68
363000 68
363500 68
364000 69
364500 70
365000 68
365500 68
366000 68
366500 68
367000 69
367500 69
368000 69
368500 69
369000 69
369500 69
370000 68
370500 68
371000 68
371500 68
372000 68
372500 69
373000 69
373500 69
374000 69
374500 68
375000 68
375500 68
376000 68
376500 68
377000 69
377500 70
378000 68
378500 68
379000 70
379500 70
380000 68
380500 68
381000 69
381500 69
382000 70
382500 69
383000 70
383500 68
384000 68
384500 69
385000 68
385500 68
386000 68
386500 68
387000 68
387500 68
388000 69
388500 69
389000 69
389500 69
390000 68
390500 68
391000 68
391500 69
392000 69
392500 68
393000 68
393500 68
394000 68
394500 68
395000 68
395500 68
396000 68
396500 69
397000 68
397500 69
398000 68
398500 68
399000 68
399500 70
400000 69
400500 69
401000 69
401500 69
402000 68
402500 68
403000 68
403500 68
404000 68
404500 68
405000 68
405500 68
406000 68
406500 68
407000 68
407500 68
408000 68
408500 68
409000 68
409500 68
410000 68
410500 68
411000 68
411500 68
412000 68
412500 68
413000 68
413500 68
414000 68
414500 68
415000 68
415500 68
416000 68
416500 68
417000 68
417500 68
418000 68
418500 68
419000 68
419500 68
420000 68
420500 68
421000 68
421500 68
422000 68
422500 68
423000 68
423500 68
424000 68
424500 68
425000 68
425500 68
426000 68
426500 68
427000 68
427500 68
428000 68
428500 68
429000 68
429500 68
430000 68
430500 68
431000 68
431500 68
432000 68
432500 68
433000 68
433500 68
434000 68
434500 69
435000 68
435500 68
436000 68
436500 68
437000 68
437500 68
438000 68
438500 68
439000 68
439500 68
440000 68
440500 68
441000 68
441500 68
442000 68
442500 68
443000 68
443500 68
444000 68
444500 68
445000 68
445500 68
446000 68
446500 68
447000 68
447500 68
448000 68
448500 68
449000 68
449500 68
450000 68
450500 68
451000 68
451500 68
452000 68
452500 68
453000 68
453500 68
454000 68
454500 68
455000 68
455500 68
456000 68
456500 68
457000 68
457500 68
458000 68
458500 68
459000 68
459500 68
460000 68
460500 68
461000 68
461500 68
462000 68
462500 68
463000 68
463500 68
464000 68
464500 68
465000 68
465500 68
466000 68
466500 68
467000 68
467500 68
468000 68
468500 68
469000 68
469500 68
470000 68
470500 68
471000 68
471500 68
472000 68
472500 68
473000 68
473500 68
474000 68
474500 68
475000 68
475500 68
476000 68
476500 68
477000 68
477500 68
478000 68
478500 68
479000 68
479500 68
480000 68
480500 68
481000 68
481500 68
482000 68
482500 68
483000 68
483500 68
484000 68
484500 68
485000 68
485500 68
486000 68
486500 68
487000 68
487500 68
488000 68
488500 68
489000 68
489500 68
490000 68
490500 68
491000 68
491500 68
492000 68
492500 68
493000 68
493500 68
494000 68
494500 68
495000 68
495500 68
496000 68
496500 68
497000 68
497500 68
498000 68
498500 68
499000 68
499500 68
500000 68
500500 68
501000 68
501500 68
502000 68
502500 68
503000 68
503500 68
504000 68
504500 68
505000 68
505500 68
506000 68
506500 68
507000 68
507500 68
508000 68
508500 68
509000 68
509500 68
510000 68
510500 68
511000 68
511500 68
512000 68
512500 68
513000 68
513500 68
514000 68
514500 68
515000 68
515500 68
516000 68
516500 68
517000 68
517500 68
518000 68
518500 68
519000 68
519500 68
520000 68
520500 68
521000 68
521500 68
522000 68
522500 68
523000 68
523500 68
524000 68
524500 68
525000 68
525500 68
526000 68
526500 68
527000 68
527500 68
528000 68
528500 68
529000 68
529500 68
530000 68
530500 68
531000 68
531500 68
532000 68
532500 68
533000 68
533500 68
534000 68
534500 68
535000 68
535500 68
536000 68
536500 68
537000 68
537500 68
538000 68
538500 68
539000 68
539500 68
540000 68
540500 68
541000 68
541500 68
542000 68
542500 68
543000 68
543500 68
544000 68
544500 68
545000 68
545500 68
546000 68
546500 68
547000 68
547500 68
548000 68
548500 68
549000 68
549500 68
550000 68
550500 68
551000 68
551500 68
552000 68
552500 68
553000 68
553500 68
554000 68
554500 68
555000 68
555500 68
556000 68
556500 68
557000 68
557500 68
558000 68
558500 68
559000 68
559500 68
560000 68
560500 68
561000 68
561500 68
562000 68
562500 68
563000 68
563500 68
564000 68
564500 68
565000 68
565500 68
566000 68
566500 68
567000 68
567500 68
568000 68
568500 68
569000 68
569500 68
570000 68
570500 68
571000 68
571500 68
572000 68
572500 68
573000 68
573500 68
574000 68
574500 68
575000 68
575500 68
576000 68
576500 68
577000 68
577500 68
578000 68
578500 68
579000 68
579500 68
580000 68
580500 68
581000 68
581500 68
582000 68
582500 68
583000 68
583500 68
584000 68
584500 68
585000 68
585500 68
586000 68
586500 68
587000 68
587500 68
588000 68
588500 68
589000 68
589500 68
590000 68
590500 68
591000 68
591500 68
592000 68
592500 68
593000 68
593500 68
594000 68
594500 68
595000 68
595500 68
596000 68
596500 68
597000 68
597500 68
598000 68
598500 68
599000 68
599500 68
600000 68
600500 68
601000 68
601500 68
602000 68
602500 68
603000 68
603500 68
604000 68
604500 68
605000 68
605500 68
606000 68
606500 68
607000 68
607500 68
608000 68
608500 68
609000 68
609500 68
610000 68
610500 68
611000 68
611500 68
612000 68
612500 68
613000 68
613500 68
614000 68
614500 68
615000 68
615500 68
616000 68
616500 68
617000 68
617500 68
618000 68
618500 68
619000 68
619500 68
620000 68
620500 68
621000 68
621500 68
622000 68
622500 68
623000 68
623500 68
624000 68
624500 68
625000 68
625500 68
626000 68
626500 68
627000 68
627500 68
628000 68
628500 68
629000 68
629500 68
630000 68
630500 68
631000 68
631500 68
632000 68
632500 68
633000 68
633500 68
634000 68
634500 68
635000 68
635500 68
636000 68
636500 68
637000 68
637500 68
638000 68
638500 68
639000 68
639500 68
640000 68
640500 68
641000 68
641500 68
642000 68
642500 68
643000 68
643500 68
644000 68
644500 68
645000 68
645500 68
646000 68
646500 68
647000 68
647500 68
648000 68
648500 68
649000 68
649500 68
650000 68
650500 68
651000 68
651500 68
652000 68
652500 68
653000 68
653500 68
654000 68
654500 68
655000 68
655500 68
656000 68
656500 68
657000 68
657500 68
658000 68
658500 68
659000 68
659500 68
660000 68
660500 68
661000 68
661500 68
662000 68
662500 68
663000 68
663500 68
664000 68
664500 68
665000 68
665500 68
666000 68
666500 68
667000 68
667500 68
668000 68
668500 68
669000 68
669500 68
670000 68
670500 68
671000 68
671500 68
672000 68
672500 68
673000 68
673500 68
674000 68
674500 68
675000 68
675500 68
676000 68
676500 68
677000 68
677500 68
678000 68
678500 68
679000 68
679500 68
680000 68
680500 68
681000 68
681500 68
682000 68
682500 68
683000 68
683500 68
684000 68
684500 68
685000 68
685500 68
686000 68
686500 68
687000 68
687500 68
688000 68
688500 68
689000 68
689500 68
690000 68
690500 68
691000 68
691500 68
692000 68
692500 68
693000 68
693500 68
694000 68
694500 68
695000 68
695500 68
696000 68
696500 68
697000 68
697500 68
698000 68
698500 68
699000 68
699500 68
700000 68
