500 147
1000 135
1500 141
2000 124
2500 159
3000 144
3500 166
4000 151
4500 132
5000 146
5500 161
6000 138
6500 142
7000 152
7500 150
8000 146
8500 136
9000 139
9500 161
10000 141
10500 147
11000 152
11500 149
12000 144
12500 163
13000 136
13500 134
14000 143
14500 157
15000 142
15500 134
16000 148
16500 142
17000 125
17500 144
18000 142
18500 149
19000 140
19500 170
20000 154
20500 151
21000 151
21500 143
22000 170
22500 164
23000 150
23500 133
24000 138
24500 159
25000 133
25500 154
26000 142
26500 162
27000 137
27500 146
28000 160
28500 147
29000 132
29500 134
30000 158
30500 150
31000 167
31500 144
32000 142
32500 123
33000 128
33500 135
34000 128
34500 145
35000 125
35500 155
36000 168
36500 132
37000 147
37500 140
38000 159
38500 148
39000 155
39500 165
40000 150
40500 150
41000 168
41500 159
42000 154
42500 153
43000 136
43500 153
44000 141
44500 132
45000 139
45500 141
46000 123
46500 137
47000 144
47500 142
48000 156
48500 144
49000 116
49500 147
50000 145
50500 150
51000 147
51500 156
52000 125
52500 164
53000 150
53500 138
54000 160
54500 157
55000 130
55500 164
56000 143
56500 150
57000 150
57500 160
58000 133
58500 164
59000 113
59500 134
60000 134
60500 149
61000 126
61500 125
62000 152
62500 131
63000 131
63500 142
64000 145
64500 146
65000 142
65500 144
66000 152
66500 135
67000 150
67500 122
68000 148
68500 161
69000 141
69500 132
70000 107
70500 167
71000 141
71500 142
72000 131
72500 156
73000 151
73500 151
74000 146
74500 141
75000 155
75500 120
76000 145
76500 155
77000 143
77500 130
78000 137
78500 136
79000 144
79500 146
80000 134
80500 138
81000 155
81500 145
82000 141
82500 142
83000 132
83500 135
84000 151
84500 125
85000 139
85500 154
86000 157
86500 160
87000 135
87500 142
88000 128
88500 149
89000 142
89500 135
90000 136
90500 147
91000 149
91500 151
92000 147
92500 171
93000 145
93500 158
94000 155
94500 155
95000 137
95500 139
96000 152
96500 138
97000 139
97500 143
98000 131
98500 142
99000 164
99500 144
100000 119
100500 140
101000 142
101500 128
102000 142
102500 141
103000 131
103500 124
104000 140
104500 122
105000 138
105500 129
106000 137
106500 145
107000 142
107500 140
108000 145
108500 130
109000 134
109500 152
110000 132
110500 151
111000 142
111500 138
112000 152
112500 148
113000 151
113500 132
114000 134
114500 148
115000 124
115500 158
116000 134
116500 135
117000 129
117500 157
118000 128
118500 136
119000 136
119500 149
120000 151
120500 136
121000 113
121500 120
122000 117
122500 140
123000 145
123500 141
124000 142
124500 131
125000 141
125500 149
126000 134
126500 136
127000 130
127500 141
128000 135
128500 148
129000 139
129500 139
130000 123
130500 121
131000 124
131500 119
132000 127
132500 159
133000 141
133500 149
134000 129
134500 146
135000 137
135500 136
136000 142
136500 147
137000 140
137500 139
138000 131
138500 142
139000 154
139500 146
140000 150
140500 140
141000 138
141500 134
142000 135
142500 155
143000 134
143500 137
144000 133
144500 127
145000 110
145500 149
146000 149
146500 146
147000 132
147500 130
148000 144
148500 142
149000 110
149500 123
150000 120
150500 133
151000 129
151500 137
152000 133
152500 129
153000 135
153500 140
154000 122
154500 110
155000 121
155500 115
156000 129
156500 117
157000 136
157500 127
158000 116
158500 121
159000 121
159500 164
160000 139
160500 116
161000 139
161500 121
162000 117
162500 137
163000 116
163500 132
164000 149
164500 129
165000 161
165500 131
166000 141
166500 126
167000 137
167500 124
168000 117
168500 120
169000 146
169500 126
170000 130
170500 131
171000 125
171500 157
172000 128
172500 127
173000 111
173500 124
174000 149
174500 98
175000 141
175500 138
176000 142
176500 120
177000 117
177500 131
178000 116
178500 123
179000 134
179500 117
180000 129
180500 131
181000 103
181500 107
182000 121
182500 134
183000 124
183500 113
184000 117
184500 140
185000 131
185500 133
186000 114
186500 130
187000 123
187500 147
188000 130
188500 116
189000 125
189500 139
190000 123
190500 139
191000 118
191500 110
192000 119
192500 129
193000 142
193500 132
194000 124
194500 114
195000 128
195500 138
196000 115
196500 118
197000 123
197500 118
198000 135
198500 109
199000 114
199500 136
200000 111
200500 133
201000 117
201500 117
202000 112
202500 109
203000 134
203500 108
204000 123
204500 120
205000 106
205500 127
206000 110
206500 122
207000 123
207500 108
208000 126
208500 118
209000 127
209500 124
210000 115
210500 128
211000 112
211500 112
212000 124
212500 115
213000 124
213500 117
214000 106
214500 102
215000 128
215500 104
216000 119
216500 127
217000 111
217500 115
218000 121
218500 130
219000 106
219500 109
220000 105
220500 108
221000 117
221500 131
222000 102
222500 118
223000 109
223500 115
224000 118
224500 113
225000 115
225500 131
226000 101
226500 101
227000 102
227500 104
228000 94
228500 104
229000 106
229500 108
230000 98
230500 93
231000 96
231500 118
232000 117
232500 112
233000 114
233500 96
234000 122
234500 117
235000 100
235500 128
236000 120
236500 125
237000 106
237500 125
238000 100
238500 120
239000 118
239500 101
240000 96
240500 106
241000 113
241500 109
242000 98
242500 102
243000 107
243500 114
244000 98
244500 103
245000 97
245500 117
246000 94
246500 121
247000 104
247500 116
248000 111
248500 124
249000 112
249500 116
250000 114
250500 86
251000 82
251500 91
252000 108
252500 102
253000 93
253500 86
254000 94
254500 88
255000 95
255500 91
256000 97
256500 109
257000 107
257500 158
258000 95
258500 85
259000 84
259500 82
260000 87
260500 100
261000 83
261500 103
262000 82
262500 73
263000 88
263500 100
264000 80
264500 132
265000 127
265500 95
266000 87
266500 99
267000 138
267500 88
268000 102
268500 91
269000 94
269500 85
270000 89
270500 113
271000 132
271500 129
272000 120
272500 89
273000 88
273500 97
274000 106
274500 131
275000 85
275500 80
276000 83
276500 87
277000 86
277500 115
278000 149
278500 87
279000 120
279500 90
280000 95
280500 80
281000 81
281500 78
282000 81
282500 100
283000 104
283500 85
284000 93
284500 82
285000 77
285500 77
286000 86
286500 101
287000 87
287500 83
288000 78
288500 79
289000 90
289500 80
290000 107
290500 133
291000 76
291500 98
292000 88
292500 100
293000 91
293500 82
294000 82
294500 86
295000 115
295500 102
296000 86
296500 78
297000 96
297500 79
298000 93
298500 89
299000 98
299500 84
300000 86
300500 72
301000 71
301500 73
302000 72
302500 75
303000 77
303500 74
304000 74
304500 73
305000 83
305500 131
306000 83
306500 81
307000 77
307500 85
308000 82
308500 72
309000 71
309500 73
310000 111
310500 105
311000 86
311500 77
312000 74
312500 82
313000 123
313500 77
314000 72
314500 71
315000 71
315500 74
316000 83
316500 72
317000 74
317500 69
318000 69
318500 70
319000 72
319500 80
320000 74
320500 71
321000 73
321500 73
322000 77
322500 73
323000 85
323500 82
324000 83
324500 102
325000 80
325500 93
326000 114
326500 101
327000 77
327500 75
328000 74
328500 73
329000 68
329500 68
330000 68
330500 70
331000 67
331500 67
332000 67
332500 68
333000 68
333500 77
334000 74
334500 76
335000 75
335500 73
336000 66
336500 65
337000 70
337500 66
338000 66
338500 86
339000 79
339500 99
340000 101
340500 77
341000 109
341500 127
342000 85
342500 86
343000 72
343500 110
344000 78
344500 73
345000 73
345500 73
346000 72
346500 71
347000 70
347500 72
348000 118
348500 129
349000 80
349500 91
350000 78
350500 73
351000 70
351500 70
352000 70
352500 71
353000 71
353500 71
354000 70
354500 70
355000 71
355500 71
356000 73
356500 71
357000 72
357500 72
358000 70
358500 70
359000 70
359500 70
360000 70
360500 89
361000 76
361500 70
362000 71
362500 69
363000 69
363500 69
364000 69
364500 69
365000 69
365500 70
366000 69
366500 69
367000 69
367500 69
368000 69
368500 69
369000 69
369500 69
370000 69
370500 70
371000 70
371500 69
372000 69
372500 69
373000 69
373500 69
374000 69
374500 69
375000 69
375500 69
376000 69
376500 69
377000 69
377500 69
378000 69
378500 69
379000 69
379500 69
380000 69
380500 69
381000 69
381500 69
382000 69
382500 69
383000 69
383500 69
384000 70
384500 70
385000 70
385500 69
386000 69
386500 69
387000 69
387500 69
388000 67
388500 68
389000 67
389500 67
390000 67
390500 67
391000 67
391500 67
392000 67
392500 67
393000 67
393500 67
394000 67
394500 67
395000 67
395500 67
396000 67
396500 67
397000 67
397500 67
398000 67
398500 67
399000 67
399500 67
400000 67
400500 67
401000 67
401500 67
402000 67
402500 67
403000 67
403500 67
404000 67
404500 67
405000 67
405500 67
406000 67
406500 67
407000 67
407500 67
408000 67
408500 67
409000 67
409500 67
410000 67
410500 67
411000 67
411500 67
412000 67
412500 67
413000 67
413500 67
414000 67
414500 67
415000 67
415500 67
416000 67
416500 67
417000 67
417500 67
418000 67
418500 67
419000 67
419500 67
420000 67
420500 67
421000 67
421500 67
422000 67
422500 67
423000 67
423500 67
424000 67
424500 67
425000 67
425500 67
426000 67
426500 67
427000 67
427500 67
428000 67
428500 67
429000 67
429500 67
430000 67
430500 67
431000 67
431500 67
432000 67
432500 67
433000 67
433500 67
434000 67
434500 67
435000 67
435500 67
436000 67
436500 67
437000 67
437500 67
438000 67
438500 67
439000 67
439500 67
440000 67
440500 67
441000 67
441500 67
442000 67
442500 67
443000 67
443500 67
444000 67
444500 67
445000 67
445500 67
446000 67
446500 67
447000 67
447500 67
448000 67
448500 67
449000 67
449500 67
450000 67
450500 67
451000 67
451500 67
452000 67
452500 67
453000 67
453500 67
454000 67
454500 67
455000 67
455500 67
456000 67
456500 67
457000 67
457500 67
458000 67
458500 67
459000 67
459500 67
460000 67
460500 67
461000 67
461500 67
462000 67
462500 67
463000 67
463500 67
464000 67
464500 67
465000 67
465500 67
466000 67
466500 67
467000 67
467500 67
468000 67
468500 67
469000 67
469500 67
470000 67
470500 67
471000 67
471500 67
472000 67
472500 67
473000 67
473500 67
474000 67
474500 67
475000 67
475500 67
476000 67
476500 67
477000 67
477500 67
478000 67
478500 67
479000 67
479500 67
480000 67
480500 67
481000 67
481500 67
482000 67
482500 67
483000 67
483500 67
484000 67
484500 67
485000 67
485500 67
486000 67
486500 67
487000 67
487500 67
488000 67
488500 67
489000 67
489500 67
490000 67
490500 67
491000 67
491500 67
492000 67
492500 67
493000 67
493500 67
494000 67
494500 67
495000 67
495500 67
496000 67
496500 67
497000 67
497500 67
498000 67
498500 67
499000 67
499500 67
500000 67
500500 67
501000 67
501500 67
502000 67
502500 67
503000 67
503500 67
504000 67
504500 67
505000 67
505500 67
506000 67
506500 67
507000 67
507500 67
508000 67
508500 67
509000 67
509500 67
510000 67
510500 67
511000 67
511500 67
512000 67
512500 67
513000 67
513500 67
514000 67
514500 67
515000 67
515500 67
516000 67
516500 67
517000 67
517500 67
518000 67
518500 67
519000 67
519500 67
520000 67
520500 67
521000 67
521500 67
522000 67
522500 67
523000 67
523500 67
524000 67
524500 67
525000 67
525500 67
526000 65
526500 65
527000 65
527500 65
528000 65
528500 65
529000 65
529500 65
530000 65
530500 65
531000 65
531500 65
532000 65
532500 65
533000 65
533500 65
534000 65
534500 65
535000 65
535500 65
536000 65
536500 65
537000 65
537500 65
538000 65
538500 65
539000 65
539500 65
540000 65
540500 65
541000 65
541500 65
542000 65
542500 65
543000 65
543500 65
544000 65
544500 65
545000 65
545500 65
546000 65
546500 65
547000 65
547500 65
548000 65
548500 65
549000 65
549500 65
550000 65
550500 65
551000 65
551500 65
552000 65
552500 65
553000 65
553500 65
554000 65
554500 65
555000 65
555500 65
556000 65
556500 65
557000 65
557500 65
558000 65
558500 65
559000 65
559500 65
560000 65
560500 65
561000 65
561500 65
562000 65
562500 65
563000 65
563500 65
564000 65
564500 65
565000 65
565500 65
566000 65
566500 65
567000 65
567500 65
568000 65
568500 65
569000 65
569500 65
570000 65
570500 65
571000 65
571500 65
572000 65
572500 65
573000 65
573500 65
574000 65
574500 65
575000 65
575500 65
576000 65
576500 65
577000 65
577500 65
578000 65
578500 65
579000 65
579500 65
580000 65
580500 65
581000 65
581500 65
582000 65
582500 65
583000 65
583500 65
584000 65
584500 65
585000 65
585500 65
586000 65
586500 65
587000 65
587500 65
588000 65
588500 65
589000 65
589500 65
590000 65
590500 65
591000 65
591500 65
592000 65
592500 65
593000 65
593500 65
594000 65
594500 65
595000 65
595500 65
596000 65
596500 65
597000 65
597500 65
598000 65
598500 65
599000 65
599500 65
600000 65
600500 65
601000 65
601500 65
602000 65
602500 65
603000 65
603500 65
604000 65
604500 65
605000 65
605500 65
606000 65
606500 65
607000 65
607500 65
608000 65
608500 65
609000 65
609500 65
610000 65
610500 65
611000 65
611500 65
612000 65
612500 65
613000 65
613500 65
614000 65
614500 65
615000 65
615500 65
616000 65
616500 65
617000 65
617500 65
618000 65
618500 65
619000 65
619500 65
620000 65
620500 65
621000 65
621500 65
622000 65
622500 65
623000 65
623500 65
624000 65
624500 65
625000 65
625500 65
626000 65
626500 65
627000 65
627500 65
628000 65
628500 65
629000 65
629500 65
630000 65
630500 65
631000 65
631500 65
632000 65
632500 65
633000 65
633500 65
634000 65
634500 65
635000 65
635500 65
636000 65
636500 65
637000 65
637500 65
638000 65
638500 65
639000 65
639500 65
640000 65
640500 65
641000 65
641500 65
642000 65
642500 65
643000 65
643500 65
644000 65
644500 65
645000 65
645500 65
646000 65
646500 65
647000 65
647500 65
648000 65
648500 65
649000 65
649500 65
650000 65
650500 65
651000 65
651500 65
652000 65
652500 65
653000 65
653500 65
654000 65
654500 65
655000 65
655500 65
656000 65
656500 65
657000 65
657500 65
658000 65
658500 65
659000 65
659500 65
660000 65
660500 65
661000 65
661500 65
662000 65
662500 65
663000 65
663500 65
664000 65
664500 65
665000 65
665500 65
666000 65
666500 65
667000 65
667500 65
668000 65
668500 65
669000 65
669500 65
670000 65
670500 65
671000 65
671500 65
672000 65
672500 65
673000 65
673500 65
674000 65
674500 65
675000 65
