500 145
1000 157
1500 152
2000 141
2500 165
3000 129
3500 144
4000 141
4500 162
5000 158
5500 154
6000 159
6500 146
7000 138
7500 159
8000 121
8500 143
9000 157
9500 150
10000 151
10500 160
11000 147
11500 170
12000 137
12500 150
13000 162
13500 167
14000 154
14500 162
15000 154
15500 138
16000 144
16500 157
17000 152
17500 166
18000 137
18500 164
19000 138
19500 146
20000 130
20500 121
21000 137
21500 140
22000 127
22500 155
23000 132
23500 151
24000 155
24500 143
25000 135
25500 131
26000 128
26500 160
27000 144
27500 136
28000 136
28500 149
29000 118
29500 147
30000 145
30500 152
31000 151
31500 136
32000 147
32500 147
33000 162
33500 145
34000 151
34500 140
35000 138
35500 142
36000 158
36500 153
37000 150
37500 158
38000 119
38500 142
39000 139
39500 126
40000 146
40500 149
41000 136
41500 141
42000 147
42500 138
43000 154
43500 155
44000 129
44500 141
45000 148
45500 154
46000 155
46500 150
47000 159
47500 158
48000 155
48500 155
49000 158
49500 142
50000 142
50500 147
51000 153
51500 159
52000 138
52500 166
53000 131
53500 145
54000 149
54500 136
55000 138
55500 133
56000 167
56500 147
57000 128
57500 138
58000 146
58500 124
59000 148
59500 158
60000 149
60500 134
61000 147
61500 142
62000 147
62500 134
63000 162
63500 142
64000 146
64500 148
65000 140
65500 157
66000 153
66500 139
67000 137
67500 128
68000 128
68500 139
69000 146
69500 115
70000 147
70500 151
71000 126
71500 144
72000 129
72500 154
73000 138
73500 158
74000 144
74500 154
75000 131
75500 121
76000 162
76500 164
77000 138
77500 135
78000 154
78500 148
79000 157
79500 149
80000 160
80500 144
81000 143
81500 126
82000 128
82500 152
83000 138
83500 152
84000 148
84500 128
85000 154
85500 150
86000 137
86500 135
87000 159
87500 137
88000 129
88500 129
89000 146
89500 144
90000 140
90500 146
91000 146
91500 143
92000 131
92500 124
93000 128
93500 143
94000 139
94500 141
95000 138
95500 146
96000 164
96500 140
97000 151
97500 128
98000 139
98500 151
99000 136
99500 139
100000 128
100500 127
101000 119
101500 127
102000 122
102500 140
103000 139
103500 134
104000 134
104500 139
105000 153
105500 154
106000 130
106500 155
107000 147
107500 110
108000 135
108500 141
109000 120
109500 152
110000 155
110500 121
111000 136
111500 128
112000 120
112500 140
113000 141
113500 113
114000 139
114500 141
115000 139
115500 144
116000 124
116500 135
117000 143
117500 143
118000 138
118500 137
119000 130
119500 123
120000 134
120500 117
121000 123
121500 140
122000 115
122500 134
123000 141
123500 155
124000 141
124500 125
125000 134
125500 130
126000 117
126500 128
127000 142
127500 137
128000 128
128500 128
129000 111
129500 133
130000 106
130500 135
131000 125
131500 134
132000 116
132500 111
133000 133
133500 137
134000 126
134500 114
135000 122
135500 152
136000 129
136500 126
137000 119
137500 132
138000 125
138500 139
139000 132
139500 132
140000 125
140500 105
141000 124
141500 123
142000 130
142500 124
143000 127
143500 124
144000 141
144500 107
145000 115
145500 148
146000 132
146500 113
147000 132
147500 111
148000 121
148500 139
149000 131
149500 111
150000 135
150500 124
151000 138
151500 121
152000 148
152500 153
153000 127
153500 117
154000 121
154500 142
155000 140
155500 118
156000 148
156500 127
157000 115
157500 136
158000 120
158500 125
159000 129
159500 105
160000 139
160500 129
161000 142
161500 125
162000 127
162500 144
163000 126
163500 122
164000 131
164500 136
165000 108
165500 116
166000 122
166500 115
167000 142
167500 139
168000 116
168500 117
169000 127
169500 137
170000 114
170500 121
171000 131
171500 130
172000 130
172500 98
173000 137
173500 135
174000 133
174500 152
175000 142
175500 143
176000 138
176500 113
177000 127
177500 149
178000 107
178500 128
179000 151
179500 117
180000 114
180500 137
181000 120
181500 122
182000 112
182500 127
183000 143
183500 122
184000 115
184500 109
185000 119
185500 133
186000 107
186500 121
187000 128
187500 131
188000 114
188500 111
189000 121
189500 111
190000 116
190500 129
191000 109
191500 123
192000 109
192500 131
193000 134
193500 112
194000 109
194500 121
195000 101
195500 116
196000 116
196500 135
197000 111
197500 122
198000 114
198500 128
199000 133
199500 108
200000 93
200500 106
201000 109
201500 109
202000 104
202500 109
203000 103
203500 108
204000 103
204500 165
205000 154
205500 102
206000 122
206500 137
207000 98
207500 99
208000 98
208500 110
209000 116
209500 126
210000 107
210500 103
211000 120
211500 128
212000 132
212500 105
213000 119
213500 107
214000 129
214500 113
215000 105
215500 109
216000 110
216500 113
217000 107
217500 107
218000 119
218500 114
219000 114
219500 108
220000 109
220500 128
221000 108
221500 118
222000 91
222500 115
223000 101
223500 111
224000 121
224500 114
225000 92
225500 121
226000 118
226500 112
227000 131
227500 104
228000 99
228500 108
229000 99
229500 113
230000 106
230500 91
231000 118
231500 110
232000 144
232500 110
233000 110
233500 109
234000 137
234500 131
235000 114
235500 95
236000 103
236500 102
237000 113
237500 97
238000 101
238500 100
239000 93
239500 114
240000 88
240500 95
241000 86
241500 95
242000 113
242500 96
243000 96
243500 104
244000 104
244500 96
245000 104
245500 100
246000 83
246500 92
247000 99
247500 90
248000 95
248500 89
249000 90
249500 101
250000 143
250500 130
251000 106
251500 89
252000 99
252500 110
253000 97
253500 137
254000 93
254500 89
255000 88
255500 85
256000 88
256500 87
257000 110
257500 93
258000 88
258500 87
259000 100
259500 93
260000 103
260500 83
261000 109
261500 90
262000 109
262500 99
263000 87
263500 103
264000 99
264500 95
265000 80
265500 100
266000 84
266500 125
267000 99
267500 74
268000 91
268500 117
269000 88
269500 94
270000 80
270500 113
271000 101
271500 82
272000 84
272500 81
273000 100
273500 94
274000 108
274500 80
275000 86
275500 81
276000 83
276500 107
277000 88
277500 82
278000 88
278500 81
279000 104
279500 119
280000 100
280500 89
281000 76
281500 77
282000 72
282500 77
283000 81
283500 73
284000 72
284500 73
285000 72
285500 78
286000 75
286500 77
287000 130
287500 75
288000 72
288500 73
289000 74
289500 75
290000 74
290500 79
291000 73
291500 74
292000 72
292500 70
293000 71
293500 72
294000 74
294500 74
295000 71
295500 77
296000 71
296500 73
297000 78
297500 95
298000 82
298500 75
299000 75
299500 79
300000 78
300500 88
301000 79
301500 97
302000 80
302500 71
303000 71
303500 74
304000 70
304500 71
305000 75
305500 71
306000 72
306500 74
307000 70
307500 70
308000 72
308500 68
309000 113
309500 88
310000 88
310500 81
311000 76
311500 71
312000 75
312500 73
313000 69
313500 69
314000 69
314500 68
315000 77
315500 136
316000 75
316500 71
317000 70
317500 71
318000 71
318500 70
319000 71
319500 70
320000 70
320500 73
321000 72
321500 123
322000 87
322500 74
323000 69
323500 67
324000 67
324500 68
325000 67
325500 66
326000 81
326500 75
327000 74
327500 75
328000 74
328500 74
329000 75
329500 75
330000 70
330500 71
331000 70
331500 70
332000 70
332500 67
333000 69
333500 69
334000 69
334500 68
335000 68
335500 69
336000 71
336500 69
337000 67
337500 68
338000 68
338500 68
339000 68
339500 67
340000 67
340500 67
341000 67
341500 67
342000 68
342500 67
343000 67
343500 67
344000 68
344500 67
345000 67
345500 67
346000 67
346500 67
347000 67
347500 67
348000 67
348500 67
349000 67
349500 68
350000 68
350500 67
351000 67
351500 67
352000 67
352500 67
353000 67
353500 67
354000 67
354500 67
355000 67
355500 67
356000 67
356500 69
357000 68
357500 68
358000 68
358500 69
359000 68
359500 67
360000 67
360500 67
361000 69
361500 69
362000 67
362500 67
363000 67
363500 68
364000 67
364500 67
365000 67
365500 67
366000 67
366500 67
367000 67
367500 67
368000 67
368500 67
369000 67
369500 67
370000 67
370500 67
371000 67
371500 67
372000 67
372500 67
373000 67
373500 67
374000 68
374500 68
375000 68
375500 68
376000 67
376500 67
377000 67
377500 67
378000 67
378500 67
379000 67
379500 67
380000 67
380500 67
381000 67
381500 67
382000 67
382500 67
383000 67
383500 67
384000 67
384500 67
385000 67
385500 67
386000 67
386500 67
387000 67
387500 67
388000 67
388500 67
389000 67
389500 67
390000 67
390500 67
391000 67
391500 67
392000 67
392500 67
393000 67
393500 67
394000 67
394500 67
395000 67
395500 67
396000 67
396500 67
397000 67
397500 67
398000 67
398500 67
399000 67
399500 67
400000 67
400500 67
401000 67
401500 67
402000 67
402500 67
403000 67
403500 67
404000 67
404500 67
405000 67
405500 67
406000 67
406500 67
407000 67
407500 67
408000 67
408500 67
409000 67
409500 67
410000 67
410500 67
411000 67
411500 67
412000 67
412500 67
413000 67
413500 67
414000 67
414500 67
415000 67
415500 67
416000 67
416500 67
417000 67
417500 67
418000 67
418500 67
419000 67
419500 67
420000 67
420500 67
421000 67
421500 67
422000 67
422500 67
423000 67
423500 67
424000 67
424500 67
425000 67
425500 67
426000 67
426500 67
427000 67
427500 67
428000 67
428500 67
429000 67
429500 67
430000 67
430500 67
431000 67
431500 67
432000 67
432500 67
433000 67
433500 67
434000 67
434500 67
435000 67
435500 67
436000 67
436500 67
437000 67
437500 67
438000 67
438500 67
439000 67
439500 67
440000 67
440500 67
441000 67
441500 67
442000 67
442500 67
443000 67
443500 67
444000 67
444500 67
445000 67
445500 67
446000 67
446500 67
447000 67
447500 67
448000 67
448500 67
449000 67
449500 67
450000 67
450500 67
451000 67
451500 67
452000 67
452500 67
453000 67
453500 67
454000 67
454500 67
455000 67
455500 67
456000 67
456500 67
457000 67
457500 67
458000 67
458500 67
459000 67
459500 67
460000 67
460500 67
461000 67
461500 67
462000 67
462500 67
463000 67
463500 67
464000 67
464500 67
465000 67
465500 67
466000 67
466500 67
467000 67
467500 67
468000 67
468500 67
469000 67
469500 67
470000 67
470500 67
471000 67
471500 67
472000 67
472500 67
473000 67
473500 67
474000 67
474500 67
475000 67
475500 67
476000 67
476500 67
477000 67
477500 67
478000 67
478500 67
479000 67
479500 67
480000 67
480500 67
481000 67
481500 67
482000 67
482500 67
483000 67
483500 67
484000 67
484500 67
485000 67
485500 67
486000 67
486500 67
487000 67
487500 67
488000 67
488500 67
489000 67
489500 67
490000 67
490500 67
491000 67
491500 67
492000 67
492500 67
493000 67
493500 67
494000 67
494500 67
495000 67
495500 67
496000 67
496500 67
497000 67
497500 67
498000 67
498500 67
499000 67
499500 67
500000 67
500500 67
501000 67
501500 67
502000 67
502500 67
503000 67
503500 67
504000 67
504500 67
505000 67
505500 67
506000 67
506500 67
507000 67
507500 67
508000 67
508500 67
509000 67
509500 67
510000 67
510500 67
511000 67
511500 67
512000 67
512500 67
513000 67
513500 67
514000 67
514500 67
515000 67
515500 67
516000 67
516500 67
517000 67
517500 67
518000 67
518500 67
519000 67
519500 67
520000 67
520500 67
521000 67
521500 67
522000 67
522500 67
523000 67
523500 67
524000 67
524500 67
525000 67
525500 67
526000 67
526500 67
527000 67
527500 67
528000 67
528500 67
529000 67
529500 67
530000 67
530500 67
531000 67
531500 67
532000 67
532500 67
533000 67
533500 67
534000 67
534500 67
535000 67
535500 67
536000 67
536500 67
537000 67
537500 67
538000 67
538500 67
539000 67
539500 67
540000 67
540500 67
541000 67
541500 67
542000 67
542500 67
543000 67
543500 67
544000 67
544500 67
545000 67
545500 67
546000 67
546500 67
547000 67
547500 67
548000 67
548500 67
549000 67
549500 67
550000 67
550500 67
551000 67
551500 67
552000 67
552500 67
553000 67
553500 67
554000 67
554500 67
555000 67
555500 67
556000 67
556500 67
557000 67
557500 67
558000 67
558500 67
559000 67
559500 67
560000 67
560500 67
561000 67
561500 67
562000 67
562500 67
563000 67
563500 67
564000 67
564500 67
565000 67
565500 67
566000 67
566500 67
567000 67
567500 67
568000 67
568500 67
569000 67
569500 67
570000 67
570500 67
571000 67
571500 67
572000 67
572500 67
573000 67
573500 67
574000 67
574500 67
575000 67
575500 67
576000 67
576500 67
577000 67
577500 67
578000 67
578500 67
579000 67
579500 67
580000 67
580500 67
581000 67
581500 67
582000 67
582500 67
583000 67
583500 67
584000 67
584500 67
585000 67
585500 67
586000 67
586500 67
587000 67
587500 67
588000 67
588500 67
589000 67
589500 67
590000 67
590500 67
591000 67
591500 67
592000 67
592500 67
593000 67
593500 67
594000 67
594500 67
595000 67
595500 67
596000 67
596500 67
597000 67
597500 67
598000 67
598500 67
599000 67
599500 67
600000 67
600500 67
601000 67
601500 67
602000 67
602500 67
603000 67
603500 67
604000 67
604500 67
605000 67
605500 67
606000 67
606500 67
607000 67
607500 67
608000 67
608500 67
609000 67
609500 67
610000 67
610500 67
611000 67
611500 67
612000 67
612500 67
613000 67
613500 67
614000 67
614500 67
615000 67
615500 67
616000 67
616500 67
617000 67
617500 67
618000 67
618500 67
619000 67
619500 67
620000 67
620500 67
621000 67
621500 67
622000 67
622500 67
623000 67
623500 67
624000 67
624500 67
625000 67
625500 67
626000 67
626500 67
627000 67
627500 67
628000 67
628500 67
629000 67
629500 67
630000 67
630500 67
631000 67
631500 67
632000 67
632500 67
633000 67
633500 67
634000 67
634500 67
635000 67
635500 67
636000 67
636500 67
637000 67
637500 67
638000 67
638500 67
639000 67
639500 67
640000 67
640500 67
641000 67
641500 67
642000 67
642500 67
643000 67
643500 67
644000 67
644500 67
645000 67
645500 67
646000 67
646500 67
647000 67
647500 67
648000 67
648500 67
649000 67
649500 67
650000 67
650500 67
651000 67
651500 67
652000 67
652500 67
653000 67
653500 67
654000 67
654500 67
655000 67
655500 67
656000 67
