500 164
1000 148
1500 157
2000 157
2500 156
3000 152
3500 155
4000 140
4500 138
5000 133
5500 145
6000 153
6500 147
7000 152
7500 140
8000 140
8500 142
9000 152
9500 144
10000 152
10500 152
11000 153
11500 137
12000 155
12500 170
13000 153
13500 147
14000 142
14500 161
15000 146
15500 159
16000 160
16500 155
17000 145
17500 140
18000 143
18500 155
19000 139
19500 154
20000 165
20500 154
21000 148
21500 130
22000 156
22500 154
23000 160
23500 139
24000 142
24500 143
25000 146
25500 132
26000 152
26500 154
27000 142
27500 146
28000 161
28500 136
29000 141
29500 137
30000 160
30500 142
31000 142
31500 136
32000 131
32500 127
33000 143
33500 157
34000 142
34500 145
35000 155
35500 128
36000 162
36500 155
37000 150
37500 157
38000 154
38500 147
39000 159
39500 145
40000 144
40500 140
41000 141
41500 138
42000 140
42500 149
43000 147
43500 157
44000 150
44500 132
45000 134
45500 146
46000 154
46500 154
47000 146
47500 154
48000 160
48500 138
49000 146
49500 130
50000 148
50500 132
51000 141
51500 156
52000 145
52500 139
53000 124
53500 136
54000 150
54500 148
55000 165
55500 152
56000 127
56500 149
57000 161
57500 169
58000 141
58500 130
59000 152
59500 153
60000 145
60500 131
61000 159
61500 147
62000 120
62500 155
63000 147
63500 142
64000 171
64500 145
65000 154
65500 155
66000 154
66500 167
67000 139
67500 145
68000 136
68500 154
69000 140
69500 144
70000 159
70500 142
71000 146
71500 134
72000 142
72500 150
73000 150
73500 147
74000 167
74500 145
75000 157
75500 134
76000 155
76500 144
77000 148
77500 144
78000 146
78500 147
79000 146
79500 138
80000 122
80500 136
81000 134
81500 151
82000 145
82500 127
83000 154
83500 143
84000 146
84500 153
85000 150
85500 141
86000 137
86500 149
87000 130
87500 134
88000 145
88500 131
89000 147
89500 136
90000 145
90500 129
91000 137
91500 146
92000 152
92500 144
93000 148
93500 146
94000 151
94500 158
95000 146
95500 147
96000 146
96500 154
97000 149
97500 154
98000 156
98500 153
99000 138
99500 147
100000 135
100500 144
101000 146
101500 139
102000 142
102500 148
103000 132
103500 168
104000 128
104500 128
105000 132
105500 126
106000 160
106500 135
107000 132
107500 147
108000 153
108500 150
109000 143
109500 137
110000 136
110500 123
111000 151
111500 135
112000 121
112500 153
113000 124
113500 148
114000 130
114500 142
115000 150
115500 145
116000 151
116500 137
117000 157
117500 138
118000 165
118500 126
119000 145
119500 149
120000 144
120500 148
121000 134
121500 142
122000 150
122500 150
123000 120
123500 145
124000 118
124500 130
125000 141
125500 138
126000 123
126500 133
127000 130
127500 115
128000 140
128500 111
129000 156
129500 118
130000 138
130500 130
131000 129
131500 128
132000 133
132500 122
133000 133
133500 128
134000 124
134500 145
135000 143
135500 129
136000 126
136500 135
137000 143
137500 133
138000 136
138500 133
139000 150
139500 144
140000 137
140500 143
141000 105
141500 117
142000 118
142500 131
143000 140
143500 139
144000 137
144500 149
145000 139
145500 135
146000 139
146500 121
147000 128
147500 119
148000 164
148500 125
149000 142
149500 119
150000 120
150500 132
151000 126
151500 108
152000 125
152500 112
153000 130
153500 146
154000 134
154500 134
155000 120
155500 138
156000 137
156500 125
157000 112
157500 125
158000 124
158500 125
159000 136
159500 106
160000 100
160500 131
161000 131
161500 112
162000 137
162500 124
163000 154
163500 127
164000 143
164500 129
165000 129
165500 144
166000 120
166500 151
167000 112
167500 126
168000 118
168500 143
169000 114
169500 145
170000 140
170500 117
171000 156
171500 121
172000 137
172500 122
173000 126
173500 120
174000 136
174500 129
175000 143
175500 116
176000 132
176500 128
177000 118
177500 128
178000 133
178500 117
179000 117
179500 139
180000 117
180500 124
181000 138
181500 122
182000 97
182500 110
183000 103
183500 118
184000 118
184500 120
185000 122
185500 123
186000 154
186500 123
187000 118
187500 113
188000 118
188500 123
189000 102
189500 131
190000 124
190500 132
191000 120
191500 112
192000 126
192500 128
193000 126
193500 122
194000 115
194500 135
195000 105
195500 115
196000 125
196500 123
197000 109
197500 108
198000 113
198500 138
199000 118
199500 118
200000 119
200500 115
201000 120
201500 123
202000 149
202500 119
203000 120
203500 108
204000 118
204500 143
205000 110
205500 128
206000 138
206500 104
207000 115
207500 91
208000 119
208500 107
209000 132
209500 134
210000 113
210500 110
211000 108
211500 122
212000 117
212500 110
213000 113
213500 119
214000 132
214500 114
215000 117
215500 114
216000 108
216500 126
217000 130
217500 113
218000 120
218500 117
219000 115
219500 104
220000 121
220500 115
221000 125
221500 135
222000 146
222500 128
223000 104
223500 125
224000 119
224500 131
225000 109
225500 94
226000 139
226500 102
227000 86
227500 94
228000 95
228500 93
229000 117
229500 111
230000 100
230500 98
231000 117
231500 142
232000 108
232500 126
233000 117
233500 104
234000 137
234500 103
235000 95
235500 92
236000 95
236500 111
237000 139
237500 121
238000 106
238500 117
239000 117
239500 112
240000 150
240500 119
241000 83
241500 113
242000 122
242500 132
243000 102
243500 111
244000 113
244500 103
245000 99
245500 113
246000 109
246500 130
247000 118
247500 105
248000 113
248500 93
249000 110
249500 96
250000 141
250500 111
251000 92
251500 82
252000 91
252500 87
253000 104
253500 85
254000 96
254500 87
255000 110
255500 105
256000 100
256500 98
257000 83
257500 116
258000 145
258500 107
259000 91
259500 135
260000 96
260500 112
261000 135
261500 91
262000 92
262500 97
263000 122
263500 105
264000 81
264500 88
265000 94
265500 115
266000 83
266500 87
267000 76
267500 106
268000 77
268500 111
269000 92
269500 102
270000 95
270500 103
271000 113
271500 95
272000 102
272500 113
273000 104
273500 79
274000 88
274500 112
275000 119
275500 87
276000 75
276500 77
277000 71
277500 84
278000 87
278500 81
279000 115
279500 86
280000 116
280500 78
281000 93
281500 85
282000 117
282500 78
283000 79
283500 82
284000 73
284500 74
285000 79
285500 80
286000 76
286500 87
287000 95
287500 116
288000 80
288500 73
289000 87
289500 163
290000 102
290500 90
291000 78
291500 93
292000 88
292500 91
293000 98
293500 89
294000 82
294500 79
295000 78
295500 79
296000 75
296500 99
297000 113
297500 92
298000 78
298500 82
299000 85
299500 73
300000 112
300500 94
301000 79
301500 76
302000 79
302500 74
303000 73
303500 94
304000 83
304500 74
305000 73
305500 76
306000 72
306500 72
307000 70
307500 70
308000 70
308500 74
309000 71
309500 68
310000 70
310500 71
311000 72
311500 80
312000 108
312500 95
313000 75
313500 84
314000 120
314500 97
315000 99
315500 82
316000 72
316500 82
317000 111
317500 92
318000 83
318500 100
319000 96
319500 75
320000 77
320500 74
321000 72
321500 73
322000 69
322500 69
323000 72
323500 75
324000 72
324500 70
325000 89
325500 72
326000 72
326500 71
327000 71
327500 71
328000 71
328500 71
329000 70
329500 70
330000 71
330500 76
331000 87
331500 79
332000 86
332500 84
333000 77
333500 71
334000 71
334500 70
335000 70
335500 71
336000 72
336500 72
337000 70
337500 70
338000 71
338500 69
339000 70
339500 70
340000 68
340500 68
341000 68
341500 72
342000 68
342500 69
343000 70
343500 68
344000 68
344500 68
345000 68
345500 68
346000 68
346500 68
347000 68
347500 68
348000 71
348500 69
349000 68
349500 68
350000 68
350500 68
351000 68
351500 68
352000 69
352500 69
353000 69
353500 68
354000 68
354500 68
355000 68
355500 68
356000 68
356500 68
357000 68
357500 68
358000 68
358500 68
359000 68
359500 68
360000 68
360500 68
361000 68
361500 68
362000 68
362500 69
363000 69
363500 68
364000 68
364500 68
365000 68
365500 69
366000 69
366500 70
367000 70
367500 69
368000 68
368500 68
369000 68
369500 68
370000 68
370500 68
371000 68
371500 68
372000 68
372500 68
373000 70
373500 68
374000 68
374500 68
375000 68
375500 68
376000 68
376500 68
377000 68
377500 68
378000 68
378500 68
379000 68
379500 68
380000 68
380500 68
381000 68
381500 68
382000 68
382500 68
383000 68
383500 68
384000 68
384500 68
385000 68
385500 68
386000 68
386500 68
387000 68
387500 68
388000 68
388500 68
389000 68
389500 68
390000 68
390500 69
391000 69
391500 68
392000 68
392500 68
393000 68
393500 68
394000 68
394500 68
395000 68
395500 68
396000 68
396500 68
397000 68
397500 68
398000 68
398500 68
399000 69
399500 69
400000 69
400500 69
401000 69
401500 69
402000 69
402500 69
403000 69
403500 69
404000 69
404500 68
405000 68
405500 68
406000 68
406500 68
407000 68
407500 68
408000 68
408500 68
409000 68
409500 68
410000 68
410500 68
411000 68
411500 68
412000 68
412500 68
413000 68
413500 68
414000 68
414500 68
415000 68
415500 68
416000 68
416500 68
417000 68
417500 68
418000 68
418500 68
419000 68
419500 68
420000 68
420500 68
421000 68
421500 68
422000 68
422500 68
423000 68
423500 68
424000 68
424500 68
425000 68
425500 68
426000 68
426500 68
427000 68
427500 68
428000 68
428500 68
429000 68
429500 68
430000 68
430500 68
431000 68
431500 68
432000 68
432500 68
433000 68
433500 68
434000 68
434500 68
435000 68
435500 68
436000 68
436500 68
437000 68
437500 68
438000 68
438500 68
439000 68
439500 68
440000 68
440500 68
441000 68
441500 68
442000 68
442500 68
443000 68
443500 68
444000 68
444500 68
445000 68
445500 68
446000 68
446500 68
447000 68
447500 68
448000 68
448500 68
449000 68
449500 68
450000 68
450500 68
451000 68
451500 68
452000 68
452500 68
453000 68
453500 68
454000 68
454500 68
455000 68
455500 68
456000 68
456500 68
457000 68
457500 68
458000 68
458500 68
459000 68
459500 68
460000 68
460500 68
461000 68
461500 68
462000 68
462500 68
463000 68
463500 68
464000 68
464500 68
465000 68
465500 68
466000 68
466500 68
467000 68
467500 68
468000 68
468500 68
469000 68
469500 68
470000 68
470500 68
471000 68
471500 68
472000 68
472500 68
473000 68
473500 68
474000 68
474500 68
475000 68
475500 68
476000 68
476500 68
477000 68
477500 68
478000 68
478500 68
479000 68
479500 68
480000 68
480500 68
481000 68
481500 68
482000 68
482500 68
483000 68
483500 68
484000 68
484500 68
485000 68
485500 68
486000 68
486500 68
487000 68
487500 68
488000 68
488500 68
489000 68
489500 68
490000 68
490500 68
491000 68
491500 68
492000 68
492500 68
493000 68
493500 68
494000 68
494500 68
495000 68
495500 68
496000 68
496500 68
497000 68
497500 68
498000 68
498500 68
499000 68
499500 68
500000 68
500500 68
501000 68
501500 68
502000 68
502500 68
503000 68
503500 68
504000 68
504500 68
505000 68
505500 68
506000 68
506500 68
507000 68
507500 68
508000 68
508500 68
509000 68
509500 68
510000 68
510500 68
511000 68
511500 68
512000 68
512500 68
513000 68
513500 68
514000 68
514500 68
515000 68
515500 68
516000 68
516500 68
517000 68
517500 68
518000 68
518500 68
519000 68
519500 68
520000 68
520500 68
521000 68
521500 68
522000 68
522500 68
523000 68
523500 68
524000 68
524500 68
525000 68
525500 68
526000 68
526500 68
527000 68
527500 68
528000 68
528500 68
529000 68
529500 68
530000 68
530500 68
531000 68
531500 68
532000 68
532500 68
533000 68
533500 68
534000 68
534500 68
535000 68
535500 68
536000 68
536500 68
537000 68
537500 68
538000 68
538500 68
539000 68
539500 68
540000 68
540500 68
541000 68
541500 68
542000 68
542500 68
543000 68
543500 68
544000 68
544500 68
545000 68
545500 68
546000 68
546500 68
547000 68
547500 68
548000 68
548500 68
549000 68
549500 68
550000 68
550500 68
551000 68
551500 68
552000 68
552500 68
553000 68
553500 68
554000 68
554500 68
555000 68
555500 68
556000 68
556500 68
557000 68
557500 68
558000 68
558500 68
559000 68
559500 68
560000 68
560500 68
561000 68
561500 68
562000 68
562500 68
563000 68
563500 68
564000 68
564500 68
565000 68
565500 68
566000 68
566500 68
567000 68
567500 68
568000 68
568500 68
569000 68
569500 68
570000 68
570500 68
571000 68
571500 68
572000 68
572500 68
573000 68
573500 68
574000 68
574500 68
575000 68
575500 68
576000 68
576500 68
577000 68
577500 68
578000 68
578500 68
579000 68
579500 68
580000 68
580500 68
581000 68
581500 68
582000 68
582500 68
583000 68
583500 68
584000 68
584500 68
585000 68
585500 68
586000 68
586500 68
587000 68
587500 68
588000 68
588500 68
589000 68
589500 68
590000 68
590500 68
591000 68
591500 68
592000 68
592500 68
593000 68
593500 68
594000 68
594500 68
595000 68
595500 68
596000 68
596500 68
597000 68
597500 68
598000 68
598500 68
599000 68
599500 68
600000 68
600500 68
601000 68
601500 68
602000 68
602500 68
603000 68
603500 68
604000 68
604500 68
605000 68
605500 68
606000 68
606500 68
607000 68
607500 68
608000 68
608500 68
609000 68
609500 68
610000 68
610500 68
611000 68
611500 68
612000 68
612500 68
613000 68
613500 68
614000 68
614500 68
615000 68
615500 68
616000 68
616500 68
617000 68
617500 68
618000 68
618500 68
619000 68
619500 68
620000 68
620500 68
621000 68
621500 68
622000 68
622500 68
623000 68
623500 68
624000 68
624500 68
625000 68
625500 68
626000 68
626500 68
627000 68
627500 68
628000 68
628500 68
629000 68
629500 68
630000 68
630500 68
631000 68
631500 68
632000 68
632500 68
633000 68
633500 68
634000 68
634500 68
635000 68
635500 68
636000 68
636500 68
637000 68
637500 68
638000 68
638500 68
639000 68
639500 68
640000 68
640500 68
641000 68
641500 68
642000 68
642500 68
643000 68
643500 68
644000 68
644500 68
645000 68
645500 68
646000 68
646500 68
647000 68
647500 68
648000 68
648500 68
649000 68
649500 68
650000 68
650500 68
651000 68
651500 68
652000 68
652500 68
653000 68
653500 68
654000 68
654500 68
655000 68
655500 68
656000 68
656500 68
657000 68
657500 68
658000 68
658500 68
659000 68
659500 68
660000 68
660500 68
661000 68
661500 68
662000 68
662500 68
663000 68
663500 68
664000 68
664500 68
665000 68
665500 68
666000 68
666500 68
667000 68
667500 68
668000 68
668500 68
669000 68
669500 68
670000 68
670500 68
671000 68
671500 68
672000 68
672500 68
673000 68
673500 68
674000 68
674500 68
675000 68
