500 153
1000 144
1500 138
2000 128
2500 134
3000 137
3500 144
4000 148
4500 153
5000 136
5500 157
6000 146
6500 166
7000 144
7500 144
8000 159
8500 135
9000 143
9500 163
10000 151
10500 159
11000 166
11500 154
12000 160
12500 150
13000 166
13500 161
14000 137
14500 144
15000 150
15500 138
16000 163
16500 167
17000 141
17500 148
18000 147
18500 147
19000 137
19500 131
20000 145
20500 176
21000 144
21500 151
22000 134
22500 162
23000 162
23500 139
24000 131
24500 144
25000 163
25500 152
26000 165
26500 150
27000 156
27500 148
28000 157
28500 159
29000 134
29500 157
30000 152
30500 145
31000 151
31500 152
32000 129
32500 158
33000 146
33500 152
34000 155
34500 160
35000 158
35500 172
36000 131
36500 154
37000 175
37500 154
38000 143
38500 157
39000 130
39500 160
40000 156
40500 142
41000 138
41500 151
42000 154
42500 151
43000 146
43500 146
44000 170
44500 115
45000 158
45500 151
46000 138
46500 132
47000 136
47500 142
48000 156
48500 154
49000 153
49500 151
50000 136
50500 157
51000 154
51500 164
52000 143
52500 161
53000 138
53500 165
54000 129
54500 156
55000 148
55500 125
56000 136
56500 132
57000 130
57500 130
58000 151
58500 140
59000 157
59500 154
60000 156
60500 140
61000 145
61500 123
62000 156
62500 140
63000 125
63500 151
64000 147
64500 136
65000 147
65500 137
66000 142
66500 152
67000 153
67500 136
68000 149
68500 121
69000 147
69500 147
70000 157
70500 158
71000 137
71500 149
72000 165
72500 156
73000 146
73500 151
74000 122
74500 140
75000 150
75500 140
76000 137
76500 134
77000 135
77500 160
78000 137
78500 155
79000 155
79500 121
80000 144
80500 160
81000 145
81500 142
82000 137
82500 144
83000 131
83500 149
84000 145
84500 149
85000 142
85500 148
86000 131
86500 135
87000 147
87500 137
88000 146
88500 122
89000 147
89500 151
90000 138
90500 147
91000 141
91500 154
92000 157
92500 147
93000 139
93500 155
94000 156
94500 148
95000 159
95500 140
96000 136
96500 145
97000 146
97500 137
98000 162
98500 144
99000 128
99500 142
100000 126
100500 124
101000 149
101500 155
102000 143
102500 116
103000 141
103500 149
104000 135
104500 140
105000 153
105500 139
106000 160
106500 143
107000 134
107500 148
108000 136
108500 123
109000 139
109500 138
110000 150
110500 122
111000 139
111500 132
112000 136
112500 143
113000 143
113500 130
114000 142
114500 134
115000 148
115500 119
116000 145
116500 155
117000 158
117500 145
118000 141
118500 151
119000 142
119500 155
120000 140
120500 136
121000 145
121500 150
122000 155
122500 129
123000 143
123500 135
124000 146
124500 150
125000 136
125500 130
126000 131
126500 132
127000 120
127500 124
128000 139
128500 131
129000 138
129500 122
130000 129
130500 125
131000 135
131500 128
132000 142
132500 137
133000 128
133500 147
134000 119
134500 161
135000 126
135500 111
136000 134
136500 127
137000 138
137500 126
138000 137
138500 141
139000 149
139500 137
140000 139
140500 138
141000 139
141500 151
142000 126
142500 117
143000 152
143500 131
144000 138
144500 146
145000 130
145500 126
146000 130
146500 131
147000 117
147500 120
148000 124
148500 118
149000 125
149500 136
150000 131
150500 126
151000 126
151500 127
152000 122
152500 121
153000 116
153500 127
154000 129
154500 124
155000 130
155500 123
156000 117
156500 139
157000 142
157500 152
158000 141
158500 116
159000 144
159500 144
160000 128
160500 140
161000 126
161500 136
162000 139
162500 140
163000 149
163500 127
164000 135
164500 138
165000 161
165500 140
166000 132
166500 125
167000 128
167500 111
168000 115
168500 132
169000 110
169500 114
170000 144
170500 142
171000 147
171500 128
172000 133
172500 144
173000 120
173500 105
174000 128
174500 142
175000 114
175500 130
176000 128
176500 130
177000 137
177500 134
178000 135
178500 135
179000 138
179500 114
180000 130
180500 115
181000 116
181500 95
182000 154
182500 121
183000 122
183500 100
184000 135
184500 127
185000 111
185500 129
186000 118
186500 129
187000 113
187500 114
188000 139
188500 133
189000 114
189500 127
190000 122
190500 127
191000 128
191500 148
192000 139
192500 134
193000 122
193500 125
194000 124
194500 128
195000 122
195500 127
196000 120
196500 130
197000 136
197500 117
198000 137
198500 108
199000 115
199500 145
200000 123
200500 135
201000 115
201500 116
202000 122
202500 117
203000 120
203500 151
204000 113
204500 124
205000 114
205500 126
206000 128
206500 121
207000 122
207500 132
208000 104
208500 99
209000 114
209500 111
210000 125
210500 125
211000 129
211500 119
212000 129
212500 136
213000 107
213500 103
214000 130
214500 115
215000 127
215500 115
216000 100
216500 120
217000 114
217500 134
218000 97
218500 125
219000 115
219500 131
220000 114
220500 103
221000 133
221500 108
222000 120
222500 121
223000 111
223500 137
224000 118
224500 105
225000 125
225500 103
226000 107
226500 106
227000 109
227500 92
228000 108
228500 105
229000 132
229500 120
230000 104
230500 130
231000 111
231500 128
232000 95
232500 124
233000 105
233500 99
234000 120
234500 99
235000 101
235500 108
236000 105
236500 121
237000 95
237500 127
238000 96
238500 121
239000 99
239500 102
240000 112
240500 104
241000 114
241500 99
242000 85
242500 113
243000 120
243500 95
244000 109
244500 119
245000 140
245500 113
246000 117
246500 95
247000 136
247500 95
248000 81
248500 133
249000 111
249500 83
250000 110
250500 96
251000 87
251500 82
252000 101
252500 89
253000 103
253500 89
254000 92
254500 98
255000 105
255500 104
256000 101
256500 88
257000 82
257500 104
258000 86
258500 86
259000 115
259500 116
260000 102
260500 89
261000 105
261500 97
262000 136
262500 111
263000 83
263500 100
264000 91
264500 95
265000 108
265500 104
266000 91
266500 105
267000 83
267500 89
268000 124
268500 107
269000 103
269500 103
270000 103
270500 81
271000 119
271500 105
272000 81
272500 90
273000 89
273500 124
274000 103
274500 94
275000 126
275500 94
276000 97
276500 94
277000 91
277500 79
278000 78
278500 117
279000 92
279500 83
280000 99
280500 78
281000 110
281500 116
282000 91
282500 74
283000 73
283500 77
284000 85
284500 93
285000 86
285500 85
286000 90
286500 86
287000 73
287500 78
288000 85
288500 86
289000 76
289500 81
290000 101
290500 90
291000 94
291500 88
292000 95
292500 77
293000 76
293500 82
294000 79
294500 79
295000 103
295500 81
296000 78
296500 84
297000 105
297500 80
298000 81
298500 89
299000 79
299500 69
300000 78
300500 68
301000 70
301500 68
302000 73
302500 72
303000 72
303500 70
304000 71
304500 77
305000 71
305500 74
306000 127
306500 84
307000 76
307500 75
308000 72
308500 97
309000 76
309500 73
310000 72
310500 71
311000 70
311500 76
312000 69
312500 73
313000 68
313500 68
314000 72
314500 137
315000 84
315500 76
316000 78
316500 97
317000 72
317500 78
318000 72
318500 73
319000 116
319500 86
320000 82
320500 84
321000 77
321500 81
322000 80
322500 77
323000 76
323500 74
324000 81
324500 77
325000 75
325500 70
326000 71
326500 70
327000 70
327500 70
328000 112
328500 83
329000 72
329500 76
330000 73
330500 70
331000 73
331500 71
332000 70
332500 119
333000 76
333500 72
334000 71
334500 73
335000 74
335500 73
336000 158
336500 96
337000 82
337500 73
338000 72
338500 73
339000 72
339500 72
340000 99
340500 135
341000 102
341500 73
342000 72
342500 72
343000 83
343500 136
344000 84
344500 79
345000 75
345500 72
346000 72
346500 69
347000 69
347500 69
348000 67
348500 67
349000 67
349500 67
350000 68
350500 68
351000 68
351500 67
352000 67
352500 67
353000 67
353500 67
354000 67
354500 69
355000 67
355500 68
356000 68
356500 68
357000 67
357500 67
358000 67
358500 67
359000 67
359500 68
360000 67
360500 68
361000 68
361500 67
362000 67
362500 67
363000 67
363500 68
364000 68
364500 67
365000 67
365500 67
366000 67
366500 67
367000 67
367500 67
368000 67
368500 67
369000 67
369500 67
370000 67
370500 67
371000 67
371500 68
372000 68
372500 68
373000 67
373500 67
374000 68
374500 67
375000 67
375500 67
376000 67
376500 67
377000 67
377500 67
378000 67
378500 67
379000 67
379500 67
380000 67
380500 67
381000 67
381500 67
382000 67
382500 67
383000 67
383500 67
384000 67
384500 67
385000 67
385500 68
386000 67
386500 67
387000 67
387500 67
388000 67
388500 67
389000 67
389500 67
390000 67
390500 67
391000 67
391500 67
392000 67
392500 67
393000 67
393500 67
394000 67
394500 67
395000 68
395500 67
396000 67
396500 67
397000 67
397500 67
398000 67
398500 67
399000 67
399500 67
400000 67
400500 67
401000 67
401500 67
402000 67
402500 67
403000 67
403500 67
404000 67
404500 67
405000 67
405500 67
406000 67
406500 67
407000 67
407500 67
408000 67
408500 67
409000 67
409500 67
410000 67
410500 67
411000 67
411500 67
412000 67
412500 67
413000 67
413500 67
414000 67
414500 67
415000 67
415500 67
416000 67
416500 67
417000 67
417500 67
418000 67
418500 67
419000 67
419500 67
420000 67
420500 67
421000 67
421500 67
422000 67
422500 65
423000 65
423500 65
424000 65
424500 65
425000 65
425500 65
426000 65
426500 65
427000 65
427500 65
428000 65
428500 65
429000 65
429500 65
430000 65
430500 65
431000 65
431500 65
432000 65
432500 65
433000 65
433500 65
434000 65
434500 65
435000 65
435500 65
436000 65
436500 65
437000 65
437500 65
438000 65
438500 65
439000 65
439500 65
440000 65
440500 65
441000 65
441500 65
442000 65
442500 65
443000 65
443500 65
444000 65
444500 65
445000 65
445500 65
446000 65
446500 65
447000 65
447500 65
448000 65
448500 65
449000 65
449500 65
450000 65
450500 65
451000 65
451500 65
452000 65
452500 65
453000 65
453500 65
454000 65
454500 65
455000 65
455500 65
456000 65
456500 65
457000 65
457500 65
458000 65
458500 65
459000 65
459500 65
460000 65
460500 65
461000 65
461500 65
462000 65
462500 65
463000 65
463500 65
464000 65
464500 65
465000 65
465500 65
466000 65
466500 65
467000 65
467500 65
468000 65
468500 65
469000 65
469500 65
470000 65
470500 65
471000 65
471500 65
472000 65
472500 65
473000 65
473500 65
474000 65
474500 65
475000 65
475500 65
476000 65
476500 65
477000 65
477500 65
478000 65
478500 65
479000 65
479500 65
480000 65
480500 65
481000 65
481500 65
482000 65
482500 65
483000 65
483500 65
484000 65
484500 65
485000 65
485500 65
486000 65
486500 65
487000 65
487500 65
488000 65
488500 65
489000 65
489500 65
490000 65
490500 65
491000 65
491500 65
492000 65
492500 65
493000 65
493500 65
494000 65
494500 65
495000 65
495500 65
496000 65
496500 65
497000 65
497500 65
498000 65
498500 65
499000 65
499500 65
500000 65
500500 65
501000 65
501500 65
502000 65
502500 65
503000 65
503500 65
504000 65
504500 65
505000 65
505500 65
506000 65
506500 65
507000 65
507500 65
508000 65
508500 65
509000 65
509500 65
510000 65
510500 65
511000 65
511500 65
512000 65
512500 65
513000 65
513500 65
514000 65
514500 65
515000 65
515500 65
516000 65
516500 65
517000 65
517500 65
518000 65
518500 65
519000 65
519500 65
520000 65
520500 65
521000 65
521500 65
522000 65
522500 65
523000 65
523500 65
524000 65
524500 65
525000 65
525500 65
526000 65
526500 65
527000 65
527500 65
528000 65
528500 65
529000 65
529500 65
530000 65
530500 65
531000 65
531500 65
532000 65
532500 65
533000 65
533500 65
534000 65
534500 65
535000 65
535500 65
536000 65
536500 65
537000 65
537500 65
538000 65
538500 65
539000 65
539500 65
540000 65
540500 65
541000 65
541500 65
542000 65
542500 65
543000 65
543500 65
544000 65
544500 65
545000 65
545500 65
546000 65
546500 65
547000 65
547500 65
548000 65
548500 65
549000 65
549500 65
550000 65
550500 65
551000 65
551500 65
552000 65
552500 65
553000 65
553500 65
554000 65
554500 65
555000 65
555500 65
556000 65
556500 65
557000 65
557500 65
558000 65
558500 65
559000 65
559500 65
560000 65
560500 65
561000 65
561500 65
562000 65
562500 65
563000 65
563500 65
564000 65
564500 65
565000 65
565500 65
566000 65
566500 65
567000 65
567500 65
568000 65
568500 65
569000 65
569500 65
570000 65
570500 65
571000 65
571500 65
572000 65
572500 65
573000 65
573500 65
574000 65
574500 65
575000 65
575500 65
576000 65
576500 65
577000 65
577500 65
578000 65
578500 65
579000 65
579500 65
580000 65
580500 65
581000 65
581500 65
582000 65
582500 65
583000 65
583500 65
584000 65
584500 65
585000 65
585500 65
586000 65
586500 65
587000 65
587500 65
588000 65
588500 65
589000 65
589500 65
590000 65
590500 65
591000 65
591500 65
592000 65
592500 65
593000 65
593500 65
594000 65
594500 65
595000 65
595500 65
596000 65
596500 65
597000 65
597500 65
598000 65
598500 65
599000 65
599500 65
600000 65
600500 65
601000 65
601500 65
602000 65
602500 65
603000 65
603500 65
604000 65
604500 65
605000 65
605500 65
606000 65
606500 65
607000 65
607500 65
608000 65
608500 65
609000 65
609500 65
610000 65
610500 65
611000 65
611500 65
612000 65
612500 65
613000 65
613500 65
614000 65
614500 65
615000 65
615500 65
616000 65
616500 65
617000 65
617500 65
618000 65
618500 65
619000 65
619500 65
620000 65
620500 65
621000 65
621500 65
622000 65
622500 65
623000 65
623500 65
624000 65
624500 65
625000 65
625500 65
626000 65
626500 65
627000 65
627500 65
628000 65
628500 65
629000 65
629500 65
630000 65
630500 65
631000 65
631500 65
632000 65
632500 65
633000 65
633500 65
634000 65
634500 65
635000 65
635500 65
636000 65
636500 65
637000 65
637500 65
638000 65
638500 65
639000 65
639500 65
640000 65
640500 65
641000 65
641500 65
642000 65
642500 65
643000 65
643500 65
644000 65
644500 65
645000 65
645500 65
646000 65
646500 65
647000 65
647500 65
648000 65
648500 65
649000 65
649500 65
650000 65
650500 65
651000 65
651500 65
652000 65
652500 65
653000 65
653500 65
654000 65
654500 65
655000 65
655500 65
656000 65
656500 65
657000 65
657500 65
658000 65
658500 65
659000 65
659500 65
660000 65
660500 65
661000 65
661500 65
662000 65
662500 65
663000 65
663500 65
664000 65
664500 65
665000 65
665500 65
666000 65
666500 65
667000 65
667500 65
668000 65
668500 65
669000 65
669500 65
670000 65
670500 65
671000 65
671500 65
672000 65
672500 65
673000 65
673500 65
674000 65
674500 65
675000 65
