200 159
400 124
600 136
800 140
1000 147
1200 149
1400 134
1600 162
1800 135
2000 151
2200 158
2400 152
2600 146
2800 170
3000 153
3200 144
3400 140
3600 140
3800 140
4000 153
4200 155
4400 148
4600 148
4800 157
5000 142
5200 151
5400 134
5600 142
5800 137
6000 147
6200 162
6400 146
6600 153
6800 148
7000 147
7200 146
7400 152
7600 149
7800 151
8000 167
8200 155
8400 160
8600 152
8800 136
9000 164
9200 145
9400 137
9600 130
9800 149
10000 136
10200 144
10400 143
10600 163
10800 144
11000 156
11200 146
11400 155
11600 144
11800 150
12000 167
12200 136
12400 146
12600 176
12800 149
13000 143
13200 140
13400 141
13600 144
13800 131
14000 142
14200 132
14400 140
14600 165
14800 160
15000 146
15200 150
15400 139
15600 163
15800 148
16000 151
16200 149
16400 133
16600 143
16800 130
17000 151
17200 158
17400 155
17600 158
17800 141
18000 143
18200 149
18400 147
18600 145
18800 162
19000 160
19200 169
19400 155
19600 149
19800 138
20000 157
20200 159
20400 142
20600 137
20800 145
21000 142
21200 160
21400 146
21600 171
21800 155
22000 127
22200 146
22400 155
22600 155
22800 140
23000 143
23200 150
23400 134
23600 166
23800 165
24000 138
24200 138
24400 154
24600 114
24800 147
25000 165
25200 132
25400 122
25600 157
25800 131
26000 162
26200 161
26400 158
26600 154
26800 146
27000 159
27200 168
27400 143
27600 149
27800 167
28000 154
28200 151
28400 143
28600 143
28800 154
29000 138
29200 136
29400 155
29600 147
29800 164
30000 142
30200 159
30400 153
30600 137
30800 145
31000 150
31200 135
31400 156
31600 179
31800 145
32000 151
32200 160
32400 142
32600 143
32800 154
33000 163
33200 135
33400 166
33600 155
33800 145
34000 140
34200 153
34400 142
34600 149
34800 159
35000 134
35200 160
35400 139
35600 161
35800 152
36000 156
36200 132
36400 142
36600 158
36800 162
37000 148
37200 145
37400 150
37600 143
37800 160
38000 166
38200 151
38400 143
38600 154
38800 141
39000 151
39200 142
39400 163
39600 151
39800 153
40000 136
40200 156
40400 152
40600 139
40800 166
41000 154
41200 147
41400 154
41600 133
41800 148
42000 143
42200 134
42400 124
42600 160
42800 121
43000 145
43200 155
43400 159
43600 144
43800 163
44000 137
44200 142
44400 155
44600 166
44800 161
45000 158
45200 149
45400 161
45600 178
45800 127
46000 142
46200 165
46400 150
46600 160
46800 151
47000 165
47200 147
47400 131
47600 159
47800 160
48000 156
48200 140
48400 142
48600 145
48800 136
49000 121
49200 155
49400 151
49600 150
49800 167
50000 160
50200 162
50400 168
50600 173
50800 130
51000 165
51200 147
51400 162
51600 154
51800 153
52000 166
52200 139
52400 138
52600 135
52800 150
53000 154
53200 152
53400 153
53600 136
53800 159
54000 168
54200 158
54400 145
54600 154
54800 151
55000 158
55200 153
55400 138
55600 154
55800 167
56000 158
56200 152
56400 149
56600 133
56800 165
57000 155
57200 149
57400 145
57600 135
57800 166
58000 154
58200 180
58400 144
58600 140
58800 133
59000 128
59200 156
59400 146
59600 150
59800 164
60000 165
60200 140
60400 148
60600 161
60800 160
61000 145
61200 144
61400 144
61600 140
61800 150
62000 143
62200 151
62400 145
62600 148
62800 128
63000 167
63200 172
63400 162
63600 147
63800 140
64000 142
64200 165
64400 145
64600 146
64800 165
65000 143
65200 155
65400 156
65600 149
65800 152
66000 157
66200 152
66400 154
66600 133
66800 150
67000 149
67200 153
67400 159
67600 145
67800 146
68000 155
68200 154
68400 162
68600 125
68800 160
69000 151
69200 116
69400 145
69600 145
69800 145
70000 154
70200 142
70400 154
70600 141
70800 142
71000 145
71200 134
71400 155
71600 151
71800 146
72000 163
72200 156
72400 142
72600 148
72800 164
73000 154
73200 141
73400 146
73600 159
73800 164
74000 143
74200 138
74400 129
74600 144
74800 151
75000 148
75200 141
75400 142
75600 144
75800 165
76000 160
76200 154
76400 155
76600 160
76800 150
77000 125
77200 149
77400 153
77600 151
77800 158
78000 149
78200 161
78400 154
78600 157
78800 143
79000 156
79200 143
79400 146
79600 151
79800 157
80000 170
80200 155
80400 151
80600 161
80800 137
81000 147
81200 166
81400 137
81600 155
81800 156
82000 133
82200 172
82400 137
82600 152
82800 157
83000 144
83200 161
83400 148
83600 139
83800 147
84000 148
84200 164
84400 140
84600 153
84800 143
85000 160
85200 156
85400 152
85600 152
85800 160
86000 144
86200 168
86400 148
86600 141
86800 169
87000 176
87200 166
87400 153
87600 160
87800 158
88000 144
88200 166
88400 157
88600 154
88800 157
89000 152
89200 135
89400 156
89600 138
89800 148
90000 152
90200 141
90400 145
90600 156
90800 152
91000 118
91200 168
91400 139
91600 145
91800 158
92000 143
92200 165
92400 166
92600 156
92800 152
93000 154
93200 140
93400 144
93600 159
93800 143
94000 130
94200 147
94400 143
94600 148
94800 166
95000 134
95200 159
95400 130
95600 154
95800 150
96000 148
96200 167
96400 141
96600 154
96800 177
97000 175
97200 163
97400 145
97600 138
97800 131
98000 151
98200 157
98400 135
98600 132
98800 153
99000 148
99200 166
99400 146
99600 150
99800 144
100000 156
100200 149
100400 143
100600 139
100800 142
101000 162
101200 149
101400 164
101600 154
101800 149
102000 148
102200 157
102400 159
102600 147
102800 168
103000 145
103200 137
103400 163
103600 156
103800 157
104000 158
104200 170
104400 149
104600 153
104800 154
105000 145
105200 160
105400 146
105600 171
105800 146
106000 154
106200 164
106400 157
106600 142
106800 149
107000 157
107200 131
107400 149
107600 144
107800 145
108000 149
108200 155
108400 169
108600 150
108800 150
109000 165
109200 139
109400 152
109600 156
109800 149
110000 134
110200 161
110400 160
110600 161
110800 144
111000 140
111200 144
111400 160
111600 141
111800 139
112000 154
112200 143
112400 154
112600 144
112800 155
113000 158
113200 153
113400 147
113600 153
113800 146
114000 151
114200 160
114400 151
114600 157
114800 163
115000 150
115200 138
115400 162
115600 142
115800 140
116000 169
116200 150
116400 164
116600 145
116800 151
117000 142
117200 143
117400 152
117600 144
117800 147
118000 173
118200 164
118400 153
118600 148
118800 158
119000 174
119200 136
119400 144
119600 151
119800 173
120000 139
120200 164
120400 183
120600 146
120800 158
121000 146
121200 167
121400 154
121600 146
121800 154
122000 160
122200 155
122400 138
122600 156
122800 152
123000 150
123200 135
123400 145
123600 156
123800 141
124000 138
124200 152
124400 164
124600 138
124800 170
125000 148
125200 154
125400 146
125600 157
125800 144
126000 140
126200 169
126400 116
126600 140
126800 162
127000 157
127200 138
127400 159
127600 142
127800 140
128000 161
128200 155
128400 151
128600 146
128800 155
129000 133
129200 169
129400 147
129600 157
129800 164
130000 144
130200 166
130400 145
130600 162
130800 149
131000 160
131200 168
131400 151
131600 156
131800 160
132000 128
132200 161
132400 141
132600 149
132800 154
133000 165
133200 129
133400 162
133600 152
133800 137
134000 135
134200 166
134400 149
134600 154
134800 169
135000 140
135200 155
135400 161
135600 162
135800 138
136000 157
136200 143
136400 148
136600 146
136800 139
137000 163
137200 141
137400 143
137600 165
137800 138
138000 161
138200 141
138400 143
138600 153
138800 157
139000 146
139200 150
139400 143
139600 151
139800 129
140000 156
140200 130
140400 162
140600 162
140800 135
141000 156
141200 152
141400 149
141600 151
141800 153
142000 151
142200 146
142400 139
142600 143
142800 125
143000 158
143200 142
143400 154
143600 162
143800 154
144000 160
144200 143
144400 158
144600 156
144800 132
145000 139
145200 143
145400 145
145600 163
145800 149
146000 143
146200 161
146400 124
146600 147
146800 128
147000 153
147200 154
147400 158
147600 173
147800 150
148000 148
148200 142
148400 143
148600 149
148800 137
149000 155
149200 149
149400 175
149600 152
149800 156
150000 153
150200 161
150400 161
150600 172
150800 164
151000 147
151200 131
151400 156
151600 153
151800 136
152000 131
152200 169
152400 124
152600 149
152800 135
153000 151
153200 122
153400 146
153600 142
153800 135
154000 154
154200 152
154400 128
154600 155
154800 137
155000 153
155200 143
155400 145
155600 159
155800 137
156000 143
156200 152
156400 156
156600 146
156800 150
157000 140
157200 156
157400 145
157600 151
157800 173
158000 166
158200 161
158400 151
158600 177
158800 137
159000 132
159200 130
159400 156
159600 155
159800 158
160000 157
160200 142
160400 149
160600 147
160800 140
161000 149
161200 157
161400 142
161600 138
161800 160
162000 143
162200 148
162400 157
162600 142
162800 153
163000 150
163200 155
163400 154
163600 159
163800 126
164000 157
164200 139
164400 144
164600 148
164800 140
165000 148
165200 161
165400 147
165600 162
165800 159
166000 160
166200 136
166400 140
166600 158
166800 157
167000 163
167200 142
167400 153
167600 145
167800 141
168000 155
168200 155
168400 136
168600 152
168800 125
169000 165
169200 156
169400 150
169600 154
169800 135
170000 127
170200 138
170400 141
170600 148
170800 149
171000 143
171200 136
171400 140
171600 168
171800 154
172000 143
172200 145
172400 145
172600 139
172800 125
173000 156
173200 158
173400 156
173600 153
173800 148
174000 162
174200 148
174400 153
174600 159
174800 153
175000 148
175200 168
175400 156
175600 148
175800 169
176000 130
176200 158
176400 132
176600 146
176800 132
177000 159
177200 154
177400 171
177600 163
177800 141
178000 164
178200 140
178400 155
178600 170
178800 164
179000 162
179200 151
179400 134
179600 155
179800 135
180000 142
180200 150
180400 132
180600 124
180800 134
181000 158
181200 154
181400 118
181600 161
181800 143
182000 153
182200 173
182400 147
182600 145
182800 156
183000 148
183200 173
183400 151
183600 128
183800 139
184000 157
184200 157
184400 142
184600 150
184800 130
185000 167
185200 131
185400 162
185600 142
185800 149
186000 150
186200 146
186400 140
186600 145
186800 146
187000 145
187200 147
187400 151
187600 152
187800 156
188000 164
188200 147
188400 130
188600 146
188800 140
189000 157
189200 150
189400 153
189600 156
189800 147
190000 140
190200 164
190400 147
190600 141
190800 167
191000 152
191200 149
191400 177
191600 144
191800 140
192000 166
192200 151
192400 144
192600 146
192800 178
193000 124
193200 175
193400 172
193600 158
193800 143
194000 126
194200 160
194400 157
194600 145
194800 151
195000 152
195200 146
195400 150
195600 160
195800 150
196000 167
196200 168
196400 160
196600 159
196800 167
197000 152
197200 145
197400 178
197600 150
197800 156
198000 153
198200 164
198400 165
198600 153
198800 158
199000 161
199200 149
199400 148
199600 163
199800 160
200000 159
200200 143
200400 145
200600 147
200800 148
201000 151
201200 135
201400 155
201600 165
201800 153
202000 141
202200 159
202400 150
202600 149
202800 136
203000 168
203200 153
203400 162
203600 151
203800 148
204000 155
204200 144
204400 139
204600 163
204800 161
205000 122
205200 154
205400 153
205600 155
205800 149
206000 139
206200 144
206400 139
206600 156
206800 156
207000 160
207200 122
207400 151
207600 133
207800 144
208000 151
208200 139
208400 141
208600 143
208800 147
209000 175
209200 163
209400 147
209600 136
209800 140
210000 147
210200 157
210400 142
210600 156
210800 153
211000 141
211200 154
211400 141
211600 139
211800 137
212000 160
212200 142
212400 152
212600 160
212800 140
213000 152
213200 137
213400 148
213600 150
213800 139
214000 159
214200 153
214400 159
214600 137
214800 142
215000 156
215200 159
215400 140
215600 151
215800 165
216000 154
216200 161
216400 174
216600 136
216800 165
217000 142
217200 161
217400 143
217600 154
217800 157
218000 137
218200 176
218400 158
218600 164
218800 169
219000 149
219200 140
219400 144
219600 161
219800 155
220000 142
220200 143
220400 145
220600 154
220800 131
221000 167
221200 146
221400 152
221600 146
221800 149
222000 152
222200 183
222400 147
222600 147
222800 133
223000 127
223200 165
223400 163
223600 153
223800 167
224000 144
224200 160
224400 142
224600 151
224800 165
225000 148
225200 139
225400 184
225600 141
225800 157
226000 151
226200 152
226400 152
226600 162
226800 148
227000 147
227200 154
227400 167
227600 157
227800 159
228000 152
228200 151
228400 159
228600 135
228800 141
229000 143
229200 131
229400 153
229600 155
229800 148
230000 156
230200 128
230400 148
230600 162
230800 152
231000 169
231200 166
231400 135
231600 155
231800 145
232000 163
232200 153
232400 128
232600 148
232800 142
233000 152
233200 139
233400 148
233600 161
233800 168
234000 149
234200 156
234400 173
234600 135
234800 139
235000 164
235200 152
235400 152
235600 159
235800 166
236000 151
236200 140
236400 154
236600 159
236800 148
237000 149
237200 150
237400 133
237600 156
237800 146
238000 131
238200 157
238400 155
238600 174
238800 145
239000 142
239200 149
239400 137
239600 153
239800 147
240000 146
240200 149
240400 137
240600 149
240800 152
241000 139
241200 136
241400 153
241600 157
241800 137
242000 141
242200 156
242400 130
242600 159
242800 159
243000 132
243200 154
243400 162
243600 143
243800 148
244000 148
244200 149
244400 156
244600 148
244800 132
245000 146
245200 153
245400 156
245600 156
245800 162
246000 158
246200 143
246400 149
246600 154
246800 165
247000 137
247200 147
247400 169
247600 146
247800 154
248000 148
248200 148
248400 159
248600 164
248800 154
249000 148
249200 142
249400 153
249600 162
249800 150
250000 134
250200 166
250400 153
250600 149
250800 168
251000 137
251200 141
251400 143
251600 158
251800 148
252000 164
252200 154
252400 142
252600 156
252800 143
253000 138
253200 142
253400 137
253600 148
253800 147
254000 139
254200 160
254400 143
254600 151
254800 158
255000 163
255200 141
255400 159
255600 133
255800 149
256000 164
256200 144
256400 151
256600 156
256800 134
257000 163
257200 162
257400 164
257600 145
257800 131
258000 144
258200 139
258400 153
258600 167
258800 160
259000 157
259200 132
259400 163
259600 147
259800 134
260000 135
260200 158
260400 139
260600 134
260800 135
261000 156
261200 136
261400 163
261600 159
261800 125
262000 167
262200 149
262400 172
262600 144
262800 153
263000 150
263200 139
263400 169
263600 153
263800 137
264000 158
264200 162
264400 156
264600 158
264800 152
265000 150
265200 156
265400 153
265600 151
265800 143
266000 159
266200 164
266400 156
266600 136
266800 131
267000 130
267200 145
267400 138
267600 135
267800 160
268000 151
268200 141
268400 154
268600 158
268800 160
269000 137
269200 146
269400 162
269600 148
269800 144
270000 167
270200 121
270400 160
270600 168
270800 143
271000 153
271200 156
271400 160
271600 138
271800 150
272000 162
272200 142
272400 151
272600 159
272800 161
273000 144
273200 148
273400 121
273600 152
273800 149
274000 158
274200 179
274400 145
274600 129
274800 161
275000 152
275200 152
275400 170
275600 162
275800 155
276000 150
276200 138
276400 145
276600 149
276800 164
277000 142
277200 147
277400 162
277600 140
277800 158
278000 155
278200 161
278400 133
278600 151
278800 170
279000 139
279200 143
279400 156
279600 142
279800 134
280000 159
280200 141
280400 142
280600 151
280800 156
281000 157
281200 151
281400 155
281600 156
281800 168
282000 162
282200 158
282400 150
282600 131
282800 132
283000 152
283200 168
283400 146
283600 138
283800 157
284000 157
284200 169
284400 147
284600 130
284800 148
285000 150
285200 149
285400 148
285600 159
285800 137
286000 147
286200 136
286400 144
286600 140
286800 149
287000 138
287200 141
287400 156
287600 124
287800 157
288000 151
288200 146
288400 137
288600 156
288800 143
289000 136
289200 137
289400 149
289600 159
289800 150
290000 160
290200 172
290400 148
290600 142
290800 140
291000 153
291200 155
291400 134
291600 151
291800 163
292000 158
292200 142
292400 151
292600 164
292800 150
293000 151
293200 147
293400 150
293600 162
293800 144
294000 161
294200 136
294400 145
294600 152
294800 141
295000 139
295200 175
295400 171
295600 139
295800 153
296000 139
296200 158
296400 146
296600 145
296800 135
297000 142
297200 157
297400 138
297600 155
297800 161
298000 147
298200 149
298400 159
298600 165
298800 157
299000 136
299200 164
299400 165
299600 149
299800 150
300000 156
300200 147
300400 146
300600 169
300800 163
301000 144
301200 151
301400 147
301600 140
301800 163
302000 139
302200 146
302400 157
302600 142
302800 157
303000 143
303200 139
303400 163
303600 159
303800 155
304000 151
304200 156
304400 142
304600 154
304800 155
305000 151
305200 132
305400 143
305600 162
305800 154
306000 139
306200 140
306400 160
306600 157
306800 139
307000 159
307200 150
307400 136
307600 153
307800 156
308000 146
308200 152
308400 131
308600 145
308800 155
309000 144
309200 129
309400 150
309600 146
309800 161
310000 154
310200 158
310400 151
310600 141
310800 159
311000 143
311200 139
311400 156
311600 160
311800 167
312000 155
312200 132
312400 148
312600 139
312800 152
313000 158
313200 140
313400 138
313600 164
313800 161
314000 138
314200 142
314400 148
314600 151
314800 145
315000 145
315200 138
315400 167
315600 157
315800 149
316000 132
316200 133
316400 159
316600 156
316800 154
317000 156
317200 152
317400 164
317600 154
317800 139
318000 160
318200 153
318400 163
318600 148
318800 162
319000 138
319200 150
319400 152
319600 152
319800 134
320000 144
320200 148
320400 150
320600 156
320800 145
321000 127
321200 152
321400 143
321600 149
321800 162
322000 155
322200 152
322400 156
322600 161
322800 152
323000 142
323200 153
323400 153
323600 154
323800 142
324000 114
324200 161
324400 148
324600 106
324800 137
325000 162
325200 129
325400 164
325600 174
325800 163
326000 145
326200 160
326400 145
326600 127
326800 156
327000 156
327200 145
327400 158
327600 143
327800 131
328000 135
328200 159
328400 149
328600 156
328800 155
329000 158
329200 130
329400 150
329600 150
329800 153
330000 128
330200 135
330400 158
330600 158
330800 159
331000 124
331200 161
331400 162
331600 148
331800 143
332000 165
332200 134
332400 156
332600 142
332800 136
333000 130
333200 148
333400 156
333600 163
333800 151
334000 153
334200 143
334400 152
334600 147
334800 166
335000 143
335200 141
335400 152
335600 177
335800 138
336000 147
336200 143
336400 141
336600 161
336800 148
337000 150
337200 142
337400 152
337600 129
337800 155
338000 153
338200 159
338400 143
338600 143
338800 133
339000 158
339200 141
339400 145
339600 150
339800 147
340000 166
340200 136
340400 138
340600 152
340800 138
341000 161
341200 153
341400 133
341600 143
341800 141
342000 138
342200 141
342400 145
342600 135
342800 147
343000 125
343200 150
343400 154
343600 163
343800 153
344000 152
344200 143
344400 138
344600 147
344800 146
345000 146
345200 145
345400 149
345600 141
345800 142
346000 148
346200 144
346400 138
346600 155
346800 163
347000 166
347200 165
347400 164
347600 163
347800 152
348000 159
348200 154
348400 165
348600 146
348800 149
349000 168
349200 155
349400 144
349600 158
349800 154
350000 147
350200 152
350400 131
350600 131
350800 148
351000 140
351200 160
351400 135
351600 133
351800 156
352000 172
352200 141
352400 117
352600 157
352800 132
353000 144
353200 142
353400 156
353600 168
353800 160
354000 148
354200 152
354400 164
354600 148
354800 149
355000 144
355200 171
355400 151
355600 154
355800 157
356000 156
356200 141
356400 135
356600 155
356800 152
357000 165
357200 144
357400 169
357600 147
357800 156
358000 131
358200 164
358400 141
358600 155
358800 139
359000 150
359200 159
359400 134
359600 127
359800 163
360000 134
360200 153
360400 134
360600 158
360800 148
361000 150
361200 145
361400 155
361600 160
361800 130
362000 151
362200 155
362400 132
362600 154
362800 154
363000 150
363200 137
363400 150
363600 142
363800 147
364000 151
364200 126
364400 140
364600 157
364800 156
365000 146
365200 151
365400 132
365600 157
365800 153
366000 166
366200 120
366400 148
366600 144
366800 151
367000 159
367200 132
367400 152
367600 162
367800 154
368000 144
368200 146
368400 156
368600 164
368800 142
369000 142
369200 136
369400 161
369600 137
369800 168
370000 148
370200 154
370400 152
370600 132
370800 155
371000 149
371200 123
371400 148
371600 133
371800 162
372000 151
372200 153
372400 161
372600 167
372800 132
373000 125
373200 160
373400 154
373600 150
373800 156
374000 167
374200 143
374400 145
374600 169
374800 136
375000 149
375200 155
375400 134
375600 135
375800 141
376000 161
376200 138
376400 150
376600 180
376800 155
377000 146
377200 153
377400 153
377600 148
377800 162
378000 143
378200 151
378400 145
378600 157
378800 152
379000 149
379200 154
379400 147
379600 137
379800 124
380000 169
380200 152
380400 147
380600 153
380800 143
381000 158
381200 154
381400 160
381600 143
381800 139
382000 140
382200 172
382400 165
382600 146
382800 135
383000 152
383200 159
383400 135
383600 150
383800 161
384000 149
384200 146
384400 140
384600 166
384800 144
385000 151
385200 138
385400 159
385600 129
385800 158
386000 156
386200 139
386400 156
386600 150
386800 151
387000 164
387200 154
387400 151
387600 146
387800 164
388000 147
388200 146
388400 122
388600 155
388800 145
389000 147
389200 156
389400 163
389600 152
389800 149
390000 134
390200 154
390400 133
390600 150
390800 153
391000 131
391200 137
391400 153
391600 135
391800 144
392000 142
392200 153
392400 143
392600 146
392800 165
393000 153
393200 137
393400 137
393600 128
393800 160
394000 143
394200 135
394400 133
394600 142
394800 159
395000 153
395200 164
395400 158
395600 138
395800 165
396000 144
396200 135
396400 156
396600 151
396800 133
397000 141
397200 166
397400 148
397600 149
397800 143
398000 152
398200 127
398400 149
398600 157
398800 157
399000 156
399200 149
399400 144
399600 139
399800 161
400000 152
400200 166
400400 142
400600 169
400800 169
401000 151
401200 163
401400 151
401600 128
401800 159
402000 137
402200 150
402400 162
402600 141
402800 167
403000 152
403200 120
403400 151
403600 151
403800 157
404000 139
404200 145
404400 147
404600 151
404800 159
405000 138
405200 149
405400 140
405600 157
405800 152
406000 143
406200 163
406400 169
406600 126
406800 146
407000 151
407200 148
407400 128
407600 159
407800 143
408000 165
408200 151
408400 152
408600 175
408800 154
409000 163
409200 132
409400 129
409600 151
409800 160
410000 124
410200 151
410400 125
410600 144
410800 175
411000 148
411200 137
411400 152
411600 159
411800 147
412000 171
412200 145
412400 145
412600 130
412800 152
413000 144
413200 155
413400 143
413600 143
413800 144
414000 152
414200 135
414400 155
414600 146
414800 173
415000 161
415200 147
415400 151
415600 151
415800 166
416000 154
416200 139
416400 162
416600 186
416800 148
417000 153
417200 160
417400 151
417600 145
417800 147
418000 150
418200 139
418400 138
418600 144
418800 147
419000 161
419200 154
419400 159
419600 144
419800 145
420000 156
420200 145
420400 160
420600 149
420800 156
421000 157
421200 138
421400 137
421600 141
421800 136
422000 148
422200 164
422400 126
422600 160
422800 150
423000 150
423200 130
423400 140
423600 146
423800 136
424000 158
424200 150
424400 158
424600 153
424800 127
425000 132
425200 153
425400 153
425600 158
425800 172
426000 151
426200 156
426400 150
426600 148
426800 134
427000 138
427200 159
427400 142
427600 146
427800 137
428000 133
428200 155
428400 147
428600 143
428800 147
429000 142
429200 160
429400 159
429600 135
429800 150
430000 143
430200 158
430400 138
430600 150
430800 142
431000 143
431200 144
431400 154
431600 162
431800 147
432000 157
432200 158
432400 139
432600 159
432800 140
433000 147
433200 139
433400 154
433600 148
433800 156
434000 127
434200 147
434400 146
434600 144
434800 144
435000 135
435200 156
435400 139
435600 146
435800 155
436000 134
436200 149
436400 168
436600 153
436800 134
437000 130
437200 154
437400 156
437600 145
437800 153
438000 146
438200 159
438400 155
438600 148
438800 142
439000 154
439200 140
439400 165
439600 128
439800 132
440000 183
440200 156
440400 158
440600 156
440800 146
441000 151
441200 151
441400 136
441600 157
441800 129
442000 162
442200 145
442400 134
442600 125
442800 144
443000 147
443200 169
443400 149
443600 131
443800 152
444000 134
444200 150
444400 139
444600 173
444800 138
445000 138
445200 154
445400 151
445600 147
445800 163
446000 155
446200 152
446400 142
446600 144
446800 177
447000 141
447200 144
447400 132
447600 132
447800 155
448000 145
448200 159
448400 144
448600 138
448800 148
449000 152
449200 148
449400 148
449600 143
449800 160
450000 146
450200 166
450400 134
450600 162
450800 151
451000 154
451200 127
451400 146
451600 136
451800 142
452000 156
452200 141
452400 140
452600 140
452800 134
453000 168
453200 167
453400 140
453600 142
453800 174
454000 139
454200 137
454400 129
454600 149
454800 149
455000 141
455200 137
455400 138
455600 147
455800 137
456000 162
456200 160
456400 164
456600 162
456800 146
457000 145
457200 133
457400 144
457600 121
457800 133
458000 145
458200 140
458400 153
458600 161
458800 143
459000 167
459200 159
459400 162
459600 151
459800 133
460000 166
460200 143
460400 157
460600 159
460800 162
461000 162
461200 164
461400 140
461600 153
461800 137
462000 161
462200 149
462400 158
462600 141
462800 142
463000 132
463200 159
463400 169
463600 161
463800 143
464000 144
464200 145
464400 138
464600 161
464800 172
465000 151
465200 145
465400 128
465600 173
465800 147
466000 159
466200 142
466400 161
466600 133
466800 149
467000 141
467200 166
467400 151
467600 160
467800 143
468000 148
468200 165
468400 175
468600 156
468800 160
469000 150
469200 155
469400 141
469600 162
469800 163
470000 154
470200 143
470400 158
470600 150
470800 143
471000 153
471200 136
471400 148
471600 145
471800 154
472000 132
472200 157
472400 165
472600 139
472800 167
473000 157
473200 158
473400 141
473600 140
473800 167
474000 146
474200 143
474400 124
474600 170
474800 153
475000 168
475200 165
475400 145
475600 167
475800 149
476000 146
476200 149
476400 140
476600 140
476800 149
477000 170
477200 151
477400 174
477600 136
477800 156
478000 153
478200 157
478400 143
478600 133
478800 130
479000 147
479200 162
479400 148
479600 139
479800 136
480000 139
480200 155
480400 145
480600 153
480800 168
481000 145
481200 142
481400 132
481600 135
481800 151
482000 133
482200 145
482400 152
482600 148
482800 154
483000 139
483200 140
483400 147
483600 156
483800 134
484000 155
484200 135
484400 133
484600 157
484800 148
485000 151
485200 150
485400 146
485600 162
485800 143
486000 150
486200 157
486400 143
486600 146
486800 173
487000 163
487200 146
487400 157
487600 149
487800 141
488000 150
488200 161
488400 149
488600 167
488800 149
489000 143
489200 159
489400 142
489600 162
489800 138
490000 134
490200 153
490400 169
490600 145
490800 159
491000 118
491200 150
491400 152
491600 140
491800 157
492000 156
492200 134
492400 145
492600 134
492800 139
493000 140
493200 158
493400 150
493600 136
493800 150
494000 157
494200 148
494400 140
494600 149
494800 149
495000 150
495200 134
495400 164
495600 158
495800 126
496000 152
496200 136
496400 143
496600 162
496800 143
497000 166
497200 159
497400 156
497600 138
497800 154
498000 149
498200 148
498400 151
498600 148
498800 132
499000 149
499200 162
499400 155
499600 153
499800 164
500000 159
500200 148
500400 140
500600 158
500800 132
501000 145
501200 148
501400 151
501600 125
501800 174
502000 157
502200 142
502400 154
502600 156
502800 146
503000 152
503200 151
503400 123
503600 143
503800 138
504000 155
504200 143
504400 151
504600 140
504800 138
505000 145
505200 151
505400 170
505600 142
505800 143
506000 143
506200 153
506400 166
506600 145
506800 130
507000 162
507200 138
507400 148
507600 148
507800 160
508000 146
508200 141
508400 148
508600 152
508800 158
509000 144
509200 140
509400 134
509600 146
509800 130
510000 134
510200 120
510400 170
510600 149
510800 150
511000 164
511200 137
511400 138
511600 154
511800 142
512000 156
512200 158
512400 135
512600 131
512800 151
513000 152
513200 162
513400 151
513600 167
513800 122
514000 155
514200 148
514400 162
514600 144
514800 159
515000 146
515200 163
515400 132
515600 155
515800 170
516000 135
516200 148
516400 131
516600 141
516800 165
517000 139
517200 144
517400 142
517600 145
517800 163
518000 143
518200 151
518400 150
518600 149
518800 156
519000 154
519200 156
519400 142
519600 142
519800 143
520000 133
520200 159
520400 151
520600 150
520800 147
521000 152
521200 138
521400 157
521600 146
521800 158
522000 177
522200 152
522400 162
522600 159
522800 142
523000 155
523200 153
523400 139
523600 150
523800 162
524000 146
524200 146
524400 128
524600 139
524800 142
525000 149
525200 133
525400 147
525600 119
525800 144
526000 139
526200 157
526400 141
526600 143
526800 154
527000 162
527200 157
527400 170
527600 149
527800 164
528000 160
528200 133
528400 144
528600 170
528800 149
529000 144
529200 159
529400 144
529600 163
529800 169
530000 136
530200 146
530400 154
530600 180
530800 140
531000 140
531200 148
531400 157
531600 145
531800 155
532000 161
532200 163
532400 140
532600 125
532800 167
533000 139
533200 151
533400 151
533600 153
533800 128
534000 152
534200 150
534400 130
534600 148
534800 150
535000 137
535200 147
535400 147
535600 154
535800 156
536000 151
536200 153
536400 131
536600 145
536800 162
537000 156
537200 136
537400 137
537600 156
537800 168
538000 134
538200 139
538400 146
538600 169
538800 159
539000 164
539200 134
539400 167
539600 154
539800 149
540000 149
540200 165
540400 146
540600 155
540800 142
541000 147
541200 173
541400 142
541600 142
541800 147
542000 154
542200 145
542400 138
542600 159
542800 154
543000 129
543200 150
543400 144
543600 154
543800 163
544000 140
544200 160
544400 147
544600 140
544800 147
545000 159
545200 148
545400 156
545600 126
545800 148
546000 144
546200 161
546400 163
546600 106
546800 176
547000 172
547200 138
547400 168
547600 127
547800 148
548000 158
548200 150
548400 131
548600 141
548800 151
549000 162
549200 162
549400 134
549600 142
549800 155
550000 143
550200 148
550400 146
550600 157
550800 157
551000 148
551200 148
551400 131
551600 154
551800 141
552000 148
552200 138
552400 147
552600 154
552800 144
553000 130
553200 145
553400 161
553600 176
553800 140
554000 117
554200 153
554400 140
554600 145
554800 150
555000 153
555200 160
555400 152
555600 161
555800 152
556000 133
556200 140
556400 141
556600 144
556800 134
557000 125
557200 143
557400 151
557600 163
557800 149
558000 145
558200 153
558400 150
558600 154
558800 152
559000 131
559200 150
559400 154
559600 161
559800 170
560000 153
560200 181
560400 137
560600 147
560800 130
561000 146
561200 150
561400 160
561600 158
561800 144
562000 138
562200 147
562400 139
562600 138
562800 142
563000 165
563200 148
563400 146
563600 135
563800 160
564000 162
564200 150
564400 150
564600 169
564800 155
565000 151
565200 152
565400 144
565600 140
565800 148
566000 163
566200 133
566400 150
566600 144
566800 129
567000 158
567200 142
567400 147
567600 155
567800 145
568000 128
568200 147
568400 155
568600 149
568800 174
569000 148
569200 161
569400 168
569600 162
569800 145
570000 146
570200 157
570400 139
570600 153
570800 170
571000 143
571200 137
571400 144
571600 146
571800 147
572000 150
572200 146
572400 169
572600 172
572800 163
573000 142
573200 152
573400 148
573600 127
573800 123
574000 155
574200 142
574400 153
574600 149
574800 141
575000 153
575200 162
575400 159
575600 154
575800 141
576000 145
576200 179
576400 172
576600 166
576800 140
577000 144
577200 133
577400 150
577600 166
577800 136
578000 158
578200 141
578400 138
578600 158
578800 160
579000 154
579200 142
579400 142
579600 144
579800 157
580000 128
580200 148
580400 159
580600 159
580800 167
581000 149
581200 145
581400 156
581600 153
581800 128
582000 161
582200 153
582400 126
582600 164
582800 144
583000 149
583200 140
583400 142
583600 142
583800 159
584000 128
584200 148
584400 143
584600 156
584800 157
585000 136
585200 149
585400 157
585600 111
585800 158
586000 133
586200 158
586400 138
586600 146
586800 148
587000 161
587200 130
587400 151
587600 138
587800 135
588000 138
588200 148
588400 171
588600 149
588800 158
589000 154
589200 133
589400 159
589600 168
589800 146
590000 150
590200 170
590400 139
590600 166
590800 176
591000 156
591200 159
591400 161
591600 168
591800 133
592000 162
592200 164
592400 141
592600 149
592800 175
593000 152
593200 145
593400 149
593600 120
593800 158
594000 161
594200 165
594400 146
594600 160
594800 167
595000 155
595200 145
595400 136
595600 152
595800 143
596000 139
596200 139
596400 149
596600 157
596800 143
597000 137
597200 151
597400 142
597600 138
597800 174
598000 152
598200 152
598400 142
598600 149
598800 137
599000 170
599200 152
599400 149
599600 153
599800 148
600000 157
600200 150
600400 144
600600 154
600800 137
601000 150
601200 129
601400 140
601600 161
601800 151
602000 145
602200 157
602400 151
602600 148
602800 140
603000 153
603200 148
603400 160
603600 165
603800 154
604000 129
604200 155
604400 153
604600 153
604800 156
605000 146
605200 146
605400 143
605600 158
605800 137
606000 146
606200 145
606400 146
606600 147
606800 142
607000 158
607200 161
607400 142
607600 156
607800 139
608000 154
608200 146
608400 137
608600 147
608800 158
609000 157
609200 144
609400 132
609600 154
609800 148
610000 138
610200 139
610400 141
610600 166
610800 150
611000 158
611200 154
611400 153
611600 144
611800 140
612000 136
612200 160
612400 153
612600 152
612800 155
613000 152
613200 146
613400 147
613600 169
613800 150
614000 152
614200 139
614400 139
614600 150
614800 141
615000 143
615200 169
615400 155
615600 161
615800 164
616000 126
616200 141
616400 145
616600 151
616800 146
617000 156
617200 158
617400 145
617600 164
617800 158
618000 133
618200 150
618400 129
618600 147
618800 154
619000 164
619200 160
619400 163
619600 144
619800 154
620000 156
620200 138
620400 143
620600 157
620800 145
621000 158
621200 148
621400 167
621600 163
621800 126
622000 154
622200 159
622400 146
622600 141
622800 143
623000 139
623200 141
623400 131
623600 140
623800 135
624000 174
624200 145
624400 139
624600 142
624800 148
625000 152
625200 153
625400 139
625600 150
625800 159
626000 153
626200 154
626400 169
626600 168
626800 133
627000 157
627200 156
627400 157
627600 138
627800 140
628000 142
628200 136
628400 159
628600 153
628800 151
629000 142
629200 136
629400 154
629600 145
629800 143
630000 148
630200 142
630400 139
630600 138
630800 156
631000 142
631200 160
631400 141
631600 150
631800 148
632000 128
632200 151
632400 156
632600 159
632800 159
633000 146
633200 148
633400 158
633600 162
633800 151
634000 142
634200 151
634400 136
634600 148
634800 176
635000 140
635200 143
635400 156
635600 142
635800 128
636000 165
636200 154
636400 116
636600 156
636800 137
637000 147
637200 154
637400 138
637600 154
637800 163
638000 156
638200 168
638400 144
638600 152
638800 142
639000 155
639200 160
639400 131
639600 126
639800 146
640000 153
640200 155
640400 156
640600 143
640800 158
641000 161
641200 144
641400 148
641600 159
641800 152
642000 162
642200 160
642400 145
642600 161
642800 141
643000 147
643200 159
643400 169
643600 136
643800 153
644000 152
644200 148
644400 155
644600 147
644800 145
645000 150
645200 151
645400 153
645600 149
645800 155
646000 158
646200 146
646400 158
646600 157
646800 138
647000 154
647200 163
647400 151
647600 150
647800 163
648000 145
648200 139
648400 153
648600 143
648800 156
649000 153
649200 149
649400 153
649600 163
649800 151
650000 133
650200 149
650400 140
650600 149
650800 153
651000 127
651200 164
651400 158
651600 156
651800 147
652000 152
652200 147
652400 160
652600 162
652800 153
653000 145
653200 144
653400 142
653600 121
653800 131
654000 158
654200 134
654400 146
654600 159
654800 140
655000 158
655200 156
655400 144
655600 155
655800 139
656000 162
656200 137
656400 144
656600 153
656800 156
657000 161
657200 169
657400 158
657600 158
657800 152
658000 157
658200 162
658400 158
658600 141
658800 141
659000 145
659200 142
659400 131
659600 152
659800 159
660000 140
660200 149
660400 169
660600 140
660800 149
661000 150
661200 138
661400 159
661600 134
661800 138
662000 159
662200 157
662400 157
662600 145
662800 147
663000 153
663200 151
663400 157
663600 154
663800 158
664000 176
664200 128
664400 153
664600 147
664800 158
665000 152
665200 145
665400 141
665600 156
665800 147
666000 159
666200 151
666400 167
666600 159
666800 137
667000 139
667200 158
667400 162
667600 153
667800 150
668000 155
668200 160
668400 142
668600 174
668800 153
669000 162
669200 166
669400 151
669600 152
669800 165
670000 160
670200 135
670400 163
670600 161
670800 151
671000 158
671200 155
671400 149
671600 147
671800 124
672000 138
672200 161
672400 136
672600 146
672800 153
673000 134
673200 128
673400 150
673600 139
673800 144
674000 144
674200 143
674400 165
674600 136
674800 151
675000 153
675200 147
675400 157
675600 164
675800 159
676000 167
676200 155
676400 161
676600 146
676800 136
677000 141
677200 136
677400 149
677600 161
677800 155
678000 153
678200 145
678400 145
678600 137
678800 155
679000 141
679200 148
679400 137
679600 163
679800 150
680000 147
680200 152
680400 147
680600 147
680800 166
681000 149
681200 163
681400 160
681600 144
681800 161
682000 160
682200 153
682400 146
682600 142
682800 133
683000 133
683200 154
683400 149
683600 131
683800 153
684000 152
684200 168
684400 161
684600 162
684800 142
685000 163
685200 127
685400 151
685600 146
685800 142
686000 152
686200 149
686400 146
686600 169
686800 161
687000 147
687200 145
687400 152
687600 141
687800 160
688000 158
688200 161
688400 147
688600 151
688800 145
689000 149
689200 146
689400 142
689600 153
689800 138
690000 147
690200 150
690400 152
690600 155
690800 161
691000 138
691200 139
691400 146
691600 159
691800 120
692000 148
692200 139
692400 123
692600 160
692800 152
693000 148
693200 141
693400 162
693600 165
693800 144
694000 125
694200 138
694400 148
694600 143
694800 159
695000 149
695200 164
695400 142
695600 145
695800 134
696000 152
696200 156
696400 155
696600 154
696800 163
697000 143
697200 156
697400 156
697600 149
697800 163
698000 143
698200 143
698400 144
698600 144
698800 150
699000 154
699200 143
699400 128
699600 157
699800 160
700000 149
700200 170
700400 155
700600 134
700800 141
701000 155
701200 156
701400 154
701600 144
701800 130
702000 129
702200 146
702400 155
702600 138
702800 147
703000 150
703200 129
703400 158
703600 172
703800 159
704000 151
704200 131
704400 159
704600 133
704800 142
705000 161
705200 165
705400 148
705600 134
705800 170
706000 162
706200 143
706400 163
706600 149
706800 159
707000 171
707200 149
707400 152
707600 167
707800 143
708000 121
708200 154
708400 141
708600 144
708800 126
709000 143
709200 143
709400 143
709600 151
709800 134
710000 145
710200 144
710400 160
710600 137
710800 157
711000 151
711200 137
711400 150
711600 152
711800 163
712000 151
712200 141
712400 161
712600 129
712800 158
713000 138
713200 151
713400 153
713600 157
713800 158
714000 131
714200 157
714400 147
714600 148
714800 151
715000 129
715200 139
715400 158
715600 164
715800 141
716000 140
716200 166
716400 160
716600 145
716800 156
717000 158
717200 162
717400 159
717600 158
717800 147
718000 157
718200 142
718400 155
718600 145
718800 136
719000 173
719200 141
719400 152
719600 152
719800 137
720000 145
720200 144
720400 148
720600 151
720800 147
721000 139
721200 141
721400 149
721600 154
721800 159
722000 161
722200 143
722400 146
722600 147
722800 136
723000 152
723200 165
723400 130
723600 159
723800 147
724000 138
724200 155
724400 151
724600 129
724800 153
725000 140
725200 134
725400 164
725600 141
725800 156
726000 160
726200 157
726400 155
726600 136
726800 131
727000 129
727200 142
727400 158
727600 149
727800 156
728000 167
728200 146
728400 155
728600 148
728800 147
729000 151
729200 160
729400 140
729600 138
729800 150
730000 151
730200 155
730400 150
730600 148
730800 151
731000 143
731200 146
731400 141
731600 132
731800 143
732000 177
732200 149
732400 159
732600 168
732800 163
733000 163
733200 150
733400 168
733600 178
733800 136
734000 155
734200 158
734400 156
734600 151
734800 165
735000 149
735200 163
735400 148
735600 148
735800 174
736000 150
736200 159
736400 137
736600 167
736800 151
737000 164
737200 166
737400 160
737600 163
737800 162
738000 158
738200 151
738400 129
738600 156
738800 165
739000 151
739200 159
739400 151
739600 159
739800 157
740000 156
740200 146
740400 148
740600 144
740800 140
741000 145
741200 159
741400 138
741600 146
741800 155
742000 166
742200 154
742400 159
742600 153
742800 157
743000 159
743200 119
743400 146
743600 148
743800 139
744000 129
744200 162
744400 175
744600 145
744800 148
745000 178
745200 139
745400 142
745600 143
745800 135
746000 147
746200 165
746400 159
746600 157
746800 147
747000 155
747200 143
747400 162
747600 142
747800 142
748000 139
748200 137
748400 153
748600 153
748800 136
749000 151
749200 143
749400 141
749600 133
749800 145
750000 123
750200 140
750400 147
750600 166
750800 136
751000 157
751200 149
751400 173
751600 152
751800 171
752000 160
752200 152
752400 128
752600 134
752800 166
753000 168
753200 147
753400 153
753600 144
753800 152
754000 159
754200 166
754400 142
754600 162
754800 155
755000 140
755200 129
755400 143
755600 155
755800 146
756000 151
756200 160
756400 156
756600 153
756800 164
757000 144
757200 135
757400 168
757600 140
757800 143
758000 148
758200 160
758400 133
758600 136
758800 130
759000 159
759200 130
759400 159
759600 135
759800 131
760000 157
760200 157
760400 152
760600 156
760800 154
761000 147
761200 157
761400 153
761600 152
761800 148
762000 144
762200 154
762400 153
762600 132
762800 149
763000 147
763200 159
763400 142
763600 149
763800 153
764000 149
764200 140
764400 169
764600 153
764800 144
765000 156
765200 131
765400 148
765600 155
765800 165
766000 149
766200 164
766400 149
766600 159
766800 173
767000 137
767200 152
767400 142
767600 139
767800 158
768000 141
768200 162
768400 171
768600 138
768800 145
769000 156
769200 154
769400 137
769600 160
769800 140
770000 144
770200 159
770400 145
770600 143
770800 139
771000 166
771200 142
771400 150
771600 153
771800 153
772000 150
772200 171
772400 150
772600 133
772800 161
773000 147
773200 130
773400 143
773600 159
773800 152
774000 158
774200 145
774400 155
774600 158
774800 157
775000 128
775200 143
775400 151
775600 149
775800 128
776000 131
776200 161
776400 166
776600 145
776800 134
777000 143
777200 155
777400 159
777600 154
777800 162
778000 170
778200 140
778400 164
778600 160
778800 157
779000 137
779200 143
779400 154
779600 160
779800 154
780000 140
780200 144
780400 147
780600 163
780800 143
781000 155
781200 141
781400 150
781600 146
781800 136
782000 156
782200 148
782400 155
782600 140
782800 141
783000 137
783200 166
783400 155
783600 153
783800 155
784000 171
784200 152
784400 146
784600 136
784800 160
785000 152
785200 151
785400 167
785600 159
785800 143
786000 165
786200 152
786400 156
786600 146
786800 160
787000 151
787200 141
787400 159
787600 148
787800 143
788000 157
788200 140
788400 159
788600 149
788800 129
789000 156
789200 152
789400 150
789600 150
789800 134
790000 159
790200 143
790400 156
790600 141
790800 142
791000 134
791200 134
791400 143
791600 157
791800 141
792000 156
792200 152
792400 142
792600 144
792800 136
793000 157
793200 167
793400 142
793600 153
793800 150
794000 153
794200 155
794400 157
794600 145
794800 170
795000 151
795200 158
795400 173
795600 147
795800 155
796000 146
796200 159
796400 152
796600 134
796800 149
797000 136
797200 167
797400 137
797600 167
797800 151
798000 138
798200 157
798400 155
798600 142
798800 175
799000 151
799200 165
799400 151
799600 165
799800 151
800000 157
800200 143
800400 156
800600 169
800800 144
801000 138
801200 151
801400 151
801600 139
801800 148
802000 136
802200 162
802400 151
802600 159
802800 150
803000 155
803200 148
803400 137
803600 144
803800 179
804000 163
804200 142
804400 126
804600 141
804800 160
805000 164
805200 150
805400 139
805600 161
805800 146
806000 134
806200 161
806400 161
806600 148
806800 134
807000 154
807200 148
807400 131
807600 136
807800 136
808000 152
808200 145
808400 142
808600 165
808800 143
809000 158
809200 156
809400 165
809600 146
809800 145
810000 143
810200 126
810400 160
810600 153
810800 149
811000 146
811200 147
811400 160
811600 143
811800 156
812000 152
812200 154
812400 145
812600 154
812800 155
813000 149
813200 165
813400 132
813600 156
813800 150
814000 159
814200 151
814400 143
814600 150
814800 141
815000 149
815200 138
815400 166
815600 146
815800 125
816000 134
816200 153
816400 173
816600 136
816800 155
817000 158
817200 151
817400 153
817600 141
817800 155
818000 135
818200 135
818400 158
818600 154
818800 135
819000 130
819200 167
819400 156
819600 140
819800 153
820000 136
820200 156
820400 160
820600 131
820800 161
821000 154
821200 145
821400 140
821600 157
821800 158
822000 155
822200 150
822400 155
822600 159
822800 152
823000 147
823200 142
823400 136
823600 140
823800 162
824000 134
824200 143
824400 163
824600 164
824800 175
825000 140
825200 163
825400 159
825600 157
825800 164
826000 142
826200 132
826400 161
826600 143
826800 130
827000 162
827200 172
827400 153
827600 170
827800 161
828000 141
828200 150
828400 156
828600 158
828800 131
829000 174
829200 148
829400 162
829600 127
829800 155
830000 158
830200 155
830400 146
830600 155
830800 154
831000 152
831200 135
831400 137
831600 149
831800 150
832000 165
832200 169
832400 140
832600 150
832800 151
833000 135
833200 147
833400 148
833600 138
833800 155
834000 143
834200 167
834400 144
834600 148
834800 162
835000 141
835200 147
835400 157
835600 145
835800 149
836000 138
836200 159
836400 141
836600 149
836800 138
837000 154
837200 144
837400 140
837600 155
837800 165
838000 161
838200 151
838400 145
838600 159
838800 136
839000 148
839200 152
839400 160
839600 146
839800 149
840000 156
840200 135
840400 156
840600 145
840800 163
841000 155
841200 145
841400 148
841600 135
841800 147
842000 137
842200 158
842400 163
842600 155
842800 181
843000 147
843200 149
843400 145
843600 156
843800 156
844000 160
844200 151
844400 149
844600 149
844800 175
845000 119
845200 159
845400 170
845600 154
845800 163
846000 145
846200 153
846400 153
846600 130
846800 138
847000 160
847200 133
847400 143
847600 156
847800 157
848000 141
848200 144
848400 145
848600 151
848800 127
849000 134
849200 160
849400 141
849600 151
849800 148
850000 164
850200 147
850400 138
850600 130
850800 169
851000 153
851200 162
851400 137
851600 137
851800 155
852000 170
852200 143
852400 133
852600 148
852800 130
853000 158
853200 145
853400 175
853600 128
853800 153
854000 149
854200 160
854400 154
854600 135
854800 139
855000 126
855200 165
855400 160
855600 159
855800 129
856000 163
856200 149
856400 150
856600 137
856800 158
857000 147
857200 152
857400 169
857600 146
857800 133
858000 152
858200 151
858400 152
858600 148
858800 135
859000 132
859200 140
859400 144
859600 141
859800 131
860000 139
860200 118
860400 141
860600 145
860800 137
861000 151
861200 138
861400 125
861600 139
861800 151
862000 132
862200 135
862400 121
862600 180
862800 150
863000 163
863200 155
863400 154
863600 177
863800 148
864000 164
864200 145
864400 153
864600 149
864800 146
865000 142
865200 161
865400 143
865600 139
865800 164
866000 149
866200 145
866400 145
866600 144
866800 144
867000 164
867200 152
867400 161
867600 169
867800 153
868000 142
868200 154
868400 148
868600 118
868800 136
869000 143
869200 140
869400 146
869600 159
869800 154
870000 148
870200 131
870400 146
870600 150
870800 139
871000 141
871200 141
871400 148
871600 143
871800 153
872000 129
872200 149
872400 161
872600 156
872800 144
873000 164
873200 136
873400 146
873600 154
873800 155
874000 131
874200 156
874400 148
874600 145
874800 154
875000 143
875200 138
875400 146
875600 153
875800 154
876000 160
876200 147
876400 160
876600 137
876800 141
877000 124
877200 146
877400 149
877600 118
877800 140
878000 149
878200 156
878400 150
878600 137
878800 146
879000 165
879200 145
879400 152
879600 150
879800 139
880000 143
880200 152
880400 154
880600 156
880800 165
881000 146
881200 139
881400 153
881600 134
881800 143
882000 147
882200 156
882400 130
882600 159
882800 159
883000 164
883200 136
883400 165
883600 162
883800 143
884000 165
884200 145
884400 153
884600 154
884800 148
885000 135
885200 156
885400 152
885600 164
885800 161
886000 143
886200 130
886400 163
886600 152
886800 132
887000 130
887200 156
887400 169
887600 168
887800 139
888000 151
888200 144
888400 142
888600 145
888800 148
889000 143
889200 152
889400 138
889600 159
889800 157
890000 142
890200 144
890400 151
890600 133
890800 153
891000 149
891200 173
891400 129
891600 154
891800 146
892000 138
892200 134
892400 163
892600 153
892800 148
893000 151
893200 145
893400 146
893600 168
893800 143
894000 134
894200 158
894400 149
894600 143
894800 158
895000 130
895200 142
895400 155
895600 149
895800 146
896000 143
896200 147
896400 145
896600 155
896800 153
897000 140
897200 145
897400 143
897600 158
897800 147
898000 146
898200 147
898400 133
898600 149
898800 131
899000 131
899200 138
899400 144
899600 143
899800 144
900000 168
900200 137
900400 144
900600 155
900800 140
901000 140
901200 160
901400 138
901600 142
901800 167
902000 163
902200 156
902400 167
902600 158
902800 147
903000 152
903200 163
903400 138
903600 144
903800 169
904000 147
904200 152
904400 138
904600 158
904800 158
905000 124
905200 146
905400 159
905600 144
905800 138
906000 157
906200 166
906400 154
906600 150
906800 138
907000 138
907200 159
907400 144
907600 155
907800 143
908000 163
908200 142
908400 141
908600 145
908800 153
909000 137
909200 147
909400 127
909600 130
909800 129
910000 133
910200 167
910400 135
910600 126
910800 167
911000 146
911200 154
911400 148
911600 149
911800 135
912000 166
912200 161
912400 141
912600 152
912800 142
913000 143
913200 149
913400 158
913600 152
913800 154
914000 137
914200 155
914400 158
914600 163
914800 135
915000 148
915200 138
915400 155
915600 145
915800 144
916000 138
916200 140
916400 155
916600 174
916800 145
917000 136
917200 157
917400 150
917600 153
917800 154
918000 155
918200 150
918400 158
918600 148
918800 168
919000 150
919200 153
919400 159
919600 172
919800 166
920000 161
920200 147
920400 146
920600 153
920800 147
921000 154
921200 142
921400 170
921600 144
921800 147
922000 146
922200 157
922400 148
922600 168
922800 166
923000 146
923200 152
923400 149
923600 144
923800 160
924000 143
924200 151
924400 145
924600 171
924800 159
925000 146
925200 152
925400 146
925600 168
925800 158
926000 151
926200 138
926400 156
926600 149
926800 159
927000 149
927200 150
927400 159
927600 132
927800 155
928000 119
928200 134
928400 141
928600 155
928800 157
929000 144
929200 144
929400 134
929600 159
929800 153
930000 155
930200 150
930400 155
930600 150
930800 178
931000 142
931200 141
931400 141
931600 152
931800 147
932000 146
932200 125
932400 162
932600 163
932800 137
933000 165
933200 158
933400 140
933600 151
933800 161
934000 160
934200 149
934400 154
934600 173
934800 164
935000 136
935200 153
935400 143
935600 146
935800 141
936000 152
936200 151
936400 164
936600 134
936800 137
937000 147
937200 153
937400 150
937600 146
937800 161
938000 161
938200 147
938400 141
938600 154
938800 123
939000 152
939200 156
939400 143
939600 160
939800 141
940000 147
940200 158
940400 160
940600 146
940800 146
941000 138
941200 159
941400 143
941600 154
941800 162
942000 149
942200 153
942400 131
942600 155
942800 151
943000 136
943200 152
943400 137
943600 173
943800 145
944000 155
944200 126
944400 162
944600 148
944800 161
945000 138
945200 144
945400 147
945600 147
945800 148
946000 136
946200 151
946400 139
946600 129
946800 175
947000 131
947200 149
947400 146
947600 158
947800 161
948000 153
948200 159
948400 149
948600 142
948800 153
949000 132
949200 153
949400 133
949600 155
949800 149
950000 154
950200 134
950400 153
950600 143
950800 166
951000 152
951200 139
951400 159
951600 146
951800 128
952000 171
952200 146
952400 159
952600 160
952800 155
953000 162
953200 143
953400 155
953600 156
953800 140
954000 159
954200 148
954400 137
954600 164
954800 147
955000 139
955200 144
955400 143
955600 154
955800 133
956000 147
956200 142
956400 131
956600 145
956800 174
957000 155
957200 160
957400 157
957600 147
957800 141
958000 159
958200 141
958400 145
958600 148
958800 158
959000 134
959200 151
959400 162
959600 152
959800 164
960000 162
960200 147
960400 155
960600 161
960800 150
961000 143
961200 163
961400 154
961600 136
961800 146
962000 149
962200 140
962400 155
962600 159
962800 145
963000 143
963200 148
963400 130
963600 150
963800 159
964000 162
964200 147
964400 152
964600 149
964800 168
965000 149
965200 163
965400 159
965600 133
965800 133
966000 151
966200 153
966400 135
966600 155
966800 149
967000 137
967200 162
967400 153
967600 139
967800 153
968000 137
968200 144
968400 142
968600 170
968800 149
969000 169
969200 162
969400 153
969600 144
969800 159
970000 148
970200 159
970400 164
970600 142
970800 148
971000 152
971200 156
971400 131
971600 130
971800 134
972000 161
972200 168
972400 150
972600 150
972800 153
973000 161
973200 158
973400 116
973600 140
973800 135
974000 157
974200 174
974400 149
974600 153
974800 134
975000 141
975200 150
975400 147
975600 141
975800 157
976000 142
976200 164
976400 149
976600 147
976800 119
977000 162
977200 133
977400 149
977600 148
977800 158
978000 150
978200 132
978400 154
978600 121
978800 140
979000 155
979200 135
979400 164
979600 155
979800 144
980000 150
980200 148
980400 149
980600 153
980800 147
981000 146
981200 150
981400 160
981600 149
981800 161
982000 164
982200 162
982400 148
982600 166
982800 154
983000 149
983200 155
983400 157
983600 155
983800 157
984000 158
984200 134
984400 138
984600 145
984800 132
985000 165
985200 132
985400 138
985600 145
985800 159
986000 165
986200 146
986400 141
986600 144
986800 168
987000 155
987200 140
987400 160
987600 172
987800 137
988000 156
988200 153
988400 146
988600 168
988800 154
989000 148
989200 143
989400 135
989600 139
989800 153
990000 149
990200 125
990400 161
990600 147
990800 143
991000 143
991200 160
991400 135
991600 153
991800 144
992000 154
992200 151
992400 156
992600 169
992800 121
993000 142
993200 170
993400 149
993600 160
993800 166
994000 149
994200 153
994400 152
994600 162
994800 141
995000 163
995200 171
995400 152
995600 132
995800 151
996000 133
996200 146
996400 118
996600 154
996800 136
997000 150
997200 154
997400 132
997600 133
997800 150
998000 147
998200 142
998400 153
998600 137
998800 153
999000 157
999200 160
999400 129
999600 138
999800 150
1000000 131
