500 156
1000 161
1500 141
2000 159
2500 148
3000 155
3500 149
4000 151
4500 139
5000 143
5500 159
6000 144
6500 162
7000 153
7500 141
8000 142
8500 141
9000 152
9500 163
10000 147
10500 164
11000 156
11500 161
12000 150
12500 163
13000 151
13500 146
14000 149
14500 159
15000 135
15500 156
16000 145
16500 140
17000 155
17500 146
18000 144
18500 162
19000 147
19500 144
20000 145
20500 162
21000 139
21500 146
22000 143
22500 145
23000 136
23500 145
24000 149
24500 155
25000 152
25500 149
26000 147
26500 141
27000 152
27500 142
28000 152
28500 141
29000 140
29500 142
30000 137
30500 146
31000 156
31500 150
32000 129
32500 144
33000 135
33500 134
34000 150
34500 156
35000 154
35500 141
36000 148
36500 144
37000 146
37500 148
38000 153
38500 154
39000 148
39500 146
40000 150
40500 155
41000 151
41500 142
42000 153
42500 146
43000 140
43500 117
44000 157
44500 146
45000 145
45500 158
46000 143
46500 133
47000 133
47500 168
48000 124
48500 149
49000 142
49500 138
50000 150
50500 140
51000 167
51500 131
52000 111
52500 164
53000 132
53500 158
54000 159
54500 147
55000 125
55500 145
56000 144
56500 133
57000 164
57500 121
58000 138
58500 133
59000 163
59500 133
60000 158
60500 117
61000 140
61500 146
62000 142
62500 152
63000 157
63500 115
64000 138
64500 157
65000 138
65500 164
66000 144
66500 138
67000 144
67500 109
68000 149
68500 166
69000 134
69500 137
70000 135
70500 155
71000 131
71500 140
72000 130
72500 145
73000 148
73500 133
74000 145
74500 139
75000 140
75500 150
76000 156
76500 124
77000 142
77500 146
78000 147
78500 136
79000 157
79500 146
80000 139
80500 151
81000 133
81500 138
82000 126
82500 130
83000 149
83500 147
84000 159
84500 141
85000 159
85500 145
86000 135
86500 151
87000 150
87500 139
88000 145
88500 130
89000 141
89500 131
90000 135
90500 148
91000 150
91500 144
92000 139
92500 139
93000 141
93500 133
94000 143
94500 134
95000 147
95500 154
96000 140
96500 162
97000 145
97500 145
98000 161
98500 143
99000 124
99500 153
100000 139
100500 127
101000 137
101500 143
102000 147
102500 135
103000 120
103500 133
104000 145
104500 137
105000 126
105500 132
106000 150
106500 127
107000 140
107500 132
108000 136
108500 127
109000 154
109500 135
110000 142
110500 139
111000 151
111500 125
112000 147
112500 144
113000 130
113500 152
114000 129
114500 128
115000 129
115500 143
116000 133
116500 138
117000 132
117500 139
118000 143
118500 143
119000 136
119500 135
120000 146
120500 149
121000 139
121500 164
122000 135
122500 142
123000 142
123500 124
124000 147
124500 119
125000 130
125500 133
126000 134
126500 121
127000 134
127500 141
128000 144
128500 139
129000 154
129500 137
130000 132
130500 130
131000 138
131500 141
132000 135
132500 129
133000 150
133500 121
134000 126
134500 120
135000 144
135500 141
136000 130
136500 111
137000 136
137500 136
138000 127
138500 108
139000 152
139500 126
140000 150
140500 144
141000 139
141500 122
142000 159
142500 128
143000 107
143500 148
144000 131
144500 141
145000 127
145500 120
146000 134
146500 133
147000 139
147500 130
148000 139
148500 145
149000 145
149500 132
150000 155
150500 99
151000 129
151500 143
152000 112
152500 129
153000 144
153500 132
154000 113
154500 129
155000 129
155500 150
156000 129
156500 132
157000 122
157500 120
158000 117
158500 123
159000 141
159500 129
160000 153
160500 128
161000 116
161500 130
162000 118
162500 113
163000 137
163500 113
164000 118
164500 136
165000 147
165500 149
166000 119
166500 137
167000 123
167500 140
168000 127
168500 139
169000 123
169500 139
170000 144
170500 142
171000 134
171500 143
172000 112
172500 133
173000 116
173500 130
174000 134
174500 111
175000 121
175500 128
176000 127
176500 132
177000 117
177500 115
178000 129
178500 122
179000 139
179500 124
180000 112
180500 119
181000 132
181500 128
182000 127
182500 115
183000 137
183500 111
184000 114
184500 105
185000 127
185500 135
186000 126
186500 117
187000 146
187500 134
188000 110
188500 111
189000 139
189500 130
190000 130
190500 138
191000 126
191500 108
192000 118
192500 109
193000 113
193500 142
194000 126
194500 117
195000 105
195500 122
196000 152
196500 138
197000 128
197500 148
198000 139
198500 125
199000 142
199500 130
200000 142
200500 116
201000 107
201500 125
202000 104
202500 94
203000 132
203500 101
204000 154
204500 99
205000 120
205500 124
206000 137
206500 111
207000 110
207500 106
208000 109
208500 141
209000 117
209500 118
210000 115
210500 125
211000 108
211500 119
212000 141
212500 118
213000 122
213500 134
214000 111
214500 124
215000 121
215500 115
216000 130
216500 123
217000 113
217500 131
218000 112
218500 131
219000 134
219500 125
220000 100
220500 115
221000 104
221500 125
222000 117
222500 101
223000 108
223500 148
224000 109
224500 117
225000 111
225500 96
226000 119
226500 90
227000 121
227500 94
228000 118
228500 121
229000 90
229500 105
230000 111
230500 111
231000 122
231500 106
232000 133
232500 99
233000 115
233500 97
234000 106
234500 137
235000 99
235500 117
236000 122
236500 107
237000 92
237500 124
238000 119
238500 106
239000 116
239500 142
240000 129
240500 121
241000 102
241500 121
242000 96
242500 98
243000 101
243500 103
244000 106
244500 98
245000 104
245500 122
246000 104
246500 124
247000 100
247500 105
248000 104
248500 96
249000 103
249500 107
250000 111
250500 127
251000 89
251500 92
252000 115
252500 99
253000 93
253500 109
254000 97
254500 91
255000 126
255500 79
256000 95
256500 129
257000 94
257500 109
258000 100
258500 87
259000 110
259500 93
260000 86
260500 89
261000 92
261500 96
262000 94
262500 86
263000 142
263500 90
264000 104
264500 103
265000 145
265500 101
266000 85
266500 106
267000 91
267500 104
268000 92
268500 92
269000 86
269500 99
270000 100
270500 131
271000 85
271500 94
272000 110
272500 125
273000 99
273500 86
274000 96
274500 106
275000 103
275500 80
276000 127
276500 101
277000 89
277500 89
278000 88
278500 81
279000 113
279500 92
280000 89
280500 91
281000 85
281500 88
282000 82
282500 86
283000 77
283500 77
284000 93
284500 84
285000 84
285500 93
286000 79
286500 79
287000 78
287500 81
288000 92
288500 85
289000 74
289500 105
290000 81
290500 88
291000 84
291500 79
292000 92
292500 81
293000 82
293500 78
294000 75
294500 82
295000 86
295500 87
296000 79
296500 82
297000 91
297500 85
298000 83
298500 91
299000 91
299500 91
300000 86
300500 73
301000 73
301500 78
302000 75
302500 73
303000 155
303500 87
304000 79
304500 71
305000 72
305500 70
306000 78
306500 100
307000 78
307500 72
308000 71
308500 70
309000 76
309500 71
310000 73
310500 98
311000 148
311500 84
312000 77
312500 76
313000 75
313500 75
314000 76
314500 75
315000 79
315500 79
316000 79
316500 66
317000 66
317500 68
318000 65
318500 67
319000 68
319500 67
320000 70
320500 68
321000 68
321500 75
322000 68
322500 70
323000 71
323500 70
324000 69
324500 71
325000 66
325500 125
326000 82
326500 74
327000 73
327500 75
328000 74
328500 94
329000 79
329500 80
330000 106
330500 73
331000 70
331500 69
332000 69
332500 69
333000 71
333500 70
334000 68
334500 67
335000 67
335500 67
336000 66
336500 66
337000 66
337500 66
338000 67
338500 66
339000 66
339500 66
340000 66
340500 68
341000 69
341500 68
342000 67
342500 66
343000 65
343500 65
344000 69
344500 65
345000 65
345500 65
346000 65
346500 65
347000 65
347500 65
348000 67
348500 65
349000 65
349500 69
350000 66
350500 66
351000 66
351500 66
352000 66
352500 67
353000 66
353500 66
354000 68
354500 68
355000 66
355500 67
356000 67
356500 67
357000 67
357500 66
358000 66
358500 65
359000 65
359500 65
360000 65
360500 65
361000 65
361500 65
362000 65
362500 65
363000 65
363500 65
364000 66
364500 66
365000 66
365500 65
366000 65
366500 66
367000 66
367500 65
368000 65
368500 65
369000 65
369500 67
370000 66
370500 65
371000 65
371500 65
372000 65
372500 65
373000 65
373500 65
374000 65
374500 65
375000 68
375500 66
376000 66
376500 66
377000 66
377500 66
378000 66
378500 66
379000 66
379500 66
380000 66
380500 66
381000 66
381500 66
382000 66
382500 66
383000 66
383500 66
384000 66
384500 66
385000 66
385500 66
386000 66
386500 66
387000 66
387500 66
388000 66
388500 66
389000 66
389500 66
390000 66
390500 66
391000 66
391500 67
392000 66
392500 66
393000 66
393500 66
394000 66
394500 66
395000 66
395500 66
396000 67
396500 66
397000 66
397500 67
398000 65
398500 65
399000 65
399500 65
400000 65
400500 65
401000 65
401500 65
402000 65
402500 65
403000 65
403500 65
404000 65
404500 65
405000 65
405500 65
406000 65
406500 65
407000 65
407500 65
408000 65
408500 65
409000 65
409500 65
410000 65
410500 65
411000 65
411500 65
412000 65
412500 65
413000 65
413500 65
414000 65
414500 65
415000 65
415500 65
416000 65
416500 65
417000 65
417500 65
418000 65
418500 65
419000 65
419500 65
420000 65
420500 65
421000 65
421500 65
422000 65
422500 65
423000 65
423500 65
424000 65
424500 65
425000 65
425500 65
426000 65
426500 65
427000 65
427500 65
428000 65
428500 65
429000 65
429500 65
430000 65
430500 65
431000 65
431500 65
432000 65
432500 65
433000 65
433500 65
434000 65
434500 65
435000 65
435500 65
436000 65
436500 65
437000 65
437500 65
438000 65
438500 65
439000 65
439500 65
440000 65
440500 65
441000 65
441500 65
442000 65
442500 65
443000 65
443500 65
444000 65
444500 65
445000 65
445500 65
446000 65
446500 65
447000 65
447500 65
448000 65
448500 65
449000 65
449500 65
450000 65
450500 65
451000 65
451500 65
452000 65
452500 65
453000 65
453500 65
454000 65
454500 65
455000 65
455500 65
456000 65
456500 65
457000 65
457500 65
458000 65
458500 65
459000 65
459500 65
460000 65
460500 65
461000 65
461500 65
462000 65
462500 65
463000 65
463500 65
464000 65
464500 65
465000 65
465500 65
466000 65
466500 65
467000 65
467500 65
468000 65
468500 65
469000 65
469500 65
470000 65
470500 65
471000 65
471500 65
472000 65
472500 65
473000 65
473500 65
474000 65
474500 65
475000 65
475500 65
476000 65
476500 65
477000 65
477500 65
478000 65
478500 65
479000 65
479500 65
480000 65
480500 65
481000 65
481500 65
482000 65
482500 65
483000 65
483500 65
484000 65
484500 65
485000 65
485500 65
486000 65
486500 65
487000 65
487500 65
488000 65
488500 65
489000 65
489500 65
490000 65
490500 65
491000 65
491500 65
492000 65
492500 65
493000 65
493500 65
494000 65
494500 65
495000 65
495500 65
496000 65
496500 65
497000 65
497500 65
498000 65
498500 65
499000 65
499500 65
500000 65
500500 65
501000 65
501500 65
502000 65
502500 65
503000 65
503500 65
504000 65
504500 65
505000 65
505500 65
506000 65
506500 65
507000 65
507500 65
508000 65
508500 65
509000 65
509500 65
510000 65
510500 65
511000 65
511500 65
512000 65
512500 65
513000 65
513500 65
514000 65
514500 65
515000 65
515500 65
516000 65
516500 65
517000 65
517500 65
518000 65
518500 65
519000 65
519500 65
520000 65
520500 65
521000 65
521500 65
522000 65
522500 65
523000 65
523500 65
524000 65
524500 65
525000 65
525500 65
526000 65
526500 65
527000 65
527500 65
528000 65
528500 65
529000 65
529500 65
530000 65
530500 65
531000 65
531500 65
532000 65
532500 65
533000 65
533500 65
534000 65
534500 65
535000 65
535500 65
536000 65
536500 65
537000 65
537500 65
538000 65
538500 65
539000 65
539500 65
540000 65
540500 65
541000 65
541500 65
542000 65
542500 65
543000 65
543500 65
544000 65
544500 65
545000 65
545500 65
546000 65
546500 65
547000 65
547500 65
548000 65
548500 65
549000 65
549500 65
550000 65
550500 65
551000 65
551500 65
552000 65
552500 65
553000 65
553500 65
554000 65
554500 65
555000 65
555500 65
556000 65
556500 65
557000 65
557500 65
558000 65
558500 65
559000 65
559500 65
560000 65
560500 65
561000 65
561500 65
562000 65
562500 65
563000 65
563500 65
564000 65
564500 65
565000 65
565500 65
566000 65
566500 65
567000 65
567500 65
568000 65
568500 65
569000 65
569500 65
570000 65
570500 65
571000 65
571500 65
572000 65
572500 65
573000 65
573500 65
574000 65
574500 65
575000 65
575500 65
576000 65
576500 65
577000 65
577500 65
578000 65
578500 65
579000 65
579500 65
580000 65
580500 65
581000 65
581500 65
582000 65
582500 65
583000 65
583500 65
584000 65
584500 65
585000 65
585500 65
586000 65
586500 65
587000 65
587500 65
588000 65
588500 65
589000 65
589500 65
590000 65
590500 65
591000 65
591500 65
592000 65
592500 65
593000 65
593500 65
594000 65
594500 65
595000 65
595500 65
596000 65
596500 65
597000 65
597500 65
598000 65
598500 65
599000 65
599500 65
600000 65
600500 65
601000 65
601500 65
602000 65
602500 65
603000 65
603500 65
604000 65
604500 65
605000 65
605500 65
606000 65
606500 65
607000 65
607500 65
608000 65
608500 65
609000 65
609500 65
610000 65
610500 65
611000 65
611500 65
612000 65
612500 65
613000 65
613500 65
614000 65
614500 65
615000 65
615500 65
616000 65
616500 65
617000 65
617500 65
618000 65
618500 65
619000 65
619500 65
620000 65
620500 65
621000 65
621500 65
622000 65
622500 65
623000 65
623500 65
624000 65
624500 65
625000 65
625500 65
626000 65
626500 65
627000 65
627500 65
628000 65
628500 65
629000 65
629500 65
630000 65
630500 65
631000 65
631500 65
632000 65
632500 65
633000 65
633500 65
634000 65
634500 65
635000 65
635500 65
636000 65
636500 65
637000 65
637500 65
638000 65
638500 65
639000 65
639500 65
640000 65
640500 65
641000 65
641500 65
642000 65
642500 65
643000 65
643500 65
644000 65
644500 65
645000 65
645500 65
646000 65
646500 65
647000 65
647500 65
648000 65
648500 65
649000 65
649500 65
650000 65
650500 65
651000 65
651500 65
652000 65
652500 65
653000 65
653500 65
654000 65
654500 65
655000 65
655500 65
656000 65
656500 65
657000 65
657500 65
658000 65
658500 65
659000 65
659500 65
660000 65
660500 65
661000 65
661500 65
662000 65
662500 65
663000 65
663500 65
664000 65
664500 65
665000 65
665500 65
666000 65
666500 65
667000 65
667500 65
668000 65
668500 65
669000 65
669500 65
670000 65
670500 65
671000 65
671500 65
672000 65
672500 65
673000 65
673500 65
674000 65
674500 65
675000 65
