500 136
1000 154
1500 159
2000 148
2500 165
3000 145
3500 144
4000 155
4500 162
5000 145
5500 151
6000 148
6500 158
7000 149
7500 135
8000 157
8500 163
9000 142
9500 174
10000 149
10500 170
11000 144
11500 153
12000 146
12500 141
13000 145
13500 153
14000 152
14500 183
15000 165
15500 152
16000 148
16500 141
17000 152
17500 157
18000 148
18500 149
19000 148
19500 151
20000 148
20500 150
21000 147
21500 152
22000 162
22500 142
23000 156
23500 138
24000 147
24500 144
25000 154
25500 131
26000 150
26500 147
27000 161
27500 142
28000 150
28500 137
29000 152
29500 142
30000 144
30500 151
31000 141
31500 154
32000 131
32500 156
33000 145
33500 153
34000 149
34500 135
35000 160
35500 147
36000 145
36500 136
37000 144
37500 148
38000 147
38500 158
39000 143
39500 146
40000 155
40500 127
41000 148
41500 159
42000 158
42500 156
43000 137
43500 152
44000 148
44500 120
45000 137
45500 131
46000 149
46500 134
47000 150
47500 167
48000 123
48500 134
49000 160
49500 143
50000 150
50500 147
51000 140
51500 153
52000 145
52500 149
53000 142
53500 150
54000 164
54500 162
55000 147
55500 143
56000 137
56500 143
57000 146
57500 152
58000 133
58500 158
59000 140
59500 152
60000 141
60500 152
61000 128
61500 159
62000 146
62500 171
63000 145
63500 130
64000 132
64500 137
65000 128
65500 145
66000 154
66500 137
67000 135
67500 157
68000 161
68500 169
69000 140
69500 155
70000 147
70500 143
71000 147
71500 144
72000 164
72500 165
73000 149
73500 143
74000 157
74500 141
75000 143
75500 148
76000 149
76500 137
77000 145
77500 162
78000 139
78500 149
79000 149
79500 169
80000 140
80500 141
81000 138
81500 163
82000 158
82500 163
83000 153
83500 131
84000 141
84500 157
85000 142
85500 151
86000 163
86500 138
87000 135
87500 177
88000 165
88500 137
89000 134
89500 163
90000 143
90500 158
91000 147
91500 156
92000 124
92500 129
93000 167
93500 148
94000 137
94500 143
95000 133
95500 142
96000 149
96500 155
97000 158
97500 152
98000 147
98500 150
99000 167
99500 128
100000 146
100500 125
101000 128
101500 143
102000 150
102500 124
103000 149
103500 134
104000 133
104500 140
105000 142
105500 130
106000 147
106500 145
107000 143
107500 135
108000 123
108500 126
109000 115
109500 132
110000 131
110500 144
111000 138
111500 146
112000 136
112500 140
113000 136
113500 143
114000 124
114500 153
115000 139
115500 138
116000 148
116500 168
117000 138
117500 133
118000 142
118500 115
119000 131
119500 125
120000 146
120500 139
121000 153
121500 146
122000 146
122500 146
123000 134
123500 121
124000 140
124500 122
125000 175
125500 138
126000 150
126500 124
127000 161
127500 106
128000 143
128500 139
129000 154
129500 136
130000 136
130500 147
131000 135
131500 138
132000 152
132500 140
133000 140
133500 156
134000 127
134500 142
135000 137
135500 125
136000 138
136500 149
137000 134
137500 139
138000 146
138500 148
139000 155
139500 138
140000 126
140500 155
141000 139
141500 134
142000 148
142500 134
143000 135
143500 132
144000 146
144500 144
145000 117
145500 129
146000 131
146500 148
147000 157
147500 131
148000 133
148500 163
149000 143
149500 124
150000 136
150500 135
151000 151
151500 136
152000 152
152500 132
153000 138
153500 137
154000 145
154500 149
155000 147
155500 152
156000 121
156500 150
157000 146
157500 148
158000 160
158500 106
159000 136
159500 133
160000 134
160500 141
161000 151
161500 141
162000 130
162500 127
163000 154
163500 136
164000 109
164500 152
165000 137
165500 141
166000 157
166500 127
167000 141
167500 143
168000 134
168500 143
169000 135
169500 127
170000 147
170500 130
171000 147
171500 143
172000 134
172500 128
173000 146
173500 135
174000 142
174500 135
175000 139
175500 139
176000 128
176500 135
177000 146
177500 157
178000 141
178500 158
179000 157
179500 116
180000 136
180500 148
181000 138
181500 135
182000 159
182500 123
183000 137
183500 130
184000 121
184500 157
185000 132
185500 145
186000 138
186500 143
187000 156
187500 138
188000 142
188500 141
189000 141
189500 122
190000 135
190500 157
191000 143
191500 124
192000 145
192500 148
193000 137
193500 140
194000 155
194500 132
195000 139
195500 150
196000 134
196500 138
197000 141
197500 133
198000 162
198500 140
199000 125
199500 141
200000 147
200500 138
201000 109
201500 111
202000 134
202500 134
203000 115
203500 92
204000 136
204500 125
205000 97
205500 111
206000 109
206500 133
207000 125
207500 144
208000 118
208500 118
209000 126
209500 107
210000 122
210500 119
211000 117
211500 113
212000 106
212500 112
213000 127
213500 140
214000 111
214500 107
215000 113
215500 121
216000 107
216500 110
217000 104
217500 112
218000 129
218500 101
219000 137
219500 138
220000 114
220500 117
221000 135
221500 129
222000 107
222500 109
223000 114
223500 103
224000 121
224500 102
225000 131
225500 111
226000 119
226500 139
227000 105
227500 104
228000 112
228500 116
229000 111
229500 108
230000 117
230500 131
231000 111
231500 121
232000 112
232500 97
233000 115
233500 128
234000 122
234500 113
235000 117
235500 129
236000 107
236500 116
237000 136
237500 130
238000 126
238500 104
239000 111
239500 129
240000 120
240500 101
241000 135
241500 106
242000 115
242500 110
243000 108
243500 123
244000 115
244500 112
245000 121
245500 125
246000 134
246500 104
247000 131
247500 118
248000 120
248500 99
249000 112
249500 111
250000 106
250500 122
251000 98
251500 137
252000 125
252500 113
253000 120
253500 124
254000 110
254500 138
255000 111
255500 123
256000 108
256500 112
257000 101
257500 126
258000 126
258500 120
259000 124
259500 103
260000 112
260500 124
261000 117
261500 101
262000 110
262500 105
263000 109
263500 146
264000 120
264500 117
265000 129
265500 120
266000 121
266500 125
267000 112
267500 119
268000 118
268500 111
269000 96
269500 123
270000 110
270500 118
271000 116
271500 110
272000 124
272500 143
273000 150
273500 137
274000 106
274500 120
275000 112
275500 102
276000 103
276500 113
277000 107
277500 115
278000 118
278500 108
279000 123
279500 117
280000 112
280500 132
281000 102
281500 125
282000 125
282500 125
283000 106
283500 126
284000 111
284500 120
285000 118
285500 117
286000 111
286500 110
287000 135
287500 110
288000 122
288500 126
289000 118
289500 139
290000 107
290500 114
291000 140
291500 115
292000 119
292500 128
293000 114
293500 114
294000 113
294500 115
295000 126
295500 101
296000 106
296500 123
297000 104
297500 109
298000 119
298500 120
299000 118
299500 118
300000 91
300500 78
301000 74
301500 72
302000 74
302500 79
303000 100
303500 85
304000 79
304500 76
305000 81
305500 71
306000 74
306500 76
307000 74
307500 106
308000 82
308500 75
309000 69
309500 73
310000 69
310500 76
311000 76
311500 71
312000 71
312500 81
313000 77
313500 76
314000 80
314500 74
315000 74
315500 96
316000 91
316500 79
317000 72
317500 72
318000 100
318500 78
319000 72
319500 75
320000 71
320500 72
321000 72
321500 74
322000 75
322500 71
323000 117
323500 151
324000 83
324500 76
325000 76
325500 75
326000 116
326500 82
327000 78
327500 77
328000 137
328500 81
329000 72
329500 73
330000 79
330500 76
331000 72
331500 76
332000 72
332500 70
333000 88
333500 77
334000 74
334500 92
335000 107
335500 93
336000 73
336500 69
337000 93
337500 75
338000 72
338500 69
339000 134
339500 89
340000 133
340500 84
341000 76
341500 77
342000 92
342500 79
343000 74
343500 81
344000 118
344500 78
345000 94
345500 86
346000 81
346500 76
347000 74
347500 74
348000 73
348500 77
349000 71
349500 73
350000 77
350500 72
351000 73
351500 72
352000 90
352500 77
353000 82
353500 132
354000 77
354500 105
355000 90
355500 106
356000 76
356500 124
357000 91
357500 79
358000 74
358500 70
359000 75
359500 75
360000 80
360500 80
361000 73
361500 71
362000 70
362500 71
363000 71
363500 71
364000 71
364500 76
365000 72
365500 77
366000 76
366500 80
367000 75
367500 88
368000 85
368500 83
369000 81
369500 106
370000 77
370500 74
371000 76
371500 72
372000 73
372500 73
373000 71
373500 73
374000 71
374500 71
375000 69
375500 69
376000 70
376500 70
377000 71
377500 75
378000 73
378500 77
379000 77
379500 78
380000 89
380500 90
381000 81
381500 121
382000 147
382500 90
383000 79
383500 78
384000 79
384500 128
385000 79
385500 73
386000 72
386500 74
387000 72
387500 70
388000 72
388500 77
389000 71
389500 77
390000 107
390500 82
391000 105
391500 79
392000 75
392500 90
393000 76
393500 75
394000 73
394500 76
395000 73
395500 71
396000 70
396500 69
397000 66
397500 66
398000 66
398500 71
399000 74
399500 71
400000 71
400500 68
401000 66
401500 66
402000 66
402500 66
403000 66
403500 66
404000 66
404500 66
405000 66
405500 66
406000 66
406500 66
407000 66
407500 66
408000 66
408500 66
409000 66
409500 66
410000 66
410500 66
411000 66
411500 66
412000 66
412500 66
413000 66
413500 66
414000 67
414500 67
415000 66
415500 66
416000 66
416500 66
417000 66
417500 66
418000 66
418500 66
419000 66
419500 66
420000 66
420500 66
421000 66
421500 66
422000 65
422500 65
423000 65
423500 65
424000 65
424500 65
425000 65
425500 65
426000 65
426500 65
427000 65
427500 65
428000 65
428500 65
429000 65
429500 65
430000 65
430500 65
431000 65
431500 65
432000 65
432500 65
433000 65
433500 65
434000 65
434500 65
435000 65
435500 65
436000 65
436500 65
437000 65
437500 65
438000 65
438500 65
439000 65
439500 65
440000 65
440500 65
441000 65
441500 65
442000 65
442500 65
443000 65
443500 65
444000 65
444500 65
445000 65
445500 65
446000 65
446500 65
447000 65
447500 65
448000 66
448500 65
449000 65
449500 65
450000 65
450500 65
451000 65
451500 65
452000 65
452500 65
453000 65
453500 65
454000 65
454500 65
455000 65
455500 65
456000 65
456500 65
457000 65
457500 65
458000 65
458500 65
459000 65
459500 65
460000 65
460500 65
461000 65
461500 65
462000 65
462500 65
463000 65
463500 65
464000 65
464500 65
465000 65
465500 65
466000 65
466500 65
467000 65
467500 65
468000 65
468500 65
469000 65
469500 65
470000 65
470500 65
471000 65
471500 65
472000 65
472500 65
473000 65
473500 65
474000 65
474500 65
475000 65
475500 65
476000 65
476500 65
477000 65
477500 65
478000 65
478500 65
479000 65
479500 65
480000 65
480500 65
481000 65
481500 65
482000 65
482500 65
483000 65
483500 65
484000 65
484500 65
485000 65
485500 65
486000 65
486500 65
487000 65
487500 65
488000 65
488500 65
489000 65
489500 65
490000 65
490500 65
491000 65
491500 65
492000 65
492500 65
493000 65
493500 65
494000 65
494500 65
495000 65
495500 65
496000 65
496500 65
497000 65
497500 65
498000 65
498500 65
499000 65
499500 65
500000 65
500500 65
501000 65
501500 65
502000 65
502500 65
503000 65
503500 65
504000 65
504500 65
505000 65
505500 65
506000 65
506500 65
507000 65
507500 65
508000 65
508500 65
509000 65
509500 65
510000 65
510500 65
511000 65
511500 65
512000 65
512500 65
513000 65
513500 65
514000 65
514500 65
515000 65
515500 65
516000 65
516500 65
517000 65
517500 65
518000 65
518500 65
519000 65
519500 65
520000 65
520500 65
521000 65
521500 65
522000 65
522500 65
523000 65
523500 65
524000 65
524500 65
525000 65
525500 65
526000 65
526500 65
527000 65
527500 65
528000 65
528500 65
529000 65
529500 65
530000 65
530500 65
531000 65
531500 65
532000 65
532500 65
533000 65
533500 65
534000 65
534500 65
535000 65
535500 65
536000 65
536500 65
537000 65
537500 65
538000 65
538500 65
539000 65
539500 65
540000 65
540500 65
541000 65
541500 65
542000 65
542500 65
543000 65
543500 65
544000 65
544500 65
545000 65
545500 65
546000 65
546500 65
547000 65
547500 65
548000 65
548500 65
549000 65
549500 65
550000 65
550500 65
551000 65
551500 65
552000 65
552500 65
553000 65
553500 65
554000 65
554500 65
555000 65
555500 65
556000 65
556500 65
557000 65
557500 65
558000 65
558500 65
559000 65
559500 65
560000 65
560500 65
561000 65
561500 65
562000 65
562500 65
563000 65
563500 65
564000 65
564500 65
565000 65
565500 65
566000 65
566500 65
567000 65
567500 65
568000 65
568500 65
569000 65
569500 65
570000 65
570500 65
571000 65
571500 65
572000 65
572500 65
573000 65
573500 65
574000 65
574500 65
575000 65
575500 65
576000 65
576500 65
577000 65
577500 65
578000 65
578500 65
579000 65
579500 65
580000 65
580500 65
581000 65
581500 65
582000 65
582500 65
583000 65
583500 65
584000 65
584500 65
585000 65
585500 65
586000 65
586500 65
587000 65
587500 65
588000 65
588500 65
589000 65
589500 65
590000 65
590500 65
591000 65
591500 65
592000 65
592500 65
593000 65
593500 65
594000 65
594500 65
595000 65
595500 65
596000 65
596500 65
597000 65
597500 65
598000 65
598500 65
599000 65
599500 65
600000 65
600500 65
601000 65
601500 65
602000 65
602500 65
603000 65
603500 65
604000 65
604500 65
605000 65
605500 65
606000 65
606500 65
607000 65
607500 65
608000 65
608500 65
609000 65
609500 65
610000 65
610500 65
611000 65
611500 65
612000 65
612500 65
613000 65
613500 65
614000 65
614500 65
615000 65
615500 65
616000 65
616500 65
617000 65
617500 65
618000 65
618500 65
619000 65
619500 65
620000 65
620500 65
621000 65
621500 65
622000 65
622500 65
623000 65
623500 65
624000 65
624500 65
625000 65
625500 65
626000 65
626500 65
627000 65
627500 65
628000 65
628500 65
629000 65
629500 65
630000 65
630500 65
631000 65
631500 65
632000 65
632500 65
633000 65
633500 65
634000 65
634500 65
635000 65
635500 65
636000 65
636500 65
637000 65
637500 65
638000 65
638500 65
639000 65
639500 65
640000 65
640500 65
641000 65
641500 65
642000 65
642500 65
643000 65
643500 65
644000 65
644500 65
645000 65
645500 65
646000 65
646500 65
647000 65
647500 65
648000 65
648500 65
649000 65
649500 65
650000 65
650500 65
651000 65
651500 65
652000 65
652500 65
653000 65
653500 65
654000 65
654500 65
655000 65
655500 65
656000 65
656500 65
657000 65
657500 65
658000 65
658500 65
659000 65
659500 65
660000 65
660500 65
661000 65
661500 65
662000 65
662500 65
663000 65
663500 65
664000 65
664500 65
665000 65
665500 65
666000 65
666500 65
667000 65
667500 65
668000 65
668500 65
669000 65
669500 65
670000 65
670500 65
671000 65
671500 65
672000 65
672500 65
673000 65
673500 65
674000 65
674500 65
675000 65
675500 65
676000 65
676500 65
677000 65
677500 65
678000 65
678500 65
679000 65
679500 65
680000 65
680500 65
681000 65
681500 65
682000 65
682500 65
683000 65
683500 65
684000 65
684500 65
685000 65
685500 65
686000 65
686500 65
687000 65
687500 65
688000 65
688500 65
689000 65
689500 65
690000 65
690500 65
691000 65
691500 65
692000 65
692500 65
693000 65
693500 65
694000 65
694500 65
695000 65
695500 65
696000 65
696500 65
697000 65
697500 65
698000 65
698500 65
699000 65
699500 65
700000 65
