500 500.000
1000 500.000
1500 500.000
2000 500.000
2500 500.000
3000 500.000
3500 500.000
4000 500.000
4500 500.000
5000 500.000
5500 500.000
6000 500.000
6500 500.000
7000 500.000
7500 500.000
8000 500.000
8500 500.000
9000 500.000
9500 500.000
10000 500.000
10500 500.000
11000 500.000
11500 500.000
12000 500.000
12500 500.000
13000 500.000
13500 500.000
14000 500.000
14500 500.000
15000 500.000
15500 500.000
16000 500.000
16500 500.000
17000 500.000
17500 500.000
18000 500.000
18500 500.000
19000 500.000
19500 500.000
20000 500.000
20500 500.000
21000 500.000
21500 500.000
22000 500.000
22500 500.000
23000 500.000
23500 500.000
24000 500.000
24500 500.000
25000 500.000
25500 500.000
26000 500.000
26500 500.000
27000 500.000
27500 500.000
28000 500.000
28500 500.000
29000 500.000
29500 500.000
30000 500.000
30500 500.000
31000 500.000
31500 500.000
32000 500.000
32500 500.000
33000 500.000
33500 500.000
34000 500.000
34500 500.000
35000 500.000
35500 500.000
36000 500.000
36500 500.000
37000 500.000
37500 500.000
38000 500.000
38500 500.000
39000 500.000
39500 500.000
40000 500.000
40500 500.000
41000 500.000
41500 500.000
42000 500.000
42500 500.000
43000 500.000
43500 500.000
44000 500.000
44500 500.000
45000 500.000
45500 500.000
46000 500.000
46500 500.000
47000 500.000
47500 500.000
48000 500.000
48500 500.000
49000 500.000
49500 500.000
50000 500.000
50500 500.000
51000 500.000
51500 500.000
52000 500.000
52500 500.000
53000 500.000
53500 500.000
54000 500.000
54500 500.000
55000 500.000
55500 500.000
56000 500.000
56500 500.000
57000 500.000
57500 500.000
58000 500.000
58500 500.000
59000 500.000
59500 500.000
60000 500.000
60500 500.000
61000 500.000
61500 500.000
62000 500.000
62500 500.000
63000 500.000
63500 500.000
64000 500.000
64500 500.000
65000 500.000
65500 500.000
66000 500.000
66500 500.000
67000 500.000
67500 500.000
68000 500.000
68500 500.000
69000 500.000
69500 500.000
70000 500.000
70500 500.000
71000 500.000
71500 500.000
72000 500.000
72500 500.000
73000 500.000
73500 500.000
74000 500.000
74500 500.000
75000 500.000
75500 500.000
76000 500.000
76500 500.000
77000 500.000
77500 500.000
78000 500.000
78500 500.000
79000 500.000
79500 500.000
80000 500.000
80500 500.000
81000 500.000
81500 500.000
82000 500.000
82500 500.000
83000 500.000
83500 500.000
84000 500.000
84500 500.000
85000 500.000
85500 500.000
86000 500.000
86500 500.000
87000 500.000
87500 500.000
88000 500.000
88500 500.000
89000 500.000
89500 500.000
90000 500.000
90500 500.000
91000 500.000
91500 500.000
92000 500.000
92500 500.000
93000 500.000
93500 500.000
94000 500.000
94500 500.000
95000 500.000
95500 500.000
96000 500.000
96500 500.000
97000 500.000
97500 500.000
98000 500.000
98500 500.000
99000 500.000
99500 500.000
100000 67.661
100500 67.661
101000 67.661
101500 67.661
102000 67.661
102500 67.661
103000 67.661
103500 67.661
104000 67.661
104500 67.661
105000 67.661
105500 67.661
106000 67.661
106500 67.661
107000 67.661
107500 67.661
108000 67.661
108500 67.661
109000 67.661
109500 67.661
110000 67.661
110500 67.661
111000 67.661
111500 67.661
112000 67.661
112500 67.661
113000 67.661
113500 67.661
114000 67.661
114500 67.661
115000 67.661
115500 67.661
116000 67.661
116500 67.661
117000 67.661
117500 67.661
118000 67.661
118500 67.661
119000 67.661
119500 67.661
120000 67.661
120500 67.661
121000 67.661
121500 67.661
122000 67.661
122500 67.661
123000 67.661
123500 67.661
124000 67.661
124500 67.661
125000 67.661
125500 67.661
126000 67.661
126500 67.661
127000 67.661
127500 67.661
128000 67.661
128500 67.661
129000 67.661
129500 67.661
130000 67.661
130500 67.661
131000 67.661
131500 67.661
132000 67.661
132500 67.661
133000 67.661
133500 67.661
134000 67.661
134500 67.661
135000 67.661
135500 67.661
136000 67.661
136500 67.661
137000 67.661
137500 67.661
138000 67.661
138500 67.661
139000 67.661
139500 67.661
140000 67.661
140500 67.661
141000 67.661
141500 67.661
142000 67.661
142500 67.661
143000 67.661
143500 67.661
144000 67.661
144500 67.661
145000 67.661
145500 67.661
146000 67.661
146500 67.661
147000 67.661
147500 67.661
148000 67.661
148500 67.661
149000 67.661
149500 67.661
150000 67.661
150500 67.661
151000 67.661
151500 67.661
152000 67.661
152500 67.661
153000 67.661
153500 67.661
154000 67.661
154500 67.661
155000 67.661
155500 67.661
156000 67.661
156500 67.661
157000 67.661
157500 67.661
158000 67.661
158500 67.661
159000 67.661
159500 67.661
160000 67.661
160500 67.661
161000 67.661
161500 67.661
162000 67.661
162500 67.661
163000 67.661
163500 67.661
164000 67.661
164500 67.661
165000 67.661
165500 67.661
166000 67.661
166500 67.661
167000 67.661
167500 67.661
168000 67.661
168500 67.661
169000 67.661
169500 67.661
170000 67.661
170500 67.661
171000 67.661
171500 67.661
172000 67.661
172500 67.661
173000 67.661
173500 67.661
174000 67.661
174500 67.661
175000 67.661
175500 67.661
176000 67.661
176500 67.661
177000 67.661
177500 67.661
178000 67.661
178500 67.661
179000 67.661
179500 67.661
180000 67.661
180500 67.661
181000 67.661
181500 67.661
182000 67.661
182500 67.661
183000 67.661
183500 67.661
184000 67.661
184500 67.661
185000 67.661
185500 67.661
186000 67.661
186500 67.661
187000 67.661
187500 67.661
188000 67.661
188500 67.661
189000 67.661
189500 67.661
190000 67.661
190500 67.661
191000 67.661
191500 67.661
192000 67.661
192500 67.661
193000 67.661
193500 67.661
194000 67.661
194500 67.661
195000 67.661
195500 67.661
196000 67.661
196500 67.661
197000 67.661
197500 67.661
198000 67.661
198500 67.661
199000 67.661
199500 67.661
200000 9.156
200500 9.156
201000 9.156
201500 9.156
202000 9.156
202500 9.156
203000 9.156
203500 9.156
204000 9.156
204500 9.156
205000 9.156
205500 9.156
206000 9.156
206500 9.156
207000 9.156
207500 9.156
208000 9.156
208500 9.156
209000 9.156
209500 9.156
210000 9.156
210500 9.156
211000 9.156
211500 9.156
212000 9.156
212500 9.156
213000 9.156
213500 9.156
214000 9.156
214500 9.156
215000 9.156
215500 9.156
216000 9.156
216500 9.156
217000 9.156
217500 9.156
218000 9.156
218500 9.156
219000 9.156
219500 9.156
220000 9.156
220500 9.156
221000 9.156
221500 9.156
222000 9.156
222500 9.156
223000 9.156
223500 9.156
224000 9.156
224500 9.156
225000 9.156
225500 9.156
226000 9.156
226500 9.156
227000 9.156
227500 9.156
228000 9.156
228500 9.156
229000 9.156
229500 9.156
230000 9.156
230500 9.156
231000 9.156
231500 9.156
232000 9.156
232500 9.156
233000 9.156
233500 9.156
234000 9.156
234500 9.156
235000 9.156
235500 9.156
236000 9.156
236500 9.156
237000 9.156
237500 9.156
238000 9.156
238500 9.156
239000 9.156
239500 9.156
240000 9.156
240500 9.156
241000 9.156
241500 9.156
242000 9.156
242500 9.156
243000 9.156
243500 9.156
244000 9.156
244500 9.156
245000 9.156
245500 9.156
246000 9.156
246500 9.156
247000 9.156
247500 9.156
248000 9.156
248500 9.156
249000 9.156
249500 9.156
250000 9.156
250500 9.156
251000 9.156
251500 9.156
252000 9.156
252500 9.156
253000 9.156
253500 9.156
254000 9.156
254500 9.156
255000 9.156
255500 9.156
256000 9.156
256500 9.156
257000 9.156
257500 9.156
258000 9.156
258500 9.156
259000 9.156
259500 9.156
260000 9.156
260500 9.156
261000 9.156
261500 9.156
262000 9.156
262500 9.156
263000 9.156
263500 9.156
264000 9.156
264500 9.156
265000 9.156
265500 9.156
266000 9.156
266500 9.156
267000 9.156
267500 9.156
268000 9.156
268500 9.156
269000 9.156
269500 9.156
270000 9.156
270500 9.156
271000 9.156
271500 9.156
272000 9.156
272500 9.156
273000 9.156
273500 9.156
274000 9.156
274500 9.156
275000 9.156
275500 9.156
276000 9.156
276500 9.156
277000 9.156
277500 9.156
278000 9.156
278500 9.156
279000 9.156
279500 9.156
280000 9.156
280500 9.156
281000 9.156
281500 9.156
282000 9.156
282500 9.156
283000 9.156
283500 9.156
284000 9.156
284500 9.156
285000 9.156
285500 9.156
286000 9.156
286500 9.156
287000 9.156
287500 9.156
288000 9.156
288500 9.156
289000 9.156
289500 9.156
290000 9.156
290500 9.156
291000 9.156
291500 9.156
292000 9.156
292500 9.156
293000 9.156
293500 9.156
294000 9.156
294500 9.156
295000 9.156
295500 9.156
296000 9.156
296500 9.156
297000 9.156
297500 9.156
298000 9.156
298500 9.156
299000 9.156
299500 9.156
300000 1.239
300500 1.239
301000 1.239
301500 1.239
302000 1.239
302500 1.239
303000 1.239
303500 1.239
304000 1.239
304500 1.239
305000 1.239
305500 1.239
306000 1.239
306500 1.239
307000 1.239
307500 1.239
308000 1.239
308500 1.239
309000 1.239
309500 1.239
310000 1.239
310500 1.239
311000 1.239
311500 1.239
312000 1.239
312500 1.239
313000 1.239
313500 1.239
314000 1.239
314500 1.239
315000 1.239
315500 1.239
316000 1.239
316500 1.239
317000 1.239
317500 1.239
318000 1.239
318500 1.239
319000 1.239
319500 1.239
320000 1.239
320500 1.239
321000 1.239
321500 1.239
322000 1.239
322500 1.239
323000 1.239
323500 1.239
324000 1.239
324500 1.239
325000 1.239
325500 1.239
326000 1.239
326500 1.239
327000 1.239
327500 1.239
328000 1.239
328500 1.239
329000 1.239
329500 1.239
330000 1.239
330500 1.239
331000 1.239
331500 1.239
332000 1.239
332500 1.239
333000 1.239
333500 1.239
334000 1.239
334500 1.239
335000 1.239
335500 1.239
336000 1.239
336500 1.239
337000 1.239
337500 1.239
338000 1.239
338500 1.239
339000 1.239
339500 1.239
340000 1.239
340500 1.239
341000 1.239
341500 1.239
342000 1.239
342500 1.239
343000 1.239
343500 1.239
344000 1.239
344500 1.239
345000 1.239
345500 1.239
346000 1.239
346500 1.239
347000 1.239
347500 1.239
348000 1.239
348500 1.239
349000 1.239
349500 1.239
350000 1.239
350500 1.239
351000 1.239
351500 1.239
352000 1.239
352500 1.239
353000 1.239
353500 1.239
354000 1.239
354500 1.239
355000 1.239
355500 1.239
356000 1.239
356500 1.239
357000 1.239
357500 1.239
358000 1.239
358500 1.239
359000 1.239
359500 1.239
360000 1.239
360500 1.239
361000 1.239
361500 1.239
362000 1.239
362500 1.239
363000 1.239
363500 1.239
364000 1.239
364500 1.239
365000 1.239
365500 1.239
366000 1.239
366500 1.239
367000 1.239
367500 1.239
368000 1.239
368500 1.239
369000 1.239
369500 1.239
370000 1.239
370500 1.239
371000 1.239
371500 1.239
372000 1.239
372500 1.239
373000 1.239
373500 1.239
374000 1.239
374500 1.239
375000 1.239
375500 1.239
376000 1.239
376500 1.239
377000 1.239
377500 1.239
378000 1.239
378500 1.239
379000 1.239
379500 1.239
380000 1.239
380500 1.239
381000 1.239
381500 1.239
382000 1.239
382500 1.239
383000 1.239
383500 1.239
384000 1.239
384500 1.239
385000 1.239
385500 1.239
386000 1.239
386500 1.239
387000 1.239
387500 1.239
388000 1.239
388500 1.239
389000 1.239
389500 1.239
390000 1.239
390500 1.239
391000 1.239
391500 1.239
392000 1.239
392500 1.239
393000 1.239
393500 1.239
394000 1.239
394500 1.239
395000 1.239
395500 1.239
396000 1.239
396500 1.239
397000 1.239
397500 1.239
398000 1.239
398500 1.239
399000 1.239
399500 1.239
400000 0.168
400500 0.168
401000 0.168
401500 0.168
402000 0.168
402500 0.168
403000 0.168
403500 0.168
404000 0.168
404500 0.168
405000 0.168
405500 0.168
406000 0.168
406500 0.168
407000 0.168
407500 0.168
408000 0.168
408500 0.168
409000 0.168
409500 0.168
410000 0.168
410500 0.168
411000 0.168
411500 0.168
412000 0.168
412500 0.168
413000 0.168
413500 0.168
414000 0.168
414500 0.168
415000 0.168
415500 0.168
416000 0.168
416500 0.168
417000 0.168
417500 0.168
418000 0.168
418500 0.168
419000 0.168
419500 0.168
420000 0.168
420500 0.168
421000 0.168
421500 0.168
422000 0.168
422500 0.168
423000 0.168
423500 0.168
424000 0.168
424500 0.168
425000 0.168
425500 0.168
426000 0.168
426500 0.168
427000 0.168
427500 0.168
428000 0.168
428500 0.168
429000 0.168
429500 0.168
430000 0.168
430500 0.168
431000 0.168
431500 0.168
432000 0.168
432500 0.168
433000 0.168
433500 0.168
434000 0.168
434500 0.168
435000 0.168
435500 0.168
436000 0.168
436500 0.168
437000 0.168
437500 0.168
438000 0.168
438500 0.168
439000 0.168
439500 0.168
440000 0.168
440500 0.168
441000 0.168
441500 0.168
442000 0.168
442500 0.168
443000 0.168
443500 0.168
444000 0.168
444500 0.168
445000 0.168
445500 0.168
446000 0.168
446500 0.168
447000 0.168
447500 0.168
448000 0.168
448500 0.168
449000 0.168
449500 0.168
450000 0.168
450500 0.168
451000 0.168
451500 0.168
452000 0.168
452500 0.168
453000 0.168
453500 0.168
454000 0.168
454500 0.168
455000 0.168
455500 0.168
456000 0.168
456500 0.168
457000 0.168
457500 0.168
458000 0.168
458500 0.168
459000 0.168
459500 0.168
460000 0.168
460500 0.168
461000 0.168
461500 0.168
462000 0.168
462500 0.168
463000 0.168
463500 0.168
464000 0.168
464500 0.168
465000 0.168
465500 0.168
466000 0.168
466500 0.168
467000 0.168
467500 0.168
468000 0.168
468500 0.168
469000 0.168
469500 0.168
470000 0.168
470500 0.168
471000 0.168
471500 0.168
472000 0.168
472500 0.168
473000 0.168
473500 0.168
474000 0.168
474500 0.168
475000 0.168
475500 0.168
476000 0.168
476500 0.168
477000 0.168
477500 0.168
478000 0.168
478500 0.168
479000 0.168
479500 0.168
480000 0.168
480500 0.168
481000 0.168
481500 0.168
482000 0.168
482500 0.168
483000 0.168
483500 0.168
484000 0.168
484500 0.168
485000 0.168
485500 0.168
486000 0.168
486500 0.168
487000 0.168
487500 0.168
488000 0.168
488500 0.168
489000 0.168
489500 0.168
490000 0.168
490500 0.168
491000 0.168
491500 0.168
492000 0.168
492500 0.168
493000 0.168
493500 0.168
494000 0.168
494500 0.168
495000 0.168
495500 0.168
496000 0.168
496500 0.168
497000 0.168
497500 0.168
498000 0.168
498500 0.168
499000 0.168
499500 0.168
500000 0.023
500500 0.023
501000 0.023
501500 0.023
502000 0.023
502500 0.023
503000 0.023
503500 0.023
504000 0.023
504500 0.023
505000 0.023
505500 0.023
506000 0.023
506500 0.023
507000 0.023
507500 0.023
508000 0.023
508500 0.023
509000 0.023
509500 0.023
510000 0.023
510500 0.023
511000 0.023
511500 0.023
512000 0.023
512500 0.023
513000 0.023
513500 0.023
514000 0.023
514500 0.023
515000 0.023
515500 0.023
516000 0.023
516500 0.023
517000 0.023
517500 0.023
518000 0.023
518500 0.023
519000 0.023
519500 0.023
520000 0.023
520500 0.023
521000 0.023
521500 0.023
522000 0.023
522500 0.023
523000 0.023
523500 0.023
524000 0.023
524500 0.023
525000 0.023
525500 0.023
526000 0.023
526500 0.023
527000 0.023
527500 0.023
528000 0.023
528500 0.023
529000 0.023
529500 0.023
530000 0.023
530500 0.023
531000 0.023
531500 0.023
532000 0.023
532500 0.023
533000 0.023
533500 0.023
534000 0.023
534500 0.023
535000 0.023
535500 0.023
536000 0.023
536500 0.023
537000 0.023
537500 0.023
538000 0.023
538500 0.023
539000 0.023
539500 0.023
540000 0.023
540500 0.023
541000 0.023
541500 0.023
542000 0.023
542500 0.023
543000 0.023
543500 0.023
544000 0.023
544500 0.023
545000 0.023
545500 0.023
546000 0.023
546500 0.023
547000 0.023
547500 0.023
548000 0.023
548500 0.023
549000 0.023
549500 0.023
550000 0.023
550500 0.023
551000 0.023
551500 0.023
552000 0.023
552500 0.023
553000 0.023
553500 0.023
554000 0.023
554500 0.023
555000 0.023
555500 0.023
556000 0.023
556500 0.023
557000 0.023
557500 0.023
558000 0.023
558500 0.023
559000 0.023
559500 0.023
560000 0.023
560500 0.023
561000 0.023
561500 0.023
562000 0.023
562500 0.023
563000 0.023
563500 0.023
564000 0.023
564500 0.023
565000 0.023
565500 0.023
566000 0.023
566500 0.023
567000 0.023
567500 0.023
568000 0.023
568500 0.023
569000 0.023
569500 0.023
570000 0.023
570500 0.023
571000 0.023
571500 0.023
572000 0.023
572500 0.023
573000 0.023
573500 0.023
574000 0.023
574500 0.023
575000 0.023
575500 0.023
576000 0.023
576500 0.023
577000 0.023
577500 0.023
578000 0.023
578500 0.023
579000 0.023
579500 0.023
580000 0.023
580500 0.023
581000 0.023
581500 0.023
582000 0.023
582500 0.023
583000 0.023
583500 0.023
584000 0.023
584500 0.023
585000 0.023
585500 0.023
586000 0.023
586500 0.023
587000 0.023
587500 0.023
588000 0.023
588500 0.023
589000 0.023
589500 0.023
590000 0.023
590500 0.023
591000 0.023
591500 0.023
592000 0.023
592500 0.023
593000 0.023
593500 0.023
594000 0.023
594500 0.023
595000 0.023
595500 0.023
596000 0.023
596500 0.023
597000 0.023
597500 0.023
598000 0.023
598500 0.023
599000 0.023
599500 0.023
600000 0.003
600500 0.003
601000 0.003
601500 0.003
602000 0.003
602500 0.003
603000 0.003
603500 0.003
604000 0.003
604500 0.003
605000 0.003
605500 0.003
606000 0.003
606500 0.003
607000 0.003
607500 0.003
608000 0.003
608500 0.003
609000 0.003
609500 0.003
610000 0.003
610500 0.003
611000 0.003
611500 0.003
612000 0.003
612500 0.003
613000 0.003
613500 0.003
614000 0.003
614500 0.003
615000 0.003
615500 0.003
616000 0.003
616500 0.003
617000 0.003
617500 0.003
618000 0.003
618500 0.003
619000 0.003
619500 0.003
620000 0.003
620500 0.003
621000 0.003
621500 0.003
622000 0.003
622500 0.003
623000 0.003
623500 0.003
624000 0.003
624500 0.003
625000 0.003
625500 0.003
626000 0.003
626500 0.003
627000 0.003
627500 0.003
628000 0.003
628500 0.003
629000 0.003
629500 0.003
630000 0.003
630500 0.003
631000 0.003
631500 0.003
632000 0.003
632500 0.003
633000 0.003
633500 0.003
634000 0.003
634500 0.003
635000 0.003
635500 0.003
636000 0.003
636500 0.003
637000 0.003
637500 0.003
638000 0.003
638500 0.003
639000 0.003
639500 0.003
640000 0.003
640500 0.003
641000 0.003
641500 0.003
642000 0.003
642500 0.003
643000 0.003
643500 0.003
644000 0.003
644500 0.003
645000 0.003
645500 0.003
646000 0.003
646500 0.003
647000 0.003
647500 0.003
648000 0.003
648500 0.003
649000 0.003
649500 0.003
650000 0.003
650500 0.003
651000 0.003
651500 0.003
652000 0.003
652500 0.003
653000 0.003
653500 0.003
654000 0.003
654500 0.003
655000 0.003
655500 0.003
656000 0.003
656500 0.003
657000 0.003
657500 0.003
658000 0.003
658500 0.003
659000 0.003
659500 0.003
660000 0.003
660500 0.003
661000 0.003
661500 0.003
662000 0.003
662500 0.003
663000 0.003
663500 0.003
664000 0.003
664500 0.003
665000 0.003
665500 0.003
666000 0.003
666500 0.003
667000 0.003
667500 0.003
668000 0.003
668500 0.003
669000 0.003
669500 0.003
670000 0.003
670500 0.003
671000 0.003
671500 0.003
672000 0.003
672500 0.003
673000 0.003
673500 0.003
674000 0.003
674500 0.003
675000 0.003
675500 0.003
676000 0.003
676500 0.003
677000 0.003
677500 0.003
678000 0.003
678500 0.003
679000 0.003
679500 0.003
680000 0.003
680500 0.003
681000 0.003
681500 0.003
682000 0.003
682500 0.003
683000 0.003
683500 0.003
684000 0.003
684500 0.003
685000 0.003
685500 0.003
686000 0.003
686500 0.003
687000 0.003
687500 0.003
688000 0.003
688500 0.003
689000 0.003
689500 0.003
690000 0.003
690500 0.003
691000 0.003
691500 0.003
692000 0.003
692500 0.003
693000 0.003
693500 0.003
694000 0.003
694500 0.003
695000 0.003
695500 0.003
696000 0.003
696500 0.003
697000 0.003
697500 0.003
698000 0.003
698500 0.003
699000 0.003
699500 0.003
700000 0.000
