500 141
1000 150
1500 164
2000 161
2500 163
3000 148
3500 159
4000 132
4500 135
5000 156
5500 154
6000 130
6500 149
7000 136
7500 139
8000 140
8500 134
9000 147
9500 110
10000 132
10500 158
11000 142
11500 154
12000 158
12500 141
13000 153
13500 142
14000 156
14500 138
15000 147
15500 149
16000 144
16500 141
17000 153
17500 132
18000 130
18500 156
19000 135
19500 153
20000 129
20500 148
21000 147
21500 130
22000 163
22500 154
23000 153
23500 145
24000 152
24500 132
25000 156
25500 136
26000 146
26500 143
27000 132
27500 145
28000 152
28500 147
29000 129
29500 118
30000 163
30500 153
31000 142
31500 149
32000 153
32500 129
33000 147
33500 129
34000 126
34500 138
35000 138
35500 128
36000 145
36500 154
37000 125
37500 150
38000 144
38500 151
39000 158
39500 131
40000 152
40500 153
41000 129
41500 152
42000 150
42500 127
43000 138
43500 149
44000 140
44500 143
45000 129
45500 136
46000 133
46500 148
47000 149
47500 137
48000 127
48500 162
49000 139
49500 158
50000 138
50500 156
51000 131
51500 154
52000 146
52500 141
53000 155
53500 136
54000 152
54500 137
55000 130
55500 144
56000 139
56500 136
57000 121
57500 144
58000 164
58500 150
59000 152
59500 171
60000 130
60500 158
61000 146
61500 137
62000 144
62500 151
63000 149
63500 146
64000 153
64500 151
65000 140
65500 124
66000 131
66500 154
67000 150
67500 139
68000 161
68500 146
69000 143
69500 139
70000 127
70500 141
71000 152
71500 172
72000 147
72500 150
73000 141
73500 125
74000 135
74500 144
75000 158
75500 150
76000 140
76500 131
77000 132
77500 148
78000 161
78500 139
79000 129
79500 157
80000 142
80500 153
81000 134
81500 137
82000 128
82500 126
83000 144
83500 138
84000 132
84500 125
85000 147
85500 147
86000 128
86500 147
87000 148
87500 141
88000 136
88500 143
89000 141
89500 137
90000 138
90500 129
91000 119
91500 130
92000 143
92500 146
93000 132
93500 130
94000 136
94500 122
95000 138
95500 139
96000 161
96500 138
97000 157
97500 141
98000 149
98500 142
99000 155
99500 157
100000 129
100500 152
101000 148
101500 145
102000 131
102500 138
103000 126
103500 143
104000 121
104500 137
105000 132
105500 138
106000 128
106500 166
107000 124
107500 146
108000 135
108500 126
109000 133
109500 138
110000 137
110500 157
111000 138
111500 153
112000 130
112500 140
113000 137
113500 139
114000 145
114500 147
115000 126
115500 152
116000 146
116500 125
117000 140
117500 145
118000 131
118500 138
119000 140
119500 142
120000 121
120500 124
121000 137
121500 130
122000 145
122500 123
123000 137
123500 145
124000 129
124500 138
125000 118
125500 140
126000 115
126500 140
127000 118
127500 138
128000 124
128500 141
129000 143
129500 121
130000 162
130500 135
131000 124
131500 132
132000 146
132500 132
133000 140
133500 126
134000 137
134500 136
135000 130
135500 123
136000 145
136500 138
137000 131
137500 128
138000 137
138500 139
139000 117
139500 118
140000 136
140500 121
141000 121
141500 119
142000 146
142500 140
143000 141
143500 117
144000 163
144500 144
145000 138
145500 123
146000 127
146500 135
147000 122
147500 141
148000 117
148500 125
149000 143
149500 133
150000 131
150500 127
151000 124
151500 141
152000 108
152500 134
153000 130
153500 122
154000 123
154500 129
155000 131
155500 128
156000 132
156500 129
157000 136
157500 117
158000 132
158500 163
159000 107
159500 136
160000 124
160500 132
161000 119
161500 114
162000 127
162500 109
163000 125
163500 120
164000 126
164500 151
165000 128
165500 119
166000 132
166500 119
167000 118
167500 131
168000 136
168500 133
169000 139
169500 123
170000 113
170500 111
171000 124
171500 135
172000 143
172500 108
173000 128
173500 112
174000 122
174500 130
175000 126
175500 131
176000 136
176500 129
177000 125
177500 136
178000 129
178500 109
179000 126
179500 103
180000 130
180500 122
181000 149
181500 125
182000 128
182500 120
183000 116
183500 119
184000 117
184500 138
185000 118
185500 106
186000 96
186500 118
187000 128
187500 108
188000 139
188500 129
189000 117
189500 100
190000 123
190500 120
191000 133
191500 123
192000 126
192500 119
193000 109
193500 110
194000 98
194500 101
195000 115
195500 126
196000 98
196500 128
197000 125
197500 132
198000 105
198500 104
199000 100
199500 136
200000 115
200500 115
201000 111
201500 130
202000 114
202500 110
203000 106
203500 103
204000 115
204500 118
205000 124
205500 104
206000 112
206500 112
207000 119
207500 106
208000 103
208500 121
209000 103
209500 113
210000 100
210500 108
211000 116
211500 97
212000 116
212500 92
213000 149
213500 107
214000 143
214500 117
215000 104
215500 94
216000 93
216500 104
217000 94
217500 99
218000 132
218500 109
219000 106
219500 127
220000 120
220500 107
221000 99
221500 102
222000 111
222500 106
223000 94
223500 99
224000 112
224500 99
225000 100
225500 113
226000 101
226500 138
227000 93
227500 97
228000 116
228500 100
229000 96
229500 123
230000 133
230500 104
231000 106
231500 117
232000 113
232500 92
233000 95
233500 98
234000 137
234500 94
235000 105
235500 100
236000 115
236500 119
237000 92
237500 91
238000 114
238500 93
239000 99
239500 109
240000 117
240500 90
241000 100
241500 115
242000 115
242500 104
243000 101
243500 88
244000 157
244500 82
245000 95
245500 109
246000 97
246500 88
247000 98
247500 119
248000 114
248500 83
249000 86
249500 75
250000 107
250500 112
251000 90
251500 100
252000 80
252500 92
253000 118
253500 101
254000 85
254500 112
255000 97
255500 96
256000 145
256500 88
257000 76
257500 101
258000 112
258500 95
259000 85
259500 91
260000 84
260500 79
261000 86
261500 102
262000 82
262500 76
263000 134
263500 115
264000 90
264500 102
265000 102
265500 102
266000 92
266500 91
267000 79
267500 78
268000 79
268500 79
269000 82
269500 94
270000 89
270500 91
271000 83
271500 120
272000 89
272500 78
273000 79
273500 97
274000 97
274500 83
275000 81
275500 88
276000 91
276500 76
277000 131
277500 81
278000 85
278500 83
279000 88
279500 93
280000 75
280500 75
281000 100
281500 80
282000 76
282500 82
283000 75
283500 81
284000 86
284500 72
285000 73
285500 74
286000 89
286500 76
287000 73
287500 72
288000 71
288500 78
289000 68
289500 79
290000 79
290500 75
291000 76
291500 72
292000 74
292500 82
293000 80
293500 86
294000 73
294500 84
295000 75
295500 87
296000 84
296500 87
297000 80
297500 75
298000 105
298500 86
299000 86
299500 91
300000 86
300500 103
301000 82
301500 87
302000 87
302500 70
303000 70
303500 84
304000 82
304500 82
305000 73
305500 71
306000 69
306500 71
307000 76
307500 76
308000 71
308500 75
309000 69
309500 72
310000 70
310500 71
311000 68
311500 72
312000 72
312500 70
313000 71
313500 70
314000 67
314500 67
315000 68
315500 69
316000 72
316500 70
317000 70
317500 68
318000 88
318500 115
319000 83
319500 71
320000 75
320500 74
321000 73
321500 74
322000 73
322500 135
323000 81
323500 72
324000 70
324500 69
325000 68
325500 69
326000 69
326500 69
327000 69
327500 72
328000 69
328500 69
329000 69
329500 70
330000 70
330500 76
331000 73
331500 71
332000 68
332500 68
333000 67
333500 69
334000 68
334500 68
335000 68
335500 68
336000 70
336500 69
337000 68
337500 68
338000 68
338500 67
339000 67
339500 68
340000 69
340500 68
341000 67
341500 67
342000 67
342500 67
343000 67
343500 67
344000 68
344500 68
345000 67
345500 67
346000 67
346500 68
347000 67
347500 67
348000 67
348500 67
349000 67
349500 67
350000 67
350500 67
351000 67
351500 67
352000 67
352500 67
353000 67
353500 67
354000 67
354500 67
355000 67
355500 67
356000 67
356500 67
357000 67
357500 67
358000 67
358500 67
359000 67
359500 67
360000 67
360500 67
361000 67
361500 68
362000 67
362500 67
363000 67
363500 67
364000 67
364500 67
365000 67
365500 67
366000 68
366500 67
367000 67
367500 67
368000 67
368500 67
369000 67
369500 67
370000 67
370500 67
371000 67
371500 67
372000 67
372500 68
373000 67
373500 67
374000 67
374500 67
375000 67
375500 67
376000 67
376500 67
377000 67
377500 67
378000 67
378500 67
379000 67
379500 67
380000 67
380500 67
381000 67
381500 67
382000 67
382500 67
383000 67
383500 67
384000 67
384500 67
385000 67
385500 67
386000 67
386500 67
387000 67
387500 67
388000 67
388500 67
389000 67
389500 67
390000 67
390500 67
391000 67
391500 67
392000 67
392500 67
393000 67
393500 67
394000 67
394500 67
395000 67
395500 67
396000 67
396500 67
397000 67
397500 67
398000 67
398500 67
399000 67
399500 67
400000 67
400500 67
401000 67
401500 67
402000 67
402500 67
403000 67
403500 67
404000 67
404500 67
405000 67
405500 67
406000 67
406500 67
407000 67
407500 67
408000 67
408500 67
409000 67
409500 67
410000 67
410500 67
411000 67
411500 67
412000 67
412500 67
413000 67
413500 67
414000 67
414500 67
415000 67
415500 67
416000 67
416500 67
417000 67
417500 67
418000 67
418500 67
419000 67
419500 67
420000 67
420500 67
421000 67
421500 67
422000 67
422500 67
423000 67
423500 67
424000 67
424500 67
425000 67
425500 67
426000 67
426500 67
427000 67
427500 67
428000 67
428500 67
429000 67
429500 67
430000 67
430500 67
431000 67
431500 67
432000 67
432500 67
433000 67
433500 67
434000 67
434500 67
435000 67
435500 67
436000 67
436500 67
437000 67
437500 67
438000 67
438500 67
439000 67
439500 67
440000 67
440500 67
441000 67
441500 67
442000 67
442500 67
443000 67
443500 67
444000 67
444500 67
445000 67
445500 67
446000 67
446500 67
447000 67
447500 67
448000 67
448500 67
449000 67
449500 67
450000 67
450500 67
451000 67
451500 67
452000 67
452500 67
453000 67
453500 67
454000 67
454500 67
455000 67
455500 67
456000 67
456500 67
457000 67
457500 67
458000 67
458500 67
459000 67
459500 67
460000 67
460500 67
461000 67
461500 67
462000 67
462500 67
463000 67
463500 67
464000 67
464500 67
465000 67
465500 67
466000 67
466500 67
467000 67
467500 67
468000 67
468500 67
469000 67
469500 67
470000 67
470500 67
471000 67
471500 67
472000 67
472500 67
473000 67
473500 67
474000 67
474500 67
475000 67
475500 67
476000 67
476500 67
477000 67
477500 67
478000 67
478500 67
479000 67
479500 67
480000 67
480500 67
481000 67
481500 67
482000 67
482500 67
483000 67
483500 67
484000 67
484500 67
485000 67
485500 67
486000 67
486500 67
487000 67
487500 67
488000 67
488500 67
489000 67
489500 67
490000 67
490500 67
491000 67
491500 67
492000 67
492500 67
493000 67
493500 67
494000 67
494500 67
495000 67
495500 67
496000 67
496500 67
497000 67
497500 67
498000 67
498500 67
499000 67
499500 67
500000 67
500500 67
501000 67
501500 67
502000 67
502500 67
503000 67
503500 67
504000 67
504500 67
505000 67
505500 67
506000 67
506500 67
507000 67
507500 67
508000 67
508500 67
509000 67
509500 67
510000 67
510500 67
511000 67
511500 67
512000 67
512500 67
513000 67
513500 67
514000 67
514500 67
515000 67
515500 67
516000 67
516500 67
517000 67
517500 67
518000 67
518500 67
519000 67
519500 67
520000 67
520500 67
521000 67
521500 67
522000 67
522500 67
523000 67
523500 67
524000 67
524500 67
525000 67
525500 67
526000 67
526500 67
527000 67
527500 67
528000 67
528500 67
529000 67
529500 67
530000 67
530500 67
531000 67
531500 67
532000 67
532500 67
533000 67
533500 67
534000 67
534500 67
535000 67
535500 67
536000 67
536500 67
537000 67
537500 67
538000 67
538500 67
539000 67
539500 67
540000 67
540500 67
541000 67
541500 67
542000 67
542500 67
543000 67
543500 67
544000 67
544500 67
545000 67
545500 67
546000 67
546500 67
547000 67
547500 67
548000 67
548500 67
549000 67
549500 67
550000 67
550500 67
551000 67
551500 67
552000 67
552500 67
553000 67
553500 67
554000 67
554500 67
555000 67
555500 67
556000 67
556500 67
557000 67
557500 67
558000 67
558500 67
559000 67
559500 67
560000 67
560500 67
561000 67
561500 67
562000 67
562500 67
563000 67
563500 67
564000 67
564500 67
565000 67
565500 67
566000 67
566500 67
567000 67
567500 67
568000 67
568500 67
569000 67
569500 67
570000 67
570500 67
571000 67
571500 67
572000 67
572500 67
573000 67
573500 67
574000 67
574500 67
575000 67
575500 67
576000 67
576500 67
577000 67
577500 67
578000 67
578500 67
579000 67
579500 67
580000 67
580500 67
581000 67
581500 67
582000 67
582500 67
583000 67
583500 67
584000 67
584500 67
585000 67
585500 67
586000 67
586500 67
587000 67
587500 67
588000 67
588500 67
589000 67
589500 67
590000 67
590500 67
591000 67
591500 67
592000 67
592500 67
593000 67
593500 67
594000 67
594500 67
595000 67
595500 67
596000 67
596500 67
597000 67
597500 67
598000 67
598500 67
599000 67
599500 67
600000 67
600500 67
601000 67
601500 67
602000 67
602500 67
603000 67
603500 67
604000 67
604500 67
605000 67
605500 67
606000 67
606500 67
607000 67
607500 67
608000 67
608500 67
609000 67
609500 67
610000 67
610500 67
611000 67
611500 67
612000 67
612500 67
613000 67
613500 67
614000 67
614500 67
615000 67
615500 67
616000 67
616500 67
617000 67
617500 67
618000 67
618500 67
619000 67
619500 67
620000 67
620500 67
621000 67
621500 67
622000 67
622500 67
623000 67
623500 67
624000 67
624500 67
625000 67
625500 67
626000 67
626500 67
627000 67
627500 67
628000 67
628500 67
629000 67
629500 67
630000 67
630500 67
631000 67
631500 67
632000 67
632500 67
633000 67
633500 67
634000 67
634500 67
635000 67
635500 67
636000 67
636500 67
637000 67
637500 67
638000 67
638500 67
639000 67
639500 67
640000 67
640500 67
641000 67
641500 67
642000 67
642500 67
643000 67
643500 67
644000 67
644500 67
645000 67
645500 67
646000 67
646500 67
647000 67
647500 67
648000 67
648500 67
649000 67
649500 67
650000 67
650500 67
651000 67
651500 67
652000 67
652500 67
653000 67
653500 67
654000 67
654500 67
655000 67
655500 67
656000 67
