500 166
1000 134
1500 152
2000 146
2500 158
3000 149
3500 120
4000 155
4500 152
5000 137
5500 138
6000 157
6500 148
7000 137
7500 155
8000 133
8500 132
9000 143
9500 157
10000 143
10500 154
11000 165
11500 152
12000 162
12500 163
13000 137
13500 129
14000 138
14500 156
15000 142
15500 149
16000 133
16500 156
17000 155
17500 147
18000 138
18500 152
19000 144
19500 147
20000 139
20500 134
21000 147
21500 153
22000 162
22500 161
23000 149
23500 144
24000 140
24500 124
25000 150
25500 133
26000 160
26500 153
27000 156
27500 142
28000 155
28500 148
29000 155
29500 146
30000 140
30500 155
31000 136
31500 149
32000 137
32500 146
33000 130
33500 160
34000 146
34500 150
35000 161
35500 151
36000 148
36500 158
37000 134
37500 142
38000 142
38500 155
39000 135
39500 146
40000 158
40500 159
41000 149
41500 150
42000 152
42500 159
43000 135
43500 130
44000 135
44500 147
45000 133
45500 138
46000 148
46500 138
47000 150
47500 156
48000 138
48500 143
49000 135
49500 153
50000 150
50500 129
51000 149
51500 125
52000 155
52500 168
53000 139
53500 144
54000 162
54500 146
55000 138
55500 166
56000 109
56500 144
57000 153
57500 127
58000 165
58500 159
59000 154
59500 144
60000 149
60500 146
61000 126
61500 146
62000 139
62500 142
63000 147
63500 146
64000 136
64500 128
65000 144
65500 130
66000 144
66500 130
67000 141
67500 129
68000 121
68500 144
69000 128
69500 148
70000 144
70500 160
71000 129
71500 160
72000 133
72500 119
73000 151
73500 126
74000 117
74500 133
75000 146
75500 121
76000 136
76500 134
77000 154
77500 136
78000 158
78500 146
79000 144
79500 153
80000 149
80500 150
81000 122
81500 145
82000 128
82500 120
83000 145
83500 137
84000 160
84500 122
85000 141
85500 132
86000 140
86500 139
87000 159
87500 148
88000 133
88500 149
89000 160
89500 125
90000 121
90500 135
91000 161
91500 149
92000 135
92500 127
93000 132
93500 155
94000 121
94500 143
95000 138
95500 145
96000 132
96500 140
97000 111
97500 161
98000 150
98500 148
99000 151
99500 150
100000 124
100500 136
101000 143
101500 146
102000 133
102500 143
103000 138
103500 144
104000 117
104500 146
105000 127
105500 155
106000 143
106500 145
107000 139
107500 146
108000 132
108500 136
109000 130
109500 151
110000 139
110500 134
111000 122
111500 122
112000 134
112500 138
113000 140
113500 109
114000 126
114500 136
115000 120
115500 138
116000 141
116500 149
117000 150
117500 129
118000 140
118500 136
119000 134
119500 134
120000 147
120500 159
121000 157
121500 135
122000 124
122500 128
123000 139
123500 155
124000 131
124500 136
125000 142
125500 138
126000 151
126500 120
127000 121
127500 158
128000 148
128500 140
129000 136
129500 129
130000 144
130500 145
131000 143
131500 140
132000 124
132500 120
133000 116
133500 142
134000 137
134500 140
135000 135
135500 136
136000 123
136500 126
137000 116
137500 121
138000 138
138500 143
139000 133
139500 133
140000 122
140500 125
141000 139
141500 124
142000 135
142500 136
143000 145
143500 141
144000 119
144500 136
145000 132
145500 140
146000 136
146500 128
147000 114
147500 122
148000 123
148500 135
149000 133
149500 134
150000 141
150500 144
151000 120
151500 139
152000 147
152500 130
153000 162
153500 142
154000 125
154500 156
155000 111
155500 136
156000 130
156500 158
157000 131
157500 134
158000 115
158500 149
159000 120
159500 108
160000 141
160500 111
161000 145
161500 115
162000 118
162500 129
163000 124
163500 111
164000 128
164500 119
165000 118
165500 105
166000 111
166500 116
167000 125
167500 125
168000 126
168500 136
169000 127
169500 129
170000 120
170500 130
171000 146
171500 116
172000 117
172500 121
173000 115
173500 98
174000 128
174500 134
175000 120
175500 134
176000 128
176500 121
177000 129
177500 115
178000 123
178500 124
179000 102
179500 125
180000 114
180500 114
181000 114
181500 119
182000 117
182500 111
183000 112
183500 112
184000 123
184500 127
185000 124
185500 132
186000 106
186500 132
187000 109
187500 139
188000 148
188500 123
189000 116
189500 129
190000 110
190500 116
191000 127
191500 133
192000 104
192500 110
193000 136
193500 123
194000 137
194500 119
195000 115
195500 90
196000 130
196500 110
197000 117
197500 102
198000 120
198500 104
199000 123
199500 119
200000 121
200500 113
201000 94
201500 122
202000 145
202500 109
203000 116
203500 119
204000 111
204500 113
205000 94
205500 133
206000 113
206500 107
207000 118
207500 109
208000 104
208500 110
209000 112
209500 104
210000 127
210500 107
211000 102
211500 105
212000 116
212500 135
213000 98
213500 125
214000 122
214500 157
215000 126
215500 106
216000 114
216500 121
217000 115
217500 112
218000 123
218500 117
219000 118
219500 109
220000 106
220500 114
221000 90
221500 111
222000 115
222500 122
223000 119
223500 100
224000 108
224500 109
225000 145
225500 104
226000 103
226500 114
227000 125
227500 108
228000 112
228500 145
229000 122
229500 108
230000 106
230500 91
231000 98
231500 96
232000 112
232500 103
233000 102
233500 106
234000 96
234500 110
235000 130
235500 117
236000 108
236500 102
237000 116
237500 112
238000 100
238500 116
239000 92
239500 112
240000 92
240500 128
241000 122
241500 95
242000 107
242500 102
243000 87
243500 120
244000 107
244500 101
245000 122
245500 89
246000 84
246500 101
247000 101
247500 98
248000 84
248500 97
249000 93
249500 156
250000 89
250500 94
251000 87
251500 101
252000 102
252500 90
253000 86
253500 80
254000 90
254500 89
255000 80
255500 84
256000 159
256500 108
257000 106
257500 96
258000 102
258500 106
259000 99
259500 123
260000 91
260500 69
261000 85
261500 90
262000 98
262500 91
263000 90
263500 88
264000 123
264500 100
265000 87
265500 81
266000 88
266500 80
267000 81
267500 84
268000 84
268500 91
269000 92
269500 86
270000 100
270500 94
271000 75
271500 95
272000 81
272500 82
273000 90
273500 80
274000 89
274500 79
275000 86
275500 85
276000 86
276500 87
277000 93
277500 99
278000 87
278500 86
279000 86
279500 85
280000 78
280500 73
281000 84
281500 79
282000 126
282500 115
283000 77
283500 79
284000 79
284500 78
285000 78
285500 76
286000 82
286500 110
287000 84
287500 74
288000 80
288500 76
289000 79
289500 81
290000 78
290500 84
291000 89
291500 131
292000 84
292500 118
293000 81
293500 76
294000 119
294500 118
295000 84
295500 75
296000 98
296500 79
297000 87
297500 73
298000 73
298500 77
299000 88
299500 77
300000 140
300500 92
301000 77
301500 78
302000 72
302500 70
303000 71
303500 71
304000 74
304500 73
305000 72
305500 72
306000 69
306500 70
307000 70
307500 69
308000 68
308500 71
309000 70
309500 68
310000 74
310500 68
311000 70
311500 70
312000 68
312500 68
313000 68
313500 70
314000 69
314500 69
315000 71
315500 69
316000 71
316500 72
317000 74
317500 75
318000 75
318500 97
319000 83
319500 72
320000 72
320500 71
321000 71
321500 70
322000 70
322500 84
323000 83
323500 76
324000 69
324500 72
325000 66
325500 67
326000 68
326500 69
327000 68
327500 70
328000 66
328500 67
329000 65
329500 65
330000 69
330500 67
331000 67
331500 69
332000 70
332500 67
333000 65
333500 66
334000 66
334500 67
335000 67
335500 68
336000 67
336500 66
337000 68
337500 67
338000 68
338500 67
339000 66
339500 65
340000 68
340500 68
341000 78
341500 71
342000 79
342500 72
343000 71
343500 71
344000 69
344500 68
345000 67
345500 67
346000 67
346500 67
347000 67
347500 66
348000 68
348500 67
349000 66
349500 66
350000 66
350500 66
351000 66
351500 66
352000 66
352500 67
353000 67
353500 69
354000 67
354500 67
355000 67
355500 67
356000 67
356500 67
357000 67
357500 67
358000 67
358500 67
359000 67
359500 67
360000 67
360500 67
361000 67
361500 67
362000 67
362500 67
363000 67
363500 67
364000 66
364500 66
365000 66
365500 66
366000 66
366500 66
367000 66
367500 66
368000 67
368500 67
369000 67
369500 67
370000 67
370500 67
371000 67
371500 67
372000 67
372500 68
373000 67
373500 67
374000 66
374500 66
375000 66
375500 66
376000 66
376500 66
377000 66
377500 66
378000 66
378500 66
379000 66
379500 66
380000 67
380500 66
381000 66
381500 66
382000 66
382500 66
383000 66
383500 66
384000 66
384500 66
385000 66
385500 66
386000 66
386500 66
387000 66
387500 66
388000 66
388500 66
389000 66
389500 66
390000 66
390500 66
391000 66
391500 66
392000 66
392500 66
393000 66
393500 66
394000 66
394500 66
395000 66
395500 66
396000 66
396500 66
397000 66
397500 66
398000 66
398500 66
399000 66
399500 66
400000 66
400500 66
401000 66
401500 66
402000 66
402500 66
403000 66
403500 66
404000 66
404500 66
405000 66
405500 66
406000 66
406500 66
407000 66
407500 66
408000 66
408500 66
409000 66
409500 66
410000 66
410500 66
411000 66
411500 66
412000 66
412500 66
413000 66
413500 66
414000 66
414500 66
415000 66
415500 66
416000 66
416500 66
417000 66
417500 66
418000 66
418500 66
419000 66
419500 66
420000 66
420500 66
421000 66
421500 66
422000 66
422500 66
423000 66
423500 66
424000 66
424500 66
425000 66
425500 66
426000 66
426500 66
427000 66
427500 66
428000 66
428500 66
429000 66
429500 66
430000 66
430500 66
431000 66
431500 66
432000 66
432500 66
433000 66
433500 66
434000 66
434500 66
435000 66
435500 66
436000 66
436500 66
437000 66
437500 66
438000 66
438500 66
439000 66
439500 66
440000 66
440500 66
441000 66
441500 66
442000 66
442500 66
443000 66
443500 66
444000 66
444500 66
445000 66
445500 66
446000 66
446500 66
447000 66
447500 66
448000 66
448500 66
449000 66
449500 66
450000 66
450500 66
451000 66
451500 66
452000 66
452500 66
453000 66
453500 66
454000 66
454500 66
455000 66
455500 66
456000 66
456500 66
457000 66
457500 66
458000 66
458500 66
459000 66
459500 66
460000 66
460500 66
461000 66
461500 66
462000 66
462500 66
463000 66
463500 66
464000 66
464500 66
465000 66
465500 66
466000 66
466500 66
467000 66
467500 66
468000 66
468500 66
469000 66
469500 66
470000 66
470500 66
471000 66
471500 66
472000 66
472500 66
473000 66
473500 66
474000 66
474500 66
475000 66
475500 66
476000 66
476500 66
477000 66
477500 66
478000 66
478500 66
479000 66
479500 66
480000 66
480500 66
481000 66
481500 66
482000 66
482500 66
483000 66
483500 66
484000 66
484500 66
485000 66
485500 66
486000 66
486500 66
487000 66
487500 66
488000 66
488500 66
489000 66
489500 66
490000 66
490500 66
491000 66
491500 66
492000 66
492500 66
493000 66
493500 66
494000 66
494500 66
495000 66
495500 66
496000 66
496500 66
497000 66
497500 66
498000 66
498500 66
499000 66
499500 66
500000 66
500500 66
501000 66
501500 66
502000 66
502500 66
503000 66
503500 66
504000 66
504500 66
505000 66
505500 66
506000 66
506500 66
507000 66
507500 66
508000 66
508500 66
509000 66
509500 66
510000 66
510500 66
511000 66
511500 66
512000 66
512500 66
513000 66
513500 66
514000 66
514500 66
515000 66
515500 66
516000 66
516500 66
517000 66
517500 66
518000 66
518500 66
519000 66
519500 66
520000 66
520500 66
521000 66
521500 66
522000 66
522500 66
523000 66
523500 66
524000 66
524500 66
525000 66
525500 66
526000 66
526500 66
527000 66
527500 66
528000 66
528500 66
529000 66
529500 66
530000 66
530500 66
531000 66
531500 66
532000 66
532500 66
533000 66
533500 66
534000 66
534500 66
535000 66
535500 66
536000 66
536500 66
537000 66
537500 66
538000 66
538500 66
539000 66
539500 66
540000 66
540500 66
541000 66
541500 66
542000 66
542500 66
543000 66
543500 66
544000 66
544500 66
545000 66
545500 66
546000 66
546500 66
547000 66
547500 66
548000 66
548500 66
549000 66
549500 66
550000 66
550500 66
551000 66
551500 66
552000 66
552500 66
553000 66
553500 66
554000 66
554500 66
555000 66
555500 66
556000 66
556500 66
557000 66
557500 66
558000 66
558500 66
559000 66
559500 66
560000 66
560500 66
561000 66
561500 66
562000 66
562500 66
563000 66
563500 66
564000 66
564500 66
565000 66
565500 66
566000 66
566500 66
567000 66
567500 66
568000 66
568500 66
569000 66
569500 66
570000 66
570500 66
571000 66
571500 66
572000 66
572500 66
573000 66
573500 66
574000 66
574500 66
575000 66
575500 66
576000 66
576500 66
577000 66
577500 66
578000 66
578500 66
579000 66
579500 66
580000 66
580500 66
581000 66
581500 66
582000 66
582500 66
583000 66
583500 66
584000 66
584500 66
585000 66
585500 66
586000 66
586500 66
587000 66
587500 66
588000 66
588500 66
589000 66
589500 66
590000 66
590500 66
591000 66
591500 66
592000 66
592500 66
593000 66
593500 66
594000 66
594500 66
595000 66
595500 66
596000 66
596500 66
597000 66
597500 66
598000 66
598500 66
599000 66
599500 66
600000 66
600500 66
601000 66
601500 66
602000 66
602500 66
603000 66
603500 66
604000 66
604500 66
605000 66
605500 66
606000 66
606500 66
607000 66
607500 66
608000 66
608500 66
609000 66
609500 66
610000 66
610500 66
611000 66
611500 66
612000 66
612500 66
613000 66
613500 66
614000 66
614500 66
615000 66
615500 66
616000 66
616500 66
617000 66
617500 66
618000 66
618500 66
619000 66
619500 66
620000 66
620500 66
621000 66
621500 66
622000 66
622500 66
623000 66
623500 66
624000 66
624500 66
625000 66
625500 66
626000 66
626500 66
627000 66
627500 66
628000 66
628500 66
629000 66
629500 66
630000 66
630500 66
631000 66
631500 66
632000 66
632500 66
633000 66
633500 66
634000 66
634500 66
635000 66
635500 66
636000 66
636500 66
637000 66
637500 66
638000 66
638500 66
639000 66
639500 66
640000 66
640500 66
641000 66
641500 66
642000 66
642500 66
643000 66
643500 66
644000 66
644500 66
645000 66
645500 66
646000 66
646500 66
647000 66
647500 66
648000 66
648500 66
649000 66
649500 66
650000 66
650500 66
651000 66
651500 66
652000 66
652500 66
653000 66
653500 66
654000 66
654500 66
655000 66
655500 66
656000 66
