500 170
1000 161
1500 131
2000 156
2500 123
3000 139
3500 152
4000 152
4500 143
5000 167
5500 145
6000 147
6500 134
7000 150
7500 147
8000 155
8500 152
9000 161
9500 139
10000 146
10500 154
11000 140
11500 159
12000 147
12500 163
13000 139
13500 155
14000 158
14500 145
15000 149
15500 152
16000 134
16500 151
17000 145
17500 122
18000 150
18500 145
19000 154
19500 143
20000 154
20500 149
21000 140
21500 141
22000 160
22500 132
23000 159
23500 153
24000 142
24500 146
25000 164
25500 154
26000 152
26500 141
27000 135
27500 133
28000 158
28500 131
29000 137
29500 144
30000 139
30500 139
31000 145
31500 125
32000 149
32500 142
33000 132
33500 150
34000 144
34500 166
35000 131
35500 150
36000 157
36500 153
37000 134
37500 146
38000 135
38500 175
39000 147
39500 165
40000 151
40500 132
41000 154
41500 147
42000 160
42500 161
43000 155
43500 138
44000 122
44500 161
45000 145
45500 156
46000 170
46500 151
47000 151
47500 147
48000 142
48500 145
49000 148
49500 142
50000 150
50500 140
51000 129
51500 132
52000 139
52500 143
53000 141
53500 153
54000 143
54500 140
55000 130
55500 142
56000 123
56500 129
57000 140
57500 143
58000 144
58500 158
59000 135
59500 145
60000 130
60500 138
61000 159
61500 143
62000 148
62500 138
63000 148
63500 162
64000 120
64500 154
65000 153
65500 143
66000 144
66500 152
67000 155
67500 144
68000 148
68500 152
69000 148
69500 147
70000 146
70500 135
71000 133
71500 163
72000 139
72500 147
73000 154
73500 138
74000 143
74500 149
75000 146
75500 142
76000 159
76500 161
77000 147
77500 153
78000 143
78500 139
79000 127
79500 151
80000 136
80500 151
81000 130
81500 140
82000 152
82500 132
83000 151
83500 129
84000 141
84500 147
85000 145
85500 143
86000 145
86500 148
87000 134
87500 153
88000 140
88500 150
89000 155
89500 158
90000 129
90500 157
91000 149
91500 136
92000 142
92500 153
93000 138
93500 141
94000 148
94500 154
95000 138
95500 160
96000 151
96500 151
97000 138
97500 138
98000 144
98500 148
99000 139
99500 149
100000 141
100500 121
101000 137
101500 120
102000 153
102500 129
103000 130
103500 155
104000 128
104500 149
105000 153
105500 141
106000 136
106500 127
107000 155
107500 120
108000 145
108500 153
109000 140
109500 141
110000 151
110500 150
111000 124
111500 140
112000 147
112500 140
113000 130
113500 125
114000 161
114500 133
115000 124
115500 142
116000 152
116500 155
117000 137
117500 141
118000 119
118500 119
119000 137
119500 115
120000 119
120500 140
121000 145
121500 126
122000 136
122500 129
123000 118
123500 137
124000 127
124500 116
125000 142
125500 145
126000 133
126500 158
127000 158
127500 119
128000 113
128500 129
129000 139
129500 145
130000 151
130500 130
131000 150
131500 135
132000 152
132500 141
133000 135
133500 129
134000 151
134500 173
135000 143
135500 149
136000 135
136500 164
137000 145
137500 131
138000 126
138500 142
139000 140
139500 135
140000 123
140500 152
141000 155
141500 150
142000 127
142500 162
143000 144
143500 129
144000 138
144500 141
145000 157
145500 146
146000 167
146500 152
147000 150
147500 134
148000 140
148500 149
149000 126
149500 147
150000 130
150500 129
151000 154
151500 132
152000 142
152500 122
153000 137
153500 130
154000 112
154500 128
155000 121
155500 138
156000 131
156500 117
157000 119
157500 135
158000 148
158500 127
159000 122
159500 124
160000 154
160500 119
161000 124
161500 136
162000 118
162500 125
163000 140
163500 136
164000 124
164500 138
165000 138
165500 131
166000 131
166500 128
167000 112
167500 140
168000 135
168500 121
169000 138
169500 128
170000 143
170500 121
171000 138
171500 128
172000 125
172500 133
173000 117
173500 124
174000 150
174500 119
175000 135
175500 158
176000 121
176500 102
177000 137
177500 109
178000 113
178500 153
179000 155
179500 138
180000 129
180500 134
181000 123
181500 125
182000 130
182500 136
183000 148
183500 124
184000 142
184500 138
185000 105
185500 115
186000 131
186500 117
187000 135
187500 140
188000 142
188500 141
189000 138
189500 135
190000 121
190500 118
191000 131
191500 145
192000 139
192500 146
193000 123
193500 128
194000 124
194500 124
195000 127
195500 146
196000 119
196500 143
197000 129
197500 147
198000 103
198500 118
199000 126
199500 130
200000 124
200500 131
201000 115
201500 115
202000 112
202500 109
203000 109
203500 108
204000 104
204500 111
205000 104
205500 103
206000 115
206500 112
207000 123
207500 120
208000 119
208500 134
209000 126
209500 102
210000 126
210500 116
211000 119
211500 101
212000 132
212500 98
213000 125
213500 105
214000 122
214500 129
215000 128
215500 115
216000 123
216500 111
217000 137
217500 114
218000 113
218500 124
219000 108
219500 128
220000 118
220500 109
221000 86
221500 117
222000 104
222500 113
223000 101
223500 118
224000 106
224500 129
225000 127
225500 119
226000 114
226500 118
227000 140
227500 118
228000 101
228500 107
229000 105
229500 109
230000 102
230500 122
231000 115
231500 118
232000 124
232500 107
233000 113
233500 138
234000 132
234500 120
235000 107
235500 116
236000 128
236500 112
237000 132
237500 139
238000 130
238500 125
239000 99
239500 119
240000 135
240500 107
241000 124
241500 130
242000 109
242500 104
243000 112
243500 119
244000 95
244500 109
245000 97
245500 102
246000 110
246500 107
247000 122
247500 114
248000 133
248500 106
249000 107
249500 132
250000 117
250500 90
251000 100
251500 96
252000 101
252500 112
253000 95
253500 104
254000 89
254500 79
255000 86
255500 88
256000 115
256500 89
257000 113
257500 117
258000 78
258500 102
259000 92
259500 88
260000 87
260500 108
261000 108
261500 134
262000 98
262500 87
263000 80
263500 88
264000 101
264500 102
265000 108
265500 139
266000 156
266500 88
267000 94
267500 108
268000 160
268500 109
269000 117
269500 88
270000 86
270500 91
271000 95
271500 96
272000 99
272500 89
273000 92
273500 100
274000 99
274500 87
275000 97
275500 114
276000 94
276500 109
277000 99
277500 87
278000 102
278500 99
279000 96
279500 89
280000 82
280500 91
281000 88
281500 103
282000 92
282500 99
283000 105
283500 91
284000 85
284500 96
285000 111
285500 87
286000 135
286500 114
287000 87
287500 89
288000 104
288500 89
289000 145
289500 90
290000 90
290500 83
291000 100
291500 108
292000 120
292500 107
293000 85
293500 92
294000 94
294500 82
295000 98
295500 91
296000 110
296500 144
297000 93
297500 93
298000 90
298500 103
299000 117
299500 103
300000 101
300500 88
301000 78
301500 76
302000 73
302500 73
303000 73
303500 72
304000 123
304500 121
305000 73
305500 91
306000 93
306500 76
307000 74
307500 71
308000 70
308500 71
309000 71
309500 74
310000 142
310500 92
311000 80
311500 87
312000 83
312500 75
313000 74
313500 73
314000 73
314500 73
315000 73
315500 89
316000 77
316500 77
317000 81
317500 72
318000 71
318500 71
319000 75
319500 70
320000 73
320500 72
321000 71
321500 69
322000 75
322500 71
323000 70
323500 71
324000 72
324500 73
325000 78
325500 74
326000 118
326500 82
327000 79
327500 77
328000 75
328500 98
329000 80
329500 74
330000 74
330500 71
331000 73
331500 71
332000 71
332500 71
333000 82
333500 77
334000 69
334500 69
335000 73
335500 71
336000 69
336500 110
337000 79
337500 78
338000 73
338500 70
339000 71
339500 71
340000 70
340500 90
341000 88
341500 143
342000 82
342500 76
343000 77
343500 74
344000 113
344500 100
345000 106
345500 77
346000 91
346500 119
347000 79
347500 76
348000 87
348500 93
349000 114
349500 82
350000 78
350500 73
351000 71
351500 69
352000 69
352500 70
353000 66
353500 66
354000 66
354500 66
355000 66
355500 66
356000 67
356500 66
357000 66
357500 65
358000 65
358500 65
359000 65
359500 65
360000 65
360500 65
361000 65
361500 65
362000 65
362500 65
363000 65
363500 68
364000 65
364500 65
365000 65
365500 65
366000 68
366500 65
367000 66
367500 66
368000 68
368500 77
369000 74
369500 72
370000 71
370500 71
371000 70
371500 70
372000 70
372500 70
373000 70
373500 70
374000 70
374500 69
375000 69
375500 69
376000 69
376500 69
377000 69
377500 69
378000 69
378500 72
379000 73
379500 70
380000 70
380500 69
381000 69
381500 70
382000 70
382500 70
383000 70
383500 69
384000 69
384500 69
385000 69
385500 69
386000 83
386500 91
387000 84
387500 82
388000 76
388500 74
389000 73
389500 73
390000 73
390500 73
391000 72
391500 72
392000 70
392500 68
393000 68
393500 68
394000 69
394500 69
395000 69
395500 70
396000 70
396500 69
397000 69
397500 69
398000 69
398500 69
399000 69
399500 69
400000 69
400500 68
401000 68
401500 68
402000 68
402500 68
403000 68
403500 68
404000 68
404500 68
405000 68
405500 68
406000 68
406500 68
407000 68
407500 68
408000 68
408500 68
409000 68
409500 68
410000 68
410500 68
411000 68
411500 68
412000 68
412500 68
413000 68
413500 68
414000 68
414500 68
415000 68
415500 68
416000 68
416500 68
417000 68
417500 68
418000 68
418500 68
419000 68
419500 68
420000 68
420500 68
421000 68
421500 68
422000 68
422500 69
423000 69
423500 69
424000 68
424500 68
425000 68
425500 68
426000 68
426500 68
427000 68
427500 68
428000 68
428500 68
429000 68
429500 68
430000 68
430500 68
431000 68
431500 68
432000 68
432500 68
433000 68
433500 68
434000 68
434500 68
435000 68
435500 68
436000 68
436500 69
437000 68
437500 68
438000 68
438500 68
439000 68
439500 68
440000 68
440500 68
441000 68
441500 68
442000 68
442500 68
443000 68
443500 68
444000 68
444500 68
445000 68
445500 68
446000 68
446500 68
447000 68
447500 68
448000 68
448500 68
449000 68
449500 68
450000 68
450500 68
451000 68
451500 68
452000 68
452500 68
453000 68
453500 68
454000 68
454500 68
455000 68
455500 68
456000 68
456500 68
457000 68
457500 68
458000 68
458500 68
459000 68
459500 68
460000 68
460500 68
461000 68
461500 68
462000 68
462500 68
463000 68
463500 68
464000 68
464500 68
465000 68
465500 68
466000 68
466500 68
467000 68
467500 68
468000 68
468500 68
469000 68
469500 68
470000 68
470500 68
471000 68
471500 68
472000 68
472500 68
473000 68
473500 68
474000 68
474500 68
475000 68
475500 68
476000 68
476500 68
477000 68
477500 68
478000 68
478500 68
479000 68
479500 68
480000 68
480500 68
481000 68
481500 68
482000 68
482500 68
483000 68
483500 68
484000 68
484500 68
485000 68
485500 68
486000 68
486500 68
487000 68
487500 68
488000 68
488500 68
489000 68
489500 68
490000 68
490500 68
491000 68
491500 68
492000 68
492500 68
493000 68
493500 68
494000 68
494500 68
495000 68
495500 68
496000 68
496500 68
497000 68
497500 68
498000 68
498500 68
499000 68
499500 68
500000 68
500500 68
501000 68
501500 68
502000 68
502500 68
503000 68
503500 68
504000 68
504500 68
505000 68
505500 68
506000 68
506500 68
507000 68
507500 68
508000 68
508500 68
509000 68
509500 68
510000 68
510500 68
511000 68
511500 68
512000 68
512500 68
513000 68
513500 68
514000 68
514500 68
515000 68
515500 68
516000 68
516500 68
517000 68
517500 68
518000 68
518500 68
519000 68
519500 68
520000 68
520500 68
521000 68
521500 68
522000 68
522500 68
523000 68
523500 68
524000 68
524500 68
525000 68
525500 68
526000 68
526500 68
527000 68
527500 68
528000 68
528500 68
529000 68
529500 68
530000 68
530500 68
531000 68
531500 68
532000 68
532500 68
533000 68
533500 68
534000 68
534500 68
535000 68
535500 68
536000 68
536500 68
537000 68
537500 68
538000 68
538500 68
539000 68
539500 68
540000 68
540500 68
541000 68
541500 68
542000 68
542500 68
543000 68
543500 68
544000 68
544500 68
545000 68
545500 68
546000 68
546500 68
547000 68
547500 68
548000 68
548500 68
549000 68
549500 68
550000 68
550500 68
551000 68
551500 68
552000 68
552500 68
553000 68
553500 68
554000 68
554500 68
555000 68
555500 68
556000 68
556500 68
557000 68
557500 68
558000 68
558500 68
559000 68
559500 68
560000 68
560500 68
561000 68
561500 68
562000 68
562500 68
563000 68
563500 68
564000 68
564500 68
565000 68
565500 68
566000 68
566500 68
567000 68
567500 68
568000 68
568500 68
569000 68
569500 68
570000 68
570500 68
571000 68
571500 68
572000 68
572500 68
573000 68
573500 68
574000 68
574500 68
575000 68
575500 68
576000 68
576500 68
577000 68
577500 68
578000 68
578500 68
579000 68
579500 68
580000 68
580500 68
581000 68
581500 68
582000 68
582500 68
583000 68
583500 68
584000 68
584500 68
585000 68
585500 68
586000 68
586500 68
587000 68
587500 68
588000 68
588500 68
589000 68
589500 68
590000 68
590500 68
591000 68
591500 68
592000 68
592500 68
593000 68
593500 68
594000 68
594500 68
595000 68
595500 68
596000 68
596500 68
597000 68
597500 68
598000 68
598500 68
599000 68
599500 68
600000 68
600500 68
601000 68
601500 68
602000 68
602500 68
603000 68
603500 68
604000 68
604500 68
605000 68
605500 68
606000 68
606500 68
607000 68
607500 68
608000 68
608500 68
609000 68
609500 68
610000 68
610500 68
611000 68
611500 68
612000 68
612500 68
613000 68
613500 68
614000 68
614500 68
615000 68
615500 68
616000 68
616500 68
617000 68
617500 68
618000 68
618500 68
619000 68
619500 68
620000 68
620500 68
621000 68
621500 68
622000 68
622500 68
623000 68
623500 68
624000 68
624500 68
625000 68
625500 68
626000 68
626500 68
627000 68
627500 68
628000 68
628500 68
629000 68
629500 68
630000 68
630500 68
631000 68
631500 68
632000 68
632500 68
633000 68
633500 68
634000 68
634500 68
635000 68
635500 68
636000 68
636500 68
637000 68
637500 68
638000 68
638500 68
639000 68
639500 68
640000 68
640500 68
641000 68
641500 68
642000 68
642500 68
643000 68
643500 68
644000 68
644500 68
645000 68
645500 68
646000 68
646500 68
647000 68
647500 68
648000 68
648500 68
649000 68
649500 68
650000 68
650500 68
651000 68
651500 68
652000 68
652500 68
653000 68
653500 68
654000 68
654500 68
655000 68
655500 68
656000 68
656500 68
657000 68
657500 68
658000 68
658500 68
659000 68
659500 68
660000 68
660500 68
661000 68
661500 68
662000 68
662500 68
663000 68
663500 68
664000 68
664500 68
665000 68
665500 68
666000 68
666500 68
667000 68
667500 68
668000 68
668500 68
669000 68
669500 68
670000 68
670500 68
671000 68
671500 68
672000 68
672500 68
673000 68
673500 68
674000 68
674500 68
675000 68
675500 68
676000 68
676500 68
677000 68
677500 68
678000 68
678500 68
679000 68
679500 68
680000 68
680500 68
681000 68
681500 68
682000 68
682500 68
683000 68
683500 68
684000 68
684500 68
685000 68
685500 68
686000 68
686500 68
687000 68
687500 68
688000 68
688500 68
689000 68
689500 68
690000 68
690500 68
691000 68
691500 68
692000 68
692500 68
693000 68
693500 68
694000 68
694500 68
695000 68
695500 68
696000 68
696500 68
697000 68
697500 68
698000 68
698500 68
699000 68
699500 68
700000 68
