200 79
400 79
600 79
800 79
1000 79
1200 79
1400 79
1600 79
1800 79
2000 79
2200 79
2400 79
2600 79
2800 79
3000 79
3200 79
3400 79
3600 79
3800 79
4000 79
4200 79
4400 79
4600 79
4800 79
5000 79
5200 79
5400 79
5600 79
5800 79
6000 79
6200 79
6400 79
6600 79
6800 79
7000 79
7200 79
7400 79
7600 79
7800 79
8000 79
8200 79
8400 79
8600 79
8800 79
9000 79
9200 79
9400 79
9600 79
9800 79
10000 79
10200 79
10400 79
10600 79
10800 79
11000 79
11200 79
11400 79
11600 79
11800 79
12000 79
12200 79
12400 79
12600 79
12800 79
13000 79
13200 79
13400 79
13600 79
13800 79
14000 79
14200 79
14400 79
14600 79
14800 79
15000 79
15200 79
15400 79
15600 79
15800 79
16000 79
16200 79
16400 79
16600 79
16800 79
17000 79
17200 79
17400 79
17600 79
17800 79
18000 79
18200 79
18400 79
18600 79
18800 79
19000 79
19200 79
19400 79
19600 79
19800 79
20000 79
20200 79
20400 79
20600 79
20800 79
21000 79
21200 79
21400 79
21600 79
21800 79
22000 79
22200 79
22400 79
22600 79
22800 79
23000 79
23200 79
23400 79
23600 79
23800 79
24000 79
24200 79
24400 79
24600 79
24800 79
25000 79
25200 79
25400 79
25600 79
25800 79
26000 79
26200 79
26400 79
26600 79
26800 79
27000 79
27200 79
27400 79
27600 79
27800 79
28000 79
28200 79
28400 79
28600 79
28800 79
29000 79
29200 79
29400 79
29600 79
29800 79
30000 79
30200 79
30400 79
30600 79
30800 79
31000 79
31200 79
31400 79
31600 79
31800 79
32000 79
32200 79
32400 79
32600 79
32800 79
33000 79
33200 79
33400 79
33600 79
33800 79
34000 79
34200 79
34400 79
34600 79
34800 79
35000 79
35200 79
35400 79
35600 79
35800 79
36000 79
36200 79
36400 79
36600 79
36800 79
37000 79
37200 79
37400 79
37600 79
37800 79
38000 79
38200 79
38400 79
38600 79
38800 79
39000 79
39200 79
39400 79
39600 79
39800 79
40000 79
40200 79
40400 79
40600 79
40800 79
41000 79
41200 79
41400 79
41600 79
41800 79
42000 79
42200 79
42400 79
42600 79
42800 79
43000 79
43200 79
43400 79
43600 79
43800 79
44000 79
44200 79
44400 79
44600 79
44800 79
45000 79
45200 79
45400 79
45600 79
45800 79
46000 79
46200 79
46400 79
46600 79
46800 79
47000 79
47200 79
47400 79
47600 79
47800 79
48000 79
48200 79
48400 79
48600 79
48800 79
49000 79
49200 79
49400 79
49600 79
49800 79
50000 79
50200 79
50400 79
50600 79
50800 79
51000 79
51200 79
51400 79
51600 79
51800 79
52000 79
52200 79
52400 79
52600 79
52800 79
53000 79
53200 79
53400 79
53600 79
53800 79
54000 79
54200 79
54400 79
54600 79
54800 79
55000 79
55200 79
55400 79
55600 79
55800 79
56000 79
56200 79
56400 79
56600 79
56800 79
57000 79
57200 79
57400 79
57600 79
57800 79
58000 79
58200 79
58400 79
58600 79
58800 79
59000 79
59200 79
59400 79
59600 79
59800 79
60000 79
60200 79
60400 79
60600 79
60800 79
61000 79
61200 79
61400 79
61600 79
61800 79
62000 79
62200 79
62400 79
62600 79
62800 79
63000 79
63200 79
63400 79
63600 79
63800 79
64000 79
64200 79
64400 79
64600 79
64800 79
65000 79
65200 79
65400 79
65600 79
65800 79
66000 79
66200 79
66400 79
66600 79
66800 79
67000 79
67200 79
67400 79
67600 79
67800 79
68000 79
68200 79
68400 79
68600 79
68800 79
69000 79
69200 79
69400 79
69600 79
69800 79
70000 79
70200 79
70400 78
70600 78
70800 78
71000 78
71200 78
71400 78
71600 78
71800 78
72000 78
72200 78
72400 78
72600 78
72800 78
73000 78
73200 78
73400 78
73600 78
73800 78
74000 78
74200 78
74400 78
74600 78
74800 78
75000 78
75200 78
75400 78
75600 78
75800 78
76000 78
76200 78
76400 78
76600 78
76800 78
77000 78
77200 78
77400 78
77600 78
77800 78
78000 78
78200 78
78400 78
78600 78
78800 78
79000 78
79200 78
79400 78
79600 78
79800 78
80000 78
80200 78
80400 78
80600 78
80800 78
81000 78
81200 78
81400 78
81600 78
81800 78
82000 78
82200 78
82400 78
82600 78
82800 78
83000 78
83200 78
83400 78
83600 78
83800 78
84000 78
84200 78
84400 78
84600 78
84800 78
85000 78
85200 78
85400 78
85600 78
85800 78
86000 78
86200 78
86400 78
86600 78
86800 78
87000 78
87200 78
87400 78
87600 78
87800 78
88000 78
88200 78
88400 78
88600 78
88800 78
89000 78
89200 78
89400 78
89600 78
89800 78
90000 78
90200 78
90400 78
90600 78
90800 78
91000 78
91200 78
91400 78
91600 78
91800 78
92000 78
92200 78
92400 78
92600 78
92800 78
93000 78
93200 78
93400 78
93600 78
93800 78
94000 78
94200 78
94400 78
94600 78
94800 78
95000 78
95200 78
95400 78
95600 78
95800 78
96000 78
96200 78
96400 78
96600 78
96800 78
97000 78
97200 78
97400 78
97600 78
97800 78
98000 78
98200 78
98400 78
98600 78
98800 78
99000 78
99200 78
99400 78
99600 78
99800 78
100000 78
100200 78
100400 78
100600 78
100800 78
101000 78
101200 78
101400 78
101600 78
101800 78
102000 78
102200 78
102400 78
102600 78
102800 78
103000 78
103200 78
103400 78
103600 78
103800 78
104000 78
104200 78
104400 78
104600 78
104800 78
105000 78
105200 78
105400 78
105600 78
105800 78
106000 78
106200 78
106400 78
106600 78
106800 78
107000 78
107200 78
107400 78
107600 78
107800 78
108000 78
108200 78
108400 78
108600 78
108800 78
109000 78
109200 78
109400 78
109600 78
109800 78
110000 78
110200 78
110400 78
110600 78
110800 78
111000 78
111200 78
111400 78
111600 78
111800 78
112000 78
112200 78
112400 78
112600 78
112800 78
113000 78
113200 78
113400 78
113600 78
113800 78
114000 78
114200 78
114400 78
114600 78
114800 78
115000 78
115200 78
115400 78
115600 78
115800 78
116000 78
116200 78
116400 78
116600 78
116800 78
117000 78
117200 78
117400 78
117600 78
117800 78
118000 78
118200 78
118400 78
118600 78
118800 78
119000 78
119200 78
119400 78
119600 78
119800 78
120000 78
120200 78
120400 78
120600 78
120800 78
121000 78
121200 78
121400 78
121600 78
121800 78
122000 78
122200 78
122400 78
122600 78
122800 78
123000 78
123200 78
123400 78
123600 78
123800 78
124000 78
124200 78
124400 78
124600 78
124800 78
125000 78
125200 78
125400 78
125600 78
125800 78
126000 78
126200 78
126400 78
126600 78
126800 78
127000 78
127200 78
127400 78
127600 78
127800 78
128000 78
128200 78
128400 78
128600 78
128800 78
129000 78
129200 78
129400 78
129600 78
129800 78
130000 78
130200 78
130400 78
130600 78
130800 78
131000 78
131200 78
131400 78
131600 78
131800 78
132000 78
132200 78
132400 78
132600 78
132800 78
133000 78
133200 78
133400 78
133600 78
133800 78
134000 78
134200 78
134400 78
134600 78
134800 78
135000 78
135200 78
135400 78
135600 78
135800 78
136000 78
136200 78
136400 78
136600 78
136800 78
137000 78
137200 78
137400 78
137600 78
137800 78
138000 78
138200 78
138400 78
138600 78
138800 78
139000 78
139200 78
139400 78
139600 78
139800 78
140000 78
140200 78
140400 78
140600 78
140800 78
141000 78
141200 78
141400 78
141600 78
141800 78
142000 78
142200 78
142400 78
142600 78
142800 78
143000 78
143200 78
143400 78
143600 78
143800 78
144000 78
144200 78
144400 78
144600 78
144800 78
145000 78
145200 78
145400 78
145600 78
145800 78
146000 78
146200 78
146400 78
146600 78
146800 78
147000 78
147200 78
147400 78
147600 78
147800 78
148000 78
148200 78
148400 78
148600 78
148800 78
149000 78
149200 78
149400 78
149600 78
149800 78
150000 78
150200 78
150400 78
150600 78
150800 78
151000 78
151200 78
151400 78
151600 78
151800 78
152000 78
152200 78
152400 78
152600 78
152800 78
153000 78
153200 78
153400 78
153600 78
153800 78
154000 78
154200 78
154400 78
154600 78
154800 78
155000 78
155200 78
155400 78
155600 78
155800 78
156000 78
156200 78
156400 78
156600 78
156800 78
157000 78
157200 78
157400 78
157600 78
157800 78
158000 78
158200 78
158400 78
158600 78
158800 78
159000 78
159200 78
159400 78
159600 78
159800 78
160000 78
160200 78
160400 78
160600 78
160800 78
161000 78
161200 78
161400 78
161600 78
161800 78
162000 78
162200 78
162400 78
162600 78
162800 78
163000 78
163200 78
163400 78
163600 78
163800 78
164000 78
164200 78
164400 78
164600 78
164800 78
165000 78
165200 78
165400 78
165600 78
165800 78
166000 78
166200 78
166400 78
166600 78
166800 78
167000 78
167200 78
167400 78
167600 78
167800 78
168000 78
168200 78
168400 78
168600 78
168800 78
169000 78
169200 78
169400 78
169600 78
169800 78
170000 78
170200 78
170400 78
170600 78
170800 78
171000 78
171200 78
171400 78
171600 78
171800 78
172000 78
172200 78
172400 78
172600 78
172800 78
173000 78
173200 78
173400 78
173600 78
173800 78
174000 78
174200 78
174400 78
174600 78
174800 78
175000 78
175200 78
175400 78
175600 78
175800 78
176000 78
176200 78
176400 78
176600 78
176800 78
177000 78
177200 78
177400 78
177600 78
177800 78
178000 78
178200 78
178400 78
178600 78
178800 78
179000 78
179200 78
179400 78
179600 78
179800 78
180000 78
180200 78
180400 78
180600 78
180800 78
181000 78
181200 78
181400 78
181600 78
181800 78
182000 78
182200 78
182400 78
182600 78
182800 78
183000 78
183200 78
183400 78
183600 78
183800 78
184000 78
184200 78
184400 78
184600 78
184800 78
185000 78
185200 78
185400 78
185600 78
185800 78
186000 78
186200 78
186400 78
186600 78
186800 78
187000 78
187200 78
187400 78
187600 78
187800 78
188000 78
188200 78
188400 78
188600 78
188800 78
189000 78
189200 78
189400 78
189600 78
189800 78
190000 78
190200 78
190400 78
190600 78
190800 78
191000 78
191200 78
191400 78
191600 78
191800 78
192000 78
192200 78
192400 78
192600 78
192800 78
193000 78
193200 78
193400 78
193600 78
193800 78
194000 78
194200 78
194400 78
194600 78
194800 78
195000 78
195200 78
195400 78
195600 78
195800 78
196000 78
196200 78
196400 78
196600 78
196800 78
197000 78
197200 78
197400 78
197600 78
197800 78
198000 78
198200 78
198400 78
198600 78
198800 78
199000 78
199200 78
199400 78
199600 78
199800 78
200000 78
200200 78
200400 78
200600 78
200800 78
201000 78
201200 78
201400 78
201600 78
201800 78
202000 78
202200 78
202400 78
202600 78
202800 78
203000 78
203200 78
203400 78
203600 78
203800 78
204000 78
204200 78
204400 78
204600 78
204800 78
205000 78
205200 78
205400 78
205600 78
205800 78
206000 78
206200 78
206400 78
206600 78
206800 78
207000 78
207200 78
207400 78
207600 78
207800 78
208000 78
208200 78
208400 78
208600 78
208800 78
209000 78
209200 78
209400 78
209600 78
209800 78
210000 78
210200 78
210400 78
210600 78
210800 78
211000 78
211200 78
211400 78
211600 78
211800 78
212000 78
212200 78
212400 78
212600 78
212800 78
213000 78
213200 78
213400 78
213600 78
213800 78
214000 78
214200 78
214400 78
214600 78
214800 78
215000 78
215200 78
215400 78
215600 78
215800 78
216000 78
216200 78
216400 78
216600 78
216800 78
217000 78
217200 78
217400 78
217600 78
217800 78
218000 78
218200 78
218400 78
218600 78
218800 78
219000 78
219200 78
219400 78
219600 78
219800 78
220000 78
220200 78
220400 78
220600 78
220800 78
221000 78
221200 78
221400 78
221600 78
221800 78
222000 78
222200 78
222400 78
222600 78
222800 78
223000 78
223200 78
223400 78
223600 78
223800 78
224000 78
224200 78
224400 78
224600 78
224800 78
225000 78
225200 78
225400 78
225600 78
225800 78
226000 78
226200 78
226400 78
226600 78
226800 78
227000 78
227200 78
227400 78
227600 78
227800 78
228000 78
228200 78
228400 78
228600 78
228800 78
229000 78
229200 78
229400 78
229600 78
229800 78
230000 78
230200 78
230400 78
230600 78
230800 78
231000 78
231200 78
231400 78
231600 78
231800 78
232000 78
232200 78
232400 78
232600 78
232800 78
233000 78
233200 78
233400 78
233600 78
233800 78
234000 78
234200 78
234400 78
234600 78
234800 78
235000 78
235200 78
235400 78
235600 78
235800 78
236000 78
236200 78
236400 78
236600 78
236800 78
237000 78
237200 78
237400 78
237600 78
237800 78
238000 78
238200 78
238400 78
238600 78
238800 78
239000 78
239200 78
239400 78
239600 78
239800 78
240000 78
240200 78
240400 78
240600 78
240800 78
241000 78
241200 78
241400 78
241600 78
241800 78
242000 78
242200 78
242400 78
242600 78
242800 78
243000 78
243200 78
243400 78
243600 78
243800 78
244000 78
244200 78
244400 78
244600 78
244800 78
245000 78
245200 78
245400 78
245600 78
245800 78
246000 78
246200 78
246400 78
246600 78
246800 78
247000 78
247200 78
247400 78
247600 78
247800 78
248000 78
248200 78
248400 78
248600 78
248800 78
249000 78
249200 78
249400 78
249600 78
249800 78
250000 78
250200 78
250400 78
250600 78
250800 78
251000 78
251200 78
251400 78
251600 78
251800 78
252000 78
252200 78
252400 78
252600 78
252800 78
253000 78
253200 78
253400 78
253600 78
253800 78
254000 78
254200 78
254400 78
254600 78
254800 78
255000 78
255200 78
255400 78
255600 78
255800 78
256000 78
256200 78
256400 78
256600 78
256800 78
257000 78
257200 78
257400 78
257600 78
257800 78
258000 78
258200 78
258400 78
258600 78
258800 78
259000 78
259200 78
259400 78
259600 78
259800 78
260000 78
260200 78
260400 78
260600 78
260800 78
261000 78
261200 78
261400 78
261600 78
261800 78
262000 78
262200 78
262400 78
262600 78
262800 78
263000 78
263200 78
263400 78
263600 78
263800 78
264000 78
264200 78
264400 78
264600 78
264800 78
265000 78
265200 78
265400 78
265600 78
265800 78
266000 78
266200 78
266400 78
266600 78
266800 78
267000 78
267200 78
267400 78
267600 78
267800 78
268000 78
268200 78
268400 78
268600 78
268800 78
269000 78
269200 78
269400 78
269600 78
269800 78
270000 78
270200 78
270400 78
270600 78
270800 78
271000 78
271200 78
271400 78
271600 78
271800 78
272000 78
272200 78
272400 78
272600 78
272800 78
273000 78
273200 78
273400 78
273600 78
273800 78
274000 78
274200 78
274400 78
274600 78
274800 78
275000 78
275200 78
275400 78
275600 78
275800 78
276000 78
276200 78
276400 78
276600 78
276800 78
277000 78
277200 78
277400 78
277600 78
277800 78
278000 78
278200 78
278400 78
278600 78
278800 78
279000 78
279200 78
279400 78
279600 78
279800 78
280000 78
280200 78
280400 78
280600 78
280800 78
281000 78
281200 78
281400 78
281600 78
281800 78
282000 78
282200 78
282400 78
282600 78
282800 78
283000 78
283200 78
283400 78
283600 78
283800 78
284000 78
284200 78
284400 78
284600 78
284800 78
285000 78
285200 78
285400 78
285600 78
285800 78
286000 78
286200 78
286400 78
286600 78
286800 78
287000 78
287200 78
287400 78
287600 78
287800 78
288000 78
288200 78
288400 78
288600 78
288800 78
289000 78
289200 78
289400 78
289600 78
289800 78
290000 78
290200 78
290400 78
290600 78
290800 78
291000 78
291200 78
291400 78
291600 78
291800 78
292000 78
292200 78
292400 78
292600 78
292800 78
293000 78
293200 78
293400 78
293600 78
293800 78
294000 78
294200 78
294400 78
294600 78
294800 78
295000 78
295200 78
295400 78
295600 78
295800 78
296000 78
296200 78
296400 78
296600 78
296800 78
297000 78
297200 78
297400 78
297600 78
297800 78
298000 78
298200 78
298400 78
298600 78
298800 78
299000 78
299200 78
299400 78
299600 78
299800 78
300000 78
300200 78
300400 78
300600 78
300800 78
301000 78
301200 78
301400 78
301600 78
301800 78
302000 78
302200 78
302400 78
302600 78
302800 78
303000 78
303200 78
303400 78
303600 78
303800 78
304000 78
304200 78
304400 78
304600 78
304800 78
305000 78
305200 78
305400 78
305600 78
305800 78
306000 78
306200 78
306400 78
306600 78
306800 78
307000 78
307200 78
307400 78
307600 78
307800 78
308000 78
308200 78
308400 78
308600 78
308800 78
309000 78
309200 78
309400 78
309600 78
309800 78
310000 78
310200 78
310400 78
310600 78
310800 78
311000 78
311200 78
311400 78
311600 78
311800 78
312000 78
312200 78
312400 78
312600 78
312800 78
313000 78
313200 78
313400 78
313600 78
313800 78
314000 78
314200 78
314400 78
314600 78
314800 78
315000 78
315200 78
315400 78
315600 78
315800 78
316000 78
316200 78
316400 78
316600 78
316800 78
317000 78
317200 78
317400 78
317600 78
317800 78
318000 78
318200 78
318400 78
318600 78
318800 78
319000 78
319200 78
319400 78
319600 78
319800 78
320000 78
320200 78
320400 78
320600 78
320800 78
321000 78
321200 78
321400 78
321600 78
321800 78
322000 78
322200 78
322400 78
322600 78
322800 78
323000 78
323200 78
323400 78
323600 78
323800 78
324000 78
324200 78
324400 78
324600 78
324800 78
325000 78
325200 78
325400 78
325600 78
325800 78
326000 78
326200 78
326400 78
326600 78
326800 78
327000 78
327200 78
327400 78
327600 78
327800 78
328000 78
328200 78
328400 78
328600 78
328800 78
329000 78
329200 78
329400 78
329600 78
329800 78
330000 78
330200 78
330400 78
330600 78
330800 78
331000 78
331200 78
331400 78
331600 78
331800 78
332000 78
332200 78
332400 78
332600 78
332800 78
333000 78
333200 78
333400 78
333600 78
333800 78
334000 78
334200 78
334400 78
334600 78
334800 78
335000 78
335200 78
335400 78
335600 78
335800 78
336000 78
336200 78
336400 78
336600 78
336800 78
337000 78
337200 78
337400 78
337600 78
337800 78
338000 78
338200 78
338400 78
338600 78
338800 78
339000 78
339200 78
339400 78
339600 78
339800 78
340000 78
340200 78
340400 78
340600 78
340800 78
341000 78
341200 78
341400 78
341600 78
341800 78
342000 78
342200 78
342400 78
342600 78
342800 78
343000 78
343200 78
343400 78
343600 78
343800 78
344000 78
344200 78
344400 78
344600 78
344800 78
345000 78
345200 78
345400 78
345600 78
345800 78
346000 78
346200 78
346400 78
346600 78
346800 78
347000 78
347200 78
347400 78
347600 78
347800 78
348000 78
348200 78
348400 78
348600 78
348800 78
349000 78
349200 78
349400 78
349600 78
349800 78
350000 78
350200 78
350400 78
350600 78
350800 78
351000 78
351200 78
351400 78
351600 78
351800 78
352000 78
352200 78
352400 78
352600 78
352800 78
353000 78
353200 78
353400 78
353600 78
353800 78
354000 78
354200 78
354400 78
354600 78
354800 78
355000 78
355200 78
355400 78
355600 78
355800 78
356000 78
356200 78
356400 78
356600 78
356800 78
357000 78
357200 78
357400 78
357600 78
357800 78
358000 78
358200 78
358400 78
358600 78
358800 78
359000 78
359200 78
359400 78
359600 78
359800 78
360000 78
360200 78
360400 78
360600 78
360800 78
361000 78
361200 78
361400 78
361600 78
361800 78
362000 78
362200 78
362400 78
362600 78
362800 78
363000 78
363200 78
363400 78
363600 78
363800 78
364000 78
364200 78
364400 78
364600 78
364800 78
365000 78
365200 78
365400 78
365600 78
365800 78
366000 78
366200 78
366400 78
366600 78
366800 78
367000 78
367200 78
367400 78
367600 78
367800 78
368000 78
368200 78
368400 78
368600 78
368800 78
369000 78
369200 78
369400 78
369600 78
369800 78
370000 78
370200 78
370400 78
370600 78
370800 78
371000 78
371200 78
371400 78
371600 78
371800 78
372000 78
372200 78
372400 78
372600 78
372800 78
373000 78
373200 78
373400 78
373600 78
373800 78
374000 78
374200 78
374400 78
374600 78
374800 78
375000 78
375200 78
375400 78
375600 78
375800 78
376000 78
376200 78
376400 78
376600 78
376800 78
377000 78
377200 78
377400 78
377600 78
377800 78
378000 78
378200 78
378400 78
378600 78
378800 78
379000 78
379200 78
379400 78
379600 78
379800 78
380000 78
380200 78
380400 78
380600 78
380800 78
381000 78
381200 78
381400 78
381600 78
381800 78
382000 78
382200 78
382400 78
382600 78
382800 78
383000 78
383200 78
383400 78
383600 78
383800 78
384000 78
384200 78
384400 78
384600 78
384800 78
385000 78
385200 78
385400 78
385600 78
385800 78
386000 78
386200 78
386400 78
386600 78
386800 78
387000 78
387200 78
387400 78
387600 78
387800 78
388000 78
388200 78
388400 78
388600 78
388800 78
389000 78
389200 78
389400 78
389600 78
389800 78
390000 78
390200 78
390400 78
390600 78
390800 78
391000 78
391200 78
391400 78
391600 78
391800 78
392000 78
392200 78
392400 78
392600 78
392800 78
393000 78
393200 78
393400 78
393600 78
393800 78
394000 78
394200 78
394400 78
394600 78
394800 78
395000 78
395200 78
395400 78
395600 78
395800 78
396000 78
396200 78
396400 78
396600 78
396800 78
397000 78
397200 78
397400 78
397600 78
397800 78
398000 78
398200 78
398400 78
398600 78
398800 78
399000 78
399200 78
399400 78
399600 78
399800 78
400000 78
400200 78
400400 78
400600 78
400800 78
401000 78
401200 78
401400 78
401600 78
401800 78
402000 78
402200 78
402400 78
402600 78
402800 78
403000 78
403200 78
403400 78
403600 78
403800 78
404000 78
404200 78
404400 78
404600 78
404800 78
405000 78
405200 78
405400 78
405600 78
405800 78
406000 78
406200 78
406400 78
406600 78
406800 78
407000 78
407200 78
407400 78
407600 78
407800 78
408000 78
408200 78
408400 78
408600 78
408800 78
409000 78
409200 78
409400 78
409600 78
409800 78
410000 78
410200 78
410400 78
410600 78
410800 78
411000 78
411200 78
411400 78
411600 78
411800 78
412000 78
412200 78
412400 78
412600 78
412800 78
413000 78
413200 78
413400 78
413600 78
413800 78
414000 78
414200 78
414400 78
414600 78
414800 78
415000 78
415200 78
415400 78
415600 78
415800 78
416000 78
416200 78
416400 78
416600 78
416800 78
417000 78
417200 78
417400 78
417600 78
417800 78
418000 78
418200 78
418400 78
418600 78
418800 78
419000 78
419200 78
419400 78
419600 78
419800 78
420000 78
420200 78
420400 78
420600 78
420800 78
421000 78
421200 78
421400 78
421600 78
421800 78
422000 78
422200 78
422400 78
422600 78
422800 78
423000 78
423200 78
423400 78
423600 78
423800 78
424000 78
424200 78
424400 78
424600 78
424800 78
425000 78
425200 78
425400 78
425600 78
425800 78
426000 78
426200 78
426400 78
426600 78
426800 78
427000 78
427200 78
427400 78
427600 78
427800 78
428000 78
428200 78
428400 78
428600 78
428800 78
429000 78
429200 78
429400 78
429600 78
429800 78
430000 78
430200 78
430400 78
430600 78
430800 78
431000 78
431200 78
431400 78
431600 78
431800 78
432000 78
432200 78
432400 78
432600 78
432800 78
433000 78
433200 78
433400 78
433600 78
433800 78
434000 78
434200 78
434400 78
434600 78
434800 78
435000 78
435200 78
435400 78
435600 78
435800 78
436000 78
436200 78
436400 78
436600 78
436800 78
437000 78
437200 78
437400 78
437600 78
437800 78
438000 78
438200 78
438400 78
438600 78
438800 78
439000 78
439200 78
439400 78
439600 78
439800 78
440000 78
440200 78
440400 78
440600 78
440800 78
441000 78
441200 78
441400 78
441600 78
441800 78
442000 78
442200 78
442400 78
442600 78
442800 78
443000 78
443200 78
443400 78
443600 78
443800 78
444000 78
444200 78
444400 78
444600 78
444800 78
445000 78
445200 78
445400 78
445600 78
445800 78
446000 78
446200 78
446400 78
446600 78
446800 78
447000 78
447200 78
447400 78
447600 78
447800 78
448000 78
448200 78
448400 78
448600 78
448800 78
449000 78
449200 78
449400 78
449600 78
449800 78
450000 78
450200 78
450400 78
450600 78
450800 78
451000 78
451200 78
451400 78
451600 78
451800 78
452000 78
452200 78
452400 78
452600 78
452800 78
453000 78
453200 78
453400 78
453600 78
453800 78
454000 78
454200 78
454400 78
454600 78
454800 78
455000 78
455200 78
455400 78
455600 78
455800 78
456000 78
456200 78
456400 78
456600 78
456800 78
457000 78
457200 78
457400 78
457600 78
457800 78
458000 78
458200 78
458400 78
458600 78
458800 78
459000 78
459200 78
459400 78
459600 78
459800 78
460000 78
460200 78
460400 78
460600 78
460800 78
461000 78
461200 78
461400 78
461600 78
461800 78
462000 78
462200 78
462400 78
462600 78
462800 78
463000 78
463200 78
463400 78
463600 78
463800 78
464000 78
464200 78
464400 78
464600 78
464800 78
465000 78
465200 78
465400 78
465600 78
465800 78
466000 78
466200 78
466400 78
466600 78
466800 78
467000 78
467200 78
467400 78
467600 78
467800 78
468000 78
468200 78
468400 78
468600 78
468800 78
469000 78
469200 78
469400 78
469600 78
469800 78
470000 78
470200 78
470400 78
470600 78
470800 78
471000 78
471200 78
471400 78
471600 78
471800 78
472000 78
472200 78
472400 78
472600 78
472800 78
473000 78
473200 78
473400 78
473600 78
473800 78
474000 78
474200 78
474400 78
474600 78
474800 78
475000 78
475200 78
475400 78
475600 78
475800 78
476000 78
476200 78
476400 78
476600 78
476800 78
477000 78
477200 78
477400 78
477600 78
477800 78
478000 78
478200 78
478400 78
478600 78
478800 78
479000 78
479200 78
479400 78
479600 78
479800 78
480000 78
480200 78
480400 78
480600 78
480800 78
481000 78
481200 78
481400 78
481600 78
481800 78
482000 78
482200 78
482400 78
482600 78
482800 78
483000 78
483200 78
483400 78
483600 78
483800 78
484000 78
484200 78
484400 78
484600 78
484800 78
485000 78
485200 78
485400 78
485600 78
485800 78
486000 78
486200 78
486400 78
486600 78
486800 78
487000 78
487200 78
487400 78
487600 78
487800 78
488000 78
488200 78
488400 78
488600 78
488800 78
489000 78
489200 78
489400 78
489600 78
489800 78
490000 78
490200 78
490400 78
490600 78
490800 78
491000 78
491200 78
491400 78
491600 78
491800 78
492000 78
492200 78
492400 78
492600 78
492800 78
493000 78
493200 78
493400 78
493600 78
493800 78
494000 78
494200 78
494400 78
494600 78
494800 78
495000 78
495200 78
495400 78
495600 78
495800 78
496000 78
496200 78
496400 78
496600 78
496800 78
497000 78
497200 78
497400 78
497600 78
497800 78
498000 78
498200 78
498400 78
498600 78
498800 78
499000 78
499200 78
499400 78
499600 78
499800 78
500000 78
500200 78
500400 78
500600 78
500800 78
501000 78
501200 78
501400 78
501600 78
501800 78
502000 78
502200 78
502400 78
502600 78
502800 78
503000 78
503200 78
503400 78
503600 78
503800 78
504000 78
504200 78
504400 78
504600 78
504800 78
505000 78
505200 78
505400 78
505600 78
505800 78
506000 78
506200 78
506400 78
506600 78
506800 78
507000 78
507200 78
507400 78
507600 78
507800 78
508000 78
508200 78
508400 78
508600 78
508800 78
509000 78
509200 78
509400 78
509600 78
509800 78
510000 78
510200 78
510400 78
510600 78
510800 78
511000 78
511200 78
511400 78
511600 78
511800 78
512000 78
512200 78
512400 78
512600 78
512800 78
513000 78
513200 78
513400 78
513600 78
513800 78
514000 78
514200 78
514400 78
514600 78
514800 78
515000 78
515200 78
515400 78
515600 78
515800 78
516000 78
516200 78
516400 78
516600 78
516800 78
517000 78
517200 78
517400 78
517600 78
517800 78
518000 78
518200 78
518400 78
518600 78
518800 78
519000 78
519200 78
519400 78
519600 78
519800 78
520000 78
520200 78
520400 78
520600 78
520800 78
521000 78
521200 78
521400 78
521600 78
521800 78
522000 78
522200 78
522400 78
522600 78
522800 78
523000 78
523200 78
523400 78
523600 78
523800 78
524000 78
524200 78
524400 78
524600 78
524800 78
525000 78
525200 78
525400 78
525600 78
525800 78
526000 78
526200 78
526400 78
526600 78
526800 78
527000 78
527200 78
527400 78
527600 78
527800 78
528000 78
528200 78
528400 78
528600 78
528800 78
529000 78
529200 78
529400 78
529600 78
529800 78
530000 78
530200 78
530400 78
530600 78
530800 78
531000 78
531200 78
531400 78
531600 78
531800 78
532000 78
532200 78
532400 78
532600 78
532800 78
533000 78
533200 78
533400 78
533600 78
533800 78
534000 78
534200 78
534400 78
534600 78
534800 78
535000 78
535200 78
535400 78
535600 78
535800 78
536000 78
536200 78
536400 78
536600 78
536800 78
537000 78
537200 78
537400 78
537600 78
537800 78
538000 78
538200 78
538400 78
538600 78
538800 78
539000 78
539200 78
539400 78
539600 78
539800 78
540000 78
540200 78
540400 78
540600 78
540800 78
541000 78
541200 78
541400 78
541600 78
541800 78
542000 78
542200 78
542400 78
542600 78
542800 78
543000 78
543200 78
543400 78
543600 78
543800 78
544000 78
544200 78
544400 78
544600 78
544800 78
545000 78
545200 78
545400 78
545600 78
545800 78
546000 78
546200 78
546400 78
546600 78
546800 78
547000 78
547200 78
547400 78
547600 78
547800 78
548000 78
548200 78
548400 78
548600 78
548800 78
549000 78
549200 78
549400 78
549600 78
549800 78
550000 78
550200 78
550400 78
550600 78
550800 78
551000 78
551200 78
551400 78
551600 78
551800 78
552000 78
552200 78
552400 78
552600 78
552800 78
553000 78
553200 78
553400 78
553600 78
553800 78
554000 78
554200 78
554400 78
554600 78
554800 78
555000 78
555200 78
555400 78
555600 78
555800 78
556000 78
556200 78
556400 78
556600 78
556800 78
557000 78
557200 78
557400 78
557600 78
557800 78
558000 78
558200 78
558400 78
558600 78
558800 78
559000 78
559200 78
559400 78
559600 78
559800 78
560000 78
560200 78
560400 78
560600 78
560800 78
561000 78
561200 78
561400 78
561600 78
561800 78
562000 78
562200 78
562400 78
562600 78
562800 78
563000 78
563200 78
563400 78
563600 78
563800 78
564000 78
564200 78
564400 78
564600 78
564800 78
565000 78
565200 78
565400 78
565600 78
565800 78
566000 78
566200 78
566400 78
566600 78
566800 78
567000 78
567200 78
567400 78
567600 78
567800 78
568000 78
568200 78
568400 78
568600 78
568800 78
569000 78
569200 78
569400 78
569600 78
569800 78
570000 78
570200 78
570400 78
570600 78
570800 78
571000 78
571200 78
571400 78
571600 78
571800 78
572000 78
572200 78
572400 78
572600 78
572800 78
573000 78
573200 78
573400 78
573600 78
573800 78
574000 78
574200 78
574400 78
574600 78
574800 78
575000 78
575200 78
575400 78
575600 78
575800 78
576000 78
576200 78
576400 78
576600 78
576800 78
577000 78
577200 78
577400 78
577600 78
577800 78
578000 78
578200 78
578400 78
578600 78
578800 78
579000 78
579200 78
579400 78
579600 78
579800 78
580000 78
580200 78
580400 78
580600 78
580800 78
581000 78
581200 78
581400 78
581600 78
581800 78
582000 78
582200 78
582400 78
582600 78
582800 78
583000 78
583200 78
583400 78
583600 78
583800 78
584000 78
584200 78
584400 78
584600 78
584800 78
585000 78
585200 78
585400 78
585600 78
585800 78
586000 78
586200 78
586400 78
586600 78
586800 78
587000 78
587200 78
587400 78
587600 78
587800 78
588000 78
588200 78
588400 78
588600 78
588800 78
589000 78
589200 78
589400 78
589600 78
589800 78
590000 78
590200 78
590400 78
590600 78
590800 78
591000 78
591200 78
591400 78
591600 78
591800 78
592000 78
592200 78
592400 78
592600 78
592800 78
593000 78
593200 78
593400 78
593600 78
593800 78
594000 78
594200 78
594400 78
594600 78
594800 78
595000 78
595200 78
595400 78
595600 78
595800 78
596000 78
596200 78
596400 78
596600 78
596800 78
597000 78
597200 78
597400 78
597600 78
597800 78
598000 78
598200 78
598400 78
598600 78
598800 78
599000 78
599200 78
599400 78
599600 78
599800 78
600000 78
600200 78
600400 78
600600 78
600800 78
601000 78
601200 78
601400 78
601600 78
601800 78
602000 78
602200 78
602400 78
602600 78
602800 78
603000 78
603200 78
603400 78
603600 78
603800 78
604000 78
604200 78
604400 78
604600 78
604800 78
605000 78
605200 78
605400 78
605600 78
605800 78
606000 78
606200 78
606400 78
606600 78
606800 78
607000 78
607200 78
607400 78
607600 78
607800 78
608000 78
608200 78
608400 78
608600 78
608800 78
609000 78
609200 78
609400 78
609600 78
609800 78
610000 78
610200 78
610400 78
610600 78
610800 78
611000 78
611200 78
611400 78
611600 78
611800 78
612000 78
612200 78
612400 78
612600 78
612800 78
613000 78
613200 78
613400 78
613600 78
613800 78
614000 78
614200 78
614400 78
614600 78
614800 78
615000 78
615200 78
615400 78
615600 78
615800 78
616000 78
616200 78
616400 78
616600 78
616800 78
617000 78
617200 78
617400 78
617600 78
617800 78
618000 78
618200 78
618400 78
618600 78
618800 78
619000 78
619200 78
619400 78
619600 78
619800 78
620000 78
620200 78
620400 78
620600 78
620800 78
621000 78
621200 78
621400 78
621600 78
621800 78
622000 78
622200 78
622400 78
622600 78
622800 78
623000 78
623200 78
623400 78
623600 78
623800 78
624000 78
624200 78
624400 78
624600 78
624800 78
625000 78
625200 78
625400 78
625600 78
625800 78
626000 78
626200 78
626400 78
626600 78
626800 78
627000 78
627200 78
627400 78
627600 78
627800 78
628000 78
628200 78
628400 78
628600 78
628800 78
629000 78
629200 78
629400 78
629600 78
629800 78
630000 78
630200 78
630400 78
630600 78
630800 78
631000 78
631200 78
631400 78
631600 78
631800 78
632000 78
632200 78
632400 78
632600 78
632800 78
633000 78
633200 78
633400 78
633600 78
633800 78
634000 78
634200 78
634400 78
634600 78
634800 78
635000 78
635200 78
635400 78
635600 78
635800 78
636000 78
636200 78
636400 78
636600 78
636800 78
637000 78
637200 78
637400 78
637600 78
637800 78
638000 78
638200 78
638400 78
638600 78
638800 78
639000 78
639200 78
639400 78
639600 78
639800 78
640000 78
640200 78
640400 78
640600 78
640800 78
641000 78
641200 78
641400 78
641600 78
641800 78
642000 78
642200 78
642400 78
642600 78
642800 78
643000 78
643200 78
643400 78
643600 78
643800 78
644000 78
644200 78
644400 78
644600 78
644800 78
645000 78
645200 78
645400 78
645600 78
645800 78
646000 78
646200 78
646400 78
646600 78
646800 78
647000 78
647200 78
647400 78
647600 78
647800 78
648000 78
648200 78
648400 78
648600 78
648800 78
649000 78
649200 78
649400 78
649600 78
649800 78
650000 78
650200 78
650400 78
650600 78
650800 78
651000 78
651200 78
651400 78
651600 78
651800 78
652000 78
652200 78
652400 78
652600 78
652800 78
653000 78
653200 78
653400 78
653600 78
653800 78
654000 78
654200 78
654400 78
654600 78
654800 78
655000 78
655200 78
655400 78
655600 78
655800 78
656000 78
656200 78
656400 78
656600 78
656800 78
657000 78
657200 78
657400 78
657600 78
657800 78
658000 78
658200 78
658400 78
658600 78
658800 78
659000 78
659200 78
659400 78
659600 78
659800 78
660000 78
660200 78
660400 78
660600 78
660800 78
661000 78
661200 78
661400 78
661600 78
661800 78
662000 78
662200 78
662400 78
662600 78
662800 78
663000 78
663200 78
663400 78
663600 78
663800 78
664000 78
664200 78
664400 78
664600 78
664800 78
665000 78
665200 78
665400 78
665600 78
665800 78
666000 78
666200 78
666400 78
666600 78
666800 78
667000 78
667200 78
667400 78
667600 78
667800 78
668000 78
668200 78
668400 78
668600 78
668800 78
669000 78
669200 78
669400 78
669600 78
669800 78
670000 78
670200 78
670400 78
670600 78
670800 78
671000 78
671200 78
671400 78
671600 78
671800 78
672000 78
672200 78
672400 78
672600 78
672800 78
673000 78
673200 78
673400 78
673600 78
673800 78
674000 78
674200 78
674400 78
674600 78
674800 78
675000 78
675200 78
675400 78
675600 78
675800 78
676000 78
676200 78
676400 78
676600 78
676800 78
677000 78
677200 78
677400 78
677600 78
677800 78
678000 78
678200 78
678400 78
678600 78
678800 78
679000 78
679200 78
679400 78
679600 78
679800 78
680000 78
680200 78
680400 78
680600 78
680800 78
681000 78
681200 78
681400 78
681600 78
681800 78
682000 78
682200 78
682400 78
682600 78
682800 78
683000 78
683200 78
683400 78
683600 78
683800 78
684000 78
684200 78
684400 78
684600 78
684800 78
685000 78
685200 78
685400 78
685600 78
685800 78
686000 78
686200 78
686400 78
686600 78
686800 78
687000 78
687200 78
687400 78
687600 78
687800 78
688000 78
688200 78
688400 78
688600 78
688800 78
689000 78
689200 78
689400 78
689600 78
689800 78
690000 78
690200 78
690400 78
690600 78
690800 78
691000 78
691200 78
691400 78
691600 78
691800 78
692000 78
692200 78
692400 78
692600 78
692800 78
693000 78
693200 78
693400 78
693600 78
693800 78
694000 78
694200 78
694400 78
694600 78
694800 78
695000 78
695200 78
695400 78
695600 78
695800 78
696000 78
696200 78
696400 78
696600 78
696800 78
697000 78
697200 78
697400 78
697600 78
697800 78
698000 78
698200 78
698400 78
698600 78
698800 78
699000 78
699200 78
699400 78
699600 78
699800 78
700000 78
700200 78
700400 78
700600 78
700800 78
701000 78
701200 78
701400 78
701600 78
701800 78
702000 78
702200 78
702400 78
702600 78
702800 78
703000 78
703200 78
703400 78
703600 78
703800 78
704000 78
704200 78
704400 78
704600 78
704800 78
705000 78
705200 78
705400 78
705600 78
705800 78
706000 78
706200 78
706400 78
706600 78
706800 78
707000 78
707200 78
707400 78
707600 78
707800 78
708000 78
708200 78
708400 78
708600 78
708800 78
709000 78
709200 78
709400 78
709600 78
709800 78
710000 78
710200 78
710400 78
710600 78
710800 78
711000 78
711200 78
711400 78
711600 78
711800 78
712000 78
712200 78
712400 78
712600 78
712800 78
713000 78
713200 78
713400 78
713600 78
713800 78
714000 78
714200 78
714400 78
714600 78
714800 78
715000 78
715200 78
715400 78
715600 78
715800 78
716000 78
716200 78
716400 78
716600 78
716800 78
717000 78
717200 78
717400 78
717600 78
717800 78
718000 78
718200 78
718400 78
718600 78
718800 78
719000 78
719200 78
719400 78
719600 78
719800 78
720000 78
720200 78
720400 78
720600 78
720800 78
721000 78
721200 78
721400 78
721600 78
721800 78
722000 78
722200 78
722400 78
722600 78
722800 78
723000 78
723200 78
723400 78
723600 78
723800 78
724000 78
724200 78
724400 78
724600 78
724800 78
725000 78
725200 78
725400 78
725600 78
725800 78
726000 78
726200 78
726400 78
726600 78
726800 78
727000 78
727200 78
727400 78
727600 78
727800 78
728000 78
728200 78
728400 78
728600 78
728800 78
729000 78
729200 78
729400 78
729600 78
729800 78
730000 78
730200 78
730400 78
730600 78
730800 78
731000 78
731200 78
731400 78
731600 78
731800 78
732000 78
732200 78
732400 78
732600 78
732800 78
733000 78
733200 78
733400 78
733600 78
733800 78
734000 78
734200 78
734400 78
734600 78
734800 78
735000 78
735200 78
735400 78
735600 78
735800 78
736000 78
736200 78
736400 78
736600 78
736800 78
737000 78
737200 78
737400 78
737600 78
737800 78
738000 78
738200 78
738400 78
738600 78
738800 78
739000 78
739200 78
739400 78
739600 78
739800 78
740000 78
740200 78
740400 78
740600 78
740800 78
741000 78
741200 78
741400 78
741600 78
741800 78
742000 78
742200 78
742400 78
742600 78
742800 78
743000 78
743200 78
743400 78
743600 78
743800 78
744000 78
744200 78
744400 78
744600 78
744800 78
745000 78
745200 78
745400 78
745600 78
745800 78
746000 78
746200 78
746400 78
746600 78
746800 78
747000 78
747200 78
747400 78
747600 78
747800 78
748000 78
748200 78
748400 78
748600 78
748800 78
749000 78
749200 78
749400 78
749600 78
749800 78
750000 78
750200 78
750400 78
750600 78
750800 78
751000 78
751200 78
751400 78
751600 78
751800 78
752000 78
752200 78
752400 78
752600 78
752800 78
753000 78
753200 78
753400 78
753600 78
753800 78
754000 78
754200 78
754400 78
754600 78
754800 78
755000 78
755200 78
755400 78
755600 78
755800 78
756000 78
756200 78
756400 78
756600 78
756800 78
757000 78
757200 78
757400 78
757600 78
757800 78
758000 78
758200 78
758400 78
758600 78
758800 78
759000 78
759200 78
759400 78
759600 78
759800 78
760000 78
760200 78
760400 78
760600 78
760800 78
761000 78
761200 78
761400 78
761600 78
761800 78
762000 78
762200 78
762400 78
762600 78
762800 78
763000 78
763200 78
763400 78
763600 78
763800 78
764000 78
764200 78
764400 78
764600 78
764800 78
765000 78
765200 78
765400 78
765600 78
765800 78
766000 78
766200 78
766400 78
766600 78
766800 78
767000 78
767200 78
767400 78
767600 78
767800 78
768000 78
768200 78
768400 78
768600 78
768800 78
769000 78
769200 78
769400 78
769600 78
769800 78
770000 78
770200 78
770400 78
770600 78
770800 78
771000 78
771200 78
771400 78
771600 78
771800 78
772000 78
772200 78
772400 78
772600 78
772800 78
773000 78
773200 78
773400 78
773600 78
773800 78
774000 78
774200 78
774400 78
774600 78
774800 78
775000 78
775200 78
775400 78
775600 78
775800 78
776000 78
776200 78
776400 78
776600 78
776800 78
777000 78
777200 78
777400 78
777600 78
777800 78
778000 78
778200 78
778400 78
778600 78
778800 78
779000 78
779200 78
779400 78
779600 78
779800 78
780000 78
780200 78
780400 78
780600 78
780800 78
781000 78
781200 78
781400 78
781600 78
781800 78
782000 78
782200 78
782400 78
782600 78
782800 78
783000 78
783200 78
783400 78
783600 78
783800 78
784000 78
784200 78
784400 78
784600 78
784800 78
785000 78
785200 78
785400 78
785600 78
785800 78
786000 78
786200 78
786400 78
786600 78
786800 78
787000 78
787200 78
787400 78
787600 78
787800 78
788000 78
788200 78
788400 78
788600 78
788800 78
789000 78
789200 78
789400 78
789600 78
789800 78
790000 78
790200 78
790400 78
790600 78
790800 78
791000 78
791200 78
791400 78
791600 78
791800 78
792000 78
792200 78
792400 78
792600 78
792800 78
793000 78
793200 78
793400 78
793600 78
793800 78
794000 78
794200 78
794400 78
794600 78
794800 78
795000 78
795200 78
795400 78
795600 78
795800 78
796000 78
796200 78
796400 78
796600 78
796800 78
797000 78
797200 78
797400 78
797600 78
797800 78
798000 78
798200 78
798400 78
798600 78
798800 78
799000 78
799200 78
799400 78
799600 78
799800 78
800000 78
800200 78
800400 78
800600 78
800800 78
801000 78
801200 78
801400 78
801600 78
801800 78
802000 78
802200 78
802400 78
802600 78
802800 78
803000 78
803200 78
803400 78
803600 78
803800 78
804000 78
804200 78
804400 78
804600 78
804800 78
805000 78
805200 78
805400 78
805600 78
805800 78
806000 78
806200 78
806400 78
806600 78
806800 78
807000 78
807200 78
807400 78
807600 78
807800 78
808000 78
808200 78
808400 78
808600 78
808800 78
809000 78
809200 78
809400 78
809600 78
809800 78
810000 78
810200 78
810400 78
810600 78
810800 78
811000 78
811200 78
811400 78
811600 78
811800 78
812000 78
812200 78
812400 78
812600 78
812800 78
813000 78
813200 78
813400 78
813600 78
813800 78
814000 78
814200 78
814400 78
814600 78
814800 78
815000 78
815200 78
815400 78
815600 78
815800 78
816000 78
816200 78
816400 78
816600 78
816800 78
817000 78
817200 78
817400 78
817600 78
817800 78
818000 78
818200 78
818400 78
818600 78
818800 78
819000 78
819200 78
819400 78
819600 78
819800 78
820000 78
820200 78
820400 78
820600 78
820800 78
821000 78
821200 78
821400 78
821600 78
821800 78
822000 78
822200 78
822400 78
822600 78
822800 78
823000 78
823200 78
823400 78
823600 78
823800 78
824000 78
824200 78
824400 78
824600 78
824800 78
825000 78
825200 78
825400 78
825600 78
825800 78
826000 78
826200 78
826400 78
826600 78
826800 78
827000 78
827200 78
827400 78
827600 78
827800 78
828000 78
828200 78
828400 78
828600 78
828800 78
829000 78
829200 78
829400 78
829600 78
829800 78
830000 78
830200 78
830400 78
830600 78
830800 78
831000 78
831200 78
831400 78
831600 78
831800 78
832000 78
832200 78
832400 78
832600 78
832800 78
833000 78
833200 78
833400 78
833600 78
833800 78
834000 78
834200 78
834400 78
834600 78
834800 78
835000 78
835200 78
835400 78
835600 78
835800 78
836000 78
836200 78
836400 78
836600 78
836800 78
837000 78
837200 78
837400 78
837600 78
837800 78
838000 78
838200 78
838400 78
838600 78
838800 78
839000 78
839200 78
839400 78
839600 78
839800 78
840000 78
840200 78
840400 78
840600 78
840800 78
841000 78
841200 78
841400 78
841600 78
841800 78
842000 78
842200 78
842400 78
842600 78
842800 78
843000 78
843200 78
843400 78
843600 78
843800 78
844000 78
844200 78
844400 78
844600 78
844800 78
845000 78
845200 78
845400 78
845600 78
845800 78
846000 78
846200 78
846400 78
846600 78
846800 78
847000 78
847200 78
847400 78
847600 78
847800 78
848000 78
848200 78
848400 78
848600 78
848800 78
849000 78
849200 78
849400 78
849600 78
849800 78
850000 78
850200 78
850400 78
850600 78
850800 78
851000 78
851200 78
851400 78
851600 78
851800 78
852000 78
852200 78
852400 78
852600 78
852800 78
853000 78
853200 78
853400 78
853600 78
853800 78
854000 78
854200 78
854400 78
854600 78
854800 78
855000 78
855200 78
855400 78
855600 78
855800 78
856000 78
856200 78
856400 78
856600 78
856800 78
857000 78
857200 78
857400 78
857600 78
857800 78
858000 78
858200 78
858400 78
858600 78
858800 78
859000 78
859200 78
859400 78
859600 78
859800 78
860000 78
860200 78
860400 78
860600 78
860800 78
861000 78
861200 78
861400 78
861600 78
861800 78
862000 78
862200 78
862400 78
862600 78
862800 78
863000 78
863200 78
863400 78
863600 78
863800 78
864000 78
864200 78
864400 78
864600 78
864800 78
865000 78
865200 78
865400 78
865600 78
865800 78
866000 78
866200 78
866400 78
866600 78
866800 78
867000 78
867200 78
867400 78
867600 78
867800 78
868000 78
868200 78
868400 78
868600 78
868800 78
869000 78
869200 78
869400 78
869600 78
869800 78
870000 78
870200 78
870400 78
870600 78
870800 78
871000 78
871200 78
871400 78
871600 78
871800 78
872000 78
872200 78
872400 78
872600 78
872800 78
873000 78
873200 78
873400 78
873600 78
873800 78
874000 78
874200 78
874400 78
874600 78
874800 78
875000 78
875200 78
875400 78
875600 78
875800 78
876000 78
876200 78
876400 78
876600 78
876800 78
877000 78
877200 78
877400 78
877600 78
877800 78
878000 78
878200 78
878400 78
878600 78
878800 78
879000 78
879200 78
879400 78
879600 78
879800 78
880000 78
880200 78
880400 78
880600 78
880800 78
881000 78
881200 78
881400 78
881600 78
881800 78
882000 78
882200 78
882400 78
882600 78
882800 78
883000 78
883200 78
883400 78
883600 78
883800 78
884000 78
884200 78
884400 78
884600 78
884800 78
885000 78
885200 78
885400 78
885600 78
885800 78
886000 78
886200 78
886400 78
886600 78
886800 78
887000 78
887200 78
887400 78
887600 78
887800 78
888000 78
888200 78
888400 78
888600 78
888800 78
889000 78
889200 78
889400 78
889600 78
889800 78
890000 78
890200 78
890400 78
890600 78
890800 78
891000 78
891200 78
891400 78
891600 78
891800 78
892000 78
892200 78
892400 78
892600 78
892800 78
893000 78
893200 78
893400 78
893600 78
893800 78
894000 78
894200 78
894400 78
894600 78
894800 78
895000 78
895200 78
895400 78
895600 78
895800 78
896000 78
896200 78
896400 78
896600 78
896800 78
897000 78
897200 78
897400 78
897600 78
897800 78
898000 78
898200 78
898400 78
898600 78
898800 78
899000 78
899200 78
899400 78
899600 78
899800 78
900000 78
900200 78
900400 78
900600 78
900800 78
901000 78
901200 78
901400 78
901600 78
901800 78
902000 78
902200 78
902400 78
902600 78
902800 78
903000 78
903200 78
903400 78
903600 78
903800 78
904000 78
904200 78
904400 78
904600 78
904800 78
905000 78
905200 78
905400 78
905600 78
905800 78
906000 78
906200 78
906400 78
906600 78
906800 78
907000 78
907200 78
907400 78
907600 78
907800 78
908000 78
908200 78
908400 78
908600 78
908800 78
909000 78
909200 78
909400 78
909600 78
909800 78
910000 78
910200 78
910400 78
910600 78
910800 78
911000 78
911200 78
911400 78
911600 78
911800 78
912000 78
912200 78
912400 78
912600 78
912800 78
913000 78
913200 78
913400 78
913600 78
913800 78
914000 78
914200 78
914400 78
914600 78
914800 78
915000 78
915200 78
915400 78
915600 78
915800 78
916000 78
916200 78
916400 78
916600 78
916800 78
917000 78
917200 78
917400 78
917600 78
917800 78
918000 78
918200 78
918400 78
918600 78
918800 78
919000 78
919200 78
919400 78
919600 78
919800 78
920000 78
920200 78
920400 78
920600 78
920800 78
921000 78
921200 78
921400 78
921600 78
921800 78
922000 78
922200 78
922400 78
922600 78
922800 78
923000 78
923200 78
923400 78
923600 78
923800 78
924000 78
924200 78
924400 78
924600 78
924800 78
925000 78
925200 78
925400 78
925600 78
925800 78
926000 78
926200 78
926400 78
926600 78
926800 78
927000 78
927200 78
927400 78
927600 78
927800 78
928000 78
928200 78
928400 78
928600 78
928800 78
929000 78
929200 78
929400 78
929600 78
929800 78
930000 78
930200 78
930400 78
930600 78
930800 78
931000 78
931200 78
931400 78
931600 78
931800 78
932000 78
932200 78
932400 78
932600 78
932800 78
933000 78
933200 78
933400 78
933600 78
933800 78
934000 78
934200 78
934400 78
934600 78
934800 78
935000 78
935200 78
935400 78
935600 78
935800 78
936000 78
936200 78
936400 78
936600 78
936800 78
937000 78
937200 78
937400 78
937600 78
937800 78
938000 78
938200 78
938400 78
938600 78
938800 78
939000 78
939200 78
939400 78
939600 78
939800 78
940000 78
940200 78
940400 78
940600 78
940800 78
941000 78
941200 78
941400 78
941600 78
941800 78
942000 78
942200 78
942400 78
942600 78
942800 78
943000 78
943200 78
943400 78
943600 78
943800 78
944000 78
944200 78
944400 78
944600 78
944800 78
945000 78
945200 78
945400 78
945600 78
945800 78
946000 78
946200 78
946400 78
946600 78
946800 78
947000 78
947200 78
947400 78
947600 78
947800 78
948000 78
948200 78
948400 78
948600 78
948800 78
949000 78
949200 78
949400 78
949600 78
949800 78
950000 78
950200 78
950400 78
950600 78
950800 78
951000 78
951200 78
951400 78
951600 78
951800 78
952000 78
952200 78
952400 78
952600 78
952800 78
953000 78
953200 78
953400 78
953600 78
953800 78
954000 78
954200 78
954400 78
954600 78
954800 78
955000 78
955200 78
955400 78
955600 78
955800 78
956000 78
956200 78
956400 78
956600 78
956800 78
957000 78
957200 78
957400 78
957600 78
957800 78
958000 78
958200 78
958400 78
958600 78
958800 78
959000 78
959200 78
959400 78
959600 78
959800 78
960000 78
960200 78
960400 78
960600 78
960800 78
961000 78
961200 78
961400 78
961600 78
961800 78
962000 78
962200 78
962400 78
962600 78
962800 78
963000 78
963200 78
963400 78
963600 78
963800 78
964000 78
964200 78
964400 78
964600 78
964800 78
965000 78
965200 78
965400 78
965600 78
965800 78
966000 78
966200 78
966400 78
966600 78
966800 78
967000 78
967200 78
967400 78
967600 78
967800 78
968000 78
968200 78
968400 78
968600 78
968800 78
969000 78
969200 78
969400 78
969600 78
969800 78
970000 78
970200 78
970400 78
970600 78
970800 78
971000 78
971200 78
971400 78
971600 78
971800 78
972000 78
972200 78
972400 78
972600 78
972800 78
973000 78
973200 78
973400 78
973600 78
973800 78
974000 78
974200 78
974400 78
974600 78
974800 78
975000 78
975200 78
975400 78
975600 78
975800 78
976000 78
976200 78
976400 78
976600 78
976800 78
977000 78
977200 78
977400 78
977600 78
977800 78
978000 78
978200 78
978400 78
978600 78
978800 78
979000 78
979200 78
979400 78
979600 78
979800 78
980000 78
980200 78
980400 78
980600 78
980800 78
981000 78
981200 78
981400 78
981600 78
981800 78
982000 78
982200 78
982400 78
982600 78
982800 78
983000 78
983200 78
983400 78
983600 78
983800 78
984000 78
984200 78
984400 78
984600 78
984800 78
985000 78
985200 78
985400 78
985600 78
985800 78
986000 78
986200 78
986400 78
986600 78
986800 78
987000 78
987200 78
987400 78
987600 78
987800 78
988000 78
988200 78
988400 78
988600 78
988800 78
989000 78
989200 78
989400 78
989600 78
989800 78
990000 78
990200 78
990400 78
990600 78
990800 78
991000 78
991200 78
991400 78
991600 78
991800 78
992000 78
992200 78
992400 78
992600 78
992800 78
993000 78
993200 78
993400 78
993600 78
993800 78
994000 78
994200 78
994400 78
994600 78
994800 78
995000 78
995200 78
995400 78
995600 78
995800 78
996000 78
996200 78
996400 78
996600 78
996800 78
997000 78
997200 78
997400 78
997600 78
997800 78
998000 78
998200 78
998400 78
998600 78
998800 78
999000 78
999200 78
999400 78
999600 78
999800 78
1000000 78
