500 145
1000 141
1500 149
2000 167
2500 142
3000 141
3500 153
4000 129
4500 150
5000 143
5500 160
6000 150
6500 153
7000 129
7500 153
8000 150
8500 108
9000 152
9500 151
10000 142
10500 155
11000 159
11500 155
12000 157
12500 151
13000 145
13500 172
14000 148
14500 146
15000 146
15500 153
16000 173
16500 154
17000 174
17500 150
18000 158
18500 150
19000 145
19500 147
20000 151
20500 158
21000 142
21500 146
22000 154
22500 157
23000 146
23500 142
24000 130
24500 156
25000 156
25500 119
26000 153
26500 144
27000 160
27500 132
28000 133
28500 140
29000 154
29500 154
30000 162
30500 130
31000 163
31500 136
32000 134
32500 145
33000 147
33500 134
34000 155
34500 175
35000 148
35500 147
36000 160
36500 163
37000 144
37500 148
38000 126
38500 152
39000 149
39500 144
40000 153
40500 147
41000 142
41500 133
42000 156
42500 134
43000 147
43500 129
44000 147
44500 143
45000 132
45500 136
46000 153
46500 162
47000 146
47500 132
48000 135
48500 148
49000 143
49500 160
50000 145
50500 130
51000 125
51500 141
52000 156
52500 149
53000 145
53500 135
54000 151
54500 132
55000 149
55500 165
56000 138
56500 145
57000 142
57500 146
58000 135
58500 135
59000 140
59500 171
60000 131
60500 144
61000 137
61500 151
62000 134
62500 140
63000 133
63500 150
64000 138
64500 145
65000 143
65500 137
66000 159
66500 154
67000 137
67500 146
68000 149
68500 160
69000 148
69500 135
70000 142
70500 118
71000 138
71500 141
72000 139
72500 147
73000 123
73500 134
74000 147
74500 139
75000 151
75500 136
76000 134
76500 122
77000 146
77500 142
78000 161
78500 132
79000 142
79500 167
80000 149
80500 139
81000 124
81500 154
82000 149
82500 139
83000 152
83500 145
84000 149
84500 128
85000 137
85500 136
86000 158
86500 152
87000 156
87500 131
88000 151
88500 143
89000 152
89500 136
90000 153
90500 139
91000 137
91500 161
92000 131
92500 134
93000 160
93500 137
94000 149
94500 132
95000 132
95500 128
96000 128
96500 156
97000 113
97500 117
98000 135
98500 142
99000 150
99500 146
100000 155
100500 131
101000 133
101500 128
102000 136
102500 149
103000 165
103500 137
104000 130
104500 138
105000 127
105500 150
106000 139
106500 132
107000 135
107500 146
108000 127
108500 156
109000 138
109500 131
110000 157
110500 125
111000 136
111500 149
112000 139
112500 174
113000 152
113500 136
114000 117
114500 150
115000 126
115500 127
116000 127
116500 153
117000 129
117500 112
118000 147
118500 145
119000 141
119500 138
120000 139
120500 142
121000 133
121500 130
122000 151
122500 142
123000 137
123500 132
124000 135
124500 133
125000 119
125500 131
126000 120
126500 146
127000 143
127500 149
128000 134
128500 151
129000 132
129500 149
130000 153
130500 144
131000 136
131500 166
132000 118
132500 135
133000 117
133500 115
134000 147
134500 140
135000 155
135500 127
136000 133
136500 144
137000 107
137500 132
138000 116
138500 119
139000 138
139500 156
140000 130
140500 122
141000 115
141500 113
142000 130
142500 110
143000 126
143500 138
144000 119
144500 137
145000 142
145500 156
146000 119
146500 115
147000 137
147500 128
148000 118
148500 132
149000 130
149500 138
150000 132
150500 112
151000 129
151500 113
152000 129
152500 125
153000 145
153500 139
154000 121
154500 132
155000 107
155500 132
156000 120
156500 115
157000 122
157500 129
158000 125
158500 132
159000 118
159500 140
160000 116
160500 122
161000 118
161500 130
162000 119
162500 117
163000 130
163500 118
164000 140
164500 147
165000 114
165500 126
166000 130
166500 113
167000 125
167500 151
168000 135
168500 142
169000 119
169500 132
170000 123
170500 130
171000 120
171500 121
172000 129
172500 138
173000 126
173500 134
174000 143
174500 128
175000 106
175500 134
176000 118
176500 128
177000 126
177500 126
178000 136
178500 119
179000 131
179500 131
180000 118
180500 136
181000 106
181500 118
182000 132
182500 116
183000 115
183500 126
184000 133
184500 127
185000 141
185500 126
186000 125
186500 114
187000 107
187500 111
188000 118
188500 118
189000 118
189500 138
190000 94
190500 118
191000 142
191500 135
192000 116
192500 132
193000 117
193500 125
194000 110
194500 114
195000 140
195500 109
196000 115
196500 118
197000 127
197500 122
198000 114
198500 114
199000 115
199500 144
200000 112
200500 115
201000 111
201500 122
202000 117
202500 111
203000 131
203500 111
204000 127
204500 115
205000 96
205500 94
206000 129
206500 126
207000 99
207500 101
208000 133
208500 121
209000 103
209500 106
210000 129
210500 110
211000 134
211500 131
212000 117
212500 113
213000 94
213500 96
214000 121
214500 118
215000 133
215500 102
216000 112
216500 126
217000 97
217500 116
218000 121
218500 132
219000 122
219500 105
220000 156
220500 130
221000 103
221500 108
222000 117
222500 102
223000 119
223500 100
224000 114
224500 96
225000 125
225500 105
226000 124
226500 94
227000 126
227500 111
228000 129
228500 126
229000 120
229500 92
230000 98
230500 99
231000 116
231500 96
232000 121
232500 100
233000 144
233500 107
234000 130
234500 122
235000 120
235500 117
236000 101
236500 109
237000 101
237500 92
238000 101
238500 126
239000 120
239500 98
240000 113
240500 141
241000 108
241500 117
242000 85
242500 89
243000 96
243500 93
244000 93
244500 109
245000 91
245500 89
246000 116
246500 93
247000 95
247500 96
248000 137
248500 92
249000 113
249500 132
250000 94
250500 97
251000 92
251500 102
252000 120
252500 92
253000 87
253500 81
254000 123
254500 96
255000 94
255500 88
256000 95
256500 83
257000 98
257500 85
258000 98
258500 89
259000 81
259500 78
260000 81
260500 100
261000 97
261500 96
262000 125
262500 93
263000 77
263500 87
264000 84
264500 76
265000 81
265500 84
266000 122
266500 100
267000 90
267500 83
268000 83
268500 85
269000 93
269500 96
270000 81
270500 99
271000 81
271500 81
272000 89
272500 102
273000 83
273500 77
274000 77
274500 136
275000 79
275500 83
276000 87
276500 88
277000 88
277500 78
278000 81
278500 80
279000 78
279500 98
280000 77
280500 75
281000 74
281500 85
282000 83
282500 75
283000 68
283500 90
284000 74
284500 101
285000 118
285500 82
286000 102
286500 97
287000 87
287500 81
288000 72
288500 73
289000 80
289500 74
290000 76
290500 88
291000 77
291500 71
292000 70
292500 70
293000 72
293500 75
294000 77
294500 75
295000 74
295500 76
296000 74
296500 80
297000 74
297500 92
298000 86
298500 91
299000 85
299500 82
300000 116
300500 99
301000 82
301500 82
302000 75
302500 96
303000 80
303500 97
304000 109
304500 76
305000 76
305500 81
306000 82
306500 78
307000 77
307500 72
308000 76
308500 76
309000 105
309500 118
310000 73
310500 79
311000 74
311500 69
312000 69
312500 69
313000 69
313500 72
314000 71
314500 74
315000 71
315500 69
316000 71
316500 76
317000 74
317500 74
318000 74
318500 69
319000 72
319500 140
320000 84
320500 75
321000 96
321500 83
322000 73
322500 75
323000 73
323500 71
324000 71
324500 70
325000 70
325500 71
326000 70
326500 69
327000 70
327500 115
328000 84
328500 82
329000 77
329500 79
330000 84
330500 76
331000 80
331500 78
332000 115
332500 77
333000 71
333500 71
334000 68
334500 68
335000 69
335500 68
336000 68
336500 68
337000 68
337500 70
338000 70
338500 70
339000 70
339500 70
340000 70
340500 71
341000 70
341500 70
342000 70
342500 70
343000 69
343500 69
344000 69
344500 69
345000 70
345500 71
346000 69
346500 69
347000 70
347500 70
348000 68
348500 68
349000 68
349500 68
350000 68
350500 68
351000 68
351500 68
352000 70
352500 68
353000 69
353500 69
354000 69
354500 69
355000 69
355500 70
356000 71
356500 72
357000 70
357500 70
358000 69
358500 70
359000 69
359500 69
360000 69
360500 68
361000 68
361500 68
362000 68
362500 68
363000 68
363500 68
364000 68
364500 68
365000 68
365500 68
366000 68
366500 68
367000 68
367500 68
368000 68
368500 68
369000 68
369500 68
370000 68
370500 68
371000 68
371500 68
372000 68
372500 68
373000 68
373500 68
374000 68
374500 68
375000 68
375500 68
376000 68
376500 68
377000 68
377500 68
378000 68
378500 68
379000 68
379500 68
380000 68
380500 68
381000 68
381500 68
382000 69
382500 69
383000 69
383500 69
384000 69
384500 69
385000 69
385500 69
386000 69
386500 69
387000 69
387500 69
388000 68
388500 68
389000 68
389500 68
390000 68
390500 68
391000 68
391500 68
392000 68
392500 68
393000 68
393500 68
394000 68
394500 68
395000 68
395500 68
396000 68
396500 68
397000 68
397500 68
398000 68
398500 68
399000 68
399500 68
400000 68
400500 68
401000 68
401500 68
402000 68
402500 68
403000 68
403500 68
404000 68
404500 68
405000 68
405500 68
406000 68
406500 68
407000 68
407500 68
408000 68
408500 68
409000 68
409500 68
410000 68
410500 68
411000 68
411500 68
412000 68
412500 68
413000 68
413500 68
414000 68
414500 68
415000 68
415500 68
416000 68
416500 68
417000 68
417500 68
418000 68
418500 68
419000 68
419500 68
420000 68
420500 68
421000 68
421500 68
422000 68
422500 68
423000 68
423500 68
424000 68
424500 68
425000 68
425500 68
426000 68
426500 68
427000 68
427500 68
428000 68
428500 68
429000 68
429500 68
430000 68
430500 68
431000 68
431500 68
432000 68
432500 68
433000 68
433500 68
434000 68
434500 68
435000 68
435500 68
436000 68
436500 68
437000 68
437500 68
438000 68
438500 68
439000 68
439500 68
440000 68
440500 68
441000 68
441500 68
442000 68
442500 68
443000 68
443500 68
444000 68
444500 68
445000 68
445500 68
446000 68
446500 68
447000 68
447500 68
448000 68
448500 68
449000 68
449500 68
450000 68
450500 68
451000 68
451500 68
452000 68
452500 68
453000 68
453500 68
454000 68
454500 68
455000 68
455500 68
456000 68
456500 68
457000 68
457500 68
458000 68
458500 68
459000 68
459500 68
460000 68
460500 68
461000 68
461500 68
462000 68
462500 68
463000 68
463500 68
464000 68
464500 68
465000 68
465500 68
466000 68
466500 68
467000 68
467500 68
468000 68
468500 68
469000 68
469500 68
470000 68
470500 68
471000 68
471500 68
472000 68
472500 68
473000 68
473500 68
474000 68
474500 68
475000 68
475500 68
476000 68
476500 68
477000 68
477500 68
478000 68
478500 68
479000 68
479500 68
480000 68
480500 68
481000 68
481500 68
482000 68
482500 68
483000 68
483500 68
484000 68
484500 68
485000 68
485500 68
486000 68
486500 68
487000 68
487500 68
488000 68
488500 68
489000 68
489500 68
490000 68
490500 68
491000 68
491500 68
492000 68
492500 68
493000 68
493500 68
494000 68
494500 68
495000 68
495500 68
496000 68
496500 68
497000 68
497500 68
498000 68
498500 68
499000 68
499500 68
500000 68
500500 68
501000 68
501500 68
502000 68
502500 68
503000 68
503500 68
504000 68
504500 68
505000 68
505500 68
506000 68
506500 68
507000 68
507500 68
508000 68
508500 68
509000 68
509500 68
510000 68
510500 68
511000 68
511500 68
512000 68
512500 68
513000 68
513500 68
514000 68
514500 68
515000 68
515500 68
516000 68
516500 68
517000 68
517500 68
518000 68
518500 68
519000 68
519500 68
520000 68
520500 68
521000 68
521500 68
522000 68
522500 68
523000 68
523500 68
524000 68
524500 68
525000 68
525500 68
526000 68
526500 68
527000 68
527500 68
528000 68
528500 68
529000 68
529500 68
530000 68
530500 68
531000 68
531500 68
532000 68
532500 68
533000 68
533500 68
534000 68
534500 68
535000 68
535500 68
536000 68
536500 68
537000 68
537500 68
538000 68
538500 68
539000 68
539500 68
540000 68
540500 68
541000 68
541500 68
542000 68
542500 68
543000 68
543500 68
544000 68
544500 68
545000 68
545500 68
546000 68
546500 68
547000 68
547500 68
548000 68
548500 68
549000 68
549500 68
550000 68
550500 68
551000 68
551500 68
552000 68
552500 68
553000 68
553500 68
554000 68
554500 68
555000 68
555500 68
556000 68
556500 68
557000 68
557500 68
558000 68
558500 68
559000 68
559500 68
560000 68
560500 68
561000 68
561500 68
562000 68
562500 68
563000 68
563500 68
564000 68
564500 68
565000 68
565500 68
566000 68
566500 68
567000 68
567500 68
568000 68
568500 68
569000 68
569500 68
570000 68
570500 68
571000 68
571500 68
572000 68
572500 68
573000 68
573500 68
574000 68
574500 68
575000 68
575500 68
576000 68
576500 68
577000 68
577500 68
578000 68
578500 68
579000 68
579500 68
580000 68
580500 68
581000 68
581500 68
582000 68
582500 68
583000 68
583500 68
584000 68
584500 68
585000 68
585500 68
586000 68
586500 68
587000 68
587500 68
588000 68
588500 68
589000 68
589500 68
590000 68
590500 68
591000 68
591500 68
592000 68
592500 68
593000 68
593500 68
594000 68
594500 68
595000 68
595500 68
596000 68
596500 68
597000 68
597500 68
598000 68
598500 68
599000 68
599500 68
600000 68
600500 68
601000 68
601500 68
602000 68
602500 68
603000 68
603500 68
604000 68
604500 68
605000 68
605500 68
606000 68
606500 68
607000 68
607500 68
608000 68
608500 68
609000 68
609500 68
610000 68
610500 68
611000 68
611500 68
612000 68
612500 68
613000 68
613500 68
614000 68
614500 68
615000 68
615500 68
616000 68
616500 68
617000 68
617500 68
618000 68
618500 68
619000 68
619500 68
620000 68
620500 68
621000 68
621500 68
622000 68
622500 68
623000 68
623500 68
624000 68
624500 68
625000 68
625500 68
626000 68
626500 68
627000 68
627500 68
628000 68
628500 68
629000 68
629500 68
630000 68
630500 68
631000 68
631500 68
632000 68
632500 68
633000 68
633500 68
634000 68
634500 68
635000 68
635500 68
636000 68
636500 68
637000 68
637500 68
638000 68
638500 68
639000 68
639500 68
640000 68
640500 68
641000 68
641500 68
642000 68
642500 68
643000 68
643500 68
644000 68
644500 68
645000 68
645500 68
646000 68
646500 68
647000 68
647500 68
648000 68
648500 68
649000 68
649500 68
650000 68
650500 68
651000 68
651500 68
652000 68
652500 68
653000 68
653500 68
654000 68
654500 68
655000 68
655500 68
656000 68
