200 79
400 79
600 79
800 79
1000 79
1200 79
1400 79
1600 79
1800 79
2000 79
2200 79
2400 79
2600 79
2800 79
3000 79
3200 79
3400 79
3600 79
3800 79
4000 79
4200 79
4400 79
4600 79
4800 79
5000 79
5200 79
5400 79
5600 79
5800 79
6000 79
6200 79
6400 79
6600 79
6800 79
7000 79
7200 79
7400 79
7600 79
7800 79
8000 79
8200 79
8400 79
8600 79
8800 79
9000 79
9200 79
9400 79
9600 79
9800 79
10000 79
10200 79
10400 79
10600 79
10800 79
11000 79
11200 79
11400 79
11600 79
11800 79
12000 79
12200 79
12400 79
12600 79
12800 79
13000 79
13200 79
13400 79
13600 79
13800 79
14000 79
14200 79
14400 79
14600 79
14800 79
15000 79
15200 79
15400 79
15600 79
15800 79
16000 79
16200 79
16400 79
16600 79
16800 79
17000 79
17200 79
17400 79
17600 79
17800 79
18000 79
18200 79
18400 79
18600 79
18800 79
19000 79
19200 79
19400 79
19600 79
19800 79
20000 79
20200 79
20400 79
20600 79
20800 79
21000 79
21200 79
21400 79
21600 79
21800 79
22000 79
22200 79
22400 79
22600 79
22800 79
23000 79
23200 79
23400 79
23600 79
23800 79
24000 79
24200 79
24400 79
24600 79
24800 79
25000 79
25200 79
25400 79
25600 79
25800 79
26000 79
26200 79
26400 79
26600 79
26800 79
27000 79
27200 79
27400 79
27600 79
27800 79
28000 79
28200 79
28400 79
28600 79
28800 79
29000 79
29200 79
29400 79
29600 79
29800 79
30000 79
30200 79
30400 79
30600 79
30800 79
31000 79
31200 79
31400 79
31600 79
31800 79
32000 79
32200 79
32400 79
32600 79
32800 79
33000 79
33200 79
33400 79
33600 79
33800 79
34000 79
34200 79
34400 79
34600 79
34800 79
35000 79
35200 79
35400 79
35600 79
35800 79
36000 79
36200 79
36400 79
36600 79
36800 79
37000 79
37200 79
37400 79
37600 79
37800 79
38000 79
38200 79
38400 79
38600 79
38800 79
39000 79
39200 79
39400 79
39600 79
39800 79
40000 79
40200 79
40400 79
40600 79
40800 79
41000 79
41200 79
41400 79
41600 79
41800 79
42000 79
42200 79
42400 79
42600 79
42800 79
43000 79
43200 79
43400 79
43600 79
43800 79
44000 79
44200 79
44400 79
44600 79
44800 79
45000 79
45200 79
45400 79
45600 79
45800 79
46000 79
46200 79
46400 79
46600 79
46800 79
47000 79
47200 79
47400 79
47600 79
47800 79
48000 79
48200 79
48400 79
48600 79
48800 79
49000 79
49200 79
49400 79
49600 79
49800 79
50000 79
50200 79
50400 79
50600 79
50800 79
51000 79
51200 79
51400 79
51600 79
51800 79
52000 79
52200 79
52400 79
52600 79
52800 79
53000 79
53200 79
53400 79
53600 79
53800 79
54000 79
54200 79
54400 79
54600 79
54800 79
55000 79
55200 79
55400 79
55600 79
55800 79
56000 79
56200 79
56400 79
56600 79
56800 79
57000 79
57200 79
57400 79
57600 79
57800 79
58000 79
58200 79
58400 79
58600 79
58800 79
59000 79
59200 79
59400 79
59600 79
59800 79
60000 79
60200 79
60400 79
60600 79
60800 79
61000 79
61200 79
61400 79
61600 79
61800 79
62000 79
62200 79
62400 79
62600 79
62800 79
63000 79
63200 79
63400 79
63600 79
63800 79
64000 79
64200 79
64400 79
64600 79
64800 79
65000 79
65200 79
65400 79
65600 79
65800 79
66000 79
66200 79
66400 79
66600 79
66800 79
67000 79
67200 79
67400 79
67600 79
67800 79
68000 79
68200 79
68400 79
68600 79
68800 79
69000 79
69200 79
69400 79
69600 79
69800 79
70000 79
70200 79
70400 79
70600 79
70800 79
71000 79
71200 79
71400 79
71600 79
71800 79
72000 79
72200 79
72400 79
72600 79
72800 79
73000 79
73200 79
73400 79
73600 79
73800 79
74000 79
74200 79
74400 79
74600 79
74800 79
75000 79
75200 79
75400 79
75600 79
75800 79
76000 79
76200 79
76400 79
76600 79
76800 79
77000 79
77200 79
77400 79
77600 79
77800 79
78000 79
78200 79
78400 79
78600 79
78800 79
79000 79
79200 79
79400 79
79600 79
79800 79
80000 79
80200 79
80400 79
80600 79
80800 79
81000 79
81200 79
81400 79
81600 79
81800 79
82000 79
82200 79
82400 79
82600 79
82800 79
83000 79
83200 79
83400 79
83600 79
83800 79
84000 79
84200 79
84400 79
84600 79
84800 79
85000 79
85200 79
85400 79
85600 79
85800 79
86000 79
86200 79
86400 79
86600 79
86800 79
87000 79
87200 79
87400 79
87600 79
87800 79
88000 79
88200 79
88400 79
88600 79
88800 79
89000 79
89200 79
89400 79
89600 79
89800 79
90000 79
90200 79
90400 79
90600 79
90800 79
91000 79
91200 79
91400 79
91600 79
91800 79
92000 79
92200 79
92400 79
92600 79
92800 79
93000 79
93200 79
93400 79
93600 79
93800 79
94000 79
94200 79
94400 79
94600 79
94800 79
95000 79
95200 79
95400 79
95600 79
95800 79
96000 79
96200 79
96400 79
96600 79
96800 79
97000 79
97200 79
97400 79
97600 79
97800 79
98000 79
98200 79
98400 79
98600 79
98800 79
99000 79
99200 79
99400 79
99600 79
99800 79
100000 79
100200 79
100400 79
100600 79
100800 79
101000 79
101200 79
101400 79
101600 79
101800 79
102000 79
102200 79
102400 79
102600 79
102800 79
103000 79
103200 79
103400 79
103600 79
103800 79
104000 79
104200 79
104400 79
104600 79
104800 79
105000 79
105200 79
105400 79
105600 79
105800 79
106000 79
106200 79
106400 79
106600 79
106800 79
107000 79
107200 79
107400 79
107600 79
107800 79
108000 79
108200 79
108400 79
108600 79
108800 79
109000 79
109200 79
109400 79
109600 79
109800 79
110000 79
110200 79
110400 79
110600 79
110800 79
111000 79
111200 79
111400 79
111600 79
111800 79
112000 79
112200 79
112400 79
112600 79
112800 79
113000 79
113200 79
113400 79
113600 79
113800 79
114000 79
114200 79
114400 79
114600 79
114800 79
115000 79
115200 79
115400 79
115600 79
115800 79
116000 79
116200 79
116400 79
116600 79
116800 79
117000 79
117200 79
117400 79
117600 79
117800 79
118000 79
118200 79
118400 79
118600 79
118800 79
119000 79
119200 79
119400 79
119600 79
119800 79
120000 79
120200 79
120400 79
120600 79
120800 79
121000 79
121200 79
121400 79
121600 79
121800 79
122000 79
122200 79
122400 79
122600 79
122800 79
123000 79
123200 79
123400 79
123600 79
123800 79
124000 79
124200 79
124400 79
124600 79
124800 79
125000 79
125200 79
125400 79
125600 79
125800 79
126000 79
126200 79
126400 79
126600 79
126800 79
127000 79
127200 79
127400 79
127600 79
127800 79
128000 79
128200 79
128400 79
128600 79
128800 79
129000 79
129200 79
129400 79
129600 79
129800 79
130000 79
130200 79
130400 79
130600 79
130800 79
131000 79
131200 79
131400 79
131600 79
131800 79
132000 79
132200 79
132400 79
132600 79
132800 79
133000 79
133200 79
133400 79
133600 79
133800 79
134000 79
134200 79
134400 79
134600 79
134800 79
135000 79
135200 79
135400 79
135600 79
135800 79
136000 79
136200 79
136400 79
136600 79
136800 79
137000 79
137200 79
137400 79
137600 79
137800 79
138000 79
138200 79
138400 79
138600 79
138800 79
139000 79
139200 79
139400 79
139600 79
139800 79
140000 79
140200 79
140400 79
140600 79
140800 79
141000 79
141200 79
141400 79
141600 79
141800 79
142000 79
142200 79
142400 79
142600 79
142800 79
143000 79
143200 79
143400 79
143600 79
143800 79
144000 79
144200 79
144400 79
144600 79
144800 79
145000 79
145200 79
145400 79
145600 79
145800 79
146000 79
146200 79
146400 79
146600 79
146800 79
147000 79
147200 79
147400 79
147600 79
147800 79
148000 79
148200 79
148400 79
148600 79
148800 79
149000 79
149200 79
149400 79
149600 79
149800 79
150000 79
150200 79
150400 79
150600 79
150800 79
151000 79
151200 79
151400 79
151600 79
151800 79
152000 79
152200 79
152400 79
152600 79
152800 79
153000 79
153200 79
153400 79
153600 79
153800 79
154000 79
154200 79
154400 79
154600 79
154800 79
155000 79
155200 79
155400 79
155600 79
155800 79
156000 79
156200 79
156400 79
156600 79
156800 79
157000 79
157200 79
157400 79
157600 79
157800 79
158000 79
158200 79
158400 79
158600 79
158800 79
159000 79
159200 79
159400 79
159600 79
159800 79
160000 79
160200 79
160400 79
160600 79
160800 79
161000 79
161200 79
161400 79
161600 79
161800 79
162000 79
162200 79
162400 79
162600 79
162800 79
163000 79
163200 79
163400 79
163600 79
163800 79
164000 79
164200 79
164400 79
164600 79
164800 79
165000 79
165200 79
165400 79
165600 79
165800 79
166000 79
166200 79
166400 79
166600 79
166800 79
167000 79
167200 79
167400 79
167600 79
167800 79
168000 79
168200 79
168400 79
168600 79
168800 79
169000 79
169200 79
169400 79
169600 79
169800 79
170000 79
170200 79
170400 79
170600 79
170800 79
171000 79
171200 79
171400 79
171600 79
171800 79
172000 79
172200 79
172400 79
172600 79
172800 79
173000 79
173200 79
173400 79
173600 79
173800 79
174000 79
174200 79
174400 79
174600 79
174800 79
175000 79
175200 79
175400 79
175600 79
175800 79
176000 79
176200 79
176400 79
176600 79
176800 79
177000 79
177200 79
177400 79
177600 79
177800 79
178000 79
178200 79
178400 79
178600 79
178800 79
179000 79
179200 79
179400 79
179600 79
179800 79
180000 79
180200 79
180400 79
180600 79
180800 79
181000 79
181200 79
181400 79
181600 79
181800 79
182000 79
182200 79
182400 79
182600 79
182800 79
183000 79
183200 79
183400 79
183600 79
183800 79
184000 79
184200 79
184400 79
184600 79
184800 79
185000 79
185200 79
185400 79
185600 79
185800 79
186000 79
186200 79
186400 79
186600 79
186800 79
187000 79
187200 79
187400 79
187600 79
187800 79
188000 79
188200 79
188400 79
188600 79
188800 79
189000 79
189200 79
189400 79
189600 79
189800 79
190000 79
190200 79
190400 79
190600 79
190800 79
191000 79
191200 79
191400 79
191600 79
191800 79
192000 79
192200 79
192400 79
192600 79
192800 79
193000 79
193200 79
193400 79
193600 79
193800 79
194000 79
194200 79
194400 79
194600 79
194800 79
195000 79
195200 79
195400 79
195600 79
195800 79
196000 79
196200 79
196400 79
196600 79
196800 79
197000 79
197200 79
197400 79
197600 79
197800 79
198000 79
198200 79
198400 79
198600 79
198800 79
199000 79
199200 79
199400 79
199600 79
199800 79
200000 79
200200 79
200400 79
200600 79
200800 79
201000 79
201200 79
201400 79
201600 79
201800 79
202000 79
202200 79
202400 79
202600 79
202800 79
203000 79
203200 79
203400 79
203600 79
203800 79
204000 79
204200 79
204400 79
204600 79
204800 79
205000 79
205200 79
205400 79
205600 79
205800 79
206000 79
206200 79
206400 79
206600 79
206800 79
207000 79
207200 79
207400 79
207600 79
207800 79
208000 79
208200 79
208400 79
208600 79
208800 79
209000 79
209200 79
209400 79
209600 79
209800 79
210000 79
210200 79
210400 79
210600 79
210800 79
211000 79
211200 79
211400 79
211600 79
211800 79
212000 79
212200 79
212400 79
212600 79
212800 79
213000 79
213200 79
213400 79
213600 79
213800 79
214000 79
214200 79
214400 79
214600 79
214800 79
215000 79
215200 79
215400 79
215600 79
215800 79
216000 79
216200 79
216400 79
216600 79
216800 79
217000 79
217200 79
217400 79
217600 79
217800 79
218000 79
218200 79
218400 79
218600 79
218800 79
219000 79
219200 79
219400 79
219600 79
219800 79
220000 79
220200 79
220400 79
220600 79
220800 79
221000 79
221200 79
221400 79
221600 79
221800 79
222000 79
222200 79
222400 79
222600 79
222800 79
223000 79
223200 79
223400 79
223600 79
223800 79
224000 79
224200 79
224400 79
224600 79
224800 79
225000 79
225200 79
225400 79
225600 79
225800 79
226000 79
226200 79
226400 79
226600 79
226800 79
227000 79
227200 79
227400 79
227600 79
227800 79
228000 79
228200 79
228400 79
228600 79
228800 79
229000 79
229200 79
229400 79
229600 79
229800 79
230000 79
230200 79
230400 79
230600 79
230800 79
231000 79
231200 79
231400 79
231600 79
231800 79
232000 79
232200 79
232400 79
232600 79
232800 79
233000 79
233200 79
233400 79
233600 79
233800 79
234000 79
234200 79
234400 79
234600 79
234800 79
235000 79
235200 79
235400 79
235600 79
235800 79
236000 79
236200 79
236400 79
236600 79
236800 79
237000 79
237200 79
237400 79
237600 79
237800 79
238000 79
238200 79
238400 79
238600 79
238800 79
239000 79
239200 79
239400 79
239600 79
239800 79
240000 79
240200 79
240400 79
240600 79
240800 79
241000 79
241200 79
241400 79
241600 79
241800 79
242000 79
242200 79
242400 79
242600 79
242800 79
243000 79
243200 79
243400 79
243600 79
243800 79
244000 79
244200 79
244400 79
244600 79
244800 79
245000 79
245200 79
245400 79
245600 79
245800 79
246000 79
246200 79
246400 79
246600 79
246800 79
247000 79
247200 79
247400 79
247600 79
247800 79
248000 79
248200 79
248400 79
248600 79
248800 79
249000 79
249200 79
249400 79
249600 79
249800 79
250000 79
250200 79
250400 79
250600 79
250800 79
251000 79
251200 79
251400 79
251600 79
251800 79
252000 79
252200 79
252400 79
252600 79
252800 79
253000 79
253200 79
253400 79
253600 79
253800 79
254000 79
254200 79
254400 79
254600 79
254800 79
255000 79
255200 79
255400 79
255600 79
255800 79
256000 79
256200 79
256400 79
256600 79
256800 79
257000 79
257200 79
257400 79
257600 79
257800 79
258000 79
258200 79
258400 79
258600 79
258800 79
259000 79
259200 79
259400 79
259600 79
259800 79
260000 79
260200 79
260400 79
260600 79
260800 79
261000 79
261200 79
261400 79
261600 79
261800 79
262000 79
262200 79
262400 79
262600 79
262800 79
263000 79
263200 79
263400 79
263600 79
263800 79
264000 79
264200 79
264400 79
264600 79
264800 79
265000 79
265200 79
265400 79
265600 79
265800 79
266000 79
266200 79
266400 79
266600 79
266800 79
267000 79
267200 79
267400 79
267600 79
267800 79
268000 79
268200 79
268400 79
268600 79
268800 79
269000 79
269200 79
269400 79
269600 79
269800 79
270000 79
270200 79
270400 79
270600 79
270800 79
271000 79
271200 79
271400 79
271600 79
271800 79
272000 79
272200 79
272400 79
272600 79
272800 79
273000 79
273200 79
273400 79
273600 79
273800 79
274000 79
274200 79
274400 79
274600 79
274800 79
275000 79
275200 79
275400 79
275600 79
275800 79
276000 79
276200 79
276400 79
276600 79
276800 79
277000 79
277200 79
277400 79
277600 79
277800 79
278000 79
278200 79
278400 79
278600 79
278800 79
279000 79
279200 79
279400 79
279600 79
279800 79
280000 79
280200 79
280400 79
280600 79
280800 79
281000 79
281200 79
281400 79
281600 79
281800 79
282000 79
282200 79
282400 79
282600 79
282800 79
283000 79
283200 79
283400 79
283600 79
283800 79
284000 79
284200 79
284400 79
284600 79
284800 79
285000 79
285200 79
285400 79
285600 79
285800 79
286000 79
286200 79
286400 79
286600 79
286800 79
287000 79
287200 79
287400 79
287600 79
287800 79
288000 79
288200 79
288400 79
288600 79
288800 79
289000 79
289200 79
289400 79
289600 79
289800 79
290000 79
290200 79
290400 79
290600 79
290800 79
291000 79
291200 79
291400 79
291600 79
291800 79
292000 79
292200 79
292400 79
292600 79
292800 79
293000 79
293200 79
293400 79
293600 79
293800 79
294000 79
294200 79
294400 79
294600 79
294800 79
295000 79
295200 79
295400 79
295600 79
295800 79
296000 79
296200 79
296400 79
296600 79
296800 79
297000 79
297200 79
297400 79
297600 79
297800 79
298000 79
298200 79
298400 79
298600 79
298800 79
299000 79
299200 79
299400 79
299600 79
299800 79
300000 79
300200 79
300400 79
300600 79
300800 79
301000 79
301200 79
301400 79
301600 79
301800 79
302000 79
302200 79
302400 79
302600 79
302800 79
303000 79
303200 79
303400 79
303600 79
303800 79
304000 79
304200 79
304400 79
304600 79
304800 79
305000 79
305200 79
305400 79
305600 79
305800 79
306000 79
306200 79
306400 79
306600 79
306800 79
307000 79
307200 79
307400 79
307600 79
307800 79
308000 79
308200 79
308400 79
308600 79
308800 79
309000 79
309200 79
309400 79
309600 79
309800 79
310000 79
310200 79
310400 79
310600 79
310800 79
311000 79
311200 79
311400 79
311600 79
311800 79
312000 79
312200 79
312400 79
312600 79
312800 79
313000 79
313200 79
313400 79
313600 79
313800 79
314000 79
314200 79
314400 79
314600 79
314800 79
315000 79
315200 79
315400 79
315600 79
315800 79
316000 79
316200 79
316400 79
316600 79
316800 79
317000 79
317200 79
317400 79
317600 79
317800 79
318000 79
318200 79
318400 79
318600 79
318800 79
319000 79
319200 79
319400 79
319600 79
319800 79
320000 79
320200 79
320400 79
320600 79
320800 79
321000 79
321200 79
321400 79
321600 79
321800 79
322000 79
322200 79
322400 79
322600 79
322800 79
323000 79
323200 79
323400 79
323600 79
323800 79
324000 79
324200 79
324400 79
324600 79
324800 79
325000 79
325200 79
325400 79
325600 79
325800 79
326000 79
326200 79
326400 79
326600 79
326800 79
327000 79
327200 79
327400 79
327600 79
327800 79
328000 79
328200 79
328400 79
328600 79
328800 79
329000 79
329200 79
329400 79
329600 79
329800 79
330000 79
330200 79
330400 79
330600 79
330800 79
331000 79
331200 79
331400 79
331600 79
331800 79
332000 79
332200 79
332400 79
332600 79
332800 79
333000 79
333200 79
333400 79
333600 79
333800 79
334000 79
334200 79
334400 79
334600 79
334800 79
335000 79
335200 79
335400 79
335600 79
335800 79
336000 79
336200 79
336400 79
336600 79
336800 79
337000 79
337200 79
337400 79
337600 79
337800 79
338000 79
338200 79
338400 79
338600 79
338800 79
339000 79
339200 79
339400 79
339600 79
339800 79
340000 79
340200 79
340400 79
340600 79
340800 79
341000 79
341200 79
341400 79
341600 79
341800 79
342000 79
342200 79
342400 79
342600 79
342800 79
343000 79
343200 79
343400 79
343600 79
343800 79
344000 79
344200 79
344400 79
344600 79
344800 79
345000 79
345200 79
345400 79
345600 79
345800 79
346000 79
346200 79
346400 79
346600 79
346800 79
347000 79
347200 79
347400 79
347600 79
347800 79
348000 79
348200 79
348400 79
348600 79
348800 79
349000 79
349200 79
349400 79
349600 79
349800 79
350000 79
350200 79
350400 79
350600 79
350800 79
351000 79
351200 79
351400 79
351600 79
351800 79
352000 79
352200 79
352400 79
352600 79
352800 79
353000 79
353200 79
353400 79
353600 79
353800 79
354000 79
354200 79
354400 79
354600 79
354800 79
355000 79
355200 79
355400 79
355600 79
355800 79
356000 79
356200 79
356400 79
356600 79
356800 79
357000 79
357200 79
357400 79
357600 79
357800 79
358000 79
358200 79
358400 79
358600 79
358800 79
359000 79
359200 79
359400 79
359600 79
359800 79
360000 79
360200 79
360400 79
360600 79
360800 79
361000 79
361200 79
361400 79
361600 79
361800 79
362000 79
362200 79
362400 79
362600 79
362800 79
363000 79
363200 79
363400 79
363600 79
363800 79
364000 79
364200 79
364400 79
364600 79
364800 79
365000 79
365200 79
365400 79
365600 79
365800 79
366000 79
366200 79
366400 79
366600 79
366800 79
367000 79
367200 79
367400 79
367600 79
367800 79
368000 79
368200 79
368400 79
368600 79
368800 79
369000 79
369200 79
369400 79
369600 79
369800 79
370000 79
370200 79
370400 79
370600 79
370800 79
371000 79
371200 79
371400 79
371600 79
371800 79
372000 79
372200 79
372400 79
372600 79
372800 79
373000 79
373200 79
373400 79
373600 79
373800 79
374000 79
374200 79
374400 79
374600 79
374800 79
375000 79
375200 79
375400 79
375600 79
375800 79
376000 79
376200 79
376400 79
376600 79
376800 79
377000 79
377200 79
377400 79
377600 79
377800 79
378000 79
378200 79
378400 79
378600 79
378800 79
379000 79
379200 79
379400 79
379600 79
379800 79
380000 79
380200 79
380400 79
380600 79
380800 79
381000 79
381200 79
381400 79
381600 79
381800 79
382000 79
382200 79
382400 79
382600 79
382800 79
383000 79
383200 79
383400 79
383600 79
383800 79
384000 79
384200 79
384400 79
384600 79
384800 79
385000 79
385200 79
385400 79
385600 79
385800 79
386000 79
386200 79
386400 79
386600 79
386800 79
387000 79
387200 79
387400 79
387600 79
387800 79
388000 79
388200 79
388400 79
388600 79
388800 79
389000 79
389200 79
389400 79
389600 79
389800 79
390000 79
390200 79
390400 79
390600 79
390800 79
391000 79
391200 79
391400 79
391600 79
391800 79
392000 79
392200 79
392400 79
392600 79
392800 79
393000 79
393200 79
393400 79
393600 79
393800 79
394000 79
394200 79
394400 79
394600 79
394800 79
395000 79
395200 79
395400 79
395600 79
395800 79
396000 79
396200 79
396400 79
396600 79
396800 79
397000 79
397200 79
397400 79
397600 79
397800 79
398000 79
398200 79
398400 79
398600 79
398800 79
399000 79
399200 79
399400 79
399600 79
399800 79
400000 79
400200 79
400400 79
400600 79
400800 79
401000 79
401200 79
401400 79
401600 79
401800 79
402000 79
402200 79
402400 79
402600 79
402800 79
403000 79
403200 79
403400 79
403600 79
403800 79
404000 79
404200 79
404400 79
404600 79
404800 79
405000 79
405200 79
405400 79
405600 79
405800 79
406000 79
406200 79
406400 79
406600 79
406800 79
407000 79
407200 79
407400 79
407600 79
407800 79
408000 79
408200 79
408400 79
408600 79
408800 79
409000 79
409200 79
409400 79
409600 79
409800 79
410000 79
410200 79
410400 79
410600 79
410800 79
411000 79
411200 79
411400 79
411600 79
411800 79
412000 79
412200 79
412400 79
412600 79
412800 79
413000 79
413200 79
413400 79
413600 79
413800 79
414000 79
414200 79
414400 79
414600 79
414800 79
415000 79
415200 79
415400 79
415600 79
415800 79
416000 79
416200 79
416400 79
416600 79
416800 79
417000 79
417200 79
417400 79
417600 79
417800 79
418000 79
418200 79
418400 79
418600 79
418800 79
419000 79
419200 79
419400 79
419600 79
419800 79
420000 79
420200 79
420400 79
420600 79
420800 79
421000 79
421200 79
421400 79
421600 79
421800 79
422000 79
422200 79
422400 79
422600 79
422800 79
423000 79
423200 79
423400 79
423600 79
423800 79
424000 79
424200 79
424400 79
424600 79
424800 79
425000 79
425200 79
425400 79
425600 79
425800 79
426000 79
426200 79
426400 79
426600 79
426800 79
427000 79
427200 79
427400 79
427600 79
427800 79
428000 79
428200 79
428400 79
428600 79
428800 79
429000 79
429200 79
429400 79
429600 79
429800 79
430000 79
430200 79
430400 79
430600 79
430800 79
431000 79
431200 79
431400 79
431600 79
431800 79
432000 79
432200 79
432400 79
432600 79
432800 79
433000 79
433200 79
433400 79
433600 79
433800 79
434000 79
434200 79
434400 79
434600 79
434800 79
435000 79
435200 79
435400 79
435600 79
435800 79
436000 79
436200 79
436400 79
436600 79
436800 79
437000 79
437200 79
437400 79
437600 79
437800 79
438000 79
438200 79
438400 79
438600 79
438800 79
439000 79
439200 79
439400 79
439600 79
439800 79
440000 79
440200 79
440400 79
440600 79
440800 79
441000 79
441200 79
441400 79
441600 79
441800 79
442000 79
442200 79
442400 79
442600 79
442800 79
443000 79
443200 79
443400 79
443600 79
443800 79
444000 79
444200 79
444400 79
444600 79
444800 79
445000 79
445200 79
445400 79
445600 79
445800 79
446000 79
446200 79
446400 79
446600 79
446800 79
447000 79
447200 79
447400 79
447600 79
447800 79
448000 79
448200 79
448400 79
448600 79
448800 79
449000 79
449200 79
449400 79
449600 79
449800 79
450000 79
450200 79
450400 79
450600 79
450800 79
451000 79
451200 79
451400 79
451600 79
451800 79
452000 79
452200 79
452400 79
452600 79
452800 79
453000 79
453200 79
453400 79
453600 79
453800 79
454000 79
454200 79
454400 79
454600 79
454800 79
455000 79
455200 79
455400 79
455600 79
455800 79
456000 79
456200 79
456400 79
456600 79
456800 79
457000 79
457200 79
457400 79
457600 79
457800 79
458000 79
458200 79
458400 79
458600 79
458800 79
459000 79
459200 79
459400 79
459600 79
459800 79
460000 79
460200 79
460400 79
460600 79
460800 79
461000 79
461200 79
461400 79
461600 79
461800 79
462000 79
462200 79
462400 79
462600 79
462800 79
463000 79
463200 79
463400 79
463600 79
463800 79
464000 79
464200 79
464400 79
464600 79
464800 79
465000 79
465200 79
465400 79
465600 79
465800 79
466000 79
466200 79
466400 79
466600 79
466800 79
467000 79
467200 79
467400 79
467600 79
467800 79
468000 79
468200 79
468400 79
468600 79
468800 79
469000 79
469200 79
469400 79
469600 79
469800 79
470000 79
470200 79
470400 79
470600 79
470800 79
471000 79
471200 79
471400 79
471600 79
471800 79
472000 79
472200 79
472400 79
472600 79
472800 79
473000 79
473200 79
473400 79
473600 79
473800 79
474000 79
474200 79
474400 79
474600 79
474800 79
475000 79
475200 79
475400 79
475600 79
475800 79
476000 79
476200 79
476400 79
476600 79
476800 79
477000 79
477200 79
477400 79
477600 79
477800 79
478000 79
478200 79
478400 79
478600 79
478800 79
479000 79
479200 79
479400 79
479600 79
479800 79
480000 79
480200 79
480400 79
480600 79
480800 79
481000 79
481200 79
481400 79
481600 79
481800 79
482000 79
482200 79
482400 79
482600 79
482800 79
483000 79
483200 79
483400 79
483600 79
483800 79
484000 79
484200 79
484400 79
484600 79
484800 79
485000 79
485200 79
485400 79
485600 79
485800 79
486000 79
486200 79
486400 79
486600 79
486800 79
487000 79
487200 79
487400 79
487600 79
487800 79
488000 79
488200 79
488400 79
488600 79
488800 79
489000 79
489200 79
489400 79
489600 79
489800 79
490000 79
490200 79
490400 79
490600 79
490800 79
491000 79
491200 79
491400 79
491600 79
491800 79
492000 79
492200 79
492400 79
492600 79
492800 79
493000 79
493200 79
493400 79
493600 79
493800 79
494000 79
494200 79
494400 79
494600 79
494800 79
495000 79
495200 79
495400 79
495600 79
495800 79
496000 79
496200 79
496400 79
496600 79
496800 79
497000 79
497200 79
497400 79
497600 79
497800 79
498000 79
498200 79
498400 79
498600 79
498800 79
499000 79
499200 79
499400 79
499600 79
499800 79
500000 79
500200 79
500400 79
500600 79
500800 79
501000 79
501200 79
501400 79
501600 79
501800 79
502000 79
502200 79
502400 79
502600 79
502800 79
503000 79
503200 79
503400 79
503600 79
503800 79
504000 79
504200 79
504400 79
504600 79
504800 79
505000 79
505200 79
505400 79
505600 79
505800 79
506000 79
506200 79
506400 79
506600 79
506800 79
507000 79
507200 79
507400 79
507600 79
507800 79
508000 79
508200 79
508400 79
508600 79
508800 79
509000 79
509200 79
509400 79
509600 79
509800 79
510000 79
510200 79
510400 79
510600 79
510800 79
511000 79
511200 79
511400 79
511600 79
511800 79
512000 79
512200 79
512400 79
512600 79
512800 79
513000 79
513200 79
513400 79
513600 79
513800 79
514000 79
514200 79
514400 79
514600 79
514800 79
515000 79
515200 79
515400 79
515600 79
515800 79
516000 79
516200 79
516400 79
516600 79
516800 79
517000 79
517200 79
517400 79
517600 79
517800 79
518000 79
518200 79
518400 79
518600 79
518800 79
519000 79
519200 79
519400 79
519600 79
519800 79
520000 79
520200 79
520400 79
520600 79
520800 79
521000 79
521200 79
521400 79
521600 79
521800 79
522000 79
522200 79
522400 79
522600 79
522800 79
523000 79
523200 79
523400 79
523600 79
523800 79
524000 79
524200 79
524400 79
524600 79
524800 79
525000 79
525200 79
525400 79
525600 79
525800 79
526000 79
526200 79
526400 79
526600 79
526800 79
527000 79
527200 79
527400 79
527600 79
527800 79
528000 79
528200 79
528400 79
528600 79
528800 79
529000 79
529200 79
529400 79
529600 79
529800 79
530000 79
530200 79
530400 79
530600 79
530800 79
531000 79
531200 79
531400 79
531600 79
531800 79
532000 79
532200 79
532400 79
532600 79
532800 79
533000 79
533200 79
533400 79
533600 79
533800 79
534000 79
534200 79
534400 79
534600 79
534800 79
535000 79
535200 79
535400 79
535600 79
535800 79
536000 79
536200 79
536400 79
536600 79
536800 79
537000 79
537200 79
537400 79
537600 79
537800 79
538000 79
538200 79
538400 79
538600 79
538800 79
539000 79
539200 79
539400 79
539600 79
539800 79
540000 79
540200 79
540400 79
540600 79
540800 79
541000 79
541200 79
541400 79
541600 79
541800 79
542000 79
542200 79
542400 79
542600 79
542800 79
543000 79
543200 79
543400 79
543600 79
543800 79
544000 79
544200 79
544400 79
544600 79
544800 79
545000 79
545200 79
545400 79
545600 79
545800 79
546000 79
546200 79
546400 79
546600 79
546800 79
547000 79
547200 79
547400 79
547600 79
547800 79
548000 79
548200 79
548400 79
548600 79
548800 79
549000 79
549200 79
549400 79
549600 79
549800 79
550000 79
550200 79
550400 79
550600 79
550800 79
551000 79
551200 79
551400 79
551600 79
551800 79
552000 79
552200 79
552400 79
552600 79
552800 79
553000 79
553200 79
553400 79
553600 79
553800 79
554000 79
554200 79
554400 79
554600 79
554800 79
555000 79
555200 79
555400 79
555600 79
555800 79
556000 79
556200 79
556400 79
556600 79
556800 79
557000 79
557200 79
557400 79
557600 79
557800 79
558000 79
558200 79
558400 79
558600 79
558800 79
559000 79
559200 79
559400 79
559600 79
559800 79
560000 79
560200 79
560400 79
560600 79
560800 79
561000 79
561200 79
561400 79
561600 79
561800 79
562000 79
562200 79
562400 79
562600 79
562800 79
563000 79
563200 79
563400 79
563600 79
563800 79
564000 79
564200 79
564400 79
564600 79
564800 79
565000 79
565200 79
565400 79
565600 79
565800 79
566000 79
566200 79
566400 79
566600 79
566800 79
567000 79
567200 79
567400 79
567600 79
567800 79
568000 79
568200 79
568400 79
568600 79
568800 79
569000 79
569200 79
569400 79
569600 79
569800 79
570000 79
570200 79
570400 79
570600 79
570800 79
571000 79
571200 79
571400 79
571600 79
571800 79
572000 79
572200 79
572400 79
572600 79
572800 79
573000 79
573200 79
573400 79
573600 79
573800 79
574000 79
574200 79
574400 79
574600 79
574800 79
575000 79
575200 79
575400 79
575600 79
575800 79
576000 79
576200 79
576400 79
576600 79
576800 79
577000 79
577200 79
577400 79
577600 79
577800 79
578000 79
578200 79
578400 79
578600 79
578800 79
579000 79
579200 79
579400 79
579600 79
579800 79
580000 79
580200 79
580400 79
580600 79
580800 79
581000 79
581200 79
581400 79
581600 79
581800 79
582000 79
582200 79
582400 79
582600 79
582800 79
583000 79
583200 79
583400 79
583600 79
583800 79
584000 79
584200 79
584400 79
584600 79
584800 79
585000 79
585200 79
585400 79
585600 79
585800 79
586000 79
586200 79
586400 79
586600 79
586800 79
587000 79
587200 79
587400 79
587600 79
587800 79
588000 79
588200 79
588400 79
588600 79
588800 79
589000 79
589200 79
589400 79
589600 79
589800 79
590000 79
590200 79
590400 79
590600 79
590800 79
591000 79
591200 79
591400 79
591600 79
591800 79
592000 79
592200 79
592400 79
592600 79
592800 79
593000 79
593200 79
593400 79
593600 79
593800 79
594000 79
594200 79
594400 79
594600 79
594800 79
595000 79
595200 79
595400 79
595600 79
595800 79
596000 79
596200 79
596400 79
596600 79
596800 79
597000 79
597200 79
597400 79
597600 79
597800 79
598000 79
598200 79
598400 79
598600 79
598800 79
599000 79
599200 79
599400 79
599600 79
599800 79
600000 79
600200 79
600400 79
600600 79
600800 79
601000 79
601200 79
601400 79
601600 79
601800 79
602000 79
602200 79
602400 79
602600 79
602800 79
603000 79
603200 79
603400 79
603600 79
603800 79
604000 79
604200 79
604400 79
604600 79
604800 79
605000 79
605200 79
605400 79
605600 79
605800 79
606000 79
606200 79
606400 79
606600 79
606800 79
607000 79
607200 79
607400 79
607600 79
607800 79
608000 79
608200 79
608400 79
608600 79
608800 79
609000 79
609200 79
609400 79
609600 79
609800 79
610000 79
610200 79
610400 79
610600 79
610800 79
611000 79
611200 79
611400 79
611600 79
611800 79
612000 79
612200 79
612400 79
612600 79
612800 79
613000 79
613200 79
613400 79
613600 79
613800 79
614000 79
614200 79
614400 79
614600 79
614800 79
615000 79
615200 79
615400 79
615600 79
615800 79
616000 79
616200 79
616400 79
616600 79
616800 79
617000 79
617200 79
617400 79
617600 79
617800 79
618000 79
618200 79
618400 79
618600 79
618800 79
619000 79
619200 79
619400 79
619600 79
619800 79
620000 79
620200 79
620400 79
620600 79
620800 79
621000 79
621200 79
621400 79
621600 79
621800 79
622000 79
622200 79
622400 79
622600 79
622800 79
623000 79
623200 79
623400 79
623600 79
623800 79
624000 79
624200 79
624400 79
624600 79
624800 79
625000 79
625200 79
625400 79
625600 79
625800 79
626000 79
626200 79
626400 79
626600 79
626800 79
627000 79
627200 79
627400 79
627600 79
627800 79
628000 79
628200 79
628400 79
628600 79
628800 79
629000 79
629200 79
629400 79
629600 79
629800 79
630000 79
630200 79
630400 79
630600 79
630800 79
631000 79
631200 79
631400 79
631600 79
631800 79
632000 79
632200 79
632400 79
632600 79
632800 79
633000 79
633200 79
633400 79
633600 79
633800 79
634000 79
634200 79
634400 79
634600 79
634800 79
635000 79
635200 79
635400 79
635600 79
635800 79
636000 79
636200 79
636400 79
636600 79
636800 79
637000 79
637200 79
637400 79
637600 79
637800 79
638000 79
638200 79
638400 79
638600 79
638800 79
639000 79
639200 79
639400 79
639600 79
639800 79
640000 79
640200 79
640400 79
640600 79
640800 79
641000 79
641200 79
641400 79
641600 79
641800 79
642000 79
642200 79
642400 79
642600 79
642800 79
643000 79
643200 79
643400 79
643600 79
643800 79
644000 79
644200 79
644400 79
644600 79
644800 79
645000 79
645200 79
645400 79
645600 79
645800 79
646000 79
646200 79
646400 79
646600 79
646800 79
647000 79
647200 79
647400 79
647600 79
647800 79
648000 79
648200 79
648400 79
648600 79
648800 79
649000 79
649200 79
649400 79
649600 79
649800 79
650000 79
650200 79
650400 79
650600 79
650800 79
651000 79
651200 79
651400 79
651600 79
651800 79
652000 79
652200 79
652400 79
652600 79
652800 79
653000 79
653200 79
653400 79
653600 79
653800 79
654000 79
654200 79
654400 79
654600 79
654800 79
655000 79
655200 79
655400 79
655600 79
655800 79
656000 79
656200 79
656400 79
656600 79
656800 79
657000 79
657200 79
657400 79
657600 79
657800 79
658000 79
658200 79
658400 79
658600 79
658800 79
659000 79
659200 79
659400 79
659600 79
659800 79
660000 79
660200 79
660400 79
660600 79
660800 79
661000 79
661200 79
661400 79
661600 79
661800 79
662000 79
662200 79
662400 79
662600 79
662800 79
663000 79
663200 79
663400 79
663600 79
663800 79
664000 79
664200 79
664400 79
664600 79
664800 79
665000 79
665200 79
665400 79
665600 79
665800 79
666000 79
666200 79
666400 79
666600 79
666800 79
667000 79
667200 79
667400 79
667600 79
667800 79
668000 79
668200 79
668400 79
668600 79
668800 79
669000 79
669200 79
669400 79
669600 79
669800 79
670000 79
670200 79
670400 79
670600 79
670800 79
671000 79
671200 79
671400 79
671600 79
671800 79
672000 79
672200 79
672400 79
672600 79
672800 79
673000 79
673200 79
673400 79
673600 79
673800 79
674000 79
674200 79
674400 79
674600 79
674800 79
675000 79
675200 79
675400 79
675600 79
675800 79
676000 79
676200 79
676400 79
676600 79
676800 79
677000 79
677200 79
677400 79
677600 79
677800 79
678000 79
678200 79
678400 79
678600 79
678800 79
679000 79
679200 79
679400 79
679600 79
679800 79
680000 79
680200 79
680400 79
680600 79
680800 79
681000 79
681200 79
681400 79
681600 79
681800 79
682000 79
682200 79
682400 79
682600 79
682800 79
683000 79
683200 79
683400 79
683600 79
683800 79
684000 79
684200 79
684400 79
684600 79
684800 79
685000 79
685200 79
685400 79
685600 79
685800 79
686000 79
686200 79
686400 79
686600 79
686800 79
687000 79
687200 79
687400 79
687600 79
687800 79
688000 79
688200 79
688400 79
688600 79
688800 79
689000 79
689200 79
689400 79
689600 79
689800 79
690000 79
690200 79
690400 79
690600 79
690800 79
691000 79
691200 79
691400 79
691600 79
691800 79
692000 79
692200 79
692400 79
692600 79
692800 79
693000 79
693200 79
693400 79
693600 79
693800 79
694000 79
694200 79
694400 79
694600 79
694800 79
695000 79
695200 79
695400 79
695600 79
695800 79
696000 79
696200 79
696400 79
696600 79
696800 79
697000 79
697200 79
697400 79
697600 79
697800 79
698000 79
698200 79
698400 79
698600 79
698800 79
699000 79
699200 79
699400 79
699600 79
699800 79
700000 79
700200 79
700400 79
700600 79
700800 79
701000 79
701200 79
701400 79
701600 79
701800 79
702000 79
702200 79
702400 79
702600 79
702800 79
703000 79
703200 79
703400 79
703600 79
703800 79
704000 79
704200 79
704400 79
704600 79
704800 79
705000 79
705200 79
705400 79
705600 79
705800 79
706000 79
706200 79
706400 79
706600 79
706800 79
707000 79
707200 79
707400 79
707600 79
707800 79
708000 79
708200 79
708400 79
708600 79
708800 79
709000 79
709200 79
709400 79
709600 79
709800 79
710000 79
710200 79
710400 79
710600 79
710800 79
711000 79
711200 79
711400 79
711600 79
711800 79
712000 79
712200 79
712400 79
712600 79
712800 79
713000 79
713200 79
713400 79
713600 79
713800 79
714000 79
714200 79
714400 79
714600 79
714800 79
715000 79
715200 79
715400 79
715600 79
715800 79
716000 79
716200 79
716400 79
716600 79
716800 79
717000 79
717200 79
717400 79
717600 79
717800 79
718000 79
718200 79
718400 79
718600 79
718800 79
719000 79
719200 79
719400 79
719600 79
719800 79
720000 79
720200 79
720400 79
720600 79
720800 79
721000 79
721200 79
721400 79
721600 79
721800 79
722000 79
722200 79
722400 79
722600 79
722800 79
723000 79
723200 79
723400 79
723600 79
723800 79
724000 79
724200 79
724400 79
724600 79
724800 79
725000 79
725200 79
725400 79
725600 79
725800 79
726000 79
726200 79
726400 79
726600 79
726800 79
727000 79
727200 79
727400 79
727600 79
727800 79
728000 79
728200 79
728400 79
728600 79
728800 79
729000 79
729200 79
729400 79
729600 79
729800 79
730000 79
730200 79
730400 79
730600 79
730800 79
731000 79
731200 79
731400 79
731600 79
731800 79
732000 79
732200 79
732400 79
732600 79
732800 79
733000 79
733200 79
733400 79
733600 79
733800 79
734000 79
734200 79
734400 79
734600 79
734800 79
735000 79
735200 79
735400 79
735600 79
735800 79
736000 79
736200 79
736400 79
736600 79
736800 79
737000 79
737200 79
737400 79
737600 79
737800 79
738000 79
738200 79
738400 79
738600 79
738800 79
739000 79
739200 79
739400 79
739600 79
739800 79
740000 79
740200 79
740400 79
740600 79
740800 79
741000 79
741200 79
741400 79
741600 79
741800 79
742000 79
742200 79
742400 79
742600 79
742800 79
743000 79
743200 79
743400 79
743600 79
743800 79
744000 79
744200 79
744400 79
744600 79
744800 79
745000 79
745200 79
745400 79
745600 79
745800 79
746000 79
746200 79
746400 79
746600 79
746800 79
747000 79
747200 79
747400 79
747600 79
747800 79
748000 79
748200 79
748400 79
748600 79
748800 79
749000 79
749200 79
749400 79
749600 79
749800 79
750000 79
750200 79
750400 79
750600 79
750800 79
751000 79
751200 79
751400 79
751600 79
751800 79
752000 79
752200 79
752400 79
752600 79
752800 79
753000 79
753200 79
753400 79
753600 79
753800 79
754000 79
754200 79
754400 79
754600 79
754800 79
755000 79
755200 79
755400 79
755600 79
755800 79
756000 79
756200 79
756400 79
756600 79
756800 79
757000 79
757200 79
757400 79
757600 79
757800 79
758000 79
758200 79
758400 79
758600 79
758800 79
759000 79
759200 79
759400 79
759600 79
759800 79
760000 79
760200 79
760400 79
760600 79
760800 79
761000 79
761200 79
761400 79
761600 79
761800 79
762000 79
762200 79
762400 79
762600 79
762800 79
763000 79
763200 79
763400 79
763600 79
763800 79
764000 79
764200 79
764400 79
764600 79
764800 79
765000 79
765200 79
765400 79
765600 79
765800 79
766000 79
766200 79
766400 79
766600 79
766800 79
767000 79
767200 79
767400 79
767600 79
767800 79
768000 79
768200 79
768400 79
768600 79
768800 79
769000 79
769200 79
769400 79
769600 79
769800 79
770000 79
770200 79
770400 79
770600 79
770800 79
771000 79
771200 79
771400 79
771600 79
771800 79
772000 79
772200 79
772400 79
772600 79
772800 79
773000 79
773200 79
773400 79
773600 79
773800 79
774000 79
774200 79
774400 79
774600 79
774800 79
775000 79
775200 79
775400 79
775600 79
775800 79
776000 79
776200 79
776400 79
776600 79
776800 79
777000 79
777200 79
777400 79
777600 79
777800 79
778000 79
778200 79
778400 79
778600 79
778800 79
779000 79
779200 79
779400 79
779600 79
779800 79
780000 79
780200 79
780400 79
780600 79
780800 79
781000 79
781200 79
781400 79
781600 79
781800 79
782000 79
782200 79
782400 79
782600 79
782800 79
783000 79
783200 79
783400 79
783600 79
783800 79
784000 79
784200 79
784400 79
784600 79
784800 79
785000 79
785200 79
785400 79
785600 79
785800 79
786000 79
786200 79
786400 79
786600 79
786800 79
787000 79
787200 79
787400 79
787600 79
787800 79
788000 79
788200 79
788400 79
788600 79
788800 79
789000 79
789200 79
789400 79
789600 79
789800 79
790000 79
790200 79
790400 79
790600 79
790800 79
791000 79
791200 79
791400 79
791600 79
791800 79
792000 79
792200 79
792400 79
792600 79
792800 79
793000 79
793200 79
793400 79
793600 79
793800 79
794000 79
794200 79
794400 79
794600 79
794800 79
795000 79
795200 79
795400 79
795600 79
795800 79
796000 79
796200 79
796400 79
796600 79
796800 79
797000 79
797200 79
797400 79
797600 79
797800 79
798000 79
798200 79
798400 79
798600 79
798800 79
799000 79
799200 79
799400 79
799600 79
799800 79
800000 79
800200 79
800400 79
800600 79
800800 79
801000 79
801200 79
801400 79
801600 79
801800 79
802000 79
802200 79
802400 79
802600 79
802800 79
803000 79
803200 79
803400 79
803600 79
803800 79
804000 79
804200 79
804400 79
804600 79
804800 79
805000 79
805200 79
805400 79
805600 79
805800 79
806000 79
806200 79
806400 79
806600 79
806800 79
807000 79
807200 79
807400 79
807600 79
807800 79
808000 79
808200 79
808400 79
808600 79
808800 79
809000 79
809200 79
809400 79
809600 79
809800 79
810000 79
810200 79
810400 79
810600 79
810800 79
811000 79
811200 79
811400 79
811600 79
811800 79
812000 79
812200 79
812400 79
812600 79
812800 79
813000 79
813200 79
813400 79
813600 79
813800 79
814000 79
814200 79
814400 79
814600 79
814800 79
815000 79
815200 79
815400 79
815600 79
815800 79
816000 79
816200 79
816400 79
816600 79
816800 79
817000 79
817200 79
817400 79
817600 79
817800 79
818000 79
818200 79
818400 79
818600 79
818800 79
819000 79
819200 79
819400 79
819600 79
819800 79
820000 79
820200 79
820400 79
820600 79
820800 79
821000 79
821200 79
821400 79
821600 79
821800 79
822000 79
822200 79
822400 79
822600 79
822800 79
823000 79
823200 79
823400 79
823600 79
823800 79
824000 79
824200 79
824400 79
824600 79
824800 79
825000 79
825200 79
825400 79
825600 79
825800 79
826000 79
826200 79
826400 79
826600 79
826800 79
827000 79
827200 79
827400 79
827600 79
827800 79
828000 79
828200 79
828400 79
828600 79
828800 79
829000 79
829200 79
829400 79
829600 79
829800 79
830000 79
830200 79
830400 79
830600 79
830800 79
831000 79
831200 79
831400 79
831600 79
831800 79
832000 79
832200 79
832400 79
832600 79
832800 79
833000 79
833200 79
833400 79
833600 79
833800 79
834000 79
834200 79
834400 79
834600 79
834800 79
835000 79
835200 79
835400 79
835600 79
835800 79
836000 79
836200 79
836400 79
836600 79
836800 79
837000 79
837200 79
837400 79
837600 79
837800 79
838000 79
838200 79
838400 79
838600 79
838800 79
839000 79
839200 79
839400 79
839600 79
839800 79
840000 79
840200 79
840400 79
840600 79
840800 79
841000 79
841200 79
841400 79
841600 79
841800 79
842000 79
842200 79
842400 79
842600 79
842800 79
843000 79
843200 79
843400 79
843600 79
843800 79
844000 79
844200 79
844400 79
844600 79
844800 79
845000 79
845200 79
845400 79
845600 79
845800 79
846000 79
846200 79
846400 79
846600 79
846800 79
847000 79
847200 79
847400 79
847600 79
847800 79
848000 79
848200 79
848400 79
848600 79
848800 79
849000 79
849200 79
849400 79
849600 79
849800 79
850000 79
850200 79
850400 79
850600 79
850800 79
851000 79
851200 79
851400 79
851600 79
851800 79
852000 79
852200 79
852400 79
852600 79
852800 79
853000 79
853200 79
853400 79
853600 79
853800 79
854000 79
854200 79
854400 79
854600 79
854800 79
855000 79
855200 79
855400 79
855600 79
855800 79
856000 79
856200 79
856400 79
856600 79
856800 79
857000 79
857200 79
857400 79
857600 79
857800 79
858000 79
858200 79
858400 79
858600 79
858800 79
859000 79
859200 79
859400 79
859600 79
859800 79
860000 79
860200 79
860400 79
860600 79
860800 79
861000 79
861200 79
861400 79
861600 79
861800 79
862000 79
862200 79
862400 79
862600 79
862800 79
863000 79
863200 79
863400 79
863600 79
863800 79
864000 79
864200 79
864400 79
864600 79
864800 79
865000 79
865200 79
865400 79
865600 79
865800 79
866000 79
866200 79
866400 79
866600 79
866800 79
867000 79
867200 79
867400 79
867600 79
867800 79
868000 79
868200 79
868400 79
868600 79
868800 79
869000 79
869200 79
869400 79
869600 79
869800 79
870000 79
870200 79
870400 79
870600 79
870800 79
871000 79
871200 79
871400 79
871600 79
871800 79
872000 79
872200 79
872400 79
872600 79
872800 79
873000 79
873200 79
873400 79
873600 79
873800 79
874000 79
874200 79
874400 79
874600 79
874800 79
875000 79
875200 79
875400 79
875600 79
875800 79
876000 79
876200 79
876400 79
876600 79
876800 79
877000 79
877200 79
877400 79
877600 79
877800 79
878000 79
878200 79
878400 79
878600 79
878800 79
879000 79
879200 79
879400 79
879600 79
879800 79
880000 79
880200 79
880400 79
880600 79
880800 79
881000 79
881200 79
881400 79
881600 79
881800 79
882000 79
882200 79
882400 79
882600 79
882800 79
883000 79
883200 79
883400 79
883600 79
883800 79
884000 79
884200 79
884400 79
884600 79
884800 79
885000 79
885200 79
885400 79
885600 79
885800 79
886000 79
886200 79
886400 79
886600 79
886800 79
887000 79
887200 79
887400 79
887600 79
887800 79
888000 79
888200 79
888400 79
888600 79
888800 79
889000 79
889200 79
889400 79
889600 79
889800 79
890000 79
890200 79
890400 79
890600 79
890800 79
891000 79
891200 79
891400 79
891600 79
891800 79
892000 79
892200 79
892400 79
892600 79
892800 79
893000 79
893200 79
893400 79
893600 79
893800 79
894000 79
894200 79
894400 79
894600 79
894800 79
895000 79
895200 79
895400 79
895600 79
895800 79
896000 79
896200 79
896400 79
896600 79
896800 79
897000 79
897200 79
897400 79
897600 79
897800 79
898000 79
898200 79
898400 79
898600 79
898800 79
899000 79
899200 79
899400 79
899600 79
899800 79
900000 79
900200 79
900400 79
900600 79
900800 79
901000 79
901200 79
901400 79
901600 79
901800 79
902000 79
902200 79
902400 79
902600 79
902800 79
903000 79
903200 79
903400 79
903600 79
903800 79
904000 79
904200 79
904400 79
904600 79
904800 79
905000 79
905200 79
905400 79
905600 79
905800 79
906000 79
906200 79
906400 79
906600 79
906800 79
907000 79
907200 79
907400 79
907600 79
907800 79
908000 79
908200 79
908400 79
908600 79
908800 79
909000 79
909200 79
909400 79
909600 79
909800 79
910000 79
910200 79
910400 79
910600 79
910800 79
911000 79
911200 79
911400 79
911600 79
911800 79
912000 79
912200 79
912400 79
912600 79
912800 79
913000 79
913200 79
913400 79
913600 79
913800 79
914000 79
914200 79
914400 79
914600 79
914800 79
915000 79
915200 79
915400 79
915600 79
915800 79
916000 79
916200 79
916400 79
916600 79
916800 79
917000 79
917200 79
917400 79
917600 79
917800 79
918000 79
918200 79
918400 79
918600 79
918800 79
919000 79
919200 79
919400 79
919600 79
919800 79
920000 79
920200 79
920400 79
920600 79
920800 79
921000 79
921200 79
921400 79
921600 79
921800 79
922000 79
922200 79
922400 79
922600 79
922800 79
923000 79
923200 79
923400 79
923600 79
923800 79
924000 79
924200 79
924400 79
924600 79
924800 79
925000 79
925200 79
925400 79
925600 79
925800 79
926000 79
926200 79
926400 79
926600 79
926800 79
927000 79
927200 79
927400 79
927600 79
927800 79
928000 79
928200 79
928400 79
928600 79
928800 79
929000 79
929200 79
929400 79
929600 79
929800 79
930000 79
930200 79
930400 79
930600 79
930800 79
931000 79
931200 79
931400 79
931600 79
931800 79
932000 79
932200 79
932400 79
932600 79
932800 79
933000 79
933200 79
933400 79
933600 79
933800 79
934000 79
934200 79
934400 79
934600 79
934800 79
935000 79
935200 79
935400 79
935600 79
935800 79
936000 79
936200 79
936400 79
936600 79
936800 79
937000 79
937200 79
937400 79
937600 79
937800 79
938000 79
938200 79
938400 79
938600 79
938800 79
939000 79
939200 79
939400 79
939600 79
939800 79
940000 79
940200 79
940400 79
940600 79
940800 79
941000 79
941200 79
941400 79
941600 79
941800 79
942000 79
942200 79
942400 79
942600 79
942800 79
943000 79
943200 79
943400 79
943600 79
943800 79
944000 79
944200 79
944400 79
944600 79
944800 79
945000 79
945200 79
945400 79
945600 79
945800 79
946000 79
946200 79
946400 79
946600 79
946800 79
947000 79
947200 79
947400 79
947600 79
947800 79
948000 79
948200 79
948400 79
948600 79
948800 79
949000 79
949200 79
949400 79
949600 79
949800 79
950000 79
950200 79
950400 79
950600 79
950800 79
951000 79
951200 79
951400 79
951600 79
951800 79
952000 79
952200 79
952400 79
952600 79
952800 79
953000 79
953200 79
953400 79
953600 79
953800 79
954000 79
954200 79
954400 79
954600 79
954800 79
955000 79
955200 79
955400 79
955600 79
955800 79
956000 79
956200 79
956400 79
956600 79
956800 79
957000 79
957200 79
957400 79
957600 79
957800 79
958000 79
958200 79
958400 79
958600 79
958800 79
959000 79
959200 79
959400 79
959600 79
959800 79
960000 79
960200 79
960400 79
960600 79
960800 79
961000 79
961200 79
961400 79
961600 79
961800 79
962000 79
962200 79
962400 79
962600 79
962800 79
963000 79
963200 79
963400 79
963600 79
963800 79
964000 79
964200 79
964400 79
964600 79
964800 79
965000 79
965200 79
965400 79
965600 79
965800 79
966000 79
966200 79
966400 79
966600 79
966800 79
967000 79
967200 79
967400 79
967600 79
967800 79
968000 79
968200 79
968400 79
968600 79
968800 79
969000 79
969200 79
969400 79
969600 79
969800 79
970000 79
970200 79
970400 79
970600 79
970800 79
971000 79
971200 79
971400 79
971600 79
971800 79
972000 79
972200 79
972400 79
972600 79
972800 79
973000 79
973200 79
973400 79
973600 79
973800 79
974000 79
974200 79
974400 79
974600 79
974800 79
975000 79
975200 79
975400 79
975600 79
975800 79
976000 79
976200 79
976400 79
976600 79
976800 79
977000 79
977200 79
977400 79
977600 79
977800 79
978000 79
978200 79
978400 79
978600 79
978800 79
979000 79
979200 79
979400 79
979600 79
979800 79
980000 79
980200 79
980400 79
980600 79
980800 79
981000 79
981200 79
981400 79
981600 79
981800 79
982000 79
982200 79
982400 79
982600 79
982800 79
983000 79
983200 79
983400 79
983600 79
983800 79
984000 79
984200 79
984400 79
984600 79
984800 79
985000 79
985200 79
985400 79
985600 79
985800 79
986000 79
986200 79
986400 79
986600 79
986800 79
987000 79
987200 79
987400 79
987600 79
987800 79
988000 79
988200 79
988400 79
988600 79
988800 79
989000 79
989200 79
989400 79
989600 79
989800 79
990000 79
990200 79
990400 79
990600 79
990800 79
991000 79
991200 79
991400 79
991600 79
991800 79
992000 79
992200 79
992400 79
992600 79
992800 79
993000 79
993200 79
993400 79
993600 79
993800 79
994000 79
994200 79
994400 79
994600 79
994800 79
995000 79
995200 79
995400 79
995600 79
995800 79
996000 79
996200 79
996400 79
996600 79
996800 79
997000 79
997200 79
997400 79
997600 79
997800 79
998000 79
998200 79
998400 79
998600 79
998800 79
999000 79
999200 79
999400 79
999600 79
999800 79
1000000 79
