10 123
20 145
30 146
40 165
50 160
60 152
70 151
80 157
90 143
100 127
110 147
120 131
130 141
140 127
150 142
160 147
170 143
180 143
190 129
200 140
210 147
220 169
230 156
240 155
250 138
260 141
270 148
280 134
290 148
300 146
310 139
320 152
330 160
340 150
350 156
360 157
370 154
380 144
390 162
400 153
410 139
420 150
430 130
440 156
450 142
460 130
470 131
480 160
490 148
500 152
510 161
520 121
530 160
540 153
550 139
560 132
570 137
580 152
590 140
600 132
610 155
620 155
630 154
640 170
650 152
660 133
670 165
680 154
690 170
700 136
710 154
720 163
730 152
740 158
750 161
760 152
770 161
780 170
790 142
800 132
810 148
820 154
830 151
840 155
850 130
860 138
870 136
880 151
890 150
900 152
910 137
920 162
930 154
940 154
950 153
960 147
970 165
980 142
990 164
1000 140
1010 142
1020 164
1030 148
1040 153
1050 142
1060 157
1070 132
1080 163
1090 139
1100 143
1110 162
1120 160
1130 138
1140 160
1150 141
1160 151
1170 157
1180 162
1190 150
1200 159
1210 148
1220 150
1230 145
1240 145
1250 147
1260 144
1270 170
1280 141
1290 159
1300 129
1310 161
1320 139
1330 137
1340 161
1350 141
1360 143
1370 142
1380 162
1390 137
1400 139
1410 150
1420 169
1430 148
1440 161
1450 161
1460 148
1470 147
1480 129
1490 164
1500 159
1510 160
1520 158
1530 147
1540 141
1550 148
1560 144
1570 141
1580 150
1590 164
1600 142
1610 164
1620 153
1630 154
1640 154
1650 152
1660 174
1670 132
1680 150
1690 150
1700 130
1710 133
1720 154
1730 141
1740 134
1750 150
1760 157
1770 148
1780 133
1790 138
1800 160
1810 142
1820 154
1830 154
1840 155
1850 150
1860 157
1870 156
1880 158
1890 148
1900 158
1910 161
1920 144
1930 145
1940 151
1950 158
1960 158
1970 151
1980 153
1990 162
2000 141
2010 154
2020 159
2030 150
2040 147
2050 151
2060 149
2070 162
2080 137
2090 149
2100 149
2110 138
2120 140
2130 147
2140 161
2150 165
2160 151
2170 164
2180 150
2190 135
2200 158
2210 137
2220 159
2230 155
2240 156
2250 142
2260 169
2270 164
2280 160
2290 143
2300 154
2310 151
2320 134
2330 158
2340 150
2350 162
2360 142
2370 144
2380 143
2390 158
2400 141
2410 153
2420 142
2430 145
2440 140
2450 136
2460 143
2470 144
2480 143
2490 176
2500 142
2510 155
2520 145
2530 148
2540 147
2550 139
2560 138
2570 146
2580 152
2590 154
2600 130
2610 144
2620 153
2630 141
2640 147
2650 162
2660 164
2670 153
2680 152
2690 153
2700 148
2710 148
2720 146
2730 171
2740 162
2750 157
2760 151
2770 150
2780 145
2790 137
2800 140
2810 142
2820 142
2830 154
2840 150
2850 145
2860 151
2870 158
2880 153
2890 137
2900 134
2910 146
2920 142
2930 149
2940 142
2950 171
2960 150
2970 129
2980 136
2990 153
3000 145
3010 164
3020 151
3030 159
3040 160
3050 156
3060 154
3070 147
3080 152
3090 149
3100 139
3110 146
3120 164
3130 152
3140 162
3150 139
3160 138
3170 152
3180 150
3190 134
3200 134
3210 140
3220 137
3230 151
3240 133
3250 162
3260 161
3270 154
3280 150
3290 135
3300 135
3310 150
3320 158
3330 162
3340 148
3350 154
3360 141
3370 128
3380 157
3390 152
3400 151
3410 152
3420 155
3430 134
3440 140
3450 137
3460 141
3470 130
3480 151
3490 155
3500 120
3510 131
3520 143
3530 143
3540 133
3550 131
3560 136
3570 149
3580 133
3590 145
3600 142
3610 140
3620 143
3630 131
3640 132
3650 125
3660 148
3670 138
3680 133
3690 115
3700 115
3710 118
3720 151
3730 129
3740 154
3750 146
3760 150
3770 143
3780 133
3790 137
3800 123
3810 122
3820 110
3830 129
3840 110
3850 124
3860 123
3870 140
3880 129
3890 136
3900 138
3910 146
3920 142
3930 145
3940 145
3950 151
3960 149
3970 136
3980 139
3990 137
4000 122
4010 102
4020 139
4030 132
4040 127
4050 134
4060 112
4070 134
4080 136
4090 147
4100 147
4110 151
4120 132
4130 150
4140 155
4150 137
4160 141
4170 140
4180 147
4190 134
4200 157
4210 128
4220 132
4230 149
4240 114
4250 100
4260 118
4270 147
4280 130
4290 120
4300 130
4310 162
4320 146
4330 160
4340 152
4350 121
4360 115
4370 122
4380 122
4390 131
4400 126
4410 131
4420 127
4430 139
4440 136
4450 132
4460 133
4470 137
4480 131
4490 128
4500 122
4510 125
4520 123
4530 122
4540 127
4550 119
4560 112
4570 110
4580 102
4590 116
4600 125
4610 126
4620 111
4630 109
4640 114
4650 116
4660 114
4670 118
4680 118
4690 117
4700 127
4710 123
4720 110
4730 112
4740 119
4750 121
4760 124
4770 115
4780 103
4790 113
4800 126
4810 122
4820 126
4830 119
4840 124
4850 124
4860 115
4870 117
4880 116
4890 117
4900 118
4910 113
4920 115
4930 117
4940 113
4950 118
4960 114
4970 117
4980 109
4990 109
5000 107
5010 107
5020 109
5030 107
5040 103
5050 99
5060 111
5070 105
5080 105
5090 110
5100 108
5110 114
5120 106
5130 120
5140 121
5150 127
5160 127
5170 117
5180 107
5190 115
5200 120
5210 123
5220 121
5230 102
5240 100
5250 100
5260 97
5270 97
5280 89
5290 97
5300 96
5310 103
5320 107
5330 113
5340 111
5350 110
5360 112
5370 119
5380 112
5390 103
5400 102
5410 99
5420 98
5430 95
5440 95
5450 90
5460 91
5470 91
5480 91
5490 90
5500 90
5510 89
5520 89
5530 89
5540 86
5550 84
5560 87
5570 89
5580 87
5590 87
5600 87
5610 86
5620 88
5630 88
5640 88
5650 90
5660 90
5670 90
5680 98
5690 95
5700 95
5710 94
5720 96
5730 93
5740 93
5750 98
5760 98
5770 101
5780 99
5790 92
5800 91
5810 91
5820 89
5830 89
5840 88
5850 85
5860 85
5870 85
5880 85
5890 85
5900 85
5910 85
5920 84
5930 84
5940 84
5950 87
5960 83
5970 83
5980 83
5990 83
6000 83
6010 84
6020 84
6030 86
6040 86
6050 84
6060 84
6070 87
6080 85
6090 86
6100 86
6110 90
6120 90
6130 86
6140 83
6150 83
6160 83
6170 84
6180 84
6190 84
6200 84
6210 84
6220 84
6230 82
6240 80
6250 80
6260 84
6270 84
6280 84
6290 84
6300 84
6310 79
6320 79
6330 79
6340 80
6350 80
6360 80
6370 80
6380 80
6390 74
6400 73
6410 75
6420 75
6430 75
6440 73
6450 75
6460 73
6470 73
6480 73
6490 73
6500 73
6510 73
6520 72
6530 72
6540 72
6550 72
6560 72
6570 72
6580 72
6590 72
6600 72
6610 72
6620 71
6630 71
6640 71
6650 71
6660 71
6670 71
6680 73
6690 75
6700 75
6710 75
6720 75
6730 75
6740 73
6750 73
6760 73
6770 73
6780 73
6790 73
6800 73
6810 73
6820 73
6830 73
6840 73
6850 73
6860 73
6870 73
6880 73
6890 73
6900 73
6910 73
6920 72
6930 72
6940 72
6950 72
6960 72
6970 72
6980 72
6990 72
7000 72
7010 72
7020 72
7030 72
7040 72
7050 72
7060 72
7070 72
7080 72
7090 72
7100 72
7110 72
7120 72
7130 72
7140 72
7150 72
7160 72
7170 72
7180 72
7190 72
7200 72
7210 72
7220 72
7230 72
7240 72
7250 72
7260 72
7270 72
7280 72
7290 72
7300 72
7310 72
7320 72
7330 72
7340 72
7350 72
7360 72
7370 72
7380 72
7390 72
7400 72
7410 72
7420 72
7430 72
7440 72
7450 72
7460 72
7470 72
7480 72
7490 72
7500 72
7510 72
7520 72
7530 72
7540 72
7550 72
7560 72
7570 72
7580 72
7590 72
7600 72
7610 72
7620 72
7630 72
7640 72
7650 72
7660 72
7670 72
7680 72
7690 72
7700 72
7710 72
7720 72
7730 72
7740 72
7750 72
7760 72
7770 72
7780 72
7790 72
7800 72
7810 72
7820 72
7830 71
7840 71
7850 71
7860 71
7870 71
7880 71
7890 71
7900 71
7910 71
7920 71
7930 71
7940 71
7950 71
7960 71
7970 71
7980 70
7990 70
8000 70
8010 70
8020 70
8030 70
8040 70
8050 70
8060 70
8070 70
8080 70
8090 70
8100 70
8110 70
8120 70
8130 70
8140 70
8150 70
8160 70
8170 70
8180 70
8190 70
8200 70
8210 70
8220 70
8230 70
8240 70
8250 70
8260 70
8270 70
8280 70
8290 70
8300 70
8310 70
8320 70
8330 70
8340 70
8350 70
8360 70
8370 70
8380 70
8390 70
8400 70
8410 70
8420 70
8430 70
8440 70
8450 70
8460 70
8470 70
8480 70
8490 70
8500 70
8510 70
8520 70
8530 70
8540 70
8550 70
8560 70
8570 70
8580 70
8590 70
8600 70
8610 70
8620 70
8630 70
8640 70
8650 70
8660 70
8670 70
8680 70
8690 70
8700 70
8710 70
8720 70
8730 70
8740 70
8750 70
8760 70
8770 70
8780 70
8790 70
8800 70
8810 70
8820 70
8830 70
8840 70
8850 70
8860 70
8870 70
8880 70
8890 70
8900 70
8910 70
8920 70
8930 70
8940 70
8950 70
8960 70
8970 70
8980 70
8990 70
9000 70
9010 70
9020 70
9030 70
9040 70
9050 70
9060 70
9070 70
9080 70
9090 70
9100 70
9110 70
9120 70
9130 70
9140 70
9150 70
9160 70
9170 70
9180 70
9190 70
9200 70
9210 70
9220 70
9230 70
9240 70
9250 70
9260 70
9270 70
9280 70
9290 70
9300 70
9310 70
9320 70
9330 70
9340 70
9350 70
9360 70
9370 70
9380 70
9390 70
9400 70
9410 70
9420 70
9430 70
9440 70
9450 70
9460 70
9470 70
9480 70
9490 70
9500 70
9510 70
9520 70
9530 70
9540 70
9550 70
9560 70
9570 70
9580 70
9590 70
9600 70
9610 70
9620 70
9630 70
9640 70
9650 70
9660 70
9670 70
9680 70
9690 70
9700 70
9710 70
9720 70
9730 70
9740 70
9750 70
9760 70
9770 70
9780 70
9790 70
9800 70
9810 70
9820 70
9830 70
9840 70
9850 70
9860 70
9870 70
9880 70
9890 70
9900 70
9910 70
9920 70
9930 70
9940 70
9950 70
9960 70
9970 70
9980 70
9990 70
10000 70
10010 70
10020 70
10030 70
10040 70
10050 70
10060 70
10070 70
10080 70
10090 70
10100 70
10110 70
10120 70
10130 70
10140 70
10150 70
10160 70
10170 70
10180 70
10190 70
10200 70
10210 70
10220 70
10230 70
10240 70
10250 70
10260 70
10270 70
10280 70
10290 70
10300 70
10310 70
10320 70
10330 70
10340 70
10350 70
10360 70
10370 70
10380 70
10390 70
10400 70
10410 70
10420 70
10430 70
10440 70
10450 70
10460 70
10470 70
10480 70
10490 70
10500 70
10510 70
10520 70
10530 70
10540 70
10550 70
10560 70
10570 70
10580 70
10590 70
10600 70
10610 70
10620 70
10630 70
10640 70
10650 70
10660 70
10670 70
10680 70
10690 70
10700 70
10710 70
10720 70
10730 70
10740 70
10750 70
10760 70
10770 70
