50 196
100 196
150 196
200 196
250 196
300 196
350 196
400 196
450 196
500 196
550 196
600 196
650 196
700 196
750 196
800 196
850 196
900 196
950 196
1000 171
1050 171
1100 171
1150 171
1200 171
1250 171
1300 156
1350 156
1400 156
1450 156
1500 156
1550 156
1600 156
1650 156
1700 156
1750 156
1800 156
1850 156
1900 156
1950 156
2000 156
2050 156
2100 156
2150 156
2200 156
2250 156
2300 156
2350 156
2400 156
2450 150
2500 150
2550 150
2600 150
2650 150
2700 150
2750 150
2800 150
2850 150
2900 150
2950 150
3000 150
3050 150
3100 150
3150 150
3200 150
3250 150
3300 150
3350 150
3400 150
3450 150
3500 150
3550 150
3600 150
3650 150
3700 150
3750 150
3800 150
3850 150
3900 150
3950 150
4000 150
4050 150
4100 150
4150 150
4200 150
4250 150
4300 150
4350 150
4400 150
4450 150
4500 150
4550 150
4600 150
4650 150
4700 150
4750 150
4800 150
4850 150
4900 150
4950 150
5000 150
5050 150
5100 150
5150 150
5200 150
5250 150
5300 150
5350 150
5400 150
5450 150
5500 150
5550 150
5600 150
5650 150
5700 150
5750 150
5800 150
5850 150
5900 150
5950 150
6000 150
6050 150
6100 150
6150 150
6200 150
6250 150
6300 150
6350 150
6400 150
6450 150
6500 150
6550 150
6600 150
6650 150
6700 150
6750 150
6800 150
6850 150
6900 150
6950 150
7000 150
7050 150
7100 150
7150 150
7200 150
7250 150
7300 150
7350 150
7400 150
7450 150
7500 150
7550 150
7600 150
7650 150
7700 150
7750 150
7800 150
7850 150
7900 150
7950 150
8000 150
8050 150
8100 150
8150 150
8200 150
8250 150
8300 150
8350 150
8400 150
8450 150
8500 150
8550 150
8600 150
8650 150
8700 150
8750 150
8800 139
8850 139
8900 139
8950 139
9000 139
9050 139
9100 139
9150 139
9200 139
9250 139
9300 139
9350 139
9400 139
9450 139
9500 139
9550 139
9600 139
9650 139
9700 132
9750 132
9800 132
9850 132
9900 132
9950 132
10000 132
10050 132
10100 132
10150 132
10200 132
10250 132
10300 132
10350 132
10400 117
10450 117
10500 117
10550 117
10600 117
10650 117
10700 117
10750 117
10800 117
10850 117
10900 117
10950 117
11000 117
11050 117
11100 117
11150 117
11200 117
11250 117
11300 117
11350 117
11400 117
11450 117
11500 117
11550 117
11600 117
11650 117
11700 117
11750 117
11800 117
11850 117
11900 117
11950 117
12000 117
12050 117
12100 117
12150 117
12200 117
12250 117
12300 117
12350 117
12400 117
12450 117
12500 117
12550 117
12600 117
12650 117
12700 117
12750 117
12800 117
12850 117
12900 117
12950 117
13000 117
13050 117
13100 117
13150 117
13200 117
13250 117
13300 117
13350 117
13400 117
13450 117
13500 117
13550 117
13600 117
13650 117
13700 117
13750 117
13800 117
13850 117
13900 117
13950 117
14000 117
14050 117
14100 117
14150 117
14200 117
14250 117
14300 117
14350 117
14400 117
14450 117
14500 117
14550 117
14600 117
14650 117
14700 117
14750 117
14800 117
14850 117
14900 117
14950 117
15000 117
15050 117
15100 117
15150 117
15200 117
15250 117
15300 117
15350 117
15400 117
15450 117
15500 117
15550 117
15600 117
15650 117
15700 117
15750 117
15800 117
15850 117
15900 117
15950 117
16000 117
16050 114
16100 114
16150 114
16200 114
16250 114
16300 114
16350 114
16400 114
16450 114
16500 114
16550 114
16600 114
16650 114
16700 113
16750 113
16800 113
16850 113
16900 113
16950 113
17000 113
17050 113
17100 113
17150 113
17200 113
17250 113
17300 113
17350 113
17400 113
17450 113
17500 113
17550 113
17600 113
17650 113
17700 113
17750 113
17800 113
17850 113
17900 113
17950 113
18000 113
18050 113
18100 113
18150 113
18200 113
18250 113
18300 113
18350 113
18400 113
18450 113
18500 113
18550 113
18600 113
18650 113
18700 113
18750 113
18800 113
18850 113
18900 113
18950 113
19000 113
19050 113
19100 113
19150 113
19200 113
19250 113
19300 113
19350 113
19400 113
19450 113
19500 113
19550 113
19600 113
19650 113
19700 113
19750 113
19800 113
19850 113
19900 113
19950 113
20000 113
20050 113
20100 113
20150 113
20200 113
20250 113
20300 113
20350 113
20400 113
20450 113
20500 113
20550 113
20600 113
20650 109
20700 109
20750 109
20800 109
20850 109
20900 109
20950 109
21000 109
21050 109
21100 109
21150 109
21200 109
21250 109
21300 109
21350 109
21400 109
21450 109
21500 109
21550 109
21600 107
21650 105
21700 105
21750 105
21800 105
21850 105
21900 105
21950 105
22000 105
22050 105
22100 105
22150 105
22200 105
22250 105
22300 105
22350 105
22400 105
22450 105
22500 105
22550 105
22600 105
22650 105
22700 105
22750 105
22800 105
22850 105
22900 105
22950 105
23000 105
23050 105
23100 105
23150 103
23200 103
23250 103
23300 103
23350 103
23400 103
23450 103
23500 103
23550 103
23600 103
23650 103
23700 103
23750 103
23800 103
23850 103
23900 103
23950 103
24000 103
24050 103
24100 103
24150 103
24200 92
24250 92
24300 92
24350 92
24400 92
24450 92
24500 92
24550 92
24600 92
24650 92
24700 92
24750 92
24800 92
24850 92
24900 92
24950 92
25000 92
25050 92
25100 92
25150 92
25200 92
25250 92
25300 92
25350 92
25400 92
25450 92
25500 92
25550 92
25600 92
25650 92
25700 92
25750 92
25800 92
25850 92
25900 92
25950 92
26000 92
26050 92
26100 89
26150 89
26200 89
26250 89
26300 84
26350 84
26400 84
26450 84
26500 84
26550 84
26600 84
26650 84
26700 84
26750 84
26800 84
26850 84
26900 84
26950 84
27000 84
27050 84
27100 84
27150 84
27200 84
27250 84
27300 84
27350 84
27400 84
27450 84
27500 84
27550 84
27600 84
27650 84
27700 84
27750 84
27800 84
27850 84
27900 84
27950 84
28000 84
28050 84
28100 84
28150 84
28200 84
28250 84
28300 84
28350 84
28400 84
28450 84
28500 84
28550 84
28600 84
28650 84
28700 84
28750 84
28800 84
28850 84
28900 84
28950 84
29000 83
29050 83
29100 83
29150 83
29200 83
29250 83
29300 83
29350 83
29400 83
29450 83
29500 83
29550 83
29600 78
29650 78
29700 78
29750 78
29800 78
29850 78
29900 78
29950 78
30000 78
30050 78
30100 78
30150 78
30200 78
30250 78
30300 78
30350 78
30400 78
30450 78
30500 78
30550 78
30600 77
30650 77
30700 77
30750 77
30800 77
30850 77
30900 77
30950 77
31000 77
31050 77
31100 77
31150 77
31200 77
31250 77
31300 77
31350 77
31400 77
31450 77
31500 77
31550 77
31600 77
31650 77
31700 77
31750 77
31800 77
31850 77
31900 77
31950 77
32000 77
32050 77
32100 77
32150 77
32200 77
32250 77
32300 77
32350 77
32400 77
32450 77
32500 77
32550 77
32600 77
32650 77
32700 77
32750 77
32800 77
32850 77
32900 77
32950 77
33000 77
33050 77
33100 77
33150 77
33200 77
33250 77
33300 77
33350 77
33400 77
33450 74
33500 74
33550 74
33600 74
33650 74
33700 74
33750 73
33800 73
33850 73
33900 73
33950 73
34000 73
34050 73
34100 73
34150 73
34200 73
34250 73
34300 73
34350 73
34400 73
34450 73
34500 73
34550 73
34600 73
34650 73
34700 73
34750 73
34800 73
34850 73
34900 73
34950 73
35000 73
35050 73
35100 73
35150 73
35200 73
35250 73
35300 73
35350 73
35400 73
35450 73
35500 73
35550 73
35600 73
35650 73
35700 73
35750 73
35800 73
35850 73
35900 73
35950 73
36000 73
36050 73
36100 73
36150 73
36200 73
36250 73
36300 73
36350 73
36400 73
36450 73
36500 73
36550 73
36600 73
36650 73
36700 73
36750 73
36800 73
36850 73
36900 73
36950 73
37000 73
37050 73
37100 73
37150 73
37200 73
37250 73
37300 73
37350 73
37400 73
37450 73
37500 73
37550 73
37600 73
37650 73
37700 73
37750 73
37800 73
37850 73
37900 73
37950 73
38000 73
38050 73
38100 73
38150 73
38200 73
38250 73
38300 73
38350 73
38400 73
38450 73
38500 73
38550 73
38600 73
38650 73
38700 73
38750 73
38800 73
38850 73
38900 73
38950 73
39000 73
39050 73
39100 73
39150 73
39200 73
39250 73
39300 73
39350 73
39400 73
39450 73
39500 73
39550 73
39600 73
39650 73
39700 73
39750 73
39800 71
39850 70
39900 70
39950 70
40000 70
40050 70
40100 70
40150 70
40200 70
40250 70
40300 70
40350 70
40400 70
40450 70
40500 70
40550 70
40600 70
40650 70
40700 70
40750 70
40800 70
40850 70
40900 70
40950 70
41000 70
41050 70
41100 70
41150 70
41200 70
41250 70
41300 70
41350 70
41400 70
41450 70
41500 70
41550 70
41600 70
41650 70
41700 70
41750 70
41800 70
41850 70
41900 70
41950 70
42000 70
42050 70
42100 70
42150 70
42200 70
42250 70
42300 70
42350 70
42400 70
42450 70
42500 70
42550 70
42600 70
42650 70
42700 70
42750 70
42800 70
42850 70
42900 70
42950 70
43000 70
43050 70
43100 70
43150 70
43200 70
43250 70
43300 70
43350 70
43400 70
43450 70
43500 70
43550 70
43600 70
43650 70
43700 70
43750 70
43800 70
43850 70
43900 70
43950 70
44000 70
44050 70
44100 70
44150 70
44200 70
44250 70
44300 70
44350 70
44400 70
44450 70
44500 70
44550 70
44600 70
44650 70
44700 70
44750 70
44800 70
44850 70
44900 70
44950 70
45000 70
45050 70
45100 70
45150 70
45200 70
45250 70
45300 70
45350 70
45400 70
45450 70
45500 70
45550 70
45600 70
45650 70
45700 70
45750 70
45800 70
45850 70
45900 70
45950 70
46000 70
46050 70
46100 70
46150 70
46200 70
46250 70
46300 70
46350 70
46400 70
46450 70
46500 70
46550 70
46600 70
46650 70
46700 70
46750 70
46800 70
46850 70
46900 70
46950 70
47000 70
47050 70
47100 70
47150 70
47200 70
47250 70
47300 70
47350 70
47400 70
47450 70
47500 70
47550 70
47600 70
47650 70
47700 70
47750 70
47800 70
47850 70
47900 70
47950 70
48000 70
48050 70
48100 70
48150 70
48200 70
48250 70
48300 70
48350 70
48400 70
48450 70
48500 70
48550 70
48600 70
48650 70
48700 70
48750 70
48800 70
48850 70
48900 70
48950 70
49000 70
49050 70
49100 70
49150 70
49200 70
49250 70
49300 70
49350 70
49400 70
49450 70
49500 70
49550 70
49600 70
49650 70
49700 70
49750 70
49800 70
49850 70
49900 70
49950 70
50000 70
50050 70
50100 70
50150 70
50200 70
50250 70
50300 70
50350 70
50400 70
50450 70
50500 70
50550 70
50600 70
50650 70
50700 70
50750 70
50800 70
50850 70
50900 70
50950 70
51000 70
51050 70
51100 70
51150 70
51200 70
51250 70
51300 70
51350 70
51400 70
51450 70
51500 70
51550 70
51600 70
51650 70
51700 70
51750 70
51800 70
51850 70
51900 70
51950 70
52000 70
52050 70
52100 70
52150 70
52200 70
52250 70
52300 70
52350 70
52400 70
52450 70
52500 70
52550 70
52600 70
52650 70
52700 70
52750 70
52800 70
52850 70
52900 70
52950 70
53000 70
53050 70
53100 70
53150 70
53200 70
53250 70
53300 70
53350 70
53400 70
53450 70
53500 70
53550 70
53600 70
53650 70
53700 70
53750 70
53800 70
53850 70
53900 70
53950 70
54000 70
54050 70
54100 70
54150 70
54200 70
54250 70
54300 70
54350 70
54400 70
54450 70
54500 70
54550 70
54600 70
54650 70
54700 70
54750 70
54800 70
54850 70
54900 70
54950 70
55000 70
55050 70
55100 70
55150 70
55200 70
55250 70
55300 70
55350 70
55400 70
55450 70
55500 70
55550 70
55600 70
55650 70
55700 70
55750 70
55800 70
55850 70
55900 70
55950 70
56000 70
56050 70
56100 70
56150 70
56200 70
56250 70
56300 70
56350 70
56400 70
56450 70
56500 70
56550 70
56600 70
56650 70
56700 70
56750 70
56800 70
56850 70
56900 70
56950 70
57000 70
57050 70
57100 70
57150 70
57200 70
57250 70
57300 70
57350 70
57400 70
57450 70
57500 70
57550 70
57600 70
57650 70
57700 70
57750 70
