50 196
100 196
150 196
200 196
250 196
300 196
350 196
400 196
450 196
500 196
550 196
600 196
650 196
700 196
750 196
800 196
850 196
900 196
950 196
1000 171
1050 171
1100 171
1150 171
1200 171
1250 171
1300 156
1350 156
1400 156
1450 156
1500 156
1550 156
1600 156
1650 156
1700 156
1750 156
1800 156
1850 156
1900 156
1950 156
2000 156
2050 156
2100 156
2150 156
2200 156
2250 156
2300 156
2350 156
2400 156
2450 150
2500 150
2550 150
2600 150
2650 150
2700 150
2750 150
2800 150
2850 150
2900 150
2950 150
3000 150
3050 150
3100 156
3150 156
3200 156
3250 156
3300 156
3350 156
3400 156
3450 156
3500 156
3550 156
3600 156
3650 156
3700 156
3750 156
3800 156
3850 156
3900 156
3950 156
4000 156
4050 156
4100 156
4150 156
4200 156
4250 156
4300 156
4350 156
4400 156
4450 156
4500 156
4550 156
4600 156
4650 156
4700 156
4750 156
4800 156
4850 156
4900 156
4950 156
5000 156
5050 156
5100 156
5150 156
5200 156
5250 156
5300 156
5350 156
5400 156
5450 156
5500 156
5550 156
5600 156
5650 156
5700 156
5750 156
5800 156
5850 156
5900 156
5950 156
6000 156
6050 156
6100 156
6150 156
6200 156
6250 156
6300 156
6350 156
6400 156
6450 156
6500 156
6550 156
6600 156
6650 156
6700 156
6750 156
6800 156
6850 156
6900 156
6950 156
7000 156
7050 156
7100 156
7150 156
7200 156
7250 156
7300 156
7350 156
7400 156
7450 156
7500 156
7550 156
7600 156
7650 156
7700 156
7750 156
7800 156
7850 156
7900 156
7950 156
8000 156
8050 156
8100 156
8150 156
8200 156
8250 156
8300 156
8350 156
8400 156
8450 156
8500 156
8550 156
8600 156
8650 156
8700 156
8750 156
8800 139
8850 139
8900 139
8950 139
9000 139
9050 139
9100 139
9150 139
9200 139
9250 139
9300 139
9350 139
9400 139
9450 139
9500 139
9550 139
9600 139
9650 139
9700 132
9750 132
9800 132
9850 132
9900 132
9950 132
10000 132
10050 132
10100 132
10150 132
10200 132
10250 132
10300 132
10350 132
10400 117
10450 117
10500 117
10550 117
10600 117
10650 117
10700 117
10750 117
10800 117
10850 117
10900 117
10950 117
11000 117
11050 117
11100 117
11150 117
11200 117
11250 117
11300 117
11350 117
11400 117
11450 117
11500 117
11550 117
11600 117
11650 117
11700 117
11750 117
11800 167
11850 167
11900 167
11950 162
12000 146
12050 146
12100 146
12150 146
12200 137
12250 137
12300 137
12350 137
12400 137
12450 137
12500 137
12550 137
12600 137
12650 137
12700 137
12750 135
12800 135
12850 135
12900 135
12950 135
13000 135
13050 135
13100 135
13150 135
13200 135
13250 135
13300 135
13350 135
13400 135
13450 135
13500 135
13550 135
13600 135
13650 135
13700 135
13750 135
13800 135
13850 135
13900 135
13950 135
14000 135
14050 135
14100 135
14150 135
14200 135
14250 135
14300 128
14350 128
14400 128
14450 128
14500 128
14550 128
14600 128
14650 128
14700 128
14750 128
14800 128
14850 128
14900 128
14950 128
15000 128
15050 128
15100 128
15150 128
15200 128
15250 128
15300 128
15350 128
15400 128
15450 128
15500 127
15550 127
15600 127
15650 127
15700 127
15750 127
15800 127
15850 127
15900 127
15950 127
16000 127
16050 114
16100 114
16150 114
16200 114
16250 114
16300 114
16350 114
16400 114
16450 114
16500 114
16550 114
16600 114
16650 114
16700 113
16750 113
16800 113
16850 125
16900 125
16950 125
17000 125
17050 125
17100 125
17150 125
17200 125
17250 125
17300 125
17350 125
17400 125
17450 125
17500 125
17550 125
17600 125
17650 125
17700 125
17750 152
17800 152
17850 152
17900 140
17950 140
18000 140
18050 121
18100 121
18150 121
18200 121
18250 121
18300 121
18350 121
18400 121
18450 121
18500 121
18550 121
18600 121
18650 121
18700 121
18750 121
18800 121
18850 121
18900 121
18950 121
19000 121
19050 121
19100 121
19150 119
19200 119
19250 119
19300 119
19350 119
19400 119
19450 119
19500 119
19550 119
19600 119
19650 119
19700 119
19750 119
19800 119
19850 119
19900 119
19950 115
20000 115
20050 115
20100 115
20150 115
20200 115
20250 115
20300 115
20350 115
20400 115
20450 115
20500 115
20550 115
20600 115
20650 109
20700 109
20750 109
20800 109
20850 109
20900 109
20950 109
21000 109
21050 109
21100 109
21150 109
21200 109
21250 109
21300 109
21350 109
21400 109
21450 109
21500 109
21550 109
21600 107
21650 105
21700 105
21750 105
21800 105
21850 105
21900 105
21950 105
22000 105
22050 105
22100 105
22150 105
22200 105
22250 105
22300 105
22350 105
22400 105
22450 105
22500 105
22550 105
22600 105
22650 105
22700 105
22750 105
22800 105
22850 105
22900 105
22950 105
23000 105
23050 105
23100 105
23150 103
23200 103
23250 103
23300 103
23350 103
23400 103
23450 103
23500 103
23550 103
23600 103
23650 103
23700 103
23750 103
23800 103
23850 103
23900 103
23950 103
24000 103
24050 103
24100 103
24150 103
24200 92
24250 92
24300 160
24350 160
24400 148
24450 135
24500 135
24550 125
24600 112
24650 112
24700 112
24750 112
24800 112
24850 105
24900 105
24950 105
25000 105
25050 102
25100 102
25150 107
25200 107
25250 107
25300 107
25350 107
25400 100
25450 100
25500 100
25550 96
25600 96
25650 96
25700 96
25750 96
25800 96
25850 96
25900 96
25950 93
26000 93
26050 93
26100 89
26150 89
26200 89
26250 89
26300 84
26350 84
26400 84
26450 84
26500 84
26550 84
26600 84
26650 84
26700 84
26750 84
26800 84
26850 84
26900 84
26950 84
27000 84
27050 84
27100 84
27150 84
27200 84
27250 84
27300 84
27350 84
27400 84
27450 84
27500 84
27550 84
27600 84
27650 84
27700 84
27750 84
27800 84
27850 84
27900 84
27950 84
28000 84
28050 84
28100 84
28150 84
28200 84
28250 84
28300 84
28350 84
28400 84
28450 84
28500 84
28550 84
28600 84
28650 84
28700 84
28750 84
28800 84
28850 84
28900 84
28950 84
29000 83
29050 83
29100 83
29150 83
29200 83
29250 83
29300 83
29350 83
29400 83
29450 83
29500 83
29550 83
29600 78
29650 78
29700 78
29750 78
29800 78
29850 78
29900 78
29950 78
30000 78
30050 78
30100 78
30150 78
30200 78
30250 78
30300 78
30350 78
30400 78
30450 78
30500 78
30550 78
30600 77
30650 77
30700 77
30750 77
30800 77
30850 77
30900 77
30950 77
31000 77
31050 77
31100 77
31150 77
31200 77
31250 77
31300 77
31350 77
31400 77
31450 77
31500 77
31550 77
31600 77
31650 138
31700 114
31750 114
31800 130
31850 150
31900 124
31950 110
32000 99
32050 99
32100 96
32150 127
32200 127
32250 131
32300 145
32350 113
32400 113
32450 110
32500 110
32550 110
32600 103
32650 103
32700 101
32750 101
32800 101
32850 99
32900 98
32950 98
33000 96
33050 92
33100 87
33150 87
33200 79
33250 79
33300 77
33350 77
33400 77
33450 74
33500 74
33550 74
33600 74
33650 74
33700 74
33750 73
33800 73
33850 73
33900 73
33950 73
34000 73
34050 73
34100 73
34150 73
34200 73
34250 73
34300 73
34350 73
34400 73
34450 73
34500 73
34550 73
34600 73
34650 73
34700 73
34750 73
34800 73
34850 73
34900 73
34950 73
35000 73
35050 73
35100 73
35150 73
35200 73
35250 73
35300 73
35350 73
35400 73
35450 73
35500 73
35550 73
35600 73
35650 73
35700 73
35750 73
35800 73
35850 73
35900 73
35950 73
36000 73
36050 73
36100 73
36150 73
36200 73
36250 73
36300 73
36350 73
36400 73
36450 73
36500 73
36550 73
36600 73
36650 73
36700 73
36750 73
36800 73
36850 73
36900 73
36950 73
37000 73
37050 73
37100 73
37150 73
37200 73
37250 73
37300 73
37350 73
37400 73
37450 73
37500 73
37550 73
37600 73
37650 73
37700 73
37750 73
37800 73
37850 73
37900 73
37950 73
38000 73
38050 73
38100 73
38150 73
38200 73
38250 73
38300 73
38350 73
38400 73
38450 73
38500 73
38550 73
38600 73
38650 73
38700 73
38750 73
38800 73
38850 73
38900 73
38950 73
39000 73
39050 73
39100 73
39150 73
39200 73
39250 73
39300 73
39350 73
39400 73
39450 73
39500 73
39550 73
39600 73
39650 73
39700 73
39750 73
39800 71
39850 70
39900 70
39950 70
40000 70
40050 70
40100 70
40150 70
40200 70
40250 70
40300 70
40350 70
40400 70
40450 70
40500 70
40550 70
40600 70
40650 70
40700 70
40750 70
40800 70
40850 70
40900 70
40950 70
41000 70
41050 70
41100 70
41150 70
41200 70
41250 70
41300 70
41350 70
41400 70
41450 70
41500 70
41550 70
41600 70
41650 70
41700 70
41750 70
41800 70
41850 70
41900 70
41950 70
42000 70
42050 70
42100 70
42150 70
42200 70
42250 70
42300 70
42350 70
42400 70
42450 70
42500 70
42550 70
42600 70
42650 70
42700 70
42750 70
42800 70
42850 70
42900 70
42950 70
43000 70
43050 70
43100 70
43150 70
43200 70
43250 70
43300 70
43350 70
43400 70
43450 70
43500 70
43550 70
43600 70
43650 70
43700 70
43750 70
43800 70
43850 70
43900 70
43950 70
44000 70
44050 70
44100 70
44150 70
44200 70
44250 70
44300 70
44350 70
44400 70
44450 70
44500 70
44550 70
44600 70
44650 70
44700 70
44750 70
44800 70
44850 70
44900 70
44950 70
45000 70
45050 70
45100 70
45150 70
45200 70
45250 70
45300 70
45350 70
45400 70
45450 70
45500 70
45550 70
45600 70
45650 70
45700 70
45750 70
45800 70
45850 70
45900 70
45950 70
46000 70
46050 70
46100 70
46150 70
46200 70
46250 70
46300 70
46350 70
46400 70
46450 70
46500 70
46550 70
46600 70
46650 70
46700 70
46750 70
46800 70
46850 70
46900 70
46950 70
47000 70
47050 70
47100 70
47150 70
47200 70
47250 70
47300 70
47350 70
47400 70
47450 70
47500 70
47550 70
47600 70
47650 70
47700 70
47750 70
47800 70
47850 70
47900 70
47950 70
48000 70
48050 70
48100 70
48150 70
48200 70
48250 70
48300 70
48350 70
48400 70
48450 70
48500 70
48550 70
48600 70
48650 70
48700 70
48750 70
48800 70
48850 70
48900 70
48950 70
49000 70
49050 70
49100 70
49150 70
49200 70
49250 70
49300 70
49350 70
49400 70
49450 70
49500 70
49550 70
49600 70
49650 70
49700 70
49750 70
49800 70
49850 70
49900 70
49950 70
50000 70
50050 70
50100 70
50150 70
50200 70
50250 70
50300 70
50350 70
50400 70
50450 70
50500 70
50550 70
50600 70
50650 70
50700 70
50750 70
50800 70
50850 70
50900 70
50950 70
51000 70
51050 70
51100 70
51150 70
51200 70
51250 70
51300 70
51350 70
51400 70
51450 70
51500 70
51550 70
51600 70
51650 70
51700 70
51750 70
51800 70
51850 70
51900 70
51950 70
52000 70
52050 70
52100 70
52150 70
52200 70
52250 70
52300 70
52350 70
52400 70
52450 70
52500 70
52550 70
52600 70
52650 70
52700 70
52750 70
52800 70
52850 70
52900 70
52950 70
53000 70
53050 70
53100 70
53150 70
53200 70
53250 70
53300 70
53350 70
53400 70
53450 70
53500 70
53550 70
53600 70
53650 70
53700 70
53750 70
53800 70
53850 70
53900 70
53950 70
54000 70
54050 70
54100 70
54150 70
54200 70
54250 70
54300 70
54350 70
54400 70
54450 70
54500 70
54550 70
54600 70
54650 70
54700 70
54750 70
54800 70
54850 70
54900 70
54950 70
55000 70
55050 70
55100 70
55150 70
55200 70
55250 70
55300 70
55350 70
55400 70
55450 70
55500 70
55550 70
55600 70
55650 70
55700 70
55750 70
55800 70
55850 70
55900 70
55950 70
56000 70
56050 70
56100 70
56150 70
56200 70
56250 70
56300 70
56350 70
56400 70
56450 70
56500 70
56550 70
56600 70
56650 70
56700 70
56750 70
56800 70
56850 70
56900 70
56950 70
57000 70
57050 70
57100 70
57150 70
57200 70
57250 70
57300 70
57350 70
57400 70
57450 70
57500 70
57550 70
57600 70
57650 70
57700 70
57750 70
