200 74
400 74
600 74
800 74
1000 74
1200 74
1400 74
1600 74
1800 74
2000 74
2200 74
2400 74
2600 74
2800 74
3000 74
3200 74
3400 74
3600 74
3800 74
4000 74
4200 74
4400 74
4600 74
4800 74
5000 74
5200 74
5400 74
5600 74
5800 74
6000 74
6200 74
6400 74
6600 74
6800 74
7000 74
7200 74
7400 74
7600 74
7800 74
8000 74
8200 74
8400 74
8600 74
8800 74
9000 74
9200 74
9400 74
9600 74
9800 74
10000 74
10200 74
10400 74
10600 74
10800 74
11000 74
11200 74
11400 74
11600 74
11800 74
12000 74
12200 74
12400 74
12600 74
12800 74
13000 74
13200 74
13400 74
13600 74
13800 74
14000 74
14200 74
14400 74
14600 74
14800 74
15000 74
15200 74
15400 74
15600 74
15800 74
16000 74
16200 74
16400 74
16600 74
16800 74
17000 74
17200 74
17400 74
17600 74
17800 74
18000 74
18200 74
18400 74
18600 74
18800 74
19000 74
19200 74
19400 74
19600 74
19800 74
20000 74
20200 74
20400 74
20600 74
20800 74
21000 74
21200 74
21400 74
21600 74
21800 74
22000 74
22200 74
22400 74
22600 74
22800 74
23000 74
23200 74
23400 74
23600 74
23800 74
24000 74
24200 74
24400 74
24600 74
24800 74
25000 74
25200 74
25400 74
25600 74
25800 74
26000 74
26200 74
26400 74
26600 74
26800 74
27000 74
27200 74
27400 74
27600 74
27800 74
28000 74
28200 74
28400 74
28600 74
28800 74
29000 74
29200 74
29400 74
29600 74
29800 74
30000 74
30200 74
30400 74
30600 74
30800 74
31000 74
31200 74
31400 74
31600 74
31800 74
32000 74
32200 74
32400 74
32600 74
32800 74
33000 74
33200 74
33400 74
33600 74
33800 74
34000 74
34200 74
34400 74
34600 74
34800 74
35000 74
35200 74
35400 74
35600 74
35800 74
36000 74
36200 74
36400 74
36600 74
36800 74
37000 74
37200 74
37400 74
37600 74
37800 74
38000 74
38200 74
38400 74
38600 74
38800 74
39000 74
39200 74
39400 74
39600 74
39800 74
40000 74
40200 74
40400 74
40600 74
40800 74
41000 74
41200 74
41400 74
41600 74
41800 74
42000 74
42200 74
42400 74
42600 74
42800 74
43000 74
43200 74
43400 74
43600 74
43800 74
44000 74
44200 74
44400 74
44600 74
44800 74
45000 74
45200 74
45400 74
45600 74
45800 74
46000 74
46200 74
46400 74
46600 74
46800 74
47000 74
47200 74
47400 74
47600 74
47800 74
48000 74
48200 74
48400 74
48600 74
48800 74
49000 74
49200 74
49400 74
49600 74
49800 74
50000 74
50200 74
50400 74
50600 74
50800 74
51000 74
51200 74
51400 74
51600 74
51800 74
52000 74
52200 74
52400 74
52600 74
52800 74
53000 74
53200 74
53400 74
53600 74
53800 74
54000 74
54200 74
54400 74
54600 74
54800 74
55000 74
55200 74
55400 74
55600 74
55800 74
56000 74
56200 74
56400 74
56600 74
56800 74
57000 74
57200 74
57400 74
57600 74
57800 74
58000 74
58200 74
58400 74
58600 74
58800 74
59000 74
59200 74
59400 74
59600 74
59800 74
60000 74
60200 74
60400 74
60600 74
60800 74
61000 74
61200 74
61400 74
61600 74
61800 74
62000 74
62200 74
62400 74
62600 74
62800 74
63000 74
63200 74
63400 74
63600 74
63800 74
64000 74
64200 74
64400 74
64600 74
64800 74
65000 74
65200 74
65400 74
65600 74
65800 74
66000 74
66200 74
66400 74
66600 74
66800 74
67000 74
67200 74
67400 74
67600 74
67800 74
68000 74
68200 74
68400 74
68600 74
68800 74
69000 74
69200 74
69400 74
69600 74
69800 74
70000 74
70200 74
70400 74
70600 74
70800 74
71000 74
71200 74
71400 74
71600 74
71800 74
72000 74
72200 74
72400 74
72600 74
72800 74
73000 74
73200 74
73400 74
73600 74
73800 74
74000 74
74200 74
74400 74
74600 74
74800 74
75000 74
75200 74
75400 74
75600 74
75800 74
76000 74
76200 74
76400 74
76600 74
76800 74
77000 74
77200 74
77400 74
77600 74
77800 74
78000 74
78200 74
78400 74
78600 74
78800 74
79000 74
79200 74
79400 74
79600 74
79800 74
80000 74
80200 74
80400 74
80600 74
80800 74
81000 74
81200 74
81400 74
81600 74
81800 74
82000 74
82200 74
82400 74
82600 74
82800 74
83000 74
83200 74
83400 74
83600 74
83800 74
84000 74
84200 74
84400 74
84600 74
84800 74
85000 74
85200 74
85400 74
85600 74
85800 74
86000 74
86200 74
86400 74
86600 74
86800 74
87000 74
87200 74
87400 74
87600 74
87800 74
88000 74
88200 74
88400 74
88600 74
88800 74
89000 74
89200 74
89400 74
89600 74
89800 74
90000 74
90200 74
90400 74
90600 74
90800 74
91000 74
91200 74
91400 74
91600 74
91800 74
92000 74
92200 74
92400 74
92600 74
92800 74
93000 74
93200 74
93400 74
93600 74
93800 74
94000 74
94200 74
94400 74
94600 74
94800 74
95000 74
95200 74
95400 74
95600 74
95800 74
96000 74
96200 74
96400 74
96600 74
96800 74
97000 74
97200 74
97400 74
97600 74
97800 74
98000 74
98200 74
98400 74
98600 74
98800 74
99000 74
99200 74
99400 74
99600 74
99800 74
100000 74
100200 74
100400 74
100600 74
100800 74
101000 74
101200 74
101400 74
101600 74
101800 74
102000 74
102200 74
102400 74
102600 74
102800 74
103000 74
103200 74
103400 74
103600 74
103800 74
104000 74
104200 74
104400 74
104600 74
104800 74
105000 74
105200 74
105400 74
105600 74
105800 74
106000 74
106200 74
106400 74
106600 74
106800 74
107000 74
107200 74
107400 74
107600 74
107800 74
108000 74
108200 74
108400 74
108600 74
108800 74
109000 74
109200 74
109400 74
109600 74
109800 74
110000 74
110200 74
110400 74
110600 74
110800 74
111000 74
111200 74
111400 74
111600 74
111800 74
112000 74
112200 74
112400 74
112600 74
112800 74
113000 74
113200 74
113400 74
113600 74
113800 74
114000 74
114200 74
114400 74
114600 74
114800 74
115000 74
115200 74
115400 74
115600 74
115800 74
116000 74
116200 74
116400 74
116600 74
116800 74
117000 74
117200 74
117400 74
117600 74
117800 74
118000 74
118200 74
118400 74
118600 74
118800 74
119000 74
119200 74
119400 74
119600 74
119800 74
120000 74
120200 74
120400 74
120600 74
120800 74
121000 74
121200 74
121400 74
121600 74
121800 74
122000 74
122200 74
122400 74
122600 74
122800 74
123000 74
123200 74
123400 74
123600 74
123800 74
124000 74
124200 74
124400 74
124600 74
124800 74
125000 74
125200 74
125400 74
125600 74
125800 74
126000 74
126200 74
126400 74
126600 74
126800 74
127000 74
127200 74
127400 74
127600 74
127800 74
128000 74
128200 74
128400 74
128600 74
128800 74
129000 74
129200 74
129400 74
129600 74
129800 74
130000 74
130200 74
130400 74
130600 74
130800 74
131000 74
131200 74
131400 74
131600 74
131800 74
132000 74
132200 74
132400 74
132600 74
132800 74
133000 74
133200 74
133400 74
133600 74
133800 74
134000 74
134200 74
134400 74
134600 74
134800 74
135000 74
135200 74
135400 74
135600 74
135800 74
136000 74
136200 74
136400 74
136600 74
136800 74
137000 74
137200 74
137400 74
137600 74
137800 74
138000 74
138200 74
138400 74
138600 74
138800 74
139000 74
139200 74
139400 74
139600 74
139800 74
140000 74
140200 74
140400 74
140600 74
140800 74
141000 74
141200 74
141400 74
141600 74
141800 74
142000 74
142200 74
142400 74
142600 74
142800 74
143000 74
143200 74
143400 74
143600 74
143800 74
144000 74
144200 74
144400 74
144600 74
144800 74
145000 74
145200 74
145400 74
145600 74
145800 74
146000 74
146200 74
146400 74
146600 74
146800 74
147000 74
147200 74
147400 74
147600 74
147800 74
148000 74
148200 74
148400 74
148600 74
148800 74
149000 74
149200 74
149400 74
149600 74
149800 74
150000 74
150200 74
150400 74
150600 74
150800 74
151000 74
151200 74
151400 74
151600 74
151800 74
152000 74
152200 74
152400 74
152600 74
152800 74
153000 74
153200 74
153400 74
153600 74
153800 74
154000 74
154200 74
154400 74
154600 74
154800 74
155000 74
155200 74
155400 74
155600 74
155800 74
156000 74
156200 74
156400 74
156600 74
156800 74
157000 74
157200 74
157400 74
157600 74
157800 74
158000 74
158200 74
158400 74
158600 74
158800 74
159000 74
159200 74
159400 74
159600 74
159800 74
160000 74
160200 74
160400 74
160600 74
160800 74
161000 74
161200 74
161400 74
161600 74
161800 74
162000 74
162200 74
162400 74
162600 74
162800 74
163000 74
163200 74
163400 74
163600 74
163800 74
164000 74
164200 74
164400 74
164600 74
164800 74
165000 74
165200 74
165400 74
165600 74
165800 74
166000 74
166200 74
166400 74
166600 74
166800 74
167000 74
167200 74
167400 74
167600 74
167800 74
168000 74
168200 74
168400 74
168600 74
168800 74
169000 74
169200 74
169400 74
169600 74
169800 74
170000 74
170200 74
170400 74
170600 74
170800 74
171000 74
171200 74
171400 74
171600 74
171800 74
172000 74
172200 74
172400 74
172600 74
172800 74
173000 74
173200 74
173400 74
173600 74
173800 74
174000 74
174200 74
174400 74
174600 74
174800 74
175000 74
175200 74
175400 74
175600 74
175800 74
176000 74
176200 74
176400 74
176600 74
176800 74
177000 74
177200 74
177400 74
177600 74
177800 74
178000 74
178200 74
178400 74
178600 74
178800 74
179000 74
179200 74
179400 74
179600 74
179800 74
180000 74
180200 74
180400 74
180600 74
180800 74
181000 74
181200 74
181400 74
181600 74
181800 74
182000 74
182200 74
182400 74
182600 74
182800 74
183000 74
183200 74
183400 74
183600 74
183800 74
184000 74
184200 74
184400 74
184600 74
184800 74
185000 74
185200 74
185400 74
185600 74
185800 74
186000 74
186200 74
186400 74
186600 74
186800 74
187000 74
187200 74
187400 74
187600 74
187800 74
188000 74
188200 74
188400 74
188600 74
188800 74
189000 74
189200 74
189400 74
189600 74
189800 74
190000 74
190200 74
190400 74
190600 74
190800 74
191000 74
191200 74
191400 74
191600 74
191800 74
192000 74
192200 74
192400 74
192600 74
192800 74
193000 74
193200 74
193400 74
193600 74
193800 74
194000 74
194200 74
194400 74
194600 74
194800 74
195000 74
195200 74
195400 74
195600 74
195800 74
196000 74
196200 74
196400 74
196600 74
196800 74
197000 74
197200 74
197400 74
197600 74
197800 74
198000 74
198200 74
198400 74
198600 74
198800 74
199000 74
199200 74
199400 74
199600 74
199800 74
200000 74
200200 74
200400 74
200600 74
200800 74
201000 74
201200 74
201400 74
201600 74
201800 74
202000 74
202200 74
202400 74
202600 74
202800 74
203000 74
203200 74
203400 74
203600 74
203800 74
204000 74
204200 74
204400 74
204600 74
204800 74
205000 74
205200 74
205400 74
205600 74
205800 74
206000 74
206200 74
206400 74
206600 74
206800 74
207000 74
207200 74
207400 74
207600 74
207800 74
208000 74
208200 74
208400 74
208600 74
208800 74
209000 74
209200 74
209400 74
209600 74
209800 74
210000 74
210200 74
210400 74
210600 74
210800 74
211000 74
211200 74
211400 74
211600 74
211800 74
212000 74
212200 74
212400 74
212600 74
212800 74
213000 74
213200 74
213400 74
213600 74
213800 74
214000 74
214200 74
214400 74
214600 74
214800 74
215000 74
215200 74
215400 74
215600 74
215800 74
216000 74
216200 74
216400 74
216600 74
216800 74
217000 74
217200 74
217400 74
217600 74
217800 74
218000 74
218200 74
218400 74
218600 74
218800 74
219000 74
219200 74
219400 74
219600 74
219800 74
220000 74
220200 74
220400 74
220600 74
220800 74
221000 74
221200 74
221400 74
221600 74
221800 74
222000 74
222200 74
222400 74
222600 74
222800 74
223000 74
223200 74
223400 74
223600 74
223800 74
224000 74
224200 74
224400 74
224600 74
224800 74
225000 74
225200 74
225400 74
225600 74
225800 74
226000 74
226200 74
226400 74
226600 74
226800 74
227000 74
227200 74
227400 74
227600 74
227800 74
228000 74
228200 74
228400 74
228600 74
228800 74
229000 74
229200 74
229400 74
229600 74
229800 74
230000 74
230200 74
230400 74
230600 74
230800 74
231000 74
231200 74
231400 74
231600 74
231800 74
232000 74
232200 74
232400 74
232600 74
232800 74
233000 74
233200 74
233400 74
233600 74
233800 74
234000 74
234200 74
234400 74
234600 74
234800 74
235000 74
235200 74
235400 74
235600 74
235800 74
236000 74
236200 74
236400 74
236600 74
236800 74
237000 74
237200 74
237400 74
237600 74
237800 74
238000 74
238200 74
238400 74
238600 74
238800 74
239000 74
239200 74
239400 74
239600 74
239800 74
240000 74
240200 74
240400 74
240600 74
240800 74
241000 74
241200 74
241400 74
241600 74
241800 74
242000 74
242200 74
242400 74
242600 74
242800 74
243000 74
243200 74
243400 74
243600 74
243800 74
244000 74
244200 74
244400 74
244600 74
244800 74
245000 74
245200 74
245400 74
245600 74
245800 74
246000 74
246200 74
246400 74
246600 74
246800 74
247000 74
247200 74
247400 74
247600 74
247800 74
248000 74
248200 74
248400 74
248600 74
248800 74
249000 74
249200 74
249400 74
249600 74
249800 74
250000 74
250200 74
250400 74
250600 74
250800 74
251000 74
251200 74
251400 74
251600 74
251800 74
252000 74
252200 74
252400 74
252600 74
252800 74
253000 74
253200 74
253400 74
253600 74
253800 74
254000 74
254200 74
254400 74
254600 74
254800 74
255000 74
255200 74
255400 74
255600 74
255800 74
256000 74
256200 74
256400 74
256600 74
256800 74
257000 74
257200 74
257400 74
257600 74
257800 74
258000 74
258200 74
258400 74
258600 74
258800 74
259000 74
259200 74
259400 74
259600 74
259800 74
260000 74
260200 74
260400 74
260600 74
260800 74
261000 74
261200 74
261400 74
261600 74
261800 74
262000 74
262200 74
262400 74
262600 74
262800 74
263000 74
263200 74
263400 74
263600 74
263800 74
264000 74
264200 74
264400 74
264600 74
264800 74
265000 74
265200 74
265400 74
265600 74
265800 74
266000 74
266200 74
266400 74
266600 74
266800 74
267000 74
267200 74
267400 74
267600 74
267800 74
268000 74
268200 74
268400 74
268600 74
268800 74
269000 74
269200 74
269400 74
269600 74
269800 74
270000 74
270200 74
270400 74
270600 74
270800 74
271000 74
271200 74
271400 74
271600 74
271800 74
272000 74
272200 74
272400 74
272600 74
272800 74
273000 74
273200 74
273400 74
273600 74
273800 74
274000 74
274200 74
274400 74
274600 74
274800 74
275000 74
275200 74
275400 74
275600 74
275800 74
276000 74
276200 74
276400 74
276600 74
276800 74
277000 74
277200 74
277400 74
277600 74
277800 74
278000 74
278200 74
278400 74
278600 74
278800 74
279000 74
279200 74
279400 74
279600 74
279800 74
280000 74
280200 74
280400 74
280600 74
280800 74
281000 74
281200 74
281400 74
281600 74
281800 74
282000 74
282200 74
282400 74
282600 74
282800 74
283000 74
283200 74
283400 74
283600 74
283800 74
284000 74
284200 74
284400 74
284600 74
284800 74
285000 74
285200 74
285400 74
285600 74
285800 74
286000 74
286200 74
286400 74
286600 74
286800 74
287000 74
287200 74
287400 74
287600 74
287800 74
288000 74
288200 74
288400 74
288600 74
288800 74
289000 74
289200 74
289400 74
289600 74
289800 74
290000 74
290200 74
290400 74
290600 74
290800 74
291000 74
291200 74
291400 74
291600 74
291800 74
292000 74
292200 74
292400 74
292600 74
292800 74
293000 74
293200 74
293400 74
293600 74
293800 74
294000 74
294200 74
294400 74
294600 74
294800 74
295000 74
295200 74
295400 74
295600 74
295800 74
296000 74
296200 74
296400 74
296600 74
296800 74
297000 74
297200 74
297400 74
297600 74
297800 74
298000 74
298200 74
298400 74
298600 74
298800 74
299000 74
299200 74
299400 74
299600 74
299800 74
300000 74
300200 74
300400 74
300600 74
300800 74
301000 74
301200 74
301400 74
301600 74
301800 74
302000 74
302200 74
302400 74
302600 74
302800 74
303000 74
303200 74
303400 74
303600 74
303800 74
304000 74
304200 74
304400 74
304600 74
304800 74
305000 74
305200 74
305400 74
305600 74
305800 74
306000 74
306200 74
306400 74
306600 74
306800 74
307000 74
307200 74
307400 74
307600 74
307800 74
308000 74
308200 74
308400 74
308600 74
308800 74
309000 74
309200 74
309400 74
309600 74
309800 74
310000 74
310200 74
310400 74
310600 74
310800 74
311000 74
311200 74
311400 74
311600 74
311800 74
312000 74
312200 74
312400 74
312600 74
312800 74
313000 74
313200 74
313400 74
313600 74
313800 74
314000 74
314200 74
314400 74
314600 74
314800 74
315000 74
315200 74
315400 74
315600 74
315800 74
316000 74
316200 74
316400 74
316600 74
316800 74
317000 74
317200 74
317400 74
317600 74
317800 74
318000 74
318200 74
318400 74
318600 74
318800 74
319000 74
319200 74
319400 74
319600 74
319800 74
320000 74
320200 74
320400 74
320600 74
320800 74
321000 74
321200 74
321400 74
321600 74
321800 74
322000 74
322200 74
322400 74
322600 74
322800 74
323000 74
323200 74
323400 74
323600 74
323800 74
324000 74
324200 74
324400 74
324600 74
324800 74
325000 74
325200 74
325400 74
325600 74
325800 74
326000 74
326200 74
326400 74
326600 74
326800 74
327000 74
327200 74
327400 74
327600 74
327800 74
328000 74
328200 74
328400 74
328600 74
328800 74
329000 74
329200 74
329400 74
329600 74
329800 74
330000 74
330200 74
330400 74
330600 74
330800 74
331000 74
331200 74
331400 74
331600 74
331800 74
332000 74
332200 74
332400 74
332600 74
332800 74
333000 74
333200 74
333400 74
333600 74
333800 74
334000 74
334200 74
334400 74
334600 74
334800 74
335000 74
335200 74
335400 74
335600 74
335800 74
336000 74
336200 74
336400 74
336600 74
336800 74
337000 74
337200 74
337400 74
337600 74
337800 74
338000 74
338200 74
338400 74
338600 74
338800 74
339000 74
339200 74
339400 74
339600 74
339800 74
340000 74
340200 74
340400 74
340600 74
340800 74
341000 74
341200 74
341400 74
341600 74
341800 74
342000 74
342200 74
342400 74
342600 74
342800 74
343000 74
343200 74
343400 74
343600 74
343800 74
344000 74
344200 74
344400 74
344600 74
344800 74
345000 74
345200 74
345400 74
345600 74
345800 74
346000 74
346200 74
346400 74
346600 74
346800 74
347000 74
347200 74
347400 74
347600 74
347800 74
348000 74
348200 74
348400 74
348600 74
348800 74
349000 74
349200 74
349400 74
349600 74
349800 74
350000 74
350200 74
350400 74
350600 74
350800 74
351000 74
351200 74
351400 74
351600 74
351800 74
352000 74
352200 74
352400 74
352600 74
352800 74
353000 74
353200 74
353400 74
353600 74
353800 74
354000 74
354200 74
354400 74
354600 74
354800 74
355000 74
355200 74
355400 74
355600 74
355800 74
356000 74
356200 74
356400 74
356600 74
356800 74
357000 74
357200 74
357400 74
357600 74
357800 74
358000 74
358200 74
358400 74
358600 74
358800 74
359000 74
359200 74
359400 74
359600 74
359800 74
360000 74
360200 74
360400 74
360600 74
360800 74
361000 74
361200 74
361400 74
361600 74
361800 74
362000 74
362200 74
362400 74
362600 74
362800 74
363000 74
363200 74
363400 74
363600 74
363800 74
364000 74
364200 74
364400 74
364600 74
364800 74
365000 74
365200 74
365400 74
365600 74
365800 74
366000 74
366200 74
366400 74
366600 74
366800 74
367000 74
367200 74
367400 74
367600 74
367800 74
368000 74
368200 74
368400 74
368600 74
368800 74
369000 74
369200 74
369400 74
369600 74
369800 74
370000 74
370200 74
370400 74
370600 74
370800 74
371000 74
371200 74
371400 74
371600 74
371800 74
372000 74
372200 74
372400 74
372600 74
372800 74
373000 74
373200 74
373400 74
373600 74
373800 74
374000 74
374200 74
374400 74
374600 74
374800 74
375000 74
375200 74
375400 74
375600 74
375800 74
376000 74
376200 74
376400 74
376600 74
376800 74
377000 74
377200 74
377400 74
377600 74
377800 74
378000 74
378200 74
378400 74
378600 74
378800 74
379000 74
379200 74
379400 74
379600 74
379800 74
380000 74
380200 74
380400 74
380600 74
380800 74
381000 74
381200 74
381400 74
381600 74
381800 74
382000 74
382200 74
382400 74
382600 74
382800 74
383000 74
383200 74
383400 74
383600 74
383800 74
384000 74
384200 74
384400 74
384600 74
384800 74
385000 74
385200 74
385400 74
385600 74
385800 74
386000 74
386200 74
386400 74
386600 74
386800 74
387000 74
387200 74
387400 74
387600 74
387800 74
388000 74
388200 74
388400 74
388600 74
388800 74
389000 74
389200 74
389400 74
389600 74
389800 74
390000 74
390200 74
390400 74
390600 74
390800 74
391000 74
391200 74
391400 74
391600 74
391800 74
392000 74
392200 74
392400 74
392600 74
392800 74
393000 74
393200 74
393400 74
393600 74
393800 74
394000 74
394200 74
394400 74
394600 74
394800 74
395000 74
395200 74
395400 74
395600 74
395800 74
396000 74
396200 74
396400 74
396600 74
396800 74
397000 74
397200 74
397400 74
397600 74
397800 74
398000 74
398200 74
398400 74
398600 74
398800 74
399000 74
399200 74
399400 74
399600 74
399800 74
400000 74
400200 74
400400 74
400600 74
400800 74
401000 74
401200 74
401400 74
401600 74
401800 74
402000 74
402200 74
402400 74
402600 74
402800 74
403000 74
403200 74
403400 74
403600 74
403800 74
404000 74
404200 74
404400 74
404600 74
404800 74
405000 74
405200 74
405400 74
405600 74
405800 74
406000 74
406200 74
406400 74
406600 74
406800 74
407000 74
407200 74
407400 74
407600 74
407800 74
408000 74
408200 74
408400 74
408600 74
408800 74
409000 74
409200 74
409400 74
409600 74
409800 74
410000 74
410200 74
410400 74
410600 74
410800 74
411000 74
411200 74
411400 74
411600 74
411800 74
412000 74
412200 74
412400 74
412600 74
412800 74
413000 74
413200 74
413400 74
413600 74
413800 74
414000 74
414200 74
414400 74
414600 74
414800 74
415000 74
415200 74
415400 74
415600 74
415800 74
416000 74
416200 74
416400 74
416600 74
416800 74
417000 74
417200 74
417400 74
417600 74
417800 74
418000 74
418200 74
418400 74
418600 74
418800 74
419000 74
419200 74
419400 74
419600 74
419800 74
420000 74
420200 74
420400 74
420600 74
420800 74
421000 74
421200 74
421400 74
421600 74
421800 74
422000 74
422200 74
422400 74
422600 74
422800 74
423000 74
423200 74
423400 74
423600 74
423800 74
424000 74
424200 74
424400 74
424600 74
424800 74
425000 74
425200 74
425400 74
425600 74
425800 74
426000 74
426200 74
426400 74
426600 74
426800 74
427000 74
427200 74
427400 74
427600 74
427800 74
428000 74
428200 74
428400 74
428600 74
428800 74
429000 74
429200 74
429400 74
429600 74
429800 74
430000 74
430200 74
430400 74
430600 74
430800 74
431000 74
431200 74
431400 74
431600 74
431800 74
432000 74
432200 74
432400 74
432600 74
432800 74
433000 74
433200 74
433400 74
433600 74
433800 74
434000 74
434200 74
434400 74
434600 74
434800 74
435000 74
435200 74
435400 74
435600 74
435800 74
436000 74
436200 74
436400 74
436600 74
436800 74
437000 74
437200 74
437400 74
437600 74
437800 74
438000 74
438200 74
438400 74
438600 74
438800 74
439000 74
439200 74
439400 74
439600 74
439800 74
440000 74
440200 74
440400 74
440600 74
440800 74
441000 74
441200 74
441400 74
441600 74
441800 74
442000 74
442200 74
442400 74
442600 74
442800 74
443000 74
443200 74
443400 74
443600 74
443800 74
444000 74
444200 74
444400 74
444600 74
444800 74
445000 74
445200 74
445400 74
445600 74
445800 74
446000 74
446200 74
446400 74
446600 74
446800 74
447000 74
447200 74
447400 74
447600 74
447800 74
448000 74
448200 74
448400 74
448600 74
448800 74
449000 74
449200 74
449400 74
449600 74
449800 74
450000 74
450200 74
450400 74
450600 74
450800 74
451000 74
451200 74
451400 74
451600 74
451800 74
452000 74
452200 74
452400 74
452600 74
452800 74
453000 74
453200 74
453400 74
453600 74
453800 74
454000 74
454200 74
454400 74
454600 74
454800 74
455000 74
455200 74
455400 74
455600 74
455800 74
456000 74
456200 74
456400 74
456600 74
456800 74
457000 74
457200 74
457400 74
457600 74
457800 74
458000 74
458200 74
458400 74
458600 74
458800 74
459000 74
459200 74
459400 74
459600 74
459800 74
460000 74
460200 74
460400 74
460600 74
460800 74
461000 74
461200 74
461400 74
461600 74
461800 74
462000 74
462200 74
462400 74
462600 74
462800 74
463000 74
463200 74
463400 74
463600 74
463800 74
464000 74
464200 74
464400 74
464600 74
464800 74
465000 74
465200 74
465400 74
465600 74
465800 74
466000 74
466200 74
466400 74
466600 74
466800 74
467000 74
467200 74
467400 74
467600 74
467800 74
468000 74
468200 74
468400 74
468600 74
468800 74
469000 74
469200 74
469400 74
469600 74
469800 74
470000 74
470200 74
470400 74
470600 74
470800 74
471000 74
471200 74
471400 74
471600 74
471800 74
472000 74
472200 74
472400 74
472600 74
472800 74
473000 74
473200 74
473400 74
473600 74
473800 74
474000 74
474200 74
474400 74
474600 74
474800 74
475000 74
475200 74
475400 74
475600 74
475800 74
476000 74
476200 74
476400 74
476600 74
476800 74
477000 74
477200 74
477400 74
477600 74
477800 74
478000 74
478200 74
478400 74
478600 74
478800 74
479000 74
479200 74
479400 74
479600 74
479800 74
480000 74
480200 74
480400 74
480600 74
480800 74
481000 74
481200 74
481400 74
481600 74
481800 74
482000 74
482200 74
482400 74
482600 74
482800 74
483000 74
483200 74
483400 74
483600 74
483800 74
484000 74
484200 74
484400 74
484600 74
484800 74
485000 74
485200 74
485400 74
485600 74
485800 74
486000 74
486200 74
486400 74
486600 74
486800 74
487000 74
487200 74
487400 74
487600 74
487800 74
488000 74
488200 74
488400 74
488600 74
488800 74
489000 74
489200 74
489400 74
489600 74
489800 74
490000 74
490200 74
490400 74
490600 74
490800 74
491000 74
491200 74
491400 74
491600 74
491800 74
492000 74
492200 74
492400 74
492600 74
492800 74
493000 74
493200 74
493400 74
493600 74
493800 74
494000 74
494200 74
494400 74
494600 74
494800 74
495000 74
495200 74
495400 74
495600 74
495800 74
496000 74
496200 74
496400 74
496600 74
496800 74
497000 74
497200 74
497400 74
497600 74
497800 74
498000 74
498200 74
498400 74
498600 74
498800 74
499000 74
499200 74
499400 74
499600 74
499800 74
500000 74
500200 74
500400 74
500600 74
500800 74
501000 74
501200 74
501400 74
501600 74
501800 74
502000 74
502200 74
502400 74
502600 74
502800 74
503000 74
503200 74
503400 74
503600 74
503800 74
504000 74
504200 74
504400 74
504600 74
504800 74
505000 74
505200 74
505400 74
505600 74
505800 74
506000 74
506200 74
506400 74
506600 74
506800 74
507000 74
507200 74
507400 74
507600 74
507800 74
508000 74
508200 74
508400 74
508600 74
508800 74
509000 74
509200 74
509400 74
509600 74
509800 74
510000 74
510200 74
510400 74
510600 74
510800 74
511000 74
511200 74
511400 74
511600 74
511800 74
512000 74
512200 74
512400 74
512600 74
512800 74
513000 74
513200 74
513400 74
513600 74
513800 74
514000 74
514200 74
514400 74
514600 74
514800 74
515000 74
515200 74
515400 74
515600 74
515800 74
516000 74
516200 74
516400 74
516600 74
516800 74
517000 74
517200 74
517400 74
517600 74
517800 74
518000 74
518200 74
518400 74
518600 74
518800 74
519000 74
519200 74
519400 74
519600 74
519800 74
520000 74
520200 74
520400 74
520600 74
520800 74
521000 74
521200 74
521400 74
521600 74
521800 74
522000 74
522200 74
522400 74
522600 74
522800 74
523000 74
523200 74
523400 74
523600 74
523800 74
524000 74
524200 74
524400 74
524600 74
524800 74
525000 74
525200 74
525400 74
525600 74
525800 74
526000 74
526200 74
526400 74
526600 74
526800 74
527000 74
527200 74
527400 74
527600 74
527800 74
528000 74
528200 74
528400 74
528600 74
528800 74
529000 74
529200 74
529400 74
529600 74
529800 74
530000 74
530200 74
530400 74
530600 74
530800 74
531000 74
531200 74
531400 74
531600 74
531800 74
532000 74
532200 74
532400 74
532600 74
532800 74
533000 74
533200 74
533400 74
533600 74
533800 74
534000 74
534200 74
534400 74
534600 74
534800 74
535000 74
535200 74
535400 74
535600 74
535800 74
536000 74
536200 74
536400 74
536600 74
536800 74
537000 74
537200 74
537400 74
537600 74
537800 74
538000 74
538200 74
538400 74
538600 74
538800 74
539000 74
539200 74
539400 74
539600 74
539800 74
540000 74
540200 74
540400 74
540600 74
540800 74
541000 74
541200 74
541400 74
541600 74
541800 74
542000 74
542200 74
542400 74
542600 74
542800 74
543000 74
543200 74
543400 74
543600 74
543800 74
544000 74
544200 74
544400 74
544600 74
544800 74
545000 74
545200 74
545400 74
545600 74
545800 74
546000 74
546200 74
546400 74
546600 74
546800 74
547000 74
547200 74
547400 74
547600 74
547800 74
548000 74
548200 74
548400 74
548600 74
548800 74
549000 74
549200 74
549400 74
549600 74
549800 74
550000 74
550200 74
550400 74
550600 74
550800 74
551000 74
551200 74
551400 74
551600 74
551800 74
552000 74
552200 74
552400 74
552600 74
552800 74
553000 74
553200 74
553400 74
553600 74
553800 74
554000 74
554200 74
554400 74
554600 74
554800 74
555000 74
555200 74
555400 74
555600 74
555800 74
556000 74
556200 74
556400 74
556600 74
556800 74
557000 74
557200 74
557400 74
557600 74
557800 74
558000 74
558200 74
558400 74
558600 74
558800 74
559000 74
559200 74
559400 74
559600 74
559800 74
560000 74
560200 74
560400 74
560600 74
560800 74
561000 74
561200 74
561400 74
561600 74
561800 74
562000 74
562200 74
562400 74
562600 74
562800 74
563000 74
563200 74
563400 74
563600 74
563800 74
564000 74
564200 74
564400 74
564600 74
564800 74
565000 74
565200 74
565400 74
565600 74
565800 74
566000 74
566200 74
566400 74
566600 74
566800 74
567000 74
567200 74
567400 74
567600 74
567800 74
568000 74
568200 74
568400 74
568600 74
568800 74
569000 74
569200 74
569400 74
569600 74
569800 74
570000 74
570200 74
570400 74
570600 74
570800 74
571000 74
571200 74
571400 74
571600 74
571800 74
572000 74
572200 74
572400 74
572600 74
572800 74
573000 74
573200 74
573400 74
573600 74
573800 74
574000 74
574200 74
574400 74
574600 74
574800 74
575000 74
575200 74
575400 74
575600 74
575800 74
576000 74
576200 74
576400 74
576600 74
576800 74
577000 74
577200 74
577400 74
577600 74
577800 74
578000 74
578200 74
578400 74
578600 74
578800 74
579000 74
579200 74
579400 74
579600 74
579800 74
580000 74
580200 74
580400 74
580600 74
580800 74
581000 74
581200 74
581400 74
581600 74
581800 74
582000 74
582200 74
582400 74
582600 74
582800 74
583000 74
583200 74
583400 74
583600 74
583800 74
584000 74
584200 74
584400 74
584600 74
584800 74
585000 74
585200 74
585400 74
585600 74
585800 74
586000 74
586200 74
586400 74
586600 74
586800 74
587000 74
587200 74
587400 74
587600 74
587800 74
588000 74
588200 74
588400 74
588600 74
588800 74
589000 74
589200 74
589400 74
589600 74
589800 74
590000 74
590200 74
590400 74
590600 74
590800 74
591000 74
591200 74
591400 74
591600 74
591800 74
592000 74
592200 74
592400 74
592600 74
592800 74
593000 74
593200 74
593400 74
593600 74
593800 74
594000 74
594200 74
594400 74
594600 74
594800 74
595000 74
595200 74
595400 74
595600 74
595800 74
596000 74
596200 74
596400 74
596600 74
596800 74
597000 74
597200 74
597400 74
597600 74
597800 74
598000 74
598200 74
598400 74
598600 74
598800 74
599000 74
599200 74
599400 74
599600 74
599800 74
600000 74
600200 74
600400 74
600600 74
600800 74
601000 74
601200 74
601400 74
601600 74
601800 74
602000 74
602200 74
602400 74
602600 74
602800 74
603000 74
603200 74
603400 74
603600 74
603800 74
604000 74
604200 74
604400 74
604600 74
604800 74
605000 74
605200 74
605400 74
605600 74
605800 74
606000 74
606200 74
606400 74
606600 74
606800 74
607000 74
607200 74
607400 74
607600 74
607800 74
608000 74
608200 74
608400 74
608600 74
608800 74
609000 74
609200 74
609400 74
609600 74
609800 74
610000 74
610200 74
610400 74
610600 74
610800 74
611000 74
611200 74
611400 74
611600 74
611800 74
612000 74
612200 74
612400 74
612600 74
612800 74
613000 74
613200 74
613400 74
613600 74
613800 74
614000 74
614200 74
614400 74
614600 74
614800 74
615000 74
615200 74
615400 74
615600 74
615800 74
616000 74
616200 74
616400 74
616600 74
616800 74
617000 74
617200 74
617400 74
617600 74
617800 74
618000 74
618200 74
618400 74
618600 74
618800 74
619000 74
619200 74
619400 74
619600 74
619800 74
620000 74
620200 74
620400 74
620600 74
620800 74
621000 74
621200 74
621400 74
621600 74
621800 74
622000 74
622200 74
622400 74
622600 74
622800 74
623000 74
623200 74
623400 74
623600 74
623800 74
624000 74
624200 74
624400 74
624600 74
624800 74
625000 74
625200 74
625400 74
625600 74
625800 74
626000 74
626200 74
626400 74
626600 74
626800 74
627000 74
627200 74
627400 74
627600 74
627800 74
628000 74
628200 74
628400 74
628600 74
628800 74
629000 74
629200 74
629400 74
629600 74
629800 74
630000 74
630200 74
630400 74
630600 74
630800 74
631000 74
631200 74
631400 74
631600 74
631800 74
632000 74
632200 74
632400 74
632600 74
632800 74
633000 74
633200 74
633400 74
633600 74
633800 74
634000 74
634200 74
634400 74
634600 74
634800 74
635000 74
635200 74
635400 74
635600 74
635800 74
636000 74
636200 74
636400 74
636600 74
636800 74
637000 74
637200 74
637400 74
637600 74
637800 74
638000 74
638200 74
638400 74
638600 74
638800 74
639000 74
639200 74
639400 74
639600 74
639800 74
640000 74
640200 74
640400 74
640600 74
640800 74
641000 74
641200 74
641400 74
641600 74
641800 74
642000 74
642200 74
642400 74
642600 74
642800 74
643000 74
643200 74
643400 74
643600 74
643800 74
644000 74
644200 74
644400 74
644600 74
644800 74
645000 74
645200 74
645400 74
645600 74
645800 74
646000 74
646200 74
646400 74
646600 74
646800 74
647000 74
647200 74
647400 74
647600 74
647800 74
648000 74
648200 74
648400 74
648600 74
648800 74
649000 74
649200 74
649400 74
649600 74
649800 74
650000 74
650200 74
650400 74
650600 74
650800 74
651000 74
651200 74
651400 74
651600 74
651800 74
652000 74
652200 74
652400 74
652600 74
652800 74
653000 74
653200 74
653400 74
653600 74
653800 74
654000 74
654200 74
654400 74
654600 74
654800 74
655000 74
655200 74
655400 74
655600 74
655800 74
656000 74
656200 74
656400 74
656600 74
656800 74
657000 74
657200 74
657400 74
657600 74
657800 74
658000 74
658200 74
658400 74
658600 74
658800 74
659000 74
659200 74
659400 74
659600 74
659800 74
660000 74
660200 74
660400 74
660600 74
660800 74
661000 74
661200 74
661400 74
661600 74
661800 74
662000 74
662200 74
662400 74
662600 74
662800 74
663000 74
663200 74
663400 74
663600 74
663800 74
664000 74
664200 74
664400 74
664600 74
664800 74
665000 74
665200 74
665400 74
665600 74
665800 74
666000 74
666200 74
666400 74
666600 74
666800 74
667000 74
667200 74
667400 74
667600 74
667800 74
668000 74
668200 74
668400 74
668600 74
668800 74
669000 74
669200 74
669400 74
669600 74
669800 74
670000 74
670200 74
670400 74
670600 74
670800 74
671000 74
671200 74
671400 74
671600 74
671800 74
672000 74
672200 74
672400 74
672600 74
672800 74
673000 74
673200 74
673400 74
673600 74
673800 74
674000 74
674200 74
674400 74
674600 74
674800 74
675000 74
675200 74
675400 74
675600 74
675800 74
676000 74
676200 74
676400 74
676600 74
676800 74
677000 74
677200 74
677400 74
677600 74
677800 74
678000 74
678200 74
678400 74
678600 74
678800 74
679000 74
679200 74
679400 74
679600 74
679800 74
680000 74
680200 74
680400 74
680600 74
680800 74
681000 74
681200 74
681400 74
681600 74
681800 74
682000 74
682200 74
682400 74
682600 74
682800 74
683000 74
683200 74
683400 74
683600 74
683800 74
684000 74
684200 74
684400 74
684600 74
684800 74
685000 74
685200 74
685400 74
685600 74
685800 74
686000 74
686200 74
686400 74
686600 74
686800 74
687000 74
687200 74
687400 74
687600 74
687800 74
688000 74
688200 74
688400 74
688600 74
688800 74
689000 74
689200 74
689400 74
689600 74
689800 74
690000 74
690200 74
690400 74
690600 74
690800 74
691000 74
691200 74
691400 74
691600 74
691800 74
692000 74
692200 74
692400 74
692600 74
692800 74
693000 74
693200 74
693400 74
693600 74
693800 74
694000 74
694200 74
694400 74
694600 74
694800 74
695000 74
695200 74
695400 74
695600 74
695800 74
696000 74
696200 74
696400 74
696600 74
696800 74
697000 74
697200 74
697400 74
697600 74
697800 74
698000 74
698200 74
698400 74
698600 74
698800 74
699000 74
699200 74
699400 74
699600 74
699800 74
700000 74
700200 74
700400 74
700600 74
700800 74
701000 74
701200 74
701400 74
701600 74
701800 74
702000 74
702200 74
702400 74
702600 74
702800 74
703000 74
703200 74
703400 74
703600 74
703800 74
704000 74
704200 74
704400 74
704600 74
704800 74
705000 74
705200 74
705400 74
705600 74
705800 74
706000 74
706200 74
706400 74
706600 74
706800 74
707000 74
707200 74
707400 74
707600 74
707800 74
708000 74
708200 74
708400 74
708600 74
708800 74
709000 74
709200 74
709400 74
709600 74
709800 74
710000 74
710200 74
710400 74
710600 74
710800 74
711000 74
711200 74
711400 74
711600 74
711800 74
712000 74
712200 74
712400 74
712600 74
712800 74
713000 74
713200 74
713400 74
713600 74
713800 74
714000 74
714200 74
714400 74
714600 74
714800 74
715000 74
715200 74
715400 74
715600 74
715800 74
716000 74
716200 74
716400 74
716600 74
716800 74
717000 74
717200 74
717400 74
717600 74
717800 74
718000 74
718200 74
718400 74
718600 74
718800 74
719000 74
719200 74
719400 74
719600 74
719800 74
720000 74
720200 74
720400 74
720600 74
720800 74
721000 74
721200 74
721400 74
721600 74
721800 74
722000 74
722200 74
722400 74
722600 74
722800 74
723000 74
723200 74
723400 74
723600 74
723800 74
724000 74
724200 74
724400 74
724600 74
724800 74
725000 74
725200 74
725400 74
725600 74
725800 74
726000 74
726200 74
726400 74
726600 74
726800 74
727000 74
727200 74
727400 74
727600 74
727800 74
728000 74
728200 74
728400 74
728600 74
728800 74
729000 74
729200 74
729400 74
729600 74
729800 74
730000 74
730200 74
730400 74
730600 74
730800 74
731000 74
731200 74
731400 74
731600 74
731800 74
732000 74
732200 74
732400 74
732600 74
732800 74
733000 74
733200 74
733400 74
733600 74
733800 74
734000 74
734200 74
734400 74
734600 74
734800 74
735000 74
735200 74
735400 74
735600 74
735800 74
736000 74
736200 74
736400 74
736600 74
736800 74
737000 74
737200 74
737400 74
737600 74
737800 74
738000 74
738200 74
738400 74
738600 74
738800 74
739000 74
739200 74
739400 74
739600 74
739800 74
740000 74
740200 74
740400 74
740600 74
740800 74
741000 74
741200 74
741400 74
741600 74
741800 74
742000 74
742200 74
742400 74
742600 74
742800 74
743000 74
743200 74
743400 74
743600 74
743800 74
744000 74
744200 74
744400 74
744600 74
744800 74
745000 74
745200 74
745400 74
745600 74
745800 74
746000 74
746200 74
746400 74
746600 74
746800 74
747000 74
747200 74
747400 74
747600 74
747800 74
748000 74
748200 74
748400 74
748600 74
748800 74
749000 74
749200 74
749400 74
749600 74
749800 74
750000 74
750200 74
750400 74
750600 74
750800 74
751000 74
751200 74
751400 74
751600 74
751800 74
752000 74
752200 74
752400 74
752600 74
752800 74
753000 74
753200 74
753400 74
753600 74
753800 74
754000 74
754200 74
754400 74
754600 74
754800 74
755000 74
755200 74
755400 74
755600 74
755800 74
756000 74
756200 74
756400 74
756600 74
756800 74
757000 74
757200 74
757400 74
757600 74
757800 74
758000 74
758200 74
758400 74
758600 74
758800 74
759000 74
759200 74
759400 74
759600 74
759800 74
760000 74
760200 74
760400 74
760600 74
760800 74
761000 74
761200 74
761400 74
761600 74
761800 74
762000 74
762200 74
762400 74
762600 74
762800 74
763000 74
763200 74
763400 74
763600 74
763800 74
764000 74
764200 74
764400 74
764600 74
764800 74
765000 74
765200 74
765400 74
765600 74
765800 74
766000 74
766200 74
766400 74
766600 74
766800 74
767000 74
767200 74
767400 74
767600 74
767800 74
768000 74
768200 74
768400 74
768600 74
768800 74
769000 74
769200 74
769400 74
769600 74
769800 74
770000 74
770200 74
770400 74
770600 74
770800 74
771000 74
771200 74
771400 74
771600 74
771800 74
772000 74
772200 74
772400 74
772600 74
772800 74
773000 74
773200 74
773400 74
773600 74
773800 74
774000 74
774200 74
774400 74
774600 74
774800 74
775000 74
775200 74
775400 74
775600 74
775800 74
776000 74
776200 74
776400 74
776600 74
776800 74
777000 74
777200 74
777400 74
777600 74
777800 74
778000 74
778200 74
778400 74
778600 74
778800 74
779000 74
779200 74
779400 74
779600 74
779800 74
780000 74
780200 74
780400 74
780600 74
780800 74
781000 74
781200 74
781400 74
781600 74
781800 74
782000 74
782200 74
782400 74
782600 74
782800 74
783000 74
783200 74
783400 74
783600 74
783800 74
784000 74
784200 74
784400 74
784600 74
784800 74
785000 74
785200 74
785400 74
785600 74
785800 74
786000 74
786200 74
786400 74
786600 74
786800 74
787000 74
787200 74
787400 74
787600 74
787800 74
788000 74
788200 74
788400 74
788600 74
788800 74
789000 74
789200 74
789400 74
789600 74
789800 74
790000 74
790200 74
790400 74
790600 74
790800 74
791000 74
791200 74
791400 74
791600 74
791800 74
792000 74
792200 74
792400 74
792600 74
792800 74
793000 74
793200 74
793400 74
793600 74
793800 74
794000 74
794200 74
794400 74
794600 74
794800 74
795000 74
795200 74
795400 74
795600 74
795800 74
796000 74
796200 74
796400 74
796600 74
796800 74
797000 74
797200 74
797400 74
797600 74
797800 74
798000 74
798200 74
798400 74
798600 74
798800 74
799000 74
799200 74
799400 74
799600 74
799800 74
800000 74
800200 74
800400 74
800600 74
800800 74
801000 74
801200 74
801400 74
801600 74
801800 74
802000 74
802200 74
802400 74
802600 74
802800 74
803000 74
803200 74
803400 74
803600 74
803800 74
804000 74
804200 74
804400 74
804600 74
804800 74
805000 74
805200 74
805400 74
805600 74
805800 74
806000 74
806200 74
806400 74
806600 74
806800 74
807000 74
807200 74
807400 74
807600 74
807800 74
808000 74
808200 74
808400 74
808600 74
808800 74
809000 74
809200 74
809400 74
809600 74
809800 74
810000 74
810200 74
810400 74
810600 74
810800 74
811000 74
811200 74
811400 74
811600 74
811800 74
812000 74
812200 74
812400 74
812600 74
812800 74
813000 74
813200 74
813400 74
813600 74
813800 74
814000 74
814200 74
814400 74
814600 74
814800 74
815000 74
815200 74
815400 74
815600 74
815800 74
816000 74
816200 74
816400 74
816600 74
816800 74
817000 74
817200 74
817400 74
817600 74
817800 74
818000 74
818200 74
818400 74
818600 74
818800 74
819000 74
819200 74
819400 74
819600 74
819800 74
820000 74
820200 74
820400 74
820600 74
820800 74
821000 74
821200 74
821400 74
821600 74
821800 74
822000 74
822200 74
822400 74
822600 74
822800 74
823000 74
823200 74
823400 74
823600 74
823800 74
824000 74
824200 74
824400 74
824600 74
824800 74
825000 74
825200 74
825400 74
825600 74
825800 74
826000 74
826200 74
826400 74
826600 74
826800 74
827000 74
827200 74
827400 74
827600 74
827800 74
828000 74
828200 74
828400 74
828600 74
828800 74
829000 74
829200 74
829400 74
829600 74
829800 74
830000 74
830200 74
830400 74
830600 74
830800 74
831000 74
831200 74
831400 74
831600 74
831800 74
832000 74
832200 74
832400 74
832600 74
832800 74
833000 74
833200 74
833400 74
833600 74
833800 74
834000 74
834200 74
834400 74
834600 74
834800 74
835000 74
835200 74
835400 74
835600 74
835800 74
836000 74
836200 74
836400 74
836600 74
836800 74
837000 74
837200 74
837400 74
837600 74
837800 74
838000 74
838200 74
838400 74
838600 74
838800 74
839000 74
839200 74
839400 74
839600 74
839800 74
840000 74
840200 74
840400 74
840600 74
840800 74
841000 74
841200 74
841400 74
841600 74
841800 74
842000 74
842200 74
842400 74
842600 74
842800 74
843000 74
843200 74
843400 74
843600 74
843800 74
844000 74
844200 74
844400 74
844600 74
844800 74
845000 74
845200 74
845400 74
845600 74
845800 74
846000 74
846200 74
846400 74
846600 74
846800 74
847000 74
847200 74
847400 74
847600 74
847800 74
848000 74
848200 74
848400 74
848600 74
848800 74
849000 74
849200 74
849400 74
849600 74
849800 74
850000 74
850200 74
850400 74
850600 74
850800 74
851000 74
851200 74
851400 74
851600 74
851800 74
852000 74
852200 74
852400 74
852600 74
852800 74
853000 74
853200 74
853400 74
853600 74
853800 74
854000 74
854200 74
854400 74
854600 74
854800 74
855000 74
855200 74
855400 74
855600 74
855800 74
856000 74
856200 74
856400 74
856600 74
856800 74
857000 74
857200 74
857400 74
857600 74
857800 74
858000 74
858200 74
858400 74
858600 74
858800 74
859000 74
859200 74
859400 74
859600 74
859800 74
860000 74
860200 74
860400 74
860600 74
860800 74
861000 74
861200 74
861400 74
861600 74
861800 74
862000 74
862200 74
862400 74
862600 74
862800 74
863000 74
863200 74
863400 74
863600 74
863800 74
864000 74
864200 74
864400 74
864600 74
864800 74
865000 74
865200 74
865400 74
865600 74
865800 74
866000 74
866200 74
866400 74
866600 74
866800 74
867000 74
867200 74
867400 74
867600 74
867800 74
868000 74
868200 74
868400 74
868600 74
868800 74
869000 74
869200 74
869400 74
869600 74
869800 74
870000 74
870200 74
870400 74
870600 74
870800 74
871000 74
871200 74
871400 74
871600 74
871800 74
872000 74
872200 74
872400 74
872600 74
872800 74
873000 74
873200 74
873400 74
873600 74
873800 74
874000 74
874200 74
874400 74
874600 74
874800 74
875000 74
875200 74
875400 74
875600 74
875800 74
876000 74
876200 74
876400 74
876600 74
876800 74
877000 74
877200 74
877400 74
877600 74
877800 74
878000 74
878200 74
878400 74
878600 74
878800 74
879000 74
879200 74
879400 74
879600 74
879800 74
880000 74
880200 74
880400 74
880600 74
880800 74
881000 74
881200 74
881400 74
881600 74
881800 74
882000 74
882200 74
882400 74
882600 74
882800 74
883000 74
883200 74
883400 74
883600 74
883800 74
884000 74
884200 74
884400 74
884600 74
884800 74
885000 74
885200 74
885400 74
885600 74
885800 74
886000 74
886200 74
886400 74
886600 74
886800 74
887000 74
887200 74
887400 74
887600 74
887800 74
888000 74
888200 74
888400 74
888600 74
888800 74
889000 74
889200 74
889400 74
889600 74
889800 74
890000 74
890200 74
890400 74
890600 74
890800 74
891000 74
891200 74
891400 74
891600 74
891800 74
892000 74
892200 74
892400 74
892600 74
892800 74
893000 74
893200 74
893400 74
893600 74
893800 74
894000 74
894200 74
894400 74
894600 74
894800 74
895000 74
895200 74
895400 74
895600 74
895800 74
896000 74
896200 74
896400 74
896600 74
896800 74
897000 74
897200 74
897400 74
897600 74
897800 74
898000 74
898200 74
898400 74
898600 74
898800 74
899000 74
899200 74
899400 74
899600 74
899800 74
900000 74
900200 74
900400 74
900600 74
900800 74
901000 74
901200 74
901400 74
901600 74
901800 74
902000 74
902200 74
902400 74
902600 74
902800 74
903000 74
903200 74
903400 74
903600 74
903800 74
904000 74
904200 74
904400 74
904600 74
904800 74
905000 74
905200 74
905400 74
905600 74
905800 74
906000 74
906200 74
906400 74
906600 74
906800 74
907000 74
907200 74
907400 74
907600 74
907800 74
908000 74
908200 74
908400 74
908600 74
908800 74
909000 74
909200 74
909400 74
909600 74
909800 74
910000 74
910200 74
910400 74
910600 74
910800 74
911000 74
911200 74
911400 74
911600 74
911800 74
912000 74
912200 74
912400 74
912600 74
912800 74
913000 74
913200 74
913400 74
913600 74
913800 74
914000 74
914200 74
914400 74
914600 74
914800 74
915000 74
915200 74
915400 74
915600 74
915800 74
916000 74
916200 74
916400 74
916600 74
916800 74
917000 74
917200 74
917400 74
917600 74
917800 74
918000 74
918200 74
918400 74
918600 74
918800 74
919000 74
919200 74
919400 74
919600 74
919800 74
920000 74
920200 74
920400 74
920600 74
920800 74
921000 74
921200 74
921400 74
921600 74
921800 74
922000 74
922200 74
922400 74
922600 74
922800 74
923000 74
923200 74
923400 74
923600 74
923800 74
924000 74
924200 74
924400 74
924600 74
924800 74
925000 74
925200 74
925400 74
925600 74
925800 74
926000 74
926200 74
926400 74
926600 74
926800 74
927000 74
927200 74
927400 74
927600 74
927800 74
928000 74
928200 74
928400 74
928600 74
928800 74
929000 74
929200 74
929400 74
929600 74
929800 74
930000 74
930200 74
930400 74
930600 74
930800 74
931000 74
931200 74
931400 74
931600 74
931800 74
932000 74
932200 74
932400 74
932600 74
932800 74
933000 74
933200 74
933400 74
933600 74
933800 74
934000 74
934200 74
934400 74
934600 74
934800 74
935000 74
935200 74
935400 74
935600 74
935800 74
936000 74
936200 74
936400 74
936600 74
936800 74
937000 74
937200 74
937400 74
937600 74
937800 74
938000 74
938200 74
938400 74
938600 74
938800 74
939000 74
939200 74
939400 74
939600 74
939800 74
940000 74
940200 74
940400 74
940600 74
940800 74
941000 74
941200 74
941400 74
941600 74
941800 74
942000 74
942200 74
942400 74
942600 74
942800 74
943000 74
943200 74
943400 74
943600 74
943800 74
944000 74
944200 74
944400 74
944600 74
944800 74
945000 74
945200 74
945400 74
945600 74
945800 74
946000 74
946200 74
946400 74
946600 74
946800 74
947000 74
947200 74
947400 74
947600 74
947800 74
948000 74
948200 74
948400 74
948600 74
948800 74
949000 74
949200 74
949400 74
949600 74
949800 74
950000 74
950200 74
950400 74
950600 74
950800 74
951000 74
951200 74
951400 74
951600 74
951800 74
952000 74
952200 74
952400 74
952600 74
952800 74
953000 74
953200 74
953400 74
953600 74
953800 74
954000 74
954200 74
954400 74
954600 74
954800 74
955000 74
955200 74
955400 74
955600 74
955800 74
956000 74
956200 74
956400 74
956600 74
956800 74
957000 74
957200 74
957400 74
957600 74
957800 74
958000 74
958200 74
958400 74
958600 74
958800 74
959000 74
959200 74
959400 74
959600 74
959800 74
960000 74
960200 74
960400 74
960600 74
960800 74
961000 74
961200 74
961400 74
961600 74
961800 74
962000 74
962200 74
962400 74
962600 74
962800 74
963000 74
963200 74
963400 74
963600 74
963800 74
964000 74
964200 74
964400 74
964600 74
964800 74
965000 74
965200 74
965400 74
965600 74
965800 74
966000 74
966200 74
966400 74
966600 74
966800 74
967000 74
967200 74
967400 74
967600 74
967800 74
968000 74
968200 74
968400 74
968600 74
968800 74
969000 74
969200 74
969400 74
969600 74
969800 74
970000 74
970200 74
970400 74
970600 74
970800 74
971000 74
971200 74
971400 74
971600 74
971800 74
972000 74
972200 74
972400 74
972600 74
972800 74
973000 74
973200 74
973400 74
973600 74
973800 74
974000 74
974200 74
974400 74
974600 74
974800 74
975000 74
975200 74
975400 74
975600 74
975800 74
976000 74
976200 74
976400 74
976600 74
976800 74
977000 74
977200 74
977400 74
977600 74
977800 74
978000 74
978200 74
978400 74
978600 74
978800 74
979000 74
979200 74
979400 74
979600 74
979800 74
980000 74
980200 74
980400 74
980600 74
980800 74
981000 74
981200 74
981400 74
981600 74
981800 74
982000 74
982200 74
982400 74
982600 74
982800 74
983000 74
983200 74
983400 74
983600 74
983800 74
984000 74
984200 74
984400 74
984600 74
984800 74
985000 74
985200 74
985400 74
985600 74
985800 74
986000 74
986200 74
986400 74
986600 74
986800 74
987000 74
987200 74
987400 74
987600 74
987800 74
988000 74
988200 74
988400 74
988600 74
988800 74
989000 74
989200 74
989400 74
989600 74
989800 74
990000 74
990200 74
990400 74
990600 74
990800 74
991000 74
991200 74
991400 74
991600 74
991800 74
992000 74
992200 74
992400 74
992600 74
992800 74
993000 74
993200 74
993400 74
993600 74
993800 74
994000 74
994200 74
994400 74
994600 74
994800 74
995000 74
995200 74
995400 74
995600 74
995800 74
996000 74
996200 74
996400 74
996600 74
996800 74
997000 74
997200 74
997400 74
997600 74
997800 74
998000 74
998200 74
998400 74
998600 74
998800 74
999000 74
999200 74
999400 74
999600 74
999800 74
1000000 74
