500 319
1000 522
1500 310
2000 666
2500 306
3000 533
3500 326
4000 450
4500 522
5000 315
5500 474
6000 594
6500 378
7000 306
7500 461
8000 607
8500 450
9000 316
9500 522
10000 177
10500 311
11000 464
11500 390
12000 454
12500 240
13000 450
13500 467
14000 411
14500 320
15000 450
15500 602
16000 450
16500 403
17000 323
17500 314
18000 416
18500 456
19000 378
19500 450
20000 180
20500 384
21000 461
21500 594
22000 680
22500 392
23000 468
23500 169
24000 322
24500 522
25000 535
25500 450
26000 267
26500 598
27000 450
27500 465
28000 522
28500 485
29000 534
29500 392
30000 327
30500 311
31000 167
31500 810
32000 450
32500 334
33000 378
33500 290
34000 256
34500 450
35000 306
35500 378
36000 378
36500 426
37000 666
37500 463
38000 388
38500 341
39000 452
39500 341
40000 258
40500 334
41000 306
41500 454
42000 378
42500 315
43000 408
43500 387
44000 234
44500 459
45000 306
45500 453
46000 310
46500 146
47000 398
47500 407
48000 317
48500 331
49000 237
49500 298
50000 550
50500 282
51000 337
51500 378
52000 462
52500 480
53000 315
53500 380
54000 399
54500 450
55000 669
55500 383
56000 401
56500 328
57000 399
57500 392
58000 275
58500 254
59000 491
59500 378
60000 401
60500 378
61000 389
61500 341
62000 453
62500 237
63000 386
63500 319
64000 378
64500 378
65000 241
65500 269
66000 522
66500 234
67000 534
67500 312
68000 190
68500 404
69000 378
69500 461
70000 399
70500 462
71000 389
71500 316
72000 383
72500 285
73000 399
73500 378
74000 259
74500 378
75000 460
75500 328
76000 248
76500 271
77000 265
77500 399
78000 341
78500 666
79000 389
79500 305
80000 456
80500 538
81000 205
81500 183
82000 405
82500 378
83000 522
83500 323
84000 738
84500 348
85000 419
85500 378
86000 338
86500 319
87000 337
87500 450
88000 194
88500 253
89000 525
89500 311
90000 261
90500 344
91000 251
91500 458
92000 342
92500 378
93000 531
93500 298
94000 522
94500 215
95000 306
95500 522
96000 459
96500 294
97000 248
97500 327
98000 306
98500 386
99000 378
99500 284
100000 460
100500 378
101000 314
101500 531
102000 378
102500 522
103000 196
103500 239
104000 450
104500 306
105000 394
105500 538
106000 336
106500 258
107000 460
107500 450
108000 247
108500 475
109000 429
109500 324
110000 331
110500 217
111000 164
111500 459
112000 666
112500 333
113000 378
113500 144
114000 390
114500 456
115000 528
115500 306
116000 186
116500 181
117000 326
117500 430
118000 378
118500 190
119000 522
119500 594
120000 322
120500 259
121000 237
121500 306
122000 319
122500 540
123000 318
123500 341
124000 341
124500 332
125000 485
125500 332
126000 316
126500 460
127000 274
127500 335
128000 397
128500 199
129000 317
129500 475
130000 270
130500 153
131000 248
131500 270
132000 264
132500 536
133000 306
133500 325
134000 155
134500 316
135000 450
135500 378
136000 272
136500 276
137000 271
137500 378
138000 455
138500 148
139000 306
139500 247
140000 378
140500 234
141000 249
141500 313
142000 391
142500 462
143000 267
143500 265
144000 263
144500 326
145000 133
145500 389
146000 234
146500 234
147000 268
147500 389
148000 353
148500 306
149000 283
149500 181
150000 306
150500 327
151000 454
151500 334
152000 271
152500 330
153000 298
153500 343
154000 234
154500 272
155000 312
155500 378
156000 450
156500 256
157000 263
157500 306
158000 409
158500 306
159000 378
159500 462
160000 311
160500 244
161000 350
161500 240
162000 338
162500 286
163000 260
163500 284
164000 168
164500 165
165000 244
165500 242
166000 410
166500 248
167000 457
167500 306
168000 268
168500 244
169000 193
169500 331
170000 173
170500 454
171000 594
171500 247
172000 176
172500 400
173000 195
173500 337
174000 259
174500 240
175000 306
175500 459
176000 335
176500 273
177000 244
177500 409
178000 168
178500 308
179000 411
179500 312
180000 328
180500 378
181000 461
181500 286
182000 313
182500 189
183000 146
183500 312
184000 324
184500 202
185000 263
185500 383
186000 201
186500 339
187000 397
187500 336
188000 387
188500 265
189000 378
189500 318
190000 240
190500 400
191000 276
191500 378
192000 252
192500 347
193000 200
193500 277
194000 257
194500 268
195000 522
195500 237
196000 389
196500 158
197000 167
197500 390
198000 522
198500 161
199000 166
199500 310
200000 202
200500 331
201000 180
201500 240
202000 330
202500 170
203000 234
203500 466
204000 238
204500 254
205000 162
205500 332
206000 172
206500 166
207000 272
207500 217
208000 258
208500 254
209000 272
209500 312
210000 318
210500 244
211000 323
211500 247
212000 407
212500 310
213000 184
213500 178
214000 387
214500 269
215000 266
215500 248
216000 179
216500 399
217000 243
217500 176
218000 245
218500 234
219000 253
219500 200
220000 137
220500 253
221000 283
221500 190
222000 406
222500 206
223000 171
223500 336
224000 161
224500 306
225000 169
225500 306
226000 314
226500 234
227000 179
227500 245
228000 162
228500 335
229000 241
229500 195
230000 263
230500 384
231000 311
231500 333
232000 234
232500 315
233000 344
233500 245
234000 384
234500 271
235000 234
235500 162
236000 161
236500 246
237000 162
237500 245
238000 283
238500 234
239000 388
239500 172
240000 306
240500 389
241000 198
241500 241
242000 318
242500 151
243000 135
243500 617
244000 162
244500 153
245000 249
245500 179
246000 188
246500 243
247000 247
247500 196
248000 308
248500 247
249000 179
249500 251
250000 320
250500 197
251000 259
251500 235
252000 266
252500 222
253000 263
253500 234
254000 183
254500 164
255000 176
255500 199
256000 270
256500 246
257000 188
257500 234
258000 244
258500 238
259000 310
259500 251
260000 328
260500 306
261000 406
261500 234
262000 162
262500 264
263000 147
263500 522
264000 174
264500 403
265000 176
265500 162
266000 332
266500 201
267000 144
267500 260
268000 176
268500 306
269000 168
269500 172
270000 142
270500 151
271000 279
271500 270
272000 246
272500 201
273000 164
273500 162
274000 134
274500 162
275000 383
275500 308
276000 149
276500 125
277000 135
277500 249
278000 262
278500 537
279000 328
279500 275
280000 246
280500 173
281000 159
281500 177
282000 207
282500 148
283000 231
283500 264
284000 268
284500 226
285000 137
285500 258
286000 208
286500 308
287000 169
287500 151
288000 140
288500 162
289000 249
289500 159
290000 152
290500 175
291000 277
291500 141
292000 238
292500 143
293000 165
293500 143
294000 189
294500 138
295000 189
295500 255
296000 241
296500 144
297000 142
297500 172
298000 189
298500 155
299000 265
299500 141
300000 123
300500 145
301000 162
301500 148
302000 132
302500 146
303000 219
303500 145
304000 139
304500 389
305000 161
305500 136
306000 162
306500 243
307000 324
307500 129
308000 133
308500 162
309000 203
309500 167
310000 151
310500 134
311000 146
311500 151
312000 308
312500 142
313000 141
313500 151
314000 218
314500 195
315000 150
315500 450
316000 141
316500 450
317000 193
317500 139
318000 169
318500 161
319000 148
319500 149
320000 234
320500 140
321000 238
321500 174
322000 163
322500 157
323000 250
323500 247
324000 264
324500 250
325000 378
325500 248
326000 539
326500 306
327000 165
327500 133
328000 124
328500 326
329000 240
329500 138
330000 121
330500 130
331000 217
331500 251
332000 158
332500 162
333000 172
333500 312
334000 234
334500 155
335000 162
335500 145
336000 164
336500 149
337000 151
337500 162
338000 151
338500 203
339000 142
339500 176
340000 177
340500 160
341000 152
341500 136
342000 199
342500 324
343000 143
343500 131
344000 162
344500 243
345000 136
345500 162
346000 164
346500 386
347000 378
347500 161
348000 135
348500 146
349000 141
349500 127
350000 179
350500 172
351000 183
351500 137
352000 245
352500 127
353000 126
353500 126
354000 248
354500 189
355000 170
355500 138
356000 162
356500 306
357000 157
357500 142
358000 123
358500 259
359000 146
359500 135
360000 138
360500 257
361000 141
361500 187
362000 306
362500 251
363000 129
363500 137
364000 142
364500 131
365000 117
365500 136
366000 169
366500 265
367000 674
367500 172
368000 162
368500 148
369000 162
369500 146
370000 130
370500 162
371000 165
371500 397
372000 128
372500 130
373000 169
373500 134
374000 142
374500 128
375000 124
375500 221
376000 174
376500 146
377000 131
377500 129
378000 189
378500 252
379000 162
379500 156
380000 128
380500 137
381000 132
381500 134
382000 128
382500 115
383000 124
383500 137
384000 128
384500 132
385000 136
385500 133
386000 120
386500 411
387000 143
387500 127
388000 135
388500 123
389000 129
389500 135
390000 132
390500 142
391000 134
391500 139
392000 234
392500 129
393000 385
393500 207
394000 145
394500 168
395000 139
395500 121
396000 138
396500 120
397000 385
397500 128
398000 134
398500 329
399000 181
399500 157
400000 202
400500 165
401000 138
401500 306
402000 181
402500 234
403000 192
403500 164
404000 178
404500 234
405000 141
405500 168
406000 163
406500 135
407000 413
407500 315
408000 141
408500 162
409000 306
409500 153
410000 162
410500 172
411000 165
411500 151
412000 137
412500 134
413000 114
413500 127
414000 121
414500 116
415000 121
415500 114
416000 234
416500 281
417000 150
417500 128
418000 119
418500 116
419000 117
419500 121
420000 128
420500 122
421000 119
421500 120
422000 129
422500 195
423000 131
423500 125
424000 122
424500 120
425000 109
425500 120
426000 119
426500 120
427000 123
427500 115
428000 121
428500 115
429000 135
429500 120
430000 139
430500 146
431000 133
431500 120
432000 378
432500 177
433000 165
433500 135
434000 126
434500 198
435000 243
435500 170
436000 162
436500 135
437000 239
437500 240
438000 188
438500 164
439000 143
439500 148
440000 142
440500 142
441000 120
441500 111
442000 117
442500 111
443000 110
443500 135
444000 450
444500 136
445000 133
445500 133
446000 129
446500 126
447000 129
447500 119
448000 124
448500 312
449000 381
449500 118
450000 127
450500 120
451000 113
451500 118
452000 117
452500 108
453000 109
453500 113
454000 111
454500 116
455000 122
455500 109
456000 124
456500 114
457000 115
457500 162
458000 123
458500 123
459000 234
459500 325
460000 154
460500 121
461000 123
461500 148
462000 142
462500 308
463000 405
463500 246
464000 239
464500 237
465000 138
465500 238
466000 124
466500 130
467000 123
467500 117
468000 110
468500 115
469000 109
469500 117
470000 115
470500 308
471000 142
471500 254
472000 309
472500 127
473000 128
473500 127
474000 133
474500 117
475000 115
475500 234
476000 166
476500 140
477000 213
477500 133
478000 131
478500 125
479000 134
479500 167
480000 258
480500 173
481000 143
481500 133
482000 134
482500 162
483000 140
483500 123
484000 234
484500 146
485000 139
485500 128
486000 251
486500 215
487000 234
487500 384
488000 127
488500 127
489000 115
489500 115
490000 115
490500 140
491000 128
491500 124
492000 125
492500 119
493000 172
493500 162
494000 188
494500 140
495000 126
495500 124
496000 123
496500 117
497000 246
497500 378
498000 133
498500 115
499000 378
499500 131
500000 120
500500 306
501000 306
501500 134
502000 128
502500 130
503000 110
503500 110
504000 108
504500 114
505000 210
505500 119
506000 115
506500 123
507000 112
507500 113
508000 107
508500 111
509000 113
509500 144
510000 594
510500 133
511000 250
511500 172
512000 121
512500 242
513000 254
513500 135
514000 114
514500 114
515000 112
515500 122
516000 118
516500 113
517000 122
517500 121
518000 119
518500 120
519000 120
519500 117
520000 109
520500 119
521000 116
521500 607
522000 133
522500 130
523000 145
523500 128
524000 174
524500 128
525000 168
525500 128
526000 116
526500 117
527000 115
527500 114
528000 179
528500 130
529000 123
529500 116
530000 115
530500 137
531000 122
531500 122
532000 116
532500 116
533000 112
533500 111
534000 124
534500 164
535000 450
535500 238
536000 117
536500 114
537000 117
537500 112
538000 107
538500 112
539000 112
539500 140
540000 121
540500 113
541000 127
541500 119
542000 378
542500 164
543000 131
543500 129
544000 132
544500 120
545000 121
545500 127
546000 128
546500 121
547000 162
547500 208
548000 135
548500 151
549000 129
549500 128
550000 124
550500 111
551000 113
551500 125
552000 112
552500 109
553000 378
553500 122
554000 324
554500 306
555000 125
555500 125
556000 115
556500 117
557000 386
557500 278
558000 237
558500 381
559000 136
559500 236
560000 191
560500 666
561000 125
561500 122
562000 120
562500 272
563000 218
563500 126
564000 117
564500 114
565000 121
565500 378
566000 247
566500 169
567000 120
567500 113
568000 118
568500 113
569000 113
569500 114
570000 113
570500 114
571000 113
571500 110
572000 115
572500 110
573000 111
573500 110
574000 110
574500 111
575000 110
575500 110
576000 110
576500 109
577000 109
577500 115
578000 111
578500 110
579000 110
579500 109
580000 112
580500 162
581000 121
581500 234
582000 130
582500 124
583000 191
583500 810
584000 378
584500 306
585000 316
585500 234
586000 130
586500 122
587000 113
587500 113
588000 306
588500 378
589000 146
589500 117
590000 116
590500 106
591000 270
591500 136
592000 162
592500 141
593000 210
593500 128
594000 125
594500 113
595000 108
595500 108
596000 108
596500 108
597000 114
597500 108
598000 109
598500 108
599000 108
599500 108
600000 109
600500 111
601000 108
601500 269
602000 118
602500 114
603000 234
603500 306
604000 130
604500 145
605000 168
605500 125
606000 108
606500 108
607000 108
607500 108
608000 108
608500 234
609000 131
609500 138
610000 162
610500 121
611000 110
611500 107
612000 108
612500 106
613000 106
613500 106
614000 106
614500 133
615000 108
615500 450
616000 120
616500 252
617000 123
617500 245
618000 124
618500 124
619000 116
619500 108
620000 110
620500 109
621000 109
621500 109
622000 109
622500 109
623000 114
623500 111
624000 109
624500 109
625000 110
625500 109
626000 109
626500 109
627000 110
627500 108
628000 109
628500 108
629000 177
629500 316
630000 162
630500 132
631000 130
631500 125
632000 238
632500 250
633000 234
633500 124
634000 110
634500 110
635000 110
635500 168
636000 312
636500 123
637000 109
637500 109
638000 109
638500 238
639000 253
639500 127
640000 600
640500 162
641000 120
641500 118
642000 116
642500 130
643000 124
643500 124
644000 116
644500 112
645000 132
645500 112
646000 107
646500 107
647000 107
647500 107
648000 107
648500 108
649000 105
649500 103
650000 103
650500 234
651000 466
651500 459
652000 378
652500 260
653000 114
653500 108
654000 106
654500 106
655000 174
655500 261
656000 115
656500 112
657000 115
657500 112
658000 522
658500 130
659000 393
659500 111
660000 112
660500 111
661000 108
661500 106
662000 106
662500 106
663000 106
663500 106
664000 106
664500 413
665000 309
665500 170
666000 125
666500 113
667000 111
667500 109
668000 109
668500 109
669000 109
669500 109
670000 178
670500 162
671000 162
671500 127
672000 108
672500 108
673000 108
673500 106
674000 106
674500 106
675000 131
675500 121
676000 116
676500 115
677000 306
677500 234
678000 327
678500 378
679000 120
679500 113
680000 111
680500 111
681000 111
681500 111
682000 112
682500 111
683000 165
683500 135
684000 123
684500 117
685000 116
685500 112
686000 112
686500 112
687000 108
687500 108
688000 108
688500 108
689000 108
689500 108
690000 108
690500 109
691000 107
691500 107
692000 107
692500 107
693000 107
693500 107
694000 107
694500 107
695000 107
695500 107
696000 107
696500 107
697000 107
697500 109
698000 107
698500 107
699000 107
699500 107
700000 107
700500 107
701000 109
701500 103
702000 103
702500 103
703000 103
703500 242
704000 162
704500 126
705000 241
705500 130
706000 125
706500 112
707000 108
707500 108
708000 108
708500 108
709000 108
709500 108
710000 108
710500 106
711000 106
711500 106
712000 107
712500 106
713000 106
713500 106
714000 106
714500 106
715000 106
715500 106
716000 106
716500 106
717000 107
717500 106
718000 106
718500 106
719000 106
719500 106
720000 107
720500 106
721000 107
721500 106
722000 106
722500 106
723000 106
723500 106
724000 106
724500 106
725000 106
725500 106
726000 106
726500 106
727000 106
727500 106
728000 106
728500 123
729000 111
729500 106
730000 107
730500 190
731000 122
731500 112
732000 108
732500 258
733000 127
733500 116
734000 116
734500 116
735000 112
735500 124
736000 115
736500 116
737000 114
737500 113
738000 111
738500 111
739000 111
739500 111
740000 111
740500 111
741000 111
741500 111
742000 168
742500 125
743000 162
743500 165
744000 234
744500 246
745000 382
745500 409
746000 234
746500 152
747000 126
747500 123
748000 234
748500 115
749000 113
749500 113
750000 106
750500 106
751000 106
751500 106
752000 106
752500 106
753000 106
753500 106
754000 106
754500 106
755000 106
755500 106
756000 106
756500 106
757000 106
757500 106
758000 106
758500 106
759000 106
759500 106
760000 106
760500 106
761000 106
761500 106
762000 106
762500 106
763000 106
763500 106
764000 106
764500 106
765000 106
765500 106
766000 106
766500 106
767000 106
767500 106
768000 106
768500 106
769000 106
769500 106
770000 106
770500 106
771000 106
771500 106
772000 106
772500 106
773000 106
773500 106
774000 106
774500 106
775000 106
775500 106
776000 106
776500 106
777000 106
777500 106
778000 106
778500 106
779000 106
779500 106
780000 107
780500 106
781000 106
781500 106
782000 106
782500 106
783000 106
783500 106
784000 106
784500 106
785000 106
785500 106
786000 106
786500 106
787000 106
787500 107
788000 106
788500 106
789000 106
789500 106
790000 106
790500 106
791000 106
791500 106
792000 106
792500 106
793000 106
793500 106
794000 106
794500 106
795000 106
795500 106
796000 106
796500 106
797000 106
797500 106
798000 106
798500 106
799000 106
799500 106
800000 106
800500 106
801000 106
801500 106
802000 106
802500 106
803000 106
803500 106
804000 106
804500 106
805000 106
805500 106
806000 106
806500 106
807000 106
807500 106
808000 106
808500 106
809000 106
809500 106
810000 106
810500 106
811000 106
811500 106
812000 106
812500 106
813000 106
813500 106
814000 106
814500 106
815000 106
815500 106
816000 182
816500 314
817000 378
817500 394
818000 164
818500 132
819000 125
819500 108
820000 108
820500 107
821000 107
821500 107
822000 107
822500 107
823000 107
823500 107
824000 107
824500 107
825000 107
825500 107
826000 107
826500 107
827000 107
827500 107
828000 107
828500 107
829000 107
829500 107
830000 107
830500 107
831000 107
831500 107
832000 107
832500 107
833000 107
833500 107
834000 107
834500 107
835000 107
835500 107
836000 107
836500 107
837000 107
837500 107
838000 107
838500 107
839000 107
839500 107
840000 107
840500 107
841000 107
841500 107
842000 107
842500 107
843000 107
843500 107
844000 107
844500 107
845000 107
845500 107
846000 107
846500 107
847000 107
847500 107
848000 107
848500 107
849000 107
849500 107
850000 107
850500 107
851000 107
851500 107
852000 107
852500 107
853000 107
853500 107
854000 107
854500 107
855000 107
855500 107
856000 107
856500 107
857000 107
857500 107
858000 107
858500 107
859000 107
859500 107
860000 107
860500 107
861000 107
861500 107
862000 107
862500 107
863000 107
863500 107
864000 107
864500 107
865000 107
865500 107
866000 107
866500 107
867000 107
867500 107
868000 107
868500 107
869000 107
869500 107
870000 107
870500 107
871000 107
871500 107
872000 107
872500 107
873000 107
873500 107
874000 107
874500 107
875000 107
875500 107
876000 107
876500 107
877000 107
877500 107
878000 107
878500 107
879000 107
879500 107
880000 107
880500 107
881000 107
881500 107
882000 107
882500 107
883000 107
883500 107
884000 107
884500 107
885000 107
885500 107
886000 107
886500 107
887000 107
887500 107
888000 107
888500 107
889000 107
889500 107
890000 107
890500 107
891000 107
891500 107
892000 107
892500 107
893000 107
893500 107
894000 107
894500 107
895000 107
895500 107
896000 107
896500 107
897000 107
897500 107
898000 107
898500 107
899000 107
899500 107
900000 107
900500 107
901000 107
901500 107
902000 107
902500 107
903000 107
903500 107
904000 107
904500 107
905000 107
905500 107
906000 107
906500 107
907000 107
907500 107
908000 107
908500 107
909000 107
909500 107
910000 107
910500 107
911000 107
911500 107
912000 107
912500 107
913000 107
913500 107
914000 107
914500 107
915000 107
915500 107
916000 107
916500 107
917000 107
917500 107
918000 107
918500 107
919000 107
919500 107
920000 107
920500 107
921000 107
921500 107
922000 107
922500 107
923000 107
923500 107
924000 107
924500 107
925000 107
925500 107
926000 107
926500 107
927000 107
927500 107
928000 107
928500 107
929000 107
929500 107
930000 107
930500 107
931000 107
931500 107
932000 107
932500 107
933000 107
933500 107
934000 107
934500 107
935000 107
935500 107
936000 107
936500 107
937000 107
937500 107
938000 107
938500 107
939000 107
939500 107
940000 107
940500 107
941000 107
941500 107
942000 107
942500 107
943000 107
943500 107
944000 107
944500 107
945000 107
945500 107
946000 107
946500 107
947000 107
947500 107
948000 107
948500 107
949000 107
949500 107
950000 107
950500 107
951000 107
951500 107
952000 107
952500 107
953000 107
953500 107
954000 107
954500 107
955000 107
955500 107
956000 107
956500 107
957000 107
957500 107
958000 107
958500 107
959000 107
959500 107
960000 107
960500 107
961000 107
961500 107
962000 107
962500 107
963000 107
963500 107
964000 107
964500 107
965000 107
965500 107
966000 107
966500 107
967000 107
967500 107
968000 107
968500 107
969000 107
969500 107
970000 107
970500 107
971000 107
971500 107
972000 107
972500 107
973000 107
973500 107
974000 107
974500 107
975000 107
975500 107
976000 107
976500 107
977000 107
977500 107
978000 107
978500 107
979000 107
979500 107
980000 107
980500 107
981000 107
981500 107
982000 107
982500 107
983000 107
983500 107
984000 107
984500 107
985000 107
985500 107
986000 107
986500 107
987000 107
987500 107
988000 107
988500 107
989000 107
989500 107
990000 107
990500 107
991000 107
991500 107
992000 107
992500 107
993000 107
993500 107
994000 107
994500 107
995000 107
995500 107
996000 107
996500 107
997000 107
997500 107
998000 107
998500 107
999000 107
999500 107
1000000 107
1000500 107
1001000 107
1001500 107
1002000 107
1002500 107
1003000 107
1003500 107
1004000 107
1004500 107
1005000 107
1005500 107
1006000 107
1006500 107
1007000 107
1007500 107
1008000 107
1008500 107
1009000 107
1009500 107
1010000 107
1010500 107
1011000 107
1011500 107
1012000 107
1012500 107
1013000 107
1013500 107
1014000 107
1014500 107
1015000 107
1015500 107
1016000 107
1016500 107
1017000 107
1017500 107
1018000 107
1018500 107
1019000 107
1019500 107
1020000 107
1020500 107
1021000 107
1021500 107
1022000 107
1022500 107
1023000 107
1023500 107
1024000 107
1024500 107
1025000 107
1025500 107
1026000 107
1026500 107
1027000 107
1027500 107
1028000 107
1028500 107
1029000 107
1029500 107
1030000 107
1030500 107
1031000 107
1031500 107
1032000 107
1032500 107
1033000 107
1033500 107
1034000 107
1034500 107
1035000 107
1035500 107
1036000 107
1036500 107
1037000 107
1037500 107
1038000 107
1038500 107
1039000 107
1039500 107
1040000 107
1040500 107
1041000 107
1041500 107
1042000 107
1042500 107
1043000 107
1043500 107
1044000 107
1044500 107
1045000 107
1045500 107
1046000 107
1046500 107
1047000 107
1047500 107
1048000 107
1048500 107
1049000 107
1049500 107
1050000 107
1050500 107
1051000 107
1051500 107
1052000 107
1052500 107
1053000 107
1053500 107
1054000 107
1054500 107
1055000 107
1055500 107
1056000 107
1056500 107
1057000 107
1057500 107
1058000 107
1058500 107
1059000 107
1059500 107
1060000 107
1060500 107
1061000 107
1061500 107
1062000 107
1062500 107
1063000 107
1063500 107
1064000 107
1064500 107
1065000 107
1065500 107
1066000 107
1066500 107
1067000 107
1067500 107
1068000 107
1068500 107
1069000 107
1069500 107
1070000 107
1070500 107
1071000 107
1071500 107
1072000 107
1072500 107
1073000 107
1073500 107
1074000 107
1074500 107
1075000 107
1075500 107
1076000 107
1076500 107
1077000 107
1077500 107
1078000 107
1078500 107
1079000 107
1079500 107
1080000 107
1080500 107
1081000 107
1081500 107
1082000 107
1082500 107
1083000 107
1083500 107
1084000 107
1084500 107
1085000 107
1085500 107
1086000 107
1086500 107
1087000 107
1087500 107
1088000 107
1088500 107
1089000 107
1089500 107
1090000 107
1090500 107
1091000 107
1091500 107
1092000 107
1092500 107
1093000 107
1093500 107
1094000 107
1094500 107
1095000 107
1095500 107
1096000 107
1096500 107
1097000 107
1097500 107
1098000 107
1098500 107
1099000 107
1099500 107
1100000 107
1100500 107
1101000 107
1101500 107
1102000 107
1102500 107
1103000 107
1103500 107
1104000 107
1104500 107
1105000 107
1105500 107
1106000 107
1106500 107
1107000 107
1107500 107
1108000 107
1108500 107
1109000 107
1109500 107
1110000 107
1110500 107
1111000 107
1111500 107
1112000 107
1112500 107
1113000 107
1113500 107
1114000 107
1114500 107
1115000 107
1115500 107
1116000 107
1116500 107
1117000 107
1117500 107
1118000 107
1118500 107
1119000 107
1119500 107
1120000 107
1120500 107
1121000 107
1121500 107
1122000 107
1122500 107
1123000 107
1123500 107
1124000 107
1124500 107
1125000 107
1125500 107
1126000 107
1126500 107
1127000 107
1127500 107
1128000 107
1128500 107
1129000 107
1129500 107
1130000 107
1130500 107
1131000 107
1131500 107
1132000 107
1132500 107
1133000 107
1133500 107
1134000 107
1134500 107
1135000 107
1135500 107
1136000 107
1136500 107
1137000 107
1137500 107
1138000 107
1138500 107
1139000 107
1139500 107
1140000 107
1140500 107
1141000 107
1141500 107
1142000 107
1142500 107
1143000 107
1143500 107
1144000 107
1144500 107
1145000 107
1145500 107
1146000 107
1146500 107
1147000 107
1147500 107
1148000 107
1148500 107
1149000 107
1149500 107
1150000 107
1150500 107
1151000 107
1151500 107
1152000 107
1152500 107
1153000 107
1153500 107
1154000 107
1154500 107
1155000 107
1155500 107
1156000 107
1156500 107
1157000 107
1157500 107
1158000 107
1158500 107
1159000 107
1159500 107
1160000 107
1160500 107
1161000 107
1161500 107
1162000 107
1162500 107
1163000 107
1163500 107
1164000 107
1164500 107
1165000 107
1165500 107
1166000 107
1166500 107
1167000 107
1167500 107
1168000 107
1168500 107
1169000 107
1169500 107
1170000 107
1170500 107
1171000 107
1171500 107
1172000 107
1172500 107
1173000 107
1173500 107
1174000 107
1174500 107
1175000 107
1175500 107
1176000 107
1176500 107
1177000 107
1177500 107
1178000 107
1178500 107
1179000 107
1179500 107
1180000 107
1180500 107
1181000 107
1181500 107
1182000 107
1182500 107
1183000 107
1183500 107
1184000 107
1184500 107
1185000 107
1185500 107
1186000 107
1186500 107
1187000 107
1187500 107
1188000 107
1188500 107
1189000 107
1189500 107
1190000 107
1190500 107
1191000 107
1191500 107
1192000 107
1192500 107
1193000 107
1193500 107
1194000 107
1194500 107
1195000 107
1195500 107
1196000 107
1196500 107
1197000 107
1197500 107
1198000 107
1198500 107
1199000 107
1199500 107
1200000 107
1200500 107
1201000 107
1201500 107
1202000 107
1202500 107
1203000 107
1203500 107
1204000 107
1204500 107
1205000 107
1205500 107
1206000 107
1206500 107
1207000 107
1207500 107
1208000 107
1208500 107
1209000 107
1209500 107
1210000 107
1210500 107
1211000 107
1211500 107
1212000 107
1212500 107
1213000 107
1213500 107
1214000 107
1214500 107
1215000 107
1215500 107
1216000 107
1216500 107
1217000 107
1217500 107
1218000 107
1218500 107
1219000 107
1219500 107
1220000 107
1220500 107
1221000 107
1221500 107
1222000 107
1222500 107
1223000 107
1223500 107
1224000 107
1224500 107
1225000 107
1225500 107
1226000 107
1226500 107
1227000 107
1227500 107
1228000 107
1228500 107
1229000 107
1229500 107
1230000 107
1230500 107
1231000 107
1231500 107
1232000 107
1232500 107
1233000 107
1233500 107
1234000 107
1234500 107
1235000 107
1235500 107
1236000 107
1236500 107
1237000 107
1237500 107
1238000 107
1238500 107
1239000 107
1239500 107
1240000 107
1240500 107
1241000 107
1241500 107
1242000 107
1242500 107
1243000 107
1243500 107
1244000 107
1244500 107
1245000 107
1245500 107
1246000 107
1246500 107
1247000 107
1247500 107
1248000 107
1248500 107
1249000 107
1249500 107
1250000 107
1250500 107
1251000 107
1251500 107
1252000 107
1252500 107
1253000 107
1253500 107
1254000 107
1254500 107
1255000 107
1255500 107
1256000 107
1256500 107
1257000 107
1257500 107
1258000 107
1258500 107
1259000 107
1259500 107
1260000 107
1260500 107
1261000 107
1261500 107
1262000 107
1262500 107
1263000 107
1263500 107
1264000 107
1264500 107
1265000 107
1265500 107
1266000 107
1266500 107
1267000 107
1267500 107
1268000 107
1268500 107
1269000 107
1269500 107
1270000 107
1270500 107
1271000 107
1271500 107
1272000 107
1272500 107
1273000 107
1273500 107
1274000 107
1274500 107
1275000 107
1275500 107
1276000 107
1276500 107
1277000 107
1277500 107
1278000 107
1278500 107
1279000 107
1279500 107
1280000 107
1280500 107
1281000 107
1281500 107
1282000 107
1282500 107
1283000 107
1283500 107
1284000 107
1284500 107
1285000 107
1285500 107
1286000 107
1286500 107
1287000 107
1287500 107
1288000 107
1288500 107
1289000 107
1289500 107
1290000 107
1290500 107
1291000 107
1291500 107
1292000 107
1292500 107
1293000 107
1293500 107
1294000 107
1294500 107
1295000 107
1295500 107
1296000 107
1296500 107
1297000 107
1297500 107
1298000 107
1298500 107
1299000 107
1299500 107
1300000 107
1300500 107
1301000 107
1301500 107
1302000 107
1302500 107
1303000 107
1303500 107
1304000 107
1304500 107
1305000 107
1305500 107
1306000 107
1306500 107
1307000 107
1307500 107
1308000 107
1308500 107
1309000 107
1309500 107
1310000 107
1310500 107
1311000 107
1311500 107
1312000 107
1312500 107
1313000 107
1313500 107
1314000 107
1314500 107
1315000 107
1315500 107
1316000 107
1316500 107
1317000 107
1317500 107
1318000 107
1318500 107
1319000 107
1319500 107
1320000 107
1320500 107
1321000 107
1321500 107
1322000 107
1322500 107
1323000 107
1323500 107
1324000 107
1324500 107
1325000 107
1325500 107
1326000 107
1326500 107
1327000 107
1327500 107
1328000 107
1328500 107
1329000 107
1329500 107
1330000 107
1330500 107
1331000 107
1331500 107
1332000 107
1332500 107
1333000 107
1333500 107
1334000 107
1334500 107
1335000 107
1335500 107
1336000 107
1336500 107
1337000 107
1337500 107
1338000 107
1338500 107
1339000 107
1339500 107
1340000 107
1340500 107
1341000 107
1341500 107
1342000 107
1342500 107
1343000 107
1343500 107
1344000 107
1344500 107
1345000 107
1345500 107
1346000 107
1346500 107
1347000 107
1347500 107
1348000 107
1348500 107
1349000 107
1349500 107
1350000 107
1350500 107
1351000 107
1351500 107
1352000 107
1352500 107
1353000 107
1353500 107
1354000 107
1354500 107
1355000 107
1355500 107
1356000 107
1356500 107
1357000 107
1357500 107
1358000 107
1358500 107
1359000 107
1359500 107
1360000 107
1360500 107
1361000 107
1361500 107
1362000 107
1362500 107
1363000 107
1363500 107
1364000 107
1364500 107
1365000 107
1365500 107
1366000 107
1366500 107
1367000 107
1367500 107
1368000 107
1368500 107
1369000 107
1369500 107
1370000 107
1370500 107
1371000 107
1371500 107
1372000 107
1372500 107
1373000 107
1373500 107
1374000 107
1374500 107
1375000 107
1375500 107
1376000 107
1376500 107
1377000 107
1377500 107
1378000 107
1378500 107
1379000 107
1379500 107
1380000 107
1380500 107
1381000 107
1381500 107
1382000 107
1382500 107
1383000 107
1383500 107
1384000 107
1384500 107
1385000 107
1385500 107
1386000 107
1386500 107
1387000 107
1387500 107
1388000 107
1388500 107
1389000 107
1389500 107
1390000 107
1390500 107
1391000 107
1391500 107
1392000 107
1392500 107
1393000 107
1393500 107
1394000 107
1394500 107
1395000 107
1395500 107
1396000 107
1396500 107
1397000 107
1397500 107
1398000 107
1398500 107
1399000 107
1399500 107
1400000 107
1400500 107
1401000 107
1401500 107
1402000 107
1402500 107
1403000 107
1403500 107
1404000 107
1404500 107
1405000 107
1405500 107
1406000 107
1406500 107
1407000 107
1407500 107
1408000 107
1408500 107
1409000 107
1409500 107
1410000 107
1410500 107
1411000 107
1411500 107
1412000 107
1412500 107
1413000 107
1413500 107
1414000 107
1414500 107
1415000 107
1415500 107
1416000 107
1416500 107
1417000 107
1417500 107
1418000 107
1418500 107
1419000 107
1419500 107
1420000 107
1420500 107
1421000 107
1421500 107
1422000 107
1422500 107
1423000 107
1423500 107
1424000 107
1424500 107
1425000 107
1425500 107
1426000 107
1426500 107
1427000 107
1427500 107
1428000 107
1428500 107
1429000 107
1429500 107
1430000 107
1430500 107
1431000 107
1431500 107
1432000 107
1432500 107
1433000 107
1433500 107
1434000 107
1434500 107
1435000 107
1435500 107
1436000 107
1436500 107
1437000 107
1437500 107
1438000 107
1438500 107
1439000 107
1439500 107
1440000 107
1440500 107
1441000 107
1441500 107
1442000 107
1442500 107
1443000 107
1443500 107
1444000 107
1444500 107
1445000 107
1445500 107
1446000 107
1446500 107
1447000 107
1447500 107
1448000 107
1448500 107
1449000 107
1449500 107
1450000 107
1450500 107
1451000 107
1451500 107
1452000 107
1452500 107
1453000 107
1453500 107
1454000 107
1454500 107
1455000 107
1455500 107
1456000 107
1456500 107
1457000 107
1457500 107
1458000 107
1458500 107
1459000 107
1459500 107
1460000 107
1460500 107
1461000 107
1461500 107
1462000 107
1462500 107
1463000 107
1463500 107
1464000 107
1464500 107
1465000 107
1465500 107
1466000 107
1466500 107
1467000 107
1467500 107
1468000 107
1468500 107
1469000 107
1469500 107
1470000 107
1470500 107
1471000 107
1471500 107
1472000 107
1472500 107
1473000 107
1473500 107
1474000 107
1474500 107
1475000 107
1475500 107
1476000 107
1476500 107
1477000 107
1477500 107
1478000 107
1478500 107
1479000 107
1479500 107
1480000 107
1480500 107
1481000 107
1481500 107
1482000 107
1482500 107
1483000 107
1483500 107
1484000 107
1484500 107
1485000 107
1485500 107
1486000 107
1486500 107
1487000 107
1487500 107
1488000 107
1488500 107
1489000 107
1489500 107
1490000 107
1490500 107
1491000 107
1491500 107
1492000 107
1492500 107
1493000 107
1493500 107
1494000 107
1494500 107
1495000 107
1495500 107
1496000 107
1496500 107
1497000 107
1497500 107
1498000 107
1498500 107
1499000 107
1499500 107
1500000 107
1500500 107
1501000 107
1501500 107
1502000 107
1502500 107
1503000 107
1503500 107
1504000 107
1504500 107
1505000 107
1505500 107
1506000 107
1506500 107
1507000 107
1507500 107
1508000 107
1508500 107
1509000 107
1509500 107
1510000 107
1510500 107
1511000 107
1511500 107
1512000 107
1512500 107
1513000 107
1513500 107
1514000 107
1514500 107
1515000 107
1515500 107
1516000 107
1516500 107
1517000 107
1517500 107
1518000 107
1518500 107
1519000 107
1519500 107
1520000 107
1520500 107
1521000 107
1521500 107
1522000 107
1522500 107
1523000 107
1523500 107
1524000 107
1524500 107
1525000 107
1525500 107
1526000 107
1526500 107
1527000 107
1527500 107
1528000 107
1528500 107
1529000 107
1529500 107
1530000 107
1530500 107
1531000 107
1531500 107
1532000 107
1532500 107
1533000 107
1533500 107
1534000 107
1534500 107
1535000 107
1535500 107
1536000 107
1536500 107
1537000 107
1537500 107
1538000 107
1538500 107
1539000 107
1539500 107
1540000 107
1540500 107
1541000 107
1541500 107
1542000 107
1542500 107
1543000 107
1543500 107
1544000 107
1544500 107
1545000 107
1545500 107
1546000 107
1546500 107
1547000 107
1547500 107
1548000 107
1548500 107
1549000 107
1549500 107
1550000 107
1550500 107
1551000 107
1551500 107
1552000 107
1552500 107
1553000 107
1553500 107
1554000 107
1554500 107
1555000 107
1555500 107
1556000 107
1556500 107
1557000 107
1557500 107
1558000 107
1558500 107
1559000 107
1559500 107
1560000 107
1560500 107
1561000 107
1561500 107
1562000 107
1562500 107
1563000 107
1563500 107
1564000 107
1564500 107
1565000 107
1565500 107
1566000 107
1566500 107
1567000 107
1567500 107
1568000 107
1568500 107
1569000 107
1569500 107
1570000 107
1570500 107
1571000 107
1571500 107
1572000 107
1572500 107
1573000 107
1573500 107
1574000 107
1574500 107
1575000 107
1575500 107
1576000 107
1576500 107
1577000 107
1577500 107
1578000 107
1578500 107
1579000 107
1579500 107
1580000 107
1580500 107
1581000 107
1581500 107
1582000 107
1582500 107
1583000 107
1583500 107
1584000 107
1584500 107
1585000 107
1585500 107
1586000 107
1586500 107
1587000 107
1587500 107
1588000 107
1588500 107
1589000 107
1589500 107
1590000 107
1590500 107
1591000 107
1591500 107
1592000 107
1592500 107
1593000 107
1593500 107
1594000 107
1594500 107
1595000 107
1595500 107
1596000 107
1596500 107
1597000 107
1597500 107
1598000 107
1598500 107
1599000 107
1599500 107
1600000 107
1600500 107
1601000 107
1601500 107
1602000 107
1602500 107
1603000 107
1603500 107
1604000 107
1604500 107
1605000 107
1605500 107
1606000 107
1606500 107
1607000 107
1607500 107
1608000 107
1608500 107
1609000 107
1609500 107
1610000 107
1610500 107
1611000 107
1611500 107
1612000 107
1612500 107
1613000 107
1613500 107
1614000 107
1614500 107
1615000 107
1615500 107
1616000 107
1616500 107
1617000 107
1617500 107
1618000 107
1618500 107
1619000 107
1619500 107
1620000 107
1620500 107
1621000 107
1621500 107
1622000 107
1622500 107
1623000 107
1623500 107
1624000 107
1624500 107
1625000 107
1625500 107
1626000 107
1626500 107
1627000 107
1627500 107
1628000 107
1628500 107
1629000 107
1629500 107
1630000 107
1630500 107
1631000 107
1631500 107
1632000 107
1632500 107
1633000 107
1633500 107
1634000 107
1634500 107
1635000 107
1635500 107
1636000 107
1636500 107
1637000 107
1637500 107
1638000 107
1638500 107
1639000 107
1639500 107
1640000 107
1640500 107
1641000 107
1641500 107
1642000 107
1642500 107
1643000 107
1643500 107
1644000 107
1644500 107
1645000 107
1645500 107
1646000 107
1646500 107
1647000 107
1647500 107
1648000 107
1648500 107
1649000 107
1649500 107
1650000 107
1650500 107
1651000 107
1651500 107
1652000 107
1652500 107
1653000 107
1653500 107
1654000 107
1654500 107
1655000 107
1655500 107
1656000 107
1656500 107
1657000 107
1657500 107
1658000 107
1658500 107
1659000 107
1659500 107
1660000 107
1660500 107
1661000 107
1661500 107
1662000 107
1662500 107
1663000 107
1663500 107
1664000 107
1664500 107
1665000 107
1665500 107
1666000 107
1666500 107
1667000 107
1667500 107
1668000 107
1668500 107
1669000 107
1669500 107
1670000 107
1670500 107
1671000 107
1671500 107
1672000 107
1672500 107
1673000 107
1673500 107
1674000 107
1674500 107
1675000 107
1675500 107
1676000 107
1676500 107
1677000 107
1677500 107
1678000 107
1678500 107
1679000 107
1679500 107
1680000 107
1680500 107
1681000 107
1681500 107
1682000 107
1682500 107
1683000 107
1683500 107
1684000 107
1684500 107
1685000 107
1685500 107
1686000 107
1686500 107
1687000 107
1687500 107
1688000 107
1688500 107
1689000 107
1689500 107
1690000 107
1690500 107
1691000 107
1691500 107
1692000 107
1692500 107
1693000 107
1693500 107
1694000 107
1694500 107
1695000 107
1695500 107
1696000 107
1696500 107
1697000 107
1697500 107
1698000 107
1698500 107
1699000 107
1699500 107
1700000 107
1700500 107
1701000 107
1701500 107
1702000 107
1702500 107
1703000 107
1703500 107
1704000 107
1704500 107
1705000 107
1705500 107
1706000 107
1706500 107
1707000 107
1707500 107
1708000 107
1708500 107
1709000 107
1709500 107
1710000 107
1710500 107
1711000 107
1711500 107
1712000 107
1712500 107
1713000 107
1713500 107
1714000 107
1714500 107
1715000 107
1715500 107
1716000 107
1716500 107
