200 153
400 149
600 165
800 126
1000 147
1200 140
1400 145
1600 142
1800 149
2000 154
2200 159
2400 146
2600 162
2800 159
3000 146
3200 168
3400 170
3600 161
3800 160
4000 157
4200 145
4400 148
4600 154
4800 155
5000 147
5200 165
5400 142
5600 121
5800 156
6000 131
6200 144
6400 137
6600 152
6800 154
7000 172
7200 144
7400 150
7600 161
7800 155
8000 134
8200 130
8400 154
8600 159
8800 146
9000 160
9200 156
9400 145
9600 161
9800 169
10000 166
10200 172
10400 163
10600 141
10800 151
11000 128
11200 148
11400 140
11600 160
11800 159
12000 142
12200 170
12400 127
12600 156
12800 129
13000 142
13200 155
13400 139
13600 156
13800 161
14000 156
14200 169
14400 148
14600 176
14800 142
15000 160
15200 144
15400 136
15600 160
15800 164
16000 147
16200 142
16400 147
16600 150
16800 139
17000 167
17200 143
17400 148
17600 154
17800 150
18000 153
18200 158
18400 160
18600 157
18800 147
19000 146
19200 146
19400 147
19600 152
19800 167
20000 155
20200 136
20400 161
20600 162
20800 148
21000 160
21200 133
21400 156
21600 142
21800 150
22000 150
22200 151
22400 172
22600 173
22800 160
23000 174
23200 135
23400 156
23600 138
23800 153
24000 140
24200 142
24400 168
24600 147
24800 146
25000 148
25200 127
25400 151
25600 167
25800 158
26000 146
26200 144
26400 158
26600 147
26800 160
27000 142
27200 145
27400 153
27600 133
27800 137
28000 134
28200 162
28400 148
28600 135
28800 143
29000 161
29200 160
29400 123
29600 137
29800 152
30000 128
30200 149
30400 146
30600 148
30800 136
31000 146
31200 146
31400 161
31600 135
31800 140
32000 151
32200 154
32400 154
32600 173
32800 140
33000 169
33200 150
33400 135
33600 142
33800 159
34000 154
34200 157
34400 169
34600 144
34800 155
35000 131
35200 141
35400 142
35600 137
35800 158
36000 170
36200 153
36400 159
36600 144
36800 148
37000 152
37200 141
37400 162
37600 159
37800 146
38000 154
38200 148
38400 139
38600 171
38800 155
39000 151
39200 150
39400 168
39600 151
39800 144
40000 149
40200 157
40400 142
40600 145
40800 141
41000 146
41200 140
41400 154
41600 150
41800 145
42000 139
42200 162
42400 139
42600 140
42800 139
43000 154
43200 147
43400 149
43600 177
43800 147
44000 143
44200 158
44400 160
44600 157
44800 165
45000 143
45200 169
45400 165
45600 154
45800 170
46000 171
46200 151
46400 150
46600 153
46800 146
47000 159
47200 164
47400 157
47600 149
47800 156
48000 162
48200 157
48400 152
48600 158
48800 154
49000 150
49200 144
49400 134
49600 144
49800 162
50000 152
50200 137
50400 134
50600 144
50800 145
51000 167
51200 156
51400 137
51600 151
51800 157
52000 169
52200 136
52400 132
52600 162
52800 166
53000 162
53200 160
53400 156
53600 134
53800 129
54000 140
54200 153
54400 162
54600 155
54800 133
55000 172
55200 152
55400 150
55600 143
55800 140
56000 152
56200 142
56400 136
56600 149
56800 170
57000 143
57200 171
57400 180
57600 148
57800 152
58000 149
58200 135
58400 159
58600 149
58800 162
59000 156
59200 152
59400 153
59600 159
59800 162
60000 147
60200 141
60400 138
60600 144
60800 162
61000 158
61200 155
61400 156
61600 150
61800 160
62000 136
62200 145
62400 152
62600 158
62800 150
63000 161
63200 124
63400 155
63600 152
63800 165
64000 151
64200 171
64400 132
64600 144
64800 138
65000 152
65200 160
65400 153
65600 155
65800 143
66000 130
66200 148
66400 139
66600 145
66800 143
67000 139
67200 152
67400 157
67600 143
67800 167
68000 137
68200 165
68400 148
68600 149
68800 153
69000 142
69200 146
69400 132
69600 159
69800 146
70000 150
70200 162
70400 155
70600 150
70800 154
71000 136
71200 149
71400 160
71600 160
71800 163
72000 150
72200 156
72400 168
72600 134
72800 150
73000 162
73200 156
73400 159
73600 147
73800 146
74000 143
74200 151
74400 144
74600 156
74800 158
75000 138
75200 145
75400 133
75600 151
75800 146
76000 135
76200 167
76400 137
76600 136
76800 167
77000 148
77200 168
77400 142
77600 168
77800 168
78000 154
78200 163
78400 168
78600 142
78800 141
79000 159
79200 145
79400 149
79600 154
79800 157
80000 164
80200 167
80400 153
80600 170
80800 163
81000 156
81200 136
81400 136
81600 151
81800 128
82000 147
82200 149
82400 146
82600 150
82800 171
83000 151
83200 144
83400 157
83600 153
83800 176
84000 151
84200 143
84400 120
84600 146
84800 174
85000 154
85200 166
85400 145
85600 154
85800 150
86000 147
86200 141
86400 148
86600 156
86800 122
87000 137
87200 160
87400 138
87600 152
87800 149
88000 155
88200 167
88400 168
88600 147
88800 148
89000 144
89200 143
89400 123
89600 156
89800 142
90000 160
90200 147
90400 135
90600 154
90800 149
91000 160
91200 159
91400 149
91600 151
91800 134
92000 145
92200 182
92400 146
92600 166
92800 149
93000 152
93200 169
93400 133
93600 151
93800 139
94000 161
94200 133
94400 172
94600 144
94800 167
95000 159
95200 149
95400 157
95600 145
95800 154
96000 158
96200 160
96400 157
96600 148
96800 148
97000 142
97200 149
97400 156
97600 144
97800 154
98000 165
98200 163
98400 137
98600 151
98800 142
99000 145
99200 143
99400 160
99600 169
99800 144
100000 151
100200 164
100400 143
100600 157
100800 162
101000 148
101200 156
101400 160
101600 150
101800 155
102000 137
102200 146
102400 157
102600 170
102800 132
103000 152
103200 153
103400 142
103600 130
103800 154
104000 143
104200 132
104400 132
104600 157
104800 139
105000 161
105200 151
105400 141
105600 156
105800 161
106000 165
106200 139
106400 142
106600 165
106800 153
107000 164
107200 141
107400 150
107600 139
107800 168
108000 158
108200 132
108400 167
108600 161
108800 137
109000 142
109200 132
109400 163
109600 150
109800 155
110000 139
110200 129
110400 161
110600 144
110800 160
111000 141
111200 155
111400 150
111600 142
111800 152
112000 152
112200 154
112400 127
112600 155
112800 155
113000 154
113200 165
113400 153
113600 134
113800 154
114000 149
114200 117
114400 158
114600 139
114800 155
115000 155
115200 151
115400 152
115600 115
115800 150
116000 166
116200 139
116400 149
116600 144
116800 157
117000 163
117200 172
117400 140
117600 152
117800 145
118000 151
118200 156
118400 141
118600 164
118800 140
119000 155
119200 165
119400 131
119600 142
119800 131
120000 144
120200 146
120400 173
120600 159
120800 140
121000 165
121200 152
121400 158
121600 166
121800 153
122000 153
122200 136
122400 154
122600 160
122800 159
123000 139
123200 171
123400 147
123600 157
123800 152
124000 147
124200 144
124400 151
124600 161
124800 153
125000 142
125200 145
125400 156
125600 150
125800 144
126000 143
126200 155
126400 150
126600 153
126800 137
127000 159
127200 158
127400 152
127600 143
127800 144
128000 139
128200 151
128400 149
128600 143
128800 145
129000 140
129200 137
129400 150
129600 134
129800 152
130000 147
130200 155
130400 148
130600 153
130800 162
131000 157
131200 163
131400 153
131600 156
131800 158
132000 150
132200 154
132400 185
132600 131
132800 145
133000 156
133200 144
133400 153
133600 152
133800 150
134000 149
134200 171
134400 141
134600 135
134800 147
135000 160
135200 151
135400 152
135600 163
135800 163
136000 149
136200 157
136400 146
136600 141
136800 154
137000 148
137200 169
137400 165
137600 144
137800 168
138000 147
138200 156
138400 152
138600 130
138800 147
139000 160
139200 145
139400 151
139600 127
139800 149
140000 172
140200 141
140400 147
140600 142
140800 143
141000 151
141200 122
141400 160
141600 156
141800 165
142000 144
142200 158
142400 149
142600 151
142800 156
143000 153
143200 154
143400 149
143600 153
143800 121
144000 162
144200 148
144400 163
144600 155
144800 155
145000 151
145200 145
145400 151
145600 133
145800 143
146000 149
146200 134
146400 164
146600 143
146800 139
147000 145
147200 163
147400 149
147600 149
147800 139
148000 153
148200 143
148400 152
148600 144
148800 161
149000 151
149200 158
149400 147
149600 154
149800 172
150000 152
150200 159
150400 135
150600 144
150800 157
151000 148
151200 152
151400 143
151600 140
151800 163
152000 158
152200 136
152400 162
152600 157
152800 122
153000 129
153200 169
153400 152
153600 151
153800 160
154000 150
154200 139
154400 159
154600 153
154800 171
155000 152
155200 151
155400 140
155600 132
155800 152
156000 156
156200 147
156400 175
156600 148
156800 161
157000 150
157200 147
157400 148
157600 165
157800 159
158000 146
158200 155
158400 170
158600 152
158800 153
159000 147
159200 127
159400 155
159600 145
159800 140
160000 150
160200 154
160400 151
160600 152
160800 143
161000 151
161200 146
161400 140
161600 142
161800 145
162000 161
162200 149
162400 152
162600 153
162800 161
163000 166
163200 119
163400 168
163600 153
163800 138
164000 139
164200 140
164400 169
164600 159
164800 135
165000 158
165200 150
165400 150
165600 136
165800 130
166000 165
166200 146
166400 153
166600 161
166800 140
167000 129
167200 156
167400 164
167600 148
167800 158
168000 148
168200 156
168400 122
168600 152
168800 124
169000 154
169200 158
169400 122
169600 158
169800 148
170000 153
170200 163
170400 154
170600 152
170800 137
171000 172
171200 140
171400 136
171600 139
171800 175
172000 162
172200 163
172400 145
172600 169
172800 158
173000 147
173200 163
173400 122
173600 157
173800 160
174000 161
174200 157
174400 156
174600 151
174800 161
175000 159
175200 161
175400 150
175600 163
175800 137
176000 142
176200 146
176400 156
176600 172
176800 145
177000 149
177200 135
177400 157
177600 158
177800 142
178000 146
178200 141
178400 139
178600 138
178800 132
179000 152
179200 150
179400 162
179600 157
179800 156
180000 139
180200 149
180400 139
180600 161
180800 143
181000 142
181200 131
181400 147
181600 148
181800 163
182000 162
182200 168
182400 154
182600 157
182800 166
183000 142
183200 130
183400 158
183600 171
183800 161
184000 170
184200 134
184400 125
184600 133
184800 149
185000 153
185200 137
185400 153
185600 150
185800 123
186000 141
186200 150
186400 140
186600 161
186800 146
187000 148
187200 153
187400 161
187600 167
187800 151
188000 152
188200 154
188400 161
188600 156
188800 168
189000 137
189200 156
189400 145
189600 164
189800 151
190000 139
190200 138
190400 157
190600 159
190800 135
191000 153
191200 134
191400 133
191600 159
191800 152
192000 131
192200 161
192400 133
192600 140
192800 145
193000 149
193200 143
193400 159
193600 159
193800 147
194000 150
194200 152
194400 155
194600 154
194800 152
195000 148
195200 162
195400 150
195600 145
195800 123
196000 145
196200 158
196400 149
196600 161
196800 136
197000 138
197200 150
197400 159
197600 155
197800 169
198000 152
198200 160
198400 164
198600 131
198800 135
199000 160
199200 145
199400 145
199600 120
199800 145
200000 134
200200 162
200400 165
200600 131
200800 160
201000 157
201200 150
201400 146
201600 163
201800 144
202000 165
202200 160
202400 141
202600 153
202800 155
203000 151
203200 142
203400 168
203600 147
203800 164
204000 151
204200 162
204400 147
204600 136
204800 157
205000 133
205200 163
205400 141
205600 154
205800 136
206000 139
206200 142
206400 167
206600 139
206800 163
207000 166
207200 142
207400 157
207600 153
207800 163
208000 142
208200 151
208400 161
208600 142
208800 147
209000 146
209200 139
209400 148
209600 140
209800 137
210000 154
210200 163
210400 150
210600 148
210800 148
211000 156
211200 150
211400 154
211600 165
211800 147
212000 153
212200 149
212400 130
212600 147
212800 151
213000 146
213200 144
213400 151
213600 165
213800 154
214000 170
214200 153
214400 160
214600 135
214800 153
215000 142
215200 139
215400 164
215600 146
215800 153
216000 148
216200 158
216400 148
216600 151
216800 155
217000 137
217200 169
217400 128
217600 174
217800 166
218000 152
218200 150
218400 132
218600 141
218800 163
219000 147
219200 147
219400 170
219600 155
219800 127
220000 145
220200 151
220400 128
220600 135
220800 141
221000 140
221200 160
221400 150
221600 155
221800 148
222000 134
222200 173
222400 147
222600 140
222800 154
223000 167
223200 160
223400 144
223600 151
223800 143
224000 180
224200 148
224400 159
224600 150
224800 167
225000 145
225200 148
225400 155
225600 135
225800 148
226000 141
226200 143
226400 147
226600 164
226800 157
227000 137
227200 155
227400 170
227600 149
227800 134
228000 150
228200 154
228400 154
228600 150
228800 149
229000 141
229200 136
229400 161
229600 154
229800 128
230000 150
230200 152
230400 121
230600 162
230800 149
231000 145
231200 162
231400 178
231600 140
231800 161
232000 149
232200 136
232400 154
232600 176
232800 175
233000 141
233200 122
233400 150
233600 149
233800 158
234000 154
234200 146
234400 162
234600 159
234800 156
235000 146
235200 149
235400 150
235600 135
235800 150
236000 158
236200 169
236400 169
236600 136
236800 176
237000 158
237200 149
237400 161
237600 150
237800 151
238000 125
238200 137
238400 145
238600 146
238800 152
239000 149
239200 124
239400 145
239600 167
239800 147
240000 166
240200 155
240400 152
240600 163
240800 163
241000 121
241200 152
241400 159
241600 137
241800 135
242000 145
242200 150
242400 156
242600 161
242800 160
243000 144
243200 159
243400 148
243600 131
243800 152
244000 143
244200 139
244400 177
244600 163
244800 131
245000 153
245200 155
245400 136
245600 161
245800 134
246000 155
246200 161
246400 157
246600 160
246800 145
247000 144
247200 150
247400 168
247600 170
247800 162
248000 139
248200 135
248400 148
248600 145
248800 144
249000 152
249200 128
249400 176
249600 157
249800 145
250000 141
250200 139
250400 144
250600 138
250800 139
251000 148
251200 149
251400 152
251600 140
251800 159
252000 158
252200 153
252400 145
252600 152
252800 154
253000 157
253200 127
253400 159
253600 143
253800 168
254000 142
254200 152
254400 170
254600 147
254800 138
255000 150
255200 138
255400 155
255600 145
255800 146
256000 156
256200 150
256400 152
256600 145
256800 166
257000 139
257200 155
257400 145
257600 142
257800 164
258000 156
258200 172
258400 151
258600 147
258800 161
259000 150
259200 149
259400 143
259600 139
259800 165
260000 158
260200 129
260400 146
260600 149
260800 167
261000 166
261200 125
261400 161
261600 145
261800 142
262000 135
262200 143
262400 151
262600 155
262800 141
263000 152
263200 133
263400 149
263600 150
263800 140
264000 148
264200 158
264400 158
264600 131
264800 151
265000 142
265200 152
265400 148
265600 166
265800 145
266000 157
266200 165
266400 160
266600 148
266800 154
267000 131
267200 153
267400 137
267600 142
267800 150
268000 130
268200 127
268400 142
268600 145
268800 133
269000 156
269200 152
269400 140
269600 142
269800 138
270000 145
270200 138
270400 142
270600 147
270800 140
271000 157
271200 159
271400 139
271600 150
271800 148
272000 151
272200 176
272400 160
272600 171
272800 146
273000 157
273200 153
273400 141
273600 167
273800 133
274000 174
274200 150
274400 144
274600 148
274800 133
275000 131
275200 152
275400 158
275600 152
275800 156
276000 145
276200 163
276400 158
276600 157
276800 154
277000 121
277200 148
277400 157
277600 143
277800 144
278000 151
278200 162
278400 143
278600 170
278800 156
279000 167
279200 154
279400 145
279600 139
279800 132
280000 149
280200 163
280400 138
280600 148
280800 122
281000 130
281200 159
281400 123
281600 171
281800 137
282000 170
282200 141
282400 159
282600 158
282800 164
283000 144
283200 166
283400 145
283600 151
283800 165
284000 163
284200 148
284400 160
284600 140
284800 146
285000 163
285200 158
285400 161
285600 156
285800 154
286000 167
286200 144
286400 160
286600 162
286800 157
287000 139
287200 158
287400 141
287600 144
287800 161
288000 134
288200 153
288400 164
288600 139
288800 173
289000 147
289200 144
289400 143
289600 134
289800 144
290000 153
290200 150
290400 132
290600 164
290800 147
291000 159
291200 149
291400 162
291600 167
291800 141
292000 142
292200 161
292400 152
292600 152
292800 167
293000 132
293200 159
293400 155
293600 138
293800 148
294000 152
294200 160
294400 126
294600 150
294800 153
295000 136
295200 153
295400 149
295600 159
295800 163
296000 148
296200 162
296400 135
296600 149
296800 146
297000 155
297200 160
297400 155
297600 155
297800 157
298000 157
298200 151
298400 138
298600 162
298800 133
299000 161
299200 159
299400 156
299600 140
299800 147
300000 154
300200 159
300400 141
300600 156
300800 139
301000 170
301200 150
301400 150
301600 152
301800 132
302000 140
302200 180
302400 151
302600 143
302800 165
303000 137
303200 162
303400 133
303600 167
303800 146
304000 155
304200 156
304400 149
304600 159
304800 153
305000 148
305200 136
305400 162
305600 151
305800 141
306000 162
306200 149
306400 145
306600 152
306800 149
307000 145
307200 146
307400 146
307600 134
307800 147
308000 169
308200 163
308400 152
308600 153
308800 151
309000 139
309200 153
309400 168
309600 149
309800 151
310000 143
310200 156
310400 153
310600 160
310800 176
311000 144
311200 148
311400 169
311600 150
311800 138
312000 148
312200 144
312400 143
312600 141
312800 151
313000 138
313200 161
313400 145
313600 148
313800 166
314000 144
314200 137
314400 141
314600 162
314800 147
315000 159
315200 140
315400 179
315600 143
315800 155
316000 148
316200 143
316400 133
316600 148
316800 134
317000 159
317200 162
317400 160
317600 157
317800 150
318000 136
318200 157
318400 158
318600 137
318800 148
319000 148
319200 132
319400 131
319600 156
319800 158
320000 158
320200 141
320400 173
320600 152
320800 153
321000 165
321200 144
321400 157
321600 170
321800 165
322000 175
322200 152
322400 153
322600 168
322800 136
323000 158
323200 159
323400 146
323600 147
323800 162
324000 162
324200 147
324400 138
324600 165
324800 151
325000 176
325200 168
325400 152
325600 149
325800 149
326000 139
326200 134
326400 138
326600 159
326800 160
327000 149
327200 151
327400 153
327600 139
327800 154
328000 147
328200 147
328400 129
328600 159
328800 143
329000 156
329200 146
329400 144
329600 136
329800 142
330000 146
330200 138
330400 133
330600 147
330800 160
331000 157
331200 150
331400 132
331600 150
331800 141
332000 165
332200 151
332400 127
332600 157
332800 140
333000 130
333200 151
333400 137
333600 153
333800 170
334000 154
334200 168
334400 148
334600 171
334800 160
335000 135
335200 145
335400 146
335600 142
335800 157
336000 168
336200 152
336400 151
336600 163
336800 162
337000 151
337200 148
337400 139
337600 141
337800 119
338000 143
338200 160
338400 169
338600 154
338800 120
339000 124
339200 148
339400 151
339600 137
339800 154
340000 146
340200 155
340400 171
340600 167
340800 143
341000 139
341200 131
341400 130
341600 143
341800 160
342000 162
342200 139
342400 144
342600 161
342800 143
343000 157
343200 159
343400 147
343600 149
343800 155
344000 156
344200 166
344400 159
344600 160
344800 155
345000 146
345200 164
345400 139
345600 143
345800 140
346000 138
346200 162
346400 141
346600 158
346800 142
347000 146
347200 158
347400 150
347600 160
347800 154
348000 162
348200 154
348400 119
348600 136
348800 163
349000 135
349200 141
349400 169
349600 157
349800 152
350000 155
350200 156
350400 152
350600 127
350800 164
351000 113
351200 153
351400 150
351600 168
351800 171
352000 132
352200 144
352400 171
352600 180
352800 157
353000 146
353200 139
353400 145
353600 152
353800 137
354000 137
354200 141
354400 130
354600 157
354800 129
355000 139
355200 147
355400 156
355600 149
355800 145
356000 172
356200 157
356400 158
356600 138
356800 144
357000 148
357200 158
357400 142
357600 130
357800 155
358000 132
358200 151
358400 145
358600 150
358800 156
359000 159
359200 147
359400 155
359600 162
359800 142
360000 155
360200 158
360400 151
360600 154
360800 169
361000 148
361200 160
361400 159
361600 130
361800 145
362000 150
362200 168
362400 180
362600 153
362800 152
363000 165
363200 138
363400 140
363600 141
363800 138
364000 159
364200 155
364400 143
364600 157
364800 153
365000 133
365200 147
365400 150
365600 157
365800 166
366000 147
366200 165
366400 150
366600 157
366800 147
367000 141
367200 161
367400 145
367600 144
367800 142
368000 156
368200 166
368400 147
368600 146
368800 150
369000 151
369200 147
369400 155
369600 130
369800 149
370000 153
370200 141
370400 153
370600 137
370800 141
371000 142
371200 138
371400 158
371600 168
371800 156
372000 143
372200 168
372400 142
372600 166
372800 158
373000 144
373200 149
373400 156
373600 161
373800 160
374000 157
374200 158
374400 132
374600 146
374800 134
375000 153
375200 146
375400 147
375600 139
375800 159
376000 162
376200 148
376400 131
376600 154
376800 148
377000 154
377200 153
377400 137
377600 167
377800 157
378000 173
378200 152
378400 143
378600 140
378800 149
379000 155
379200 154
379400 159
379600 160
379800 160
380000 136
380200 169
380400 158
380600 160
380800 170
381000 145
381200 151
381400 154
381600 149
381800 149
382000 136
382200 146
382400 153
382600 138
382800 145
383000 137
383200 159
383400 144
383600 154
383800 151
384000 156
384200 152
384400 155
384600 144
384800 148
385000 146
385200 156
385400 157
385600 128
385800 138
386000 156
386200 150
386400 153
386600 149
386800 156
387000 157
387200 158
387400 155
387600 163
387800 140
388000 161
388200 153
388400 153
388600 140
388800 137
389000 155
389200 148
389400 156
389600 136
389800 134
390000 148
390200 153
390400 157
390600 137
390800 161
391000 139
391200 152
391400 154
391600 149
391800 143
392000 146
392200 165
392400 139
392600 141
392800 148
393000 140
393200 138
393400 144
393600 160
393800 153
394000 143
394200 148
394400 170
394600 132
394800 159
395000 142
395200 144
395400 162
395600 150
395800 151
396000 130
396200 162
396400 141
396600 155
396800 132
397000 154
397200 158
397400 153
397600 140
397800 146
398000 147
398200 170
398400 143
398600 163
398800 154
399000 153
399200 155
399400 155
399600 144
399800 148
400000 148
400200 156
400400 125
400600 146
400800 139
401000 161
401200 122
401400 162
401600 147
401800 148
402000 163
402200 146
402400 152
402600 140
402800 145
403000 157
403200 170
403400 156
403600 141
403800 159
404000 140
404200 139
404400 167
404600 147
404800 149
405000 164
405200 159
405400 153
405600 159
405800 162
406000 168
406200 159
406400 166
406600 153
406800 149
407000 156
407200 153
407400 155
407600 159
407800 143
408000 148
408200 168
408400 152
408600 151
408800 152
409000 149
409200 157
409400 136
409600 155
409800 155
410000 143
410200 155
410400 146
410600 150
410800 148
411000 140
411200 150
411400 154
411600 153
411800 162
412000 155
412200 133
412400 153
412600 139
412800 141
413000 134
413200 126
413400 170
413600 144
413800 162
414000 158
414200 159
414400 142
414600 152
414800 147
415000 158
415200 160
415400 145
415600 152
415800 155
416000 143
416200 123
416400 165
416600 152
416800 146
417000 145
417200 151
417400 159
417600 142
417800 147
418000 129
418200 161
418400 147
418600 151
418800 141
419000 147
419200 157
419400 157
419600 160
419800 147
420000 167
420200 154
420400 152
420600 159
420800 145
421000 152
421200 147
421400 143
421600 138
421800 147
422000 130
422200 146
422400 162
422600 140
422800 142
423000 157
423200 132
423400 140
423600 160
423800 148
424000 155
424200 170
424400 134
424600 172
424800 151
425000 143
425200 150
425400 142
425600 146
425800 143
426000 150
426200 145
426400 146
426600 163
426800 171
427000 146
427200 149
427400 148
427600 138
427800 148
428000 169
428200 154
428400 167
428600 156
428800 137
429000 151
429200 147
429400 160
429600 132
429800 147
430000 149
430200 146
430400 142
430600 154
430800 164
431000 150
431200 164
431400 166
431600 160
431800 151
432000 149
432200 161
432400 143
432600 150
432800 158
433000 159
433200 149
433400 154
433600 173
433800 160
434000 175
434200 160
434400 130
434600 142
434800 158
435000 150
435200 163
435400 155
435600 160
435800 160
436000 122
436200 149
436400 155
436600 159
436800 168
437000 154
437200 149
437400 151
437600 150
437800 150
438000 151
438200 155
438400 158
438600 158
438800 167
439000 135
439200 160
439400 153
439600 145
439800 140
440000 150
440200 136
440400 156
440600 145
440800 161
441000 154
441200 162
441400 162
441600 175
441800 147
442000 166
442200 127
442400 141
442600 149
442800 143
443000 153
443200 172
443400 164
443600 129
443800 144
444000 160
444200 146
444400 157
444600 144
444800 144
445000 152
445200 145
445400 145
445600 145
445800 144
446000 148
446200 153
446400 143
446600 139
446800 128
447000 160
447200 153
447400 160
447600 140
447800 153
448000 167
448200 160
448400 158
448600 141
448800 155
449000 170
449200 164
449400 163
449600 157
449800 174
450000 150
450200 150
450400 157
450600 151
450800 145
451000 146
451200 133
451400 142
451600 150
451800 129
452000 133
452200 135
452400 156
452600 153
452800 152
453000 150
453200 163
453400 167
453600 147
453800 155
454000 149
454200 145
454400 156
454600 168
454800 145
455000 130
455200 158
455400 152
455600 155
455800 146
456000 150
456200 166
456400 146
456600 162
456800 164
457000 126
457200 138
457400 158
457600 167
457800 161
458000 139
458200 126
458400 154
458600 140
458800 149
459000 162
459200 141
459400 165
459600 152
459800 158
460000 145
460200 152
460400 157
460600 153
460800 164
461000 155
461200 161
461400 153
461600 157
461800 142
462000 164
462200 130
462400 148
462600 133
462800 161
463000 166
463200 152
463400 148
463600 149
463800 144
464000 150
464200 143
464400 163
464600 163
464800 140
465000 134
465200 131
465400 165
465600 149
465800 155
466000 140
466200 149
466400 149
466600 150
466800 148
467000 166
467200 128
467400 135
467600 147
467800 159
468000 172
468200 136
468400 152
468600 156
468800 142
469000 143
469200 160
469400 154
469600 132
469800 157
470000 151
470200 150
470400 148
470600 142
470800 158
471000 165
471200 144
471400 158
471600 153
471800 136
472000 137
472200 144
472400 167
472600 152
472800 139
473000 148
473200 138
473400 145
473600 153
473800 153
474000 132
474200 178
474400 138
474600 160
474800 136
475000 157
475200 163
475400 167
475600 138
475800 135
476000 156
476200 155
476400 162
476600 149
476800 151
477000 122
477200 141
477400 146
477600 150
477800 146
478000 154
478200 151
478400 152
478600 169
478800 151
479000 145
479200 144
479400 144
479600 150
479800 145
480000 161
480200 144
480400 148
480600 137
480800 138
481000 148
481200 145
481400 157
481600 158
481800 141
482000 140
482200 145
482400 143
482600 155
482800 144
483000 157
483200 157
483400 137
483600 143
483800 146
484000 148
484200 139
484400 146
484600 154
484800 149
485000 162
485200 144
485400 148
485600 165
485800 144
486000 166
486200 158
486400 132
486600 131
486800 136
487000 148
487200 157
487400 131
487600 145
487800 160
488000 140
488200 170
488400 160
488600 148
488800 161
489000 145
489200 174
489400 155
489600 163
489800 160
490000 166
490200 172
490400 145
490600 161
490800 137
491000 163
491200 153
491400 170
491600 165
491800 171
492000 155
492200 145
492400 158
492600 153
492800 148
493000 150
493200 154
493400 149
493600 143
493800 167
494000 154
494200 141
494400 128
494600 161
494800 152
495000 137
495200 178
495400 164
495600 148
495800 155
496000 154
496200 144
496400 159
496600 162
496800 155
497000 162
497200 167
497400 143
497600 138
497800 167
498000 147
498200 162
498400 168
498600 137
498800 151
499000 163
499200 158
499400 160
499600 148
499800 150
500000 157
500200 151
500400 128
500600 158
500800 135
501000 146
501200 159
501400 178
501600 164
501800 146
502000 152
502200 149
502400 172
502600 145
502800 175
503000 136
503200 128
503400 141
503600 162
503800 167
504000 156
504200 152
504400 157
504600 131
504800 163
505000 149
505200 166
505400 145
505600 134
505800 145
506000 164
506200 166
506400 153
506600 154
506800 148
507000 166
507200 151
507400 136
507600 161
507800 163
508000 163
508200 165
508400 136
508600 154
508800 155
509000 166
509200 156
509400 153
509600 137
509800 154
510000 151
510200 149
510400 140
510600 132
510800 161
511000 161
511200 162
511400 172
511600 130
511800 122
512000 120
512200 147
512400 150
512600 160
512800 148
513000 148
513200 158
513400 164
513600 174
513800 126
514000 151
514200 156
514400 160
514600 139
514800 170
515000 159
515200 178
515400 141
515600 154
515800 155
516000 146
516200 143
516400 145
516600 129
516800 155
517000 152
517200 149
517400 155
517600 166
517800 145
518000 134
518200 128
518400 148
518600 167
518800 167
519000 171
519200 147
519400 153
519600 150
519800 165
520000 138
520200 156
520400 159
520600 153
520800 175
521000 146
521200 160
521400 168
521600 138
521800 135
522000 155
522200 151
522400 170
522600 152
522800 157
523000 151
523200 159
523400 167
523600 157
523800 139
524000 141
524200 144
524400 143
524600 143
524800 159
525000 142
525200 142
525400 140
525600 157
525800 161
526000 152
526200 163
526400 146
526600 141
526800 160
527000 155
527200 152
527400 155
527600 154
527800 146
528000 138
528200 142
528400 137
528600 158
528800 137
529000 141
529200 149
529400 148
529600 159
529800 167
530000 160
530200 139
530400 170
530600 159
530800 146
531000 152
531200 164
531400 160
531600 141
531800 138
532000 165
532200 160
532400 160
532600 167
532800 138
533000 156
533200 151
533400 178
533600 145
533800 147
534000 156
534200 141
534400 148
534600 150
534800 134
535000 165
535200 139
535400 139
535600 155
535800 144
536000 145
536200 154
536400 161
536600 143
536800 148
537000 125
537200 137
537400 153
537600 137
537800 148
538000 154
538200 148
538400 137
538600 153
538800 163
539000 126
539200 151
539400 141
539600 151
539800 142
540000 152
540200 142
540400 158
540600 172
540800 159
541000 140
541200 139
541400 158
541600 150
541800 150
542000 151
542200 151
542400 167
542600 139
542800 159
543000 145
543200 154
543400 153
543600 156
543800 141
544000 167
544200 158
544400 148
544600 142
544800 135
545000 147
545200 148
545400 160
545600 150
545800 153
546000 167
546200 146
546400 153
546600 134
546800 145
547000 142
547200 131
547400 155
547600 156
547800 142
548000 134
548200 147
548400 158
548600 149
548800 153
549000 157
549200 145
549400 161
549600 140
549800 155
550000 166
550200 154
550400 175
550600 147
550800 140
551000 155
551200 164
551400 147
551600 167
551800 135
552000 137
552200 154
552400 167
552600 143
552800 149
553000 154
553200 144
553400 162
553600 142
553800 160
554000 139
554200 146
554400 147
554600 148
554800 144
555000 130
555200 154
555400 147
555600 159
555800 163
556000 138
556200 153
556400 141
556600 149
556800 160
557000 145
557200 153
557400 134
557600 141
557800 155
558000 160
558200 163
558400 163
558600 148
558800 142
559000 163
559200 161
559400 170
559600 151
559800 154
560000 159
560200 140
560400 143
560600 156
560800 161
561000 166
561200 157
561400 141
561600 153
561800 143
562000 149
562200 149
562400 149
562600 151
562800 157
563000 136
563200 154
563400 148
563600 142
563800 150
564000 146
564200 158
564400 145
564600 145
564800 159
565000 141
565200 150
565400 138
565600 142
565800 140
566000 145
566200 161
566400 144
566600 149
566800 147
567000 144
567200 155
567400 135
567600 155
567800 149
568000 157
568200 146
568400 144
568600 158
568800 164
569000 146
569200 151
569400 143
569600 147
569800 164
570000 149
570200 159
570400 139
570600 145
570800 158
571000 148
571200 168
571400 141
571600 163
571800 144
572000 166
572200 157
572400 147
572600 163
572800 159
573000 144
573200 146
573400 144
573600 147
573800 142
574000 155
574200 154
574400 159
574600 162
574800 155
575000 137
575200 144
575400 145
575600 156
575800 148
576000 150
576200 153
576400 163
576600 164
576800 131
577000 138
577200 136
577400 143
577600 148
577800 136
578000 145
578200 142
578400 153
578600 148
578800 151
579000 148
579200 156
579400 150
579600 154
579800 170
580000 159
580200 165
580400 147
580600 156
580800 145
581000 160
581200 151
581400 167
581600 126
581800 155
582000 153
582200 155
582400 153
582600 148
582800 166
583000 158
583200 128
583400 143
583600 145
583800 138
584000 140
584200 132
584400 142
584600 137
584800 143
585000 163
585200 149
585400 150
585600 179
585800 146
586000 155
586200 143
586400 132
586600 156
586800 151
587000 143
587200 155
587400 156
587600 148
587800 155
588000 168
588200 160
588400 153
588600 145
588800 156
589000 140
589200 145
589400 150
589600 148
589800 150
590000 135
590200 163
590400 162
590600 139
590800 133
591000 144
591200 149
591400 136
591600 149
591800 139
592000 148
592200 127
592400 151
592600 128
592800 151
593000 155
593200 143
593400 145
593600 163
593800 151
594000 149
594200 131
594400 139
594600 146
594800 154
595000 144
595200 174
595400 151
595600 149
595800 152
596000 147
596200 153
596400 148
596600 169
596800 165
597000 152
597200 145
597400 145
597600 150
597800 139
598000 158
598200 165
598400 166
598600 139
598800 158
599000 164
599200 128
599400 160
599600 146
599800 175
600000 144
600200 148
600400 140
600600 154
600800 157
601000 160
601200 120
601400 166
601600 141
601800 177
602000 149
602200 153
602400 149
602600 139
602800 158
603000 149
603200 147
603400 158
603600 155
603800 152
604000 174
604200 138
604400 149
604600 164
604800 152
605000 138
605200 139
605400 137
605600 153
605800 147
606000 147
606200 143
606400 166
606600 159
606800 153
607000 161
607200 176
607400 167
607600 151
607800 143
608000 152
608200 170
608400 133
608600 157
608800 152
609000 146
609200 152
609400 157
609600 132
609800 164
610000 150
610200 131
610400 142
610600 166
610800 159
611000 143
611200 150
611400 153
611600 158
611800 152
612000 143
612200 153
612400 168
612600 157
612800 151
613000 156
613200 156
613400 157
613600 140
613800 156
614000 141
614200 128
614400 168
614600 170
614800 148
615000 164
615200 160
615400 156
615600 154
615800 165
616000 130
616200 147
616400 163
616600 161
616800 165
617000 158
617200 136
617400 142
617600 153
617800 163
618000 147
618200 167
618400 145
618600 140
618800 149
619000 154
619200 153
619400 152
619600 155
619800 146
620000 166
620200 154
620400 146
620600 140
620800 136
621000 147
621200 155
621400 169
621600 173
621800 148
622000 155
622200 151
622400 152
622600 157
622800 139
623000 155
623200 165
623400 140
623600 156
623800 161
624000 154
624200 160
624400 136
624600 140
624800 157
625000 156
625200 152
625400 153
625600 171
625800 138
626000 142
626200 141
626400 150
626600 141
626800 135
627000 163
627200 150
627400 133
627600 145
627800 158
628000 139
628200 164
628400 118
628600 154
628800 133
629000 169
629200 154
629400 151
629600 145
629800 148
630000 156
630200 169
630400 156
630600 136
630800 152
631000 144
631200 160
631400 143
631600 155
631800 157
632000 155
632200 157
632400 152
632600 140
632800 145
633000 157
633200 162
633400 157
633600 140
633800 161
634000 155
634200 156
634400 148
634600 162
634800 148
635000 152
635200 141
635400 155
635600 158
635800 143
636000 144
636200 138
636400 147
636600 140
636800 130
637000 140
637200 145
637400 169
637600 160
637800 160
638000 163
638200 159
638400 146
638600 146
638800 120
639000 144
639200 143
639400 153
639600 160
639800 142
640000 151
640200 183
640400 138
640600 163
640800 144
641000 142
641200 149
641400 145
641600 151
641800 150
642000 160
642200 143
642400 142
642600 166
642800 153
643000 160
643200 154
643400 140
643600 140
643800 151
644000 144
644200 144
644400 162
644600 149
644800 154
645000 160
645200 156
645400 177
645600 155
645800 154
646000 159
646200 121
646400 139
646600 151
646800 141
647000 172
647200 148
647400 158
647600 153
647800 141
648000 156
648200 168
648400 149
648600 152
648800 142
649000 161
649200 174
649400 165
649600 159
649800 120
650000 143
650200 154
650400 163
650600 157
650800 152
651000 152
651200 172
651400 150
651600 144
651800 149
652000 168
652200 135
652400 150
652600 154
652800 150
653000 155
653200 153
653400 145
653600 163
653800 153
654000 158
654200 158
654400 143
654600 156
654800 159
655000 154
655200 149
655400 151
655600 142
655800 153
656000 136
656200 154
656400 140
656600 150
656800 146
657000 151
657200 156
657400 144
657600 157
657800 157
658000 139
658200 125
658400 172
658600 142
658800 130
659000 170
659200 166
659400 139
659600 136
659800 171
660000 152
660200 157
660400 137
660600 150
660800 157
661000 149
661200 173
661400 172
661600 157
661800 162
662000 146
662200 169
662400 160
662600 164
662800 162
663000 141
663200 132
663400 143
663600 154
663800 150
664000 143
664200 140
664400 145
664600 131
664800 137
665000 145
665200 156
665400 156
665600 132
665800 149
666000 157
666200 145
666400 159
666600 170
666800 157
667000 164
667200 148
667400 150
667600 147
667800 149
668000 147
668200 144
668400 147
668600 159
668800 158
669000 145
669200 147
669400 159
669600 155
669800 143
670000 120
670200 149
670400 144
670600 127
670800 151
671000 159
671200 141
671400 144
671600 146
671800 155
672000 148
672200 143
672400 154
672600 132
672800 174
673000 139
673200 142
673400 146
673600 137
673800 161
674000 160
674200 149
674400 148
674600 145
674800 152
675000 169
675200 155
675400 151
675600 138
675800 151
676000 175
676200 148
676400 150
676600 168
676800 168
677000 134
677200 152
677400 155
677600 155
677800 147
678000 161
678200 155
678400 160
678600 169
678800 160
679000 149
679200 152
679400 144
679600 163
679800 165
680000 159
680200 165
680400 153
680600 181
680800 159
681000 152
681200 168
681400 156
681600 144
681800 143
682000 132
682200 162
682400 131
682600 138
682800 148
683000 164
683200 138
683400 170
683600 162
683800 149
684000 152
684200 140
684400 142
684600 172
684800 161
685000 146
685200 146
685400 132
685600 160
685800 148
686000 161
686200 163
686400 147
686600 151
686800 153
687000 142
687200 151
687400 155
687600 162
687800 172
688000 160
688200 138
688400 148
688600 168
688800 144
689000 152
689200 156
689400 143
689600 147
689800 163
690000 157
690200 153
690400 147
690600 146
690800 167
691000 145
691200 145
691400 165
691600 155
691800 151
692000 157
692200 145
692400 170
692600 159
692800 146
693000 150
693200 159
693400 145
693600 141
693800 153
694000 160
694200 148
694400 152
694600 154
694800 158
695000 158
695200 156
695400 162
695600 159
695800 143
696000 161
696200 151
696400 152
696600 142
696800 135
697000 160
697200 132
697400 167
697600 157
697800 162
698000 141
698200 161
698400 163
698600 154
698800 153
699000 161
699200 165
699400 163
699600 156
699800 153
700000 151
700200 134
700400 150
700600 140
700800 159
701000 156
701200 168
701400 152
701600 137
701800 148
702000 164
702200 153
702400 149
702600 145
702800 171
703000 154
703200 153
703400 154
703600 154
703800 151
704000 152
704200 146
704400 146
704600 146
704800 158
705000 151
705200 163
705400 162
705600 161
705800 162
706000 165
706200 151
706400 140
706600 144
706800 163
707000 162
707200 159
707400 140
707600 151
707800 135
708000 154
708200 143
708400 139
708600 161
708800 157
709000 135
709200 122
709400 163
709600 162
709800 158
710000 121
710200 127
710400 138
710600 145
710800 150
711000 138
711200 150
711400 140
711600 131
711800 151
712000 148
712200 157
712400 131
712600 173
712800 159
713000 158
713200 163
713400 151
713600 162
713800 171
714000 146
714200 160
714400 137
714600 163
714800 149
715000 131
715200 161
715400 148
715600 148
715800 145
716000 143
716200 146
716400 151
716600 153
716800 165
717000 147
717200 135
717400 157
717600 145
717800 150
718000 153
718200 169
718400 159
718600 136
718800 151
719000 147
719200 163
719400 164
719600 151
719800 145
720000 168
720200 160
720400 158
720600 149
720800 148
721000 145
721200 149
721400 142
721600 151
721800 168
722000 153
722200 154
722400 147
722600 154
722800 138
723000 154
723200 173
723400 137
723600 130
723800 139
724000 157
724200 149
724400 149
724600 156
724800 154
725000 137
725200 152
725400 151
725600 139
725800 144
726000 158
726200 178
726400 132
726600 151
726800 147
727000 151
727200 143
727400 161
727600 145
727800 149
728000 160
728200 158
728400 160
728600 150
728800 143
729000 158
729200 173
729400 164
729600 160
729800 156
730000 156
730200 161
730400 165
730600 156
730800 129
731000 152
731200 132
731400 144
731600 144
731800 150
732000 128
732200 165
732400 145
732600 134
732800 149
733000 158
733200 167
733400 140
733600 161
733800 159
734000 148
734200 129
734400 150
734600 138
734800 159
735000 147
735200 166
735400 147
735600 143
735800 157
736000 160
736200 138
736400 130
736600 146
736800 157
737000 165
737200 136
737400 151
737600 153
737800 159
738000 149
738200 124
738400 150
738600 136
738800 171
739000 159
739200 149
739400 177
739600 162
739800 167
740000 158
740200 151
740400 144
740600 120
740800 149
741000 148
741200 162
741400 158
741600 153
741800 155
742000 139
742200 162
742400 149
742600 147
742800 150
743000 162
743200 159
743400 152
743600 153
743800 131
744000 144
744200 146
744400 150
744600 160
744800 167
745000 137
745200 154
745400 133
745600 159
745800 151
746000 141
746200 150
746400 146
746600 146
746800 168
747000 139
747200 142
747400 154
747600 154
747800 172
748000 149
748200 138
748400 159
748600 155
748800 166
749000 154
749200 153
749400 165
749600 139
749800 141
750000 155
750200 141
750400 170
750600 149
750800 158
751000 164
751200 154
751400 158
751600 163
751800 162
752000 148
752200 137
752400 136
752600 161
752800 157
753000 161
753200 155
753400 153
753600 157
753800 168
754000 145
754200 131
754400 143
754600 154
754800 150
755000 158
755200 128
755400 155
755600 151
755800 138
756000 157
756200 165
756400 152
756600 151
756800 135
757000 148
757200 148
757400 153
757600 147
757800 156
758000 140
758200 161
758400 155
758600 144
758800 123
759000 157
759200 162
759400 149
759600 143
759800 142
760000 126
760200 147
760400 174
760600 156
760800 139
761000 138
761200 145
761400 127
761600 148
761800 171
762000 138
762200 151
762400 143
762600 144
762800 147
763000 149
763200 167
763400 143
763600 123
763800 138
764000 145
764200 165
764400 132
764600 139
764800 124
765000 162
765200 134
765400 143
765600 145
765800 152
766000 157
766200 160
766400 160
766600 152
766800 123
767000 164
767200 153
767400 153
767600 167
767800 155
768000 154
768200 155
768400 162
768600 154
768800 134
769000 153
769200 122
769400 149
769600 148
769800 164
770000 162
770200 155
770400 161
770600 141
770800 135
771000 164
771200 140
771400 139
771600 153
771800 169
772000 168
772200 165
772400 136
772600 162
772800 135
773000 155
773200 152
773400 162
773600 129
773800 146
774000 168
774200 145
774400 142
774600 160
774800 144
775000 127
775200 154
775400 131
775600 124
775800 157
776000 134
776200 133
776400 160
776600 152
776800 126
777000 136
777200 152
777400 164
777600 156
777800 155
778000 165
778200 145
778400 128
778600 145
778800 155
779000 155
779200 154
779400 127
779600 137
779800 147
780000 148
780200 156
780400 157
780600 144
780800 133
781000 135
781200 151
781400 165
781600 162
781800 172
782000 157
782200 158
782400 140
782600 157
782800 152
783000 145
783200 168
783400 146
783600 158
783800 146
784000 155
784200 131
784400 146
784600 129
784800 141
785000 144
785200 153
785400 137
785600 163
785800 155
786000 150
786200 150
786400 156
786600 142
786800 145
787000 160
787200 149
787400 149
787600 147
787800 147
788000 145
788200 155
788400 139
788600 153
788800 153
789000 157
789200 148
789400 153
789600 159
789800 146
790000 148
790200 158
790400 157
790600 155
790800 144
791000 147
791200 162
791400 146
791600 151
791800 153
792000 165
792200 147
792400 150
792600 155
792800 164
793000 147
793200 151
793400 154
793600 160
793800 157
794000 146
794200 154
794400 160
794600 163
794800 134
795000 133
795200 149
795400 166
795600 141
795800 159
796000 128
796200 154
796400 157
796600 134
796800 162
797000 149
797200 144
797400 184
797600 143
797800 147
798000 145
798200 144
798400 153
798600 130
798800 132
799000 164
799200 134
799400 133
799600 150
799800 157
800000 143
800200 153
800400 154
800600 147
800800 150
801000 153
801200 122
801400 162
801600 169
801800 161
802000 147
802200 165
802400 161
802600 134
802800 135
803000 142
803200 155
803400 168
803600 171
803800 153
804000 179
804200 134
804400 150
804600 159
804800 153
805000 173
805200 153
805400 155
805600 141
805800 167
806000 145
806200 164
806400 140
806600 142
806800 145
807000 144
807200 160
807400 158
807600 149
807800 139
808000 135
808200 149
808400 143
808600 162
808800 149
809000 169
809200 170
809400 153
809600 134
809800 141
810000 151
810200 165
810400 163
810600 170
810800 152
811000 147
811200 159
811400 137
811600 141
811800 147
812000 158
812200 150
812400 139
812600 159
812800 153
813000 156
813200 153
813400 146
813600 139
813800 158
814000 157
814200 154
814400 165
814600 160
814800 162
815000 157
815200 153
815400 155
815600 155
815800 159
816000 146
816200 154
816400 159
816600 125
816800 157
817000 151
817200 157
817400 174
817600 148
817800 154
818000 151
818200 164
818400 162
818600 159
818800 149
819000 142
819200 146
819400 128
819600 153
819800 155
820000 148
820200 145
820400 148
820600 167
820800 148
821000 137
821200 154
821400 97
821600 139
821800 136
822000 162
822200 157
822400 148
822600 148
822800 149
823000 126
823200 149
823400 127
823600 152
823800 159
824000 125
824200 158
824400 143
824600 150
824800 165
825000 146
825200 140
825400 159
825600 140
825800 140
826000 164
826200 152
826400 157
826600 132
826800 141
827000 140
827200 139
827400 156
827600 139
827800 158
828000 158
828200 152
828400 152
828600 173
828800 147
829000 134
829200 151
829400 168
829600 165
829800 128
830000 146
830200 161
830400 145
830600 161
830800 161
831000 149
831200 149
831400 169
831600 137
831800 159
832000 152
832200 153
832400 153
832600 144
832800 129
833000 165
833200 150
833400 140
833600 142
833800 157
834000 163
834200 145
834400 154
834600 156
834800 150
835000 144
835200 159
835400 158
835600 152
835800 150
836000 167
836200 175
836400 147
836600 155
836800 129
837000 150
837200 157
837400 149
837600 151
837800 158
838000 134
838200 165
838400 148
838600 160
838800 173
839000 147
839200 155
839400 156
839600 179
839800 142
840000 131
840200 162
840400 139
840600 152
840800 136
841000 154
841200 143
841400 158
841600 139
841800 144
842000 137
842200 162
842400 150
842600 158
842800 146
843000 166
843200 153
843400 135
843600 172
843800 165
844000 145
844200 136
844400 158
844600 160
844800 138
845000 160
845200 145
845400 150
845600 140
845800 130
846000 135
846200 146
846400 152
846600 142
846800 161
847000 150
847200 143
847400 149
847600 151
847800 139
848000 166
848200 146
848400 139
848600 148
848800 157
849000 161
849200 163
849400 157
849600 160
849800 165
850000 161
850200 160
850400 151
850600 152
850800 148
851000 149
851200 157
851400 149
851600 147
851800 158
852000 146
852200 147
852400 163
852600 144
852800 159
853000 125
853200 152
853400 145
853600 146
853800 155
854000 161
854200 123
854400 140
854600 158
854800 143
855000 153
855200 146
855400 151
855600 130
855800 143
856000 148
856200 151
856400 157
856600 158
856800 139
857000 167
857200 160
857400 144
857600 164
857800 144
858000 149
858200 147
858400 136
858600 134
858800 145
859000 164
859200 150
859400 161
859600 138
859800 149
860000 135
860200 141
860400 144
860600 150
860800 147
861000 129
861200 149
861400 141
861600 160
861800 154
862000 148
862200 152
862400 154
862600 137
862800 168
863000 156
863200 151
863400 150
863600 144
863800 136
864000 157
864200 152
864400 158
864600 158
864800 162
865000 144
865200 159
865400 173
865600 143
865800 149
866000 149
866200 155
866400 148
866600 145
866800 151
867000 150
867200 145
867400 158
867600 144
867800 143
868000 122
868200 175
868400 168
868600 156
868800 140
869000 161
869200 163
869400 143
869600 151
869800 151
870000 128
870200 138
870400 144
870600 150
870800 143
871000 148
871200 161
871400 132
871600 164
871800 131
872000 128
872200 155
872400 137
872600 164
872800 139
873000 152
873200 155
873400 160
873600 132
873800 143
874000 144
874200 149
874400 153
874600 146
874800 162
875000 151
875200 145
875400 148
875600 167
875800 144
876000 146
876200 151
876400 133
876600 156
876800 152
877000 139
877200 160
877400 161
877600 142
877800 150
878000 143
878200 166
878400 154
878600 142
878800 143
879000 162
879200 140
879400 159
879600 156
879800 154
880000 163
880200 162
880400 158
880600 148
880800 167
881000 148
881200 161
881400 157
881600 157
881800 144
882000 149
882200 155
882400 161
882600 133
882800 162
883000 148
883200 164
883400 139
883600 125
883800 144
884000 137
884200 132
884400 136
884600 162
884800 163
885000 158
885200 158
885400 147
885600 153
885800 143
886000 151
886200 140
886400 159
886600 160
886800 124
887000 129
887200 164
887400 141
887600 171
887800 150
888000 149
888200 167
888400 165
888600 167
888800 169
889000 154
889200 165
889400 149
889600 163
889800 165
890000 149
890200 165
890400 147
890600 158
890800 157
891000 143
891200 127
891400 139
891600 148
891800 150
892000 135
892200 153
892400 141
892600 165
892800 134
893000 154
893200 135
893400 153
893600 145
893800 163
894000 146
894200 143
894400 146
894600 146
894800 130
895000 127
895200 161
895400 139
895600 130
895800 164
896000 155
896200 140
896400 156
896600 141
896800 158
897000 153
897200 159
897400 164
897600 153
897800 147
898000 156
898200 140
898400 149
898600 152
898800 171
899000 146
899200 162
899400 145
899600 151
899800 145
900000 160
900200 151
900400 154
900600 162
900800 164
901000 151
901200 155
901400 142
901600 132
901800 163
902000 155
902200 144
902400 144
902600 158
902800 149
903000 146
903200 157
903400 167
903600 154
903800 133
904000 142
904200 147
904400 163
904600 141
904800 157
905000 159
905200 157
905400 142
905600 163
905800 160
906000 152
906200 150
906400 129
906600 139
906800 151
907000 154
907200 158
907400 164
907600 163
907800 150
908000 144
908200 145
908400 167
908600 153
908800 137
909000 145
909200 142
909400 154
909600 159
909800 142
910000 194
910200 160
910400 149
910600 167
910800 138
911000 149
911200 166
911400 172
911600 157
911800 150
912000 156
912200 151
912400 170
912600 145
912800 146
913000 155
913200 154
913400 150
913600 153
913800 153
914000 165
914200 148
914400 163
914600 174
914800 160
915000 157
915200 149
915400 143
915600 164
915800 158
916000 172
916200 132
916400 144
916600 162
916800 159
917000 145
917200 145
917400 152
917600 152
917800 152
918000 163
918200 169
918400 149
918600 153
918800 130
919000 154
919200 147
919400 119
919600 159
919800 147
920000 168
920200 160
920400 160
920600 156
920800 155
921000 143
921200 157
921400 161
921600 145
921800 165
922000 173
922200 148
922400 150
922600 181
922800 145
923000 138
923200 148
923400 156
923600 155
923800 153
924000 150
924200 159
924400 153
924600 135
924800 150
925000 152
925200 140
925400 157
925600 167
925800 164
926000 168
926200 144
926400 156
926600 142
926800 153
927000 137
927200 160
927400 146
927600 162
927800 164
928000 157
928200 158
928400 154
928600 143
928800 168
929000 147
929200 143
929400 153
929600 139
929800 134
930000 148
930200 139
930400 138
930600 167
930800 132
931000 145
931200 150
931400 147
931600 151
931800 148
932000 152
932200 138
932400 153
932600 156
932800 138
933000 174
933200 149
933400 147
933600 152
933800 154
934000 136
934200 151
934400 158
934600 156
934800 147
935000 143
935200 134
935400 143
935600 138
935800 159
936000 145
936200 134
936400 131
936600 159
936800 152
937000 156
937200 143
937400 154
937600 156
937800 147
938000 160
938200 155
938400 152
938600 137
938800 141
939000 146
939200 154
939400 148
939600 132
939800 144
940000 158
940200 152
940400 135
940600 167
940800 157
941000 151
941200 150
941400 158
941600 138
941800 141
942000 152
942200 144
942400 152
942600 169
942800 163
943000 145
943200 144
943400 166
943600 146
943800 172
944000 141
944200 153
944400 150
944600 150
944800 143
945000 167
945200 145
945400 146
945600 156
945800 137
946000 145
946200 146
946400 156
946600 167
946800 159
947000 152
947200 154
947400 144
947600 161
947800 166
948000 137
948200 145
948400 165
948600 159
948800 158
949000 143
949200 148
949400 152
949600 150
949800 146
950000 144
950200 148
950400 156
950600 160
950800 165
951000 144
951200 170
951400 148
951600 145
951800 146
952000 144
952200 154
952400 161
952600 141
952800 151
953000 169
953200 145
953400 147
953600 143
953800 156
954000 163
954200 143
954400 143
954600 157
954800 145
955000 151
955200 137
955400 141
955600 152
955800 147
956000 127
956200 170
956400 143
956600 152
956800 138
957000 172
957200 143
957400 148
957600 157
957800 152
958000 143
958200 134
958400 142
958600 140
958800 147
959000 160
959200 144
959400 153
959600 147
959800 153
960000 146
960200 160
960400 128
960600 145
960800 143
961000 159
961200 137
961400 141
961600 138
961800 161
962000 153
962200 155
962400 153
962600 138
962800 137
963000 150
963200 127
963400 152
963600 145
963800 161
964000 157
964200 139
964400 153
964600 147
964800 151
965000 140
965200 132
965400 160
965600 160
965800 162
966000 142
966200 150
966400 174
966600 136
966800 172
967000 135
967200 143
967400 168
967600 140
967800 135
968000 125
968200 169
968400 166
968600 141
968800 152
969000 136
969200 161
969400 146
969600 154
969800 158
970000 151
970200 148
970400 149
970600 127
970800 141
971000 135
971200 152
971400 129
971600 135
971800 153
972000 127
972200 151
972400 149
972600 152
972800 137
973000 165
973200 140
973400 137
973600 119
973800 148
974000 146
974200 148
974400 143
974600 156
974800 162
975000 160
975200 152
975400 142
975600 160
975800 154
976000 137
976200 148
976400 164
976600 159
976800 131
977000 160
977200 129
977400 146
977600 138
977800 134
978000 143
978200 170
978400 136
978600 141
978800 166
979000 158
979200 149
979400 162
979600 144
979800 122
980000 166
980200 143
980400 142
980600 148
980800 161
981000 150
981200 144
981400 168
981600 158
981800 151
982000 165
982200 150
982400 143
982600 151
982800 159
983000 155
983200 142
983400 154
983600 147
983800 152
984000 150
984200 156
984400 142
984600 156
984800 147
985000 138
985200 130
985400 158
985600 156
985800 131
986000 138
986200 163
986400 156
986600 143
986800 125
987000 154
987200 153
987400 161
987600 147
987800 141
988000 155
988200 164
988400 163
988600 163
988800 155
989000 146
989200 152
989400 163
989600 149
989800 157
990000 114
990200 135
990400 164
990600 162
990800 162
991000 150
991200 174
991400 154
991600 136
991800 129
992000 164
992200 149
992400 145
992600 154
992800 167
993000 162
993200 149
993400 141
993600 158
993800 150
994000 166
994200 152
994400 148
994600 140
994800 160
995000 149
995200 158
995400 159
995600 169
995800 147
996000 161
996200 142
996400 139
996600 145
996800 146
997000 147
997200 165
997400 144
997600 153
997800 163
998000 147
998200 165
998400 155
998600 151
998800 161
999000 142
999200 151
999400 166
999600 156
999800 131
1000000 159
