500 161
1000 171
1500 163
2000 147
2500 145
3000 149
3500 142
4000 125
4500 155
5000 133
5500 150
6000 143
6500 141
7000 160
7500 157
8000 146
8500 145
9000 129
9500 141
10000 152
10500 160
11000 157
11500 147
12000 148
12500 159
13000 138
13500 151
14000 142
14500 156
15000 136
15500 168
16000 145
16500 143
17000 141
17500 141
18000 147
18500 152
19000 149
19500 140
20000 148
20500 157
21000 150
21500 148
22000 116
22500 146
23000 146
23500 137
24000 151
24500 145
25000 173
25500 141
26000 154
26500 130
27000 152
27500 152
28000 147
28500 129
29000 152
29500 150
30000 149
30500 138
31000 152
31500 153
32000 135
32500 140
33000 155
33500 156
34000 150
34500 140
35000 141
35500 138
36000 118
36500 155
37000 175
37500 149
38000 146
38500 147
39000 160
39500 152
40000 156
40500 143
41000 138
41500 147
42000 158
42500 140
43000 154
43500 147
44000 129
44500 142
45000 136
45500 148
46000 130
46500 143
47000 158
47500 143
48000 140
48500 148
49000 146
49500 146
50000 129
50500 144
51000 147
51500 121
52000 131
52500 149
53000 140
53500 125
54000 112
54500 158
55000 137
55500 149
56000 150
56500 155
57000 132
57500 154
58000 149
58500 157
59000 147
59500 140
60000 131
60500 147
61000 150
61500 151
62000 144
62500 142
63000 150
63500 129
64000 154
64500 144
65000 138
65500 135
66000 129
66500 143
67000 139
67500 150
68000 149
68500 151
69000 139
69500 157
70000 133
70500 118
71000 132
71500 153
72000 136
72500 128
73000 157
73500 137
74000 146
74500 150
75000 157
75500 136
76000 128
76500 139
77000 145
77500 166
78000 153
78500 147
79000 117
79500 145
80000 144
80500 145
81000 151
81500 150
82000 140
82500 135
83000 134
83500 117
84000 166
84500 139
85000 144
85500 147
86000 139
86500 147
87000 149
87500 163
88000 153
88500 143
89000 124
89500 142
90000 135
90500 131
91000 126
91500 162
92000 147
92500 132
93000 144
93500 128
94000 141
94500 139
95000 147
95500 130
96000 156
96500 122
97000 148
97500 135
98000 148
98500 130
99000 132
99500 131
100000 137
100500 120
101000 149
101500 132
102000 145
102500 149
103000 140
103500 136
104000 146
104500 132
105000 147
105500 147
106000 154
106500 149
107000 154
107500 135
108000 134
108500 138
109000 160
109500 158
110000 135
110500 130
111000 121
111500 124
112000 138
112500 164
113000 149
113500 129
114000 142
114500 120
115000 127
115500 148
116000 151
116500 122
117000 138
117500 141
118000 121
118500 124
119000 132
119500 143
120000 117
120500 141
121000 112
121500 138
122000 128
122500 127
123000 132
123500 143
124000 143
124500 131
125000 128
125500 142
126000 134
126500 127
127000 138
127500 130
128000 141
128500 151
129000 146
129500 123
130000 125
130500 123
131000 115
131500 137
132000 151
132500 126
133000 134
133500 138
134000 113
134500 126
135000 158
135500 132
136000 125
136500 131
137000 130
137500 125
138000 127
138500 138
139000 112
139500 131
140000 126
140500 137
141000 114
141500 135
142000 130
142500 127
143000 138
143500 129
144000 108
144500 138
145000 118
145500 134
146000 130
146500 121
147000 127
147500 132
148000 116
148500 131
149000 137
149500 144
150000 156
150500 156
151000 139
151500 116
152000 122
152500 128
153000 153
153500 108
154000 132
154500 119
155000 149
155500 141
156000 127
156500 109
157000 142
157500 133
158000 134
158500 133
159000 124
159500 140
160000 135
160500 117
161000 99
161500 122
162000 134
162500 109
163000 147
163500 105
164000 134
164500 122
165000 120
165500 137
166000 114
166500 108
167000 139
167500 119
168000 127
168500 112
169000 120
169500 125
170000 109
170500 130
171000 112
171500 101
172000 132
172500 124
173000 135
173500 123
174000 122
174500 135
175000 136
175500 121
176000 108
176500 126
177000 124
177500 120
178000 135
178500 138
179000 131
179500 126
180000 126
180500 128
181000 109
181500 120
182000 123
182500 122
183000 107
183500 124
184000 102
184500 104
185000 134
185500 114
186000 135
186500 133
187000 122
187500 106
188000 111
188500 116
189000 107
189500 132
190000 130
190500 132
191000 114
191500 123
192000 121
192500 109
193000 127
193500 132
194000 115
194500 156
195000 119
195500 127
196000 118
196500 145
197000 114
197500 98
198000 122
198500 112
199000 146
199500 109
200000 102
200500 123
201000 121
201500 117
202000 109
202500 129
203000 101
203500 102
204000 145
204500 101
205000 97
205500 117
206000 106
206500 140
207000 116
207500 122
208000 128
208500 102
209000 104
209500 109
210000 108
210500 104
211000 113
211500 100
212000 98
212500 98
213000 123
213500 105
214000 109
214500 102
215000 119
215500 131
216000 114
216500 101
217000 114
217500 120
218000 124
218500 121
219000 105
219500 119
220000 106
220500 98
221000 116
221500 115
222000 106
222500 110
223000 100
223500 117
224000 99
224500 107
225000 120
225500 112
226000 113
226500 111
227000 114
227500 102
228000 90
228500 103
229000 89
229500 105
230000 114
230500 138
231000 96
231500 136
232000 101
232500 147
233000 96
233500 82
234000 106
234500 102
235000 118
235500 101
236000 96
236500 114
237000 97
237500 118
238000 95
238500 89
239000 104
239500 86
240000 88
240500 116
241000 95
241500 118
242000 112
242500 138
243000 99
243500 93
244000 103
244500 94
245000 104
245500 91
246000 110
246500 102
247000 109
247500 89
248000 115
248500 85
249000 114
249500 92
250000 89
250500 118
251000 107
251500 99
252000 105
252500 131
253000 95
253500 86
254000 120
254500 86
255000 89
255500 80
256000 83
256500 100
257000 81
257500 136
258000 92
258500 106
259000 84
259500 91
260000 94
260500 76
261000 97
261500 88
262000 92
262500 88
263000 83
263500 100
264000 86
264500 89
265000 79
265500 88
266000 84
266500 76
267000 79
267500 111
268000 108
268500 102
269000 97
269500 89
270000 81
270500 131
271000 87
271500 108
272000 100
272500 95
273000 125
273500 99
274000 93
274500 91
275000 87
275500 89
276000 94
276500 94
277000 85
277500 88
278000 90
278500 81
279000 77
279500 77
280000 73
280500 80
281000 91
281500 90
282000 91
282500 80
283000 76
283500 73
284000 87
284500 81
285000 135
285500 96
286000 94
286500 88
287000 72
287500 76
288000 71
288500 71
289000 77
289500 74
290000 91
290500 82
291000 82
291500 83
292000 97
292500 148
293000 87
293500 82
294000 101
294500 78
295000 76
295500 79
296000 74
296500 73
297000 76
297500 120
298000 92
298500 104
299000 85
299500 75
300000 77
300500 74
301000 70
301500 71
302000 72
302500 72
303000 70
303500 107
304000 79
304500 82
305000 76
305500 78
306000 76
306500 74
307000 71
307500 75
308000 73
308500 73
309000 93
309500 73
310000 71
310500 75
311000 72
311500 74
312000 73
312500 72
313000 72
313500 71
314000 70
314500 72
315000 72
315500 72
316000 113
316500 84
317000 76
317500 77
318000 82
318500 72
319000 73
319500 74
320000 75
320500 69
321000 72
321500 98
322000 80
322500 74
323000 70
323500 70
324000 91
324500 76
325000 75
325500 129
326000 81
326500 102
327000 88
327500 76
328000 77
328500 72
329000 72
329500 72
330000 72
330500 72
331000 72
331500 73
332000 72
332500 72
333000 72
333500 72
334000 72
334500 73
335000 73
335500 72
336000 72
336500 71
337000 70
337500 71
338000 70
338500 71
339000 70
339500 70
340000 70
340500 70
341000 80
341500 71
342000 100
342500 80
343000 71
343500 71
344000 71
344500 71
345000 71
345500 71
346000 71
346500 71
347000 71
347500 71
348000 71
348500 71
349000 71
349500 71
350000 71
350500 71
351000 71
351500 80
352000 99
352500 75
353000 73
353500 73
354000 72
354500 71
355000 72
355500 72
356000 70
356500 69
357000 68
357500 68
358000 68
358500 68
359000 68
359500 68
360000 68
360500 68
361000 68
361500 68
362000 68
362500 68
363000 68
363500 68
364000 68
364500 68
365000 68
365500 68
366000 68
366500 68
367000 69
367500 69
368000 68
368500 68
369000 68
369500 69
370000 69
370500 69
371000 69
371500 69
372000 69
372500 69
373000 69
373500 69
374000 69
374500 69
375000 69
375500 69
376000 69
376500 69
377000 69
377500 69
378000 69
378500 69
379000 69
379500 69
380000 69
380500 69
381000 69
381500 69
382000 69
382500 69
383000 68
383500 68
384000 68
384500 68
385000 68
385500 68
386000 68
386500 68
387000 68
387500 68
388000 68
388500 68
389000 68
389500 68
390000 68
390500 68
391000 68
391500 68
392000 68
392500 68
393000 68
393500 68
394000 68
394500 68
395000 68
395500 68
396000 68
396500 68
397000 68
397500 68
398000 68
398500 69
399000 68
399500 68
400000 68
400500 68
401000 68
401500 68
402000 68
402500 68
403000 68
403500 68
404000 68
404500 68
405000 68
405500 68
406000 68
406500 68
407000 68
407500 68
408000 68
408500 68
409000 68
409500 68
410000 68
410500 68
411000 68
411500 68
412000 68
412500 68
413000 68
413500 68
414000 68
414500 68
415000 68
415500 68
416000 68
416500 68
417000 68
417500 68
418000 68
418500 68
419000 68
419500 68
420000 68
420500 68
421000 68
421500 68
422000 68
422500 68
423000 68
423500 68
424000 68
424500 68
425000 68
425500 68
426000 68
426500 68
427000 68
427500 68
428000 68
428500 68
429000 68
429500 68
430000 68
430500 68
431000 68
431500 68
432000 68
432500 68
433000 68
433500 68
434000 68
434500 68
435000 68
435500 68
436000 68
436500 68
437000 68
437500 68
438000 68
438500 68
439000 68
439500 68
440000 68
440500 68
441000 68
441500 68
442000 68
442500 68
443000 68
443500 68
444000 68
444500 68
445000 68
445500 68
446000 68
446500 68
447000 68
447500 68
448000 68
448500 68
449000 68
449500 68
450000 68
450500 68
451000 68
451500 68
452000 68
452500 68
453000 68
453500 68
454000 68
454500 68
455000 68
455500 68
456000 68
456500 68
457000 68
457500 68
458000 68
458500 68
459000 68
459500 68
460000 68
460500 68
461000 68
461500 68
462000 68
462500 68
463000 68
463500 68
464000 68
464500 68
465000 68
465500 68
466000 68
466500 68
467000 68
467500 68
468000 68
468500 68
469000 68
469500 68
470000 68
470500 68
471000 68
471500 68
472000 68
472500 68
473000 68
473500 68
474000 68
474500 68
475000 68
475500 68
476000 68
476500 68
477000 68
477500 68
478000 68
478500 68
479000 68
479500 68
480000 68
480500 68
481000 68
481500 68
482000 68
482500 68
483000 68
483500 68
484000 68
484500 68
485000 68
485500 68
486000 68
486500 68
487000 68
487500 68
488000 68
488500 68
489000 68
489500 68
490000 68
490500 68
491000 68
491500 68
492000 68
492500 68
493000 68
493500 68
494000 68
494500 68
495000 68
495500 68
496000 68
496500 68
497000 68
497500 68
498000 68
498500 68
499000 68
499500 68
500000 68
500500 68
501000 68
501500 68
502000 68
502500 68
503000 68
503500 68
504000 68
504500 68
505000 68
505500 68
506000 68
506500 68
507000 68
507500 68
508000 68
508500 68
509000 68
509500 68
510000 68
510500 68
511000 68
511500 68
512000 68
512500 68
513000 68
513500 68
514000 68
514500 68
515000 68
515500 68
516000 68
516500 68
517000 68
517500 68
518000 68
518500 68
519000 68
519500 68
520000 68
520500 68
521000 68
521500 68
522000 68
522500 68
523000 68
523500 68
524000 68
524500 68
525000 68
525500 68
526000 68
526500 68
527000 68
527500 68
528000 68
528500 68
529000 68
529500 68
530000 68
530500 68
531000 68
531500 68
532000 68
532500 68
533000 68
533500 68
534000 68
534500 68
535000 68
535500 68
536000 68
536500 68
537000 68
537500 68
538000 68
538500 68
539000 68
539500 68
540000 68
540500 68
541000 68
541500 68
542000 68
542500 68
543000 68
543500 68
544000 68
544500 68
545000 68
545500 68
546000 68
546500 68
547000 68
547500 68
548000 68
548500 68
549000 68
549500 68
550000 68
550500 68
551000 68
551500 68
552000 68
552500 68
553000 68
553500 68
554000 68
554500 68
555000 68
555500 68
556000 68
556500 68
557000 68
557500 68
558000 68
558500 68
559000 68
559500 68
560000 68
560500 68
561000 68
561500 68
562000 68
562500 68
563000 68
563500 68
564000 68
564500 68
565000 68
565500 68
566000 68
566500 68
567000 68
567500 68
568000 68
568500 68
569000 68
569500 68
570000 68
570500 68
571000 68
571500 68
572000 68
572500 68
573000 68
573500 68
574000 68
574500 68
575000 68
575500 68
576000 68
576500 68
577000 68
577500 68
578000 68
578500 68
579000 68
579500 68
580000 68
580500 68
581000 68
581500 68
582000 68
582500 68
583000 68
583500 68
584000 68
584500 68
585000 68
585500 68
586000 68
586500 68
587000 68
587500 68
588000 68
588500 68
589000 68
589500 68
590000 68
590500 68
591000 68
591500 68
592000 68
592500 68
593000 68
593500 68
594000 68
594500 68
595000 68
595500 68
596000 68
596500 68
597000 68
597500 68
598000 68
598500 68
599000 68
599500 68
600000 68
600500 68
601000 68
601500 68
602000 68
602500 68
603000 68
603500 68
604000 68
604500 68
605000 68
605500 68
606000 68
606500 68
607000 68
607500 68
608000 68
608500 68
609000 68
609500 68
610000 68
610500 68
611000 68
611500 68
612000 68
612500 68
613000 68
613500 68
614000 68
614500 68
615000 68
615500 68
616000 68
616500 68
617000 68
617500 68
618000 68
618500 68
619000 68
619500 68
620000 68
620500 68
621000 68
621500 68
622000 68
622500 68
623000 68
623500 68
624000 68
624500 68
625000 68
625500 68
626000 68
626500 68
627000 68
627500 68
628000 68
628500 68
629000 68
629500 68
630000 68
630500 68
631000 68
631500 68
632000 68
632500 68
633000 68
633500 68
634000 68
634500 68
635000 68
635500 68
636000 68
636500 68
637000 68
637500 68
638000 68
638500 68
639000 68
639500 68
640000 68
640500 68
641000 68
641500 68
642000 68
642500 68
643000 68
643500 68
644000 68
644500 68
645000 68
645500 68
646000 68
646500 68
647000 68
647500 68
648000 68
648500 68
649000 68
649500 68
650000 68
650500 68
651000 68
651500 68
652000 68
652500 68
653000 68
653500 68
654000 68
654500 68
655000 68
655500 68
656000 68
