200 83
400 88
600 84
800 83
1000 79
1200 86
1400 92
1600 80
1800 74
2000 75
2200 74
2400 77
2600 74
2800 75
3000 76
3200 74
3400 72
3600 71
3800 71
4000 73
4200 74
4400 75
4600 76
4800 75
5000 79
5200 79
5400 76
5600 75
5800 73
6000 83
6200 82
6400 76
6600 79
6800 75
7000 74
7200 79
7400 83
7600 82
7800 77
8000 77
8200 73
8400 78
8600 76
8800 74
9000 75
9200 75
9400 73
9600 76
9800 73
10000 74
10200 79
10400 76
10600 73
10800 76
11000 78
11200 82
11400 88
11600 82
11800 79
12000 77
12200 74
12400 77
12600 80
12800 78
13000 73
13200 73
13400 75
13600 77
13800 78
14000 76
14200 86
14400 71
14600 71
14800 77
15000 83
15200 75
15400 73
15600 75
15800 71
16000 81
16200 89
16400 87
16600 83
16800 79
17000 80
17200 80
17400 81
17600 78
17800 76
18000 76
18200 76
18400 78
18600 73
18800 76
19000 74
19200 77
19400 81
19600 75
19800 76
20000 79
20200 80
20400 78
20600 76
20800 75
21000 75
21200 75
21400 73
21600 73
21800 77
22000 77
22200 76
22400 74
22600 71
22800 80
23000 74
23200 72
23400 78
23600 80
23800 75
24000 74
24200 73
24400 81
24600 73
24800 76
25000 81
25200 75
25400 81
25600 76
25800 76
26000 80
26200 81
26400 77
26600 78
26800 74
27000 76
27200 75
27400 78
27600 75
27800 71
28000 81
28200 76
28400 71
28600 70
28800 73
29000 71
29200 74
29400 71
29600 70
29800 70
30000 72
30200 67
30400 67
30600 67
30800 68
31000 66
31200 68
31400 69
31600 76
31800 71
32000 66
32200 68
32400 68
32600 68
32800 68
33000 71
33200 73
33400 71
33600 71
33800 72
34000 76
34200 72
34400 70
34600 71
34800 71
35000 73
35200 67
35400 73
35600 69
35800 70
36000 72
36200 75
36400 77
36600 74
36800 76
37000 77
37200 79
37400 74
37600 77
37800 78
38000 76
38200 79
38400 85
38600 81
38800 75
39000 73
39200 77
39400 75
39600 72
39800 71
40000 66
40200 66
40400 66
40600 66
40800 69
41000 73
41200 69
41400 68
41600 72
41800 74
42000 75
42200 71
42400 65
42600 69
42800 68
43000 67
43200 68
43400 70
43600 70
43800 74
44000 73
44200 71
44400 76
44600 77
44800 72
45000 75
45200 73
45400 73
45600 72
45800 73
46000 84
46200 70
46400 71
46600 72
46800 73
47000 69
47200 71
47400 73
47600 75
47800 73
48000 76
48200 74
48400 81
48600 76
48800 76
49000 74
49200 72
49400 69
49600 69
49800 69
50000 70
50200 77
50400 73
50600 74
50800 74
51000 78
51200 76
51400 74
51600 71
51800 68
52000 74
52200 72
52400 73
52600 77
52800 75
53000 77
53200 77
53400 74
53600 78
53800 73
54000 72
54200 71
54400 68
54600 69
54800 67
55000 71
55200 68
55400 70
55600 72
55800 77
56000 72
56200 71
56400 67
56600 67
56800 69
57000 74
57200 74
57400 70
57600 68
57800 67
58000 72
58200 68
58400 68
58600 68
58800 73
59000 79
59200 74
59400 75
59600 73
59800 78
60000 75
60200 85
60400 88
60600 86
60800 81
61000 79
61200 76
61400 75
61600 75
61800 77
62000 80
62200 76
62400 79
62600 75
62800 81
63000 74
63200 80
63400 70
63600 76
63800 76
64000 72
64200 78
64400 74
64600 76
64800 80
65000 74
65200 81
65400 73
65600 74
65800 73
66000 78
66200 79
66400 74
66600 78
66800 79
67000 80
67200 72
67400 72
67600 71
67800 70
68000 69
68200 70
68400 70
68600 72
68800 76
69000 75
69200 71
69400 76
69600 75
69800 79
70000 75
70200 74
70400 73
70600 73
70800 76
71000 80
71200 88
71400 74
71600 78
71800 78
72000 75
72200 80
72400 72
72600 69
72800 69
73000 70
73200 73
73400 81
73600 69
73800 69
74000 72
74200 71
74400 72
74600 73
74800 71
75000 72
75200 71
75400 74
75600 76
75800 74
76000 73
76200 68
76400 69
76600 70
76800 70
77000 73
77200 74
77400 76
77600 71
77800 73
78000 75
78200 73
78400 75
78600 77
78800 75
79000 77
79200 74
79400 72
79600 74
79800 76
80000 74
80200 75
80400 71
80600 78
80800 80
81000 75
81200 76
81400 71
81600 79
81800 70
82000 82
82200 71
82400 85
82600 81
82800 72
83000 81
83200 79
83400 81
83600 82
83800 81
84000 69
84200 70
84400 72
84600 74
84800 75
85000 79
85200 71
85400 69
85600 70
85800 68
86000 68
86200 70
86400 68
86600 67
86800 68
87000 67
87200 69
87400 72
87600 76
87800 78
88000 71
88200 70
88400 77
88600 78
88800 72
89000 72
89200 76
89400 75
89600 72
89800 74
90000 72
90200 72
90400 71
90600 71
90800 77
91000 73
91200 75
91400 72
91600 73
91800 71
92000 71
92200 74
92400 87
92600 77
92800 74
93000 72
93200 75
93400 72
93600 74
93800 80
94000 75
94200 80
94400 75
94600 71
94800 72
95000 70
95200 70
95400 66
95600 72
95800 68
96000 72
96200 72
96400 75
96600 71
96800 71
97000 73
97200 73
97400 73
97600 79
97800 78
98000 75
98200 72
98400 74
98600 70
98800 69
99000 82
99200 82
99400 76
99600 78
99800 75
100000 75
100200 78
100400 78
100600 80
100800 79
101000 80
101200 75
101400 77
101600 85
101800 76
102000 73
102200 75
102400 69
102600 69
102800 70
103000 71
103200 80
103400 81
103600 78
103800 75
104000 76
104200 76
104400 74
104600 73
104800 76
105000 79
105200 69
105400 72
105600 74
105800 72
106000 72
106200 68
106400 68
106600 74
106800 70
107000 67
107200 73
107400 72
107600 72
107800 68
108000 72
108200 73
108400 72
108600 75
108800 71
109000 74
109200 73
109400 78
109600 74
109800 74
110000 75
110200 76
110400 71
110600 69
110800 67
111000 70
111200 70
111400 73
111600 78
111800 77
112000 78
112200 67
112400 74
112600 76
112800 76
113000 76
113200 69
113400 71
113600 74
113800 80
114000 77
114200 80
114400 78
114600 73
114800 76
115000 80
115200 72
115400 74
115600 76
115800 74
116000 73
116200 73
116400 74
116600 74
116800 75
117000 82
117200 73
117400 77
117600 74
117800 77
118000 75
118200 77
118400 80
118600 79
118800 81
119000 80
119200 76
119400 80
119600 79
119800 74
120000 77
120200 76
120400 70
120600 71
120800 75
121000 79
121200 81
121400 75
121600 73
121800 82
122000 79
122200 80
122400 76
122600 81
122800 71
123000 73
123200 72
123400 72
123600 71
123800 77
124000 88
124200 80
124400 78
124600 74
124800 73
125000 73
125200 79
125400 69
125600 71
125800 72
126000 71
126200 73
126400 77
126600 87
126800 82
127000 82
127200 75
127400 81
127600 82
127800 71
128000 70
128200 70
128400 72
128600 72
128800 73
129000 81
129200 82
129400 74
129600 81
129800 80
130000 75
130200 77
130400 78
130600 78
130800 85
131000 79
131200 78
131400 80
131600 78
131800 73
132000 70
132200 77
132400 82
132600 79
132800 81
133000 74
133200 78
133400 77
133600 78
133800 75
134000 75
134200 81
134400 77
134600 76
134800 73
135000 79
135200 82
135400 77
135600 77
135800 77
136000 81
136200 78
136400 86
136600 85
136800 81
137000 75
137200 79
137400 80
137600 79
137800 75
138000 76
138200 73
138400 71
138600 71
138800 71
139000 70
139200 73
139400 74
139600 74
139800 75
140000 77
140200 80
140400 79
140600 82
140800 82
141000 78
141200 83
141400 82
141600 75
141800 74
142000 76
142200 77
142400 76
142600 77
142800 74
143000 72
143200 74
143400 74
143600 74
143800 77
144000 73
144200 72
144400 73
144600 74
144800 76
145000 73
145200 73
145400 76
145600 78
145800 75
146000 77
146200 82
146400 73
146600 75
146800 76
147000 81
147200 77
147400 76
147600 81
147800 77
148000 78
148200 78
148400 76
148600 73
148800 76
149000 77
149200 73
149400 87
149600 78
149800 77
150000 77
150200 79
150400 80
150600 73
150800 77
151000 78
151200 74
151400 75
151600 79
151800 80
152000 76
152200 76
152400 77
152600 79
152800 83
153000 74
153200 75
153400 79
153600 75
153800 76
154000 82
154200 79
154400 71
154600 76
154800 73
155000 74
155200 74
155400 81
155600 78
155800 74
156000 78
156200 73
156400 74
156600 78
156800 77
157000 78
157200 75
157400 78
157600 75
157800 74
158000 73
158200 70
158400 70
158600 73
158800 70
159000 73
159200 78
159400 71
159600 76
159800 74
160000 76
160200 77
160400 75
160600 77
160800 85
161000 78
161200 80
161400 81
161600 78
161800 80
162000 77
162200 78
162400 78
162600 81
162800 84
163000 76
163200 76
163400 83
163600 77
163800 73
164000 77
164200 76
164400 74
164600 74
164800 74
165000 82
165200 80
165400 84
165600 77
165800 78
166000 80
166200 80
166400 77
166600 77
166800 80
167000 79
167200 81
167400 85
167600 79
167800 81
168000 78
168200 79
168400 88
168600 79
168800 75
169000 73
169200 73
169400 78
169600 73
169800 72
170000 83
170200 80
170400 74
170600 74
170800 80
171000 75
171200 75
171400 81
171600 72
171800 78
172000 75
172200 77
172400 76
172600 74
172800 74
173000 75
173200 72
173400 71
173600 70
173800 70
174000 72
174200 74
174400 73
174600 77
174800 75
175000 73
175200 82
175400 73
175600 74
175800 79
176000 74
176200 75
176400 78
176600 76
176800 76
177000 79
177200 81
177400 72
177600 77
177800 76
178000 76
178200 74
178400 76
178600 76
178800 76
179000 76
179200 72
179400 73
179600 73
179800 73
180000 86
180200 80
180400 87
180600 87
180800 86
181000 79
181200 74
181400 71
181600 70
181800 71
182000 70
182200 71
182400 76
182600 71
182800 71
183000 72
183200 74
183400 74
183600 77
183800 80
184000 74
184200 74
184400 77
184600 80
184800 75
185000 72
185200 70
185400 70
185600 72
185800 75
186000 78
186200 79
186400 79
186600 74
186800 73
187000 76
187200 77
187400 80
187600 75
187800 75
188000 74
188200 79
188400 74
188600 74
188800 73
189000 75
189200 82
189400 80
189600 78
189800 80
190000 83
190200 84
190400 85
190600 85
190800 82
191000 75
191200 76
191400 76
191600 73
191800 75
192000 77
192200 76
192400 78
192600 79
192800 76
193000 78
193200 74
193400 80
193600 74
193800 74
194000 74
194200 75
194400 76
194600 75
194800 74
195000 77
195200 74
195400 75
195600 76
195800 78
196000 79
196200 82
196400 84
196600 83
196800 78
197000 79
197200 78
197400 80
197600 79
197800 80
198000 79
198200 81
198400 85
198600 82
198800 74
199000 79
199200 75
199400 82
199600 82
199800 78
200000 78
200200 76
200400 78
200600 81
200800 83
201000 86
201200 74
201400 74
201600 72
201800 76
202000 78
202200 76
202400 72
202600 71
202800 74
203000 78
203200 76
203400 73
203600 73
203800 71
204000 78
204200 72
204400 72
204600 73
204800 73
205000 79
205200 74
205400 72
205600 75
205800 80
206000 78
206200 75
206400 78
206600 77
206800 82
207000 78
207200 75
207400 73
207600 79
207800 77
208000 73
208200 72
208400 72
208600 74
208800 73
209000 77
209200 74
209400 77
209600 73
209800 76
210000 80
210200 77
210400 68
210600 72
210800 79
211000 79
211200 77
211400 75
211600 77
211800 77
212000 78
212200 78
212400 79
212600 78
212800 75
213000 81
213200 81
213400 71
213600 68
213800 76
214000 71
214200 82
214400 82
214600 79
214800 79
215000 79
215200 76
215400 77
215600 74
215800 76
216000 73
216200 73
216400 73
216600 74
216800 74
217000 72
217200 70
217400 74
217600 74
217800 77
218000 83
218200 88
218400 79
218600 81
218800 73
219000 76
219200 87
219400 72
219600 76
219800 80
220000 74
220200 80
220400 72
220600 72
220800 72
221000 74
221200 76
221400 76
221600 73
221800 75
222000 73
222200 72
222400 72
222600 75
222800 73
223000 76
223200 71
223400 71
223600 80
223800 82
224000 80
224200 83
224400 82
224600 75
224800 74
225000 71
225200 70
225400 73
225600 73
225800 76
226000 73
226200 79
226400 77
226600 81
226800 78
227000 78
227200 77
227400 79
227600 75
227800 73
228000 72
228200 70
228400 71
228600 69
228800 73
229000 76
229200 75
229400 76
229600 75
229800 73
230000 72
230200 75
230400 72
230600 70
230800 71
231000 71
231200 73
231400 74
231600 70
231800 72
232000 72
232200 78
232400 73
232600 71
232800 73
233000 71
233200 72
233400 80
233600 75
233800 73
234000 74
234200 74
234400 73
234600 74
234800 72
235000 70
235200 68
235400 71
235600 68
235800 68
236000 69
236200 70
236400 75
236600 67
236800 69
237000 67
237200 68
237400 69
237600 70
237800 72
238000 72
238200 80
238400 80
238600 76
238800 75
239000 79
239200 76
239400 75
239600 76
239800 73
240000 73
240200 73
240400 73
240600 79
240800 75
241000 75
241200 79
241400 83
241600 88
241800 83
242000 82
242200 73
242400 75
242600 76
242800 80
243000 78
243200 80
243400 79
243600 73
243800 81
244000 79
244200 81
244400 76
244600 79
244800 76
245000 75
245200 72
245400 78
245600 76
245800 76
246000 78
246200 69
246400 77
246600 79
246800 79
247000 82
247200 76
247400 77
247600 76
247800 74
248000 80
248200 83
248400 84
248600 81
248800 78
249000 81
249200 84
249400 82
249600 79
249800 83
250000 80
250200 77
250400 81
250600 77
250800 76
251000 78
251200 76
251400 78
251600 78
251800 78
252000 74
252200 73
252400 77
252600 76
252800 77
253000 79
253200 74
253400 74
253600 83
253800 78
254000 77
254200 76
254400 79
254600 74
254800 77
255000 82
255200 76
255400 76
255600 78
255800 77
256000 78
256200 78
256400 70
256600 75
256800 75
257000 74
257200 76
257400 79
257600 77
257800 80
258000 77
258200 77
258400 74
258600 76
258800 80
259000 79
259200 79
259400 76
259600 78
259800 74
260000 77
260200 81
260400 75
260600 78
260800 77
261000 73
261200 71
261400 74
261600 75
261800 80
262000 84
262200 80
262400 83
262600 74
262800 78
263000 75
263200 75
263400 71
263600 72
263800 75
264000 72
264200 75
264400 78
264600 79
264800 81
265000 80
265200 81
265400 90
265600 84
265800 81
266000 75
266200 73
266400 75
266600 77
266800 79
267000 82
267200 81
267400 82
267600 76
267800 73
268000 77
268200 76
268400 71
268600 75
268800 76
269000 78
269200 79
269400 79
269600 81
269800 76
270000 82
270200 82
270400 74
270600 83
270800 82
271000 77
271200 74
271400 79
271600 78
271800 77
272000 74
272200 78
272400 74
272600 75
272800 78
273000 81
273200 81
273400 82
273600 81
273800 78
274000 72
274200 70
274400 82
274600 83
274800 73
275000 72
275200 79
275400 78
275600 77
275800 76
276000 77
276200 79
276400 79
276600 79
276800 80
277000 80
277200 76
277400 76
277600 75
277800 86
278000 82
278200 75
278400 74
278600 79
278800 81
279000 81
279200 73
279400 76
279600 80
279800 76
280000 78
280200 77
280400 83
280600 80
280800 88
281000 76
281200 74
281400 78
281600 79
281800 74
282000 77
282200 79
282400 82
282600 82
282800 81
283000 76
283200 81
283400 84
283600 81
283800 82
284000 81
284200 79
284400 83
284600 80
284800 77
285000 79
285200 75
285400 75
285600 73
285800 73
286000 81
286200 79
286400 81
286600 80
286800 74
287000 69
287200 71
287400 71
287600 70
287800 70
288000 68
288200 75
288400 74
288600 75
288800 74
289000 77
289200 80
289400 74
289600 72
289800 72
290000 73
290200 73
290400 71
290600 72
290800 74
291000 69
291200 70
291400 70
291600 69
291800 69
292000 70
292200 71
292400 69
292600 69
292800 72
293000 75
293200 82
293400 73
293600 74
293800 74
294000 73
294200 73
294400 71
294600 78
294800 72
295000 73
295200 70
295400 70
295600 73
295800 69
296000 70
296200 71
296400 68
296600 81
296800 78
297000 76
297200 78
297400 76
297600 76
297800 78
298000 78
298200 79
298400 82
298600 84
298800 81
299000 74
299200 80
299400 81
299600 77
299800 77
300000 75
300200 77
300400 79
300600 77
300800 75
301000 78
301200 85
301400 79
301600 79
301800 76
302000 77
302200 82
302400 81
302600 80
302800 74
303000 72
303200 74
303400 74
303600 85
303800 77
304000 82
304200 79
304400 76
304600 78
304800 76
305000 74
305200 80
305400 75
305600 78
305800 76
306000 70
306200 72
306400 81
306600 75
306800 80
307000 74
307200 74
307400 73
307600 74
307800 69
308000 70
308200 75
308400 76
308600 75
308800 75
309000 74
309200 73
309400 73
309600 74
309800 80
310000 75
310200 74
310400 73
310600 80
310800 81
311000 79
311200 79
311400 75
311600 75
311800 75
312000 73
312200 80
312400 76
312600 76
312800 73
313000 78
313200 85
313400 88
313600 84
313800 77
314000 78
314200 74
314400 74
314600 76
314800 75
315000 74
315200 72
315400 73
315600 71
315800 71
316000 79
316200 76
316400 73
316600 74
316800 75
317000 75
317200 78
317400 76
317600 76
317800 82
318000 77
318200 74
318400 73
318600 77
318800 77
319000 79
319200 82
319400 75
319600 86
319800 82
320000 80
320200 74
320400 72
320600 74
320800 71
321000 80
321200 78
321400 78
321600 79
321800 73
322000 76
322200 78
322400 69
322600 69
322800 70
323000 79
323200 88
323400 79
323600 82
323800 83
324000 77
324200 77
324400 80
324600 77
324800 72
325000 72
325200 73
325400 74
325600 71
325800 72
326000 74
326200 77
326400 75
326600 74
326800 78
327000 81
327200 79
327400 87
327600 78
327800 75
328000 74
328200 74
328400 76
328600 78
328800 76
329000 80
329200 77
329400 83
329600 78
329800 82
330000 84
330200 84
330400 85
330600 83
330800 85
331000 86
331200 82
331400 76
331600 79
331800 77
332000 77
332200 77
332400 75
332600 79
332800 75
333000 81
333200 78
333400 78
333600 78
333800 76
334000 76
334200 77
334400 74
334600 80
334800 77
335000 75
335200 72
335400 72
335600 74
335800 74
336000 73
336200 75
336400 73
336600 80
336800 85
337000 87
337200 81
337400 81
337600 75
337800 72
338000 72
338200 71
338400 77
338600 75
338800 72
339000 72
339200 73
339400 73
339600 73
339800 78
340000 80
340200 77
340400 78
340600 78
340800 78
341000 81
341200 77
341400 78
341600 75
341800 76
342000 76
342200 77
342400 82
342600 83
342800 76
343000 77
343200 85
343400 82
343600 79
343800 79
344000 77
344200 72
344400 72
344600 72
344800 72
345000 73
345200 71
345400 73
345600 74
345800 75
346000 74
346200 72
346400 72
346600 73
346800 77
347000 78
347200 79
347400 74
347600 76
347800 91
348000 85
348200 80
348400 80
348600 80
348800 78
349000 80
349200 75
349400 78
349600 80
349800 83
350000 86
350200 80
350400 79
350600 80
350800 79
351000 81
351200 81
351400 82
351600 76
351800 76
352000 81
352200 81
352400 82
352600 81
352800 84
353000 80
353200 78
353400 80
353600 83
353800 83
354000 79
354200 86
354400 71
354600 77
354800 75
355000 76
355200 76
355400 79
355600 79
355800 82
356000 84
356200 75
356400 77
356600 68
356800 74
357000 70
357200 71
357400 72
357600 71
357800 72
358000 78
358200 71
358400 69
358600 70
358800 71
359000 74
359200 67
359400 68
359600 69
359800 71
360000 75
360200 75
360400 74
360600 66
360800 66
361000 68
361200 72
361400 78
361600 74
361800 75
362000 72
362200 75
362400 80
362600 80
362800 84
363000 80
363200 79
363400 81
363600 79
363800 78
364000 75
364200 79
364400 81
364600 73
364800 76
365000 72
365200 73
365400 83
365600 84
365800 78
366000 75
366200 71
366400 76
366600 77
366800 70
367000 68
367200 68
367400 69
367600 68
367800 70
368000 69
368200 68
368400 65
368600 71
368800 79
369000 71
369200 71
369400 74
369600 67
369800 66
370000 65
370200 73
370400 70
370600 76
370800 69
371000 66
371200 69
371400 70
371600 68
371800 67
372000 71
372200 68
372400 66
372600 69
372800 70
373000 70
373200 74
373400 76
373600 77
373800 73
374000 73
374200 73
374400 69
374600 67
374800 67
375000 69
375200 72
375400 74
375600 73
375800 73
376000 75
376200 68
376400 69
376600 71
376800 69
377000 73
377200 76
377400 73
377600 72
377800 71
378000 72
378200 84
378400 75
378600 69
378800 69
379000 73
379200 72
379400 71
379600 71
379800 73
380000 70
380200 71
380400 70
380600 72
380800 76
381000 80
381200 78
381400 77
381600 82
381800 70
382000 71
382200 76
382400 72
382600 73
382800 68
383000 73
383200 78
383400 74
383600 73
383800 80
384000 77
384200 79
384400 75
384600 74
384800 78
385000 76
385200 77
385400 77
385600 83
385800 86
386000 80
386200 82
386400 79
386600 76
386800 76
387000 79
387200 74
387400 77
387600 76
387800 77
388000 76
388200 75
388400 75
388600 69
388800 71
389000 71
389200 76
389400 74
389600 75
389800 78
390000 70
390200 70
390400 74
390600 74
390800 68
391000 69
391200 73
391400 72
391600 76
391800 72
392000 71
392200 70
392400 72
392600 73
392800 76
393000 73
393200 79
393400 76
393600 80
393800 78
394000 75
394200 80
394400 79
394600 74
394800 80
395000 78
395200 76
395400 76
395600 74
395800 78
396000 79
396200 80
396400 75
396600 72
396800 71
397000 70
397200 68
397400 70
397600 72
397800 70
398000 71
398200 73
398400 78
398600 74
398800 71
399000 71
399200 70
399400 74
399600 78
399800 69
400000 74
400200 76
400400 75
400600 76
400800 77
401000 71
401200 71
401400 75
401600 69
401800 75
402000 80
402200 71
402400 71
402600 79
402800 73
403000 74
403200 76
403400 77
403600 77
403800 75
404000 75
404200 72
404400 72
404600 70
404800 68
405000 73
405200 74
405400 80
405600 78
405800 76
406000 78
406200 74
406400 76
406600 71
406800 70
407000 75
407200 69
407400 75
407600 66
407800 68
408000 71
408200 76
408400 76
408600 70
408800 67
409000 68
409200 66
409400 70
409600 70
409800 73
410000 69
410200 67
410400 71
410600 70
410800 76
411000 81
411200 83
411400 80
411600 84
411800 77
412000 75
412200 74
412400 78
412600 71
412800 73
413000 71
413200 74
413400 72
413600 73
413800 73
414000 74
414200 76
414400 72
414600 77
414800 78
415000 79
415200 83
415400 77
415600 79
415800 75
416000 75
416200 74
416400 74
416600 71
416800 75
417000 83
417200 78
417400 71
417600 71
417800 74
418000 76
418200 72
418400 79
418600 76
418800 78
419000 77
419200 75
419400 72
419600 81
419800 79
420000 71
420200 71
420400 73
420600 73
420800 76
421000 72
421200 76
421400 78
421600 75
421800 76
422000 74
422200 75
422400 79
422600 79
422800 76
423000 79
423200 75
423400 80
423600 76
423800 76
424000 76
424200 70
424400 71
424600 71
424800 75
425000 77
425200 74
425400 75
425600 76
425800 76
426000 76
426200 75
426400 73
426600 74
426800 72
427000 72
427200 74
427400 78
427600 76
427800 76
428000 79
428200 84
428400 81
428600 84
428800 79
429000 82
429200 89
429400 85
429600 88
429800 92
430000 95
430200 94
430400 89
430600 84
430800 82
431000 80
431200 81
431400 84
431600 79
431800 83
432000 79
432200 79
432400 70
432600 73
432800 73
433000 76
433200 85
433400 78
433600 75
433800 83
434000 81
434200 76
434400 75
434600 76
434800 80
435000 72
435200 74
435400 73
435600 71
435800 75
436000 73
436200 76
436400 74
436600 76
436800 74
437000 83
437200 73
437400 79
437600 81
437800 75
438000 77
438200 78
438400 75
438600 73
438800 71
439000 72
439200 75
439400 71
439600 73
439800 71
440000 72
440200 76
440400 77
440600 77
440800 84
441000 84
441200 75
441400 74
441600 71
441800 71
442000 71
442200 73
442400 71
442600 70
442800 76
443000 79
443200 76
443400 80
443600 73
443800 71
444000 73
444200 69
444400 70
444600 71
444800 76
445000 82
445200 80
445400 74
445600 71
445800 74
446000 73
446200 75
446400 72
446600 78
446800 79
447000 77
447200 77
447400 73
447600 75
447800 76
448000 79
448200 81
448400 74
448600 73
448800 75
449000 77
449200 75
449400 79
449600 79
449800 77
450000 71
450200 71
450400 71
450600 74
450800 72
451000 72
451200 75
451400 87
451600 79
451800 77
452000 75
452200 77
452400 71
452600 74
452800 74
453000 72
453200 77
453400 76
453600 77
453800 75
454000 75
454200 81
454400 80
454600 73
454800 76
455000 72
455200 75
455400 72
455600 73
455800 71
456000 74
456200 78
456400 75
456600 74
456800 75
457000 76
457200 71
457400 70
457600 70
457800 73
458000 74
458200 76
458400 74
458600 75
458800 79
459000 76
459200 75
459400 80
459600 84
459800 74
460000 78
460200 80
460400 78
460600 86
460800 80
461000 77
461200 76
461400 74
461600 80
461800 82
462000 74
462200 77
462400 79
462600 78
462800 74
463000 79
463200 76
463400 75
463600 85
463800 82
464000 81
464200 79
464400 79
464600 79
464800 76
465000 79
465200 80
465400 77
465600 77
465800 88
466000 86
466200 89
466400 77
466600 75
466800 71
467000 70
467200 77
467400 79
467600 78
467800 74
468000 74
468200 77
468400 74
468600 74
468800 75
469000 73
469200 79
469400 72
469600 76
469800 77
470000 81
470200 80
470400 77
470600 80
470800 74
471000 74
471200 75
471400 77
471600 78
471800 77
472000 78
472200 76
472400 76
472600 78
472800 76
473000 79
473200 80
473400 77
473600 73
473800 73
474000 73
474200 73
474400 73
474600 74
474800 77
475000 77
475200 81
475400 81
475600 81
475800 78
476000 75
476200 74
476400 77
476600 78
476800 75
477000 75
477200 75
477400 75
477600 76
477800 86
478000 85
478200 82
478400 74
478600 81
478800 85
479000 80
479200 86
479400 80
479600 77
479800 77
480000 79
480200 82
480400 77
480600 75
480800 77
481000 77
481200 76
481400 73
481600 72
481800 76
482000 71
482200 74
482400 73
482600 75
482800 79
483000 78
483200 78
483400 73
483600 77
483800 79
484000 79
484200 75
484400 79
484600 75
484800 73
485000 78
485200 72
485400 71
485600 76
485800 75
486000 73
486200 78
486400 77
486600 81
486800 94
487000 79
487200 77
487400 77
487600 75
487800 76
488000 79
488200 77
488400 77
488600 74
488800 74
489000 76
489200 76
489400 77
489600 73
489800 76
490000 78
490200 73
490400 83
490600 79
490800 82
491000 81
491200 85
491400 91
491600 91
491800 82
492000 78
492200 79
492400 81
492600 82
492800 79
493000 83
493200 75
493400 79
493600 80
493800 76
494000 82
494200 80
494400 82
494600 84
494800 75
495000 78
495200 75
495400 75
495600 77
495800 75
496000 77
496200 80
496400 80
496600 78
496800 80
497000 83
497200 88
497400 92
497600 85
497800 80
498000 85
498200 81
498400 85
498600 85
498800 85
499000 82
499200 79
499400 79
499600 73
499800 75
500000 76
500200 75
500400 77
500600 75
500800 77
501000 83
501200 73
501400 77
501600 73
501800 78
502000 78
502200 76
502400 81
502600 77
502800 82
503000 81
503200 82
503400 81
503600 82
503800 81
504000 82
504200 82
504400 82
504600 73
504800 76
505000 78
505200 76
505400 77
505600 73
505800 77
506000 71
506200 72
506400 72
506600 74
506800 72
507000 76
507200 71
507400 75
507600 76
507800 85
508000 80
508200 77
508400 76
508600 75
508800 74
509000 78
509200 78
509400 85
509600 97
509800 76
510000 77
510200 75
510400 76
510600 74
510800 77
511000 79
511200 77
511400 77
511600 76
511800 76
512000 75
512200 79
512400 76
512600 76
512800 73
513000 80
513200 78
513400 84
513600 75
513800 74
514000 75
514200 73
514400 75
514600 76
514800 82
515000 79
515200 74
515400 78
515600 78
515800 76
516000 76
516200 79
516400 85
516600 82
516800 84
517000 81
517200 82
517400 84
517600 85
517800 82
518000 79
518200 80
518400 73
518600 72
518800 73
519000 73
519200 74
519400 73
519600 77
519800 79
520000 87
520200 81
520400 77
520600 76
520800 75
521000 80
521200 74
521400 76
521600 80
521800 85
522000 82
522200 78
522400 75
522600 72
522800 75
523000 74
523200 76
523400 76
523600 79
523800 80
524000 81
524200 80
524400 78
524600 76
524800 76
525000 76
525200 83
525400 83
525600 83
525800 84
526000 81
526200 88
526400 84
526600 82
526800 81
527000 81
527200 81
527400 80
527600 83
527800 80
528000 74
528200 82
528400 85
528600 79
528800 74
529000 76
529200 76
529400 81
529600 77
529800 76
530000 75
530200 76
530400 77
530600 79
530800 79
531000 81
531200 78
531400 80
531600 83
531800 80
532000 81
532200 84
532400 83
532600 75
532800 77
533000 77
533200 74
533400 72
533600 74
533800 74
534000 75
534200 78
534400 80
534600 83
534800 92
535000 80
535200 75
535400 75
535600 79
535800 80
536000 75
536200 73
536400 73
536600 75
536800 72
537000 75
537200 71
537400 72
537600 73
537800 72
538000 72
538200 78
538400 73
538600 69
538800 70
539000 72
539200 70
539400 79
539600 74
539800 71
540000 71
540200 79
540400 74
540600 78
540800 76
541000 75
541200 72
541400 70
541600 71
541800 74
542000 71
542200 72
542400 75
542600 77
542800 79
543000 77
543200 75
543400 73
543600 76
543800 75
544000 81
544200 81
544400 74
544600 74
544800 79
545000 77
545200 74
545400 77
545600 74
545800 80
546000 80
546200 77
546400 77
546600 79
546800 79
547000 81
547200 77
547400 75
547600 77
547800 76
548000 79
548200 79
548400 83
548600 82
548800 80
549000 77
549200 76
549400 77
549600 79
549800 83
550000 80
550200 80
550400 77
550600 85
550800 89
551000 87
551200 82
551400 82
551600 71
551800 75
552000 73
552200 75
552400 75
552600 77
552800 78
553000 76
553200 80
553400 74
553600 76
553800 73
554000 78
554200 74
554400 79
554600 76
554800 71
555000 71
555200 79
555400 79
555600 87
555800 81
556000 84
556200 77
556400 72
556600 77
556800 76
557000 74
557200 82
557400 76
557600 76
557800 74
558000 72
558200 78
558400 74
558600 72
558800 73
559000 74
559200 72
559400 78
559600 77
559800 80
560000 80
560200 76
560400 79
560600 78
560800 73
561000 71
561200 76
561400 78
561600 79
561800 83
562000 82
562200 71
562400 74
562600 71
562800 76
563000 69
563200 68
563400 72
563600 72
563800 72
564000 67
564200 80
564400 77
564600 68
564800 71
565000 69
565200 68
565400 66
565600 67
565800 65
566000 68
566200 70
566400 70
566600 72
566800 80
567000 85
567200 74
567400 82
567600 88
567800 80
568000 81
568200 73
568400 77
568600 76
568800 72
569000 73
569200 72
569400 74
569600 75
569800 74
570000 79
570200 77
570400 76
570600 82
570800 79
571000 80
571200 84
571400 81
571600 78
571800 76
572000 73
572200 76
572400 82
572600 73
572800 76
573000 73
573200 68
573400 74
573600 69
573800 68
574000 70
574200 70
574400 71
574600 69
574800 72
575000 71
575200 73
575400 73
575600 80
575800 76
576000 73
576200 72
576400 77
576600 76
576800 70
577000 74
577200 71
577400 72
577600 72
577800 72
578000 73
578200 72
578400 72
578600 68
578800 70
579000 70
579200 71
579400 71
579600 68
579800 68
580000 69
580200 71
580400 74
580600 71
580800 70
581000 71
581200 70
581400 77
581600 78
581800 75
582000 78
582200 74
582400 71
582600 76
582800 75
583000 79
583200 81
583400 84
583600 80
583800 74
584000 79
584200 73
584400 73
584600 76
584800 78
585000 79
585200 75
585400 74
585600 74
585800 70
586000 72
586200 74
586400 73
586600 72
586800 74
587000 77
587200 76
587400 75
587600 70
587800 71
588000 80
588200 81
588400 76
588600 72
588800 74
589000 72
589200 71
589400 72
589600 78
589800 78
590000 83
590200 75
590400 80
590600 75
590800 70
591000 71
591200 74
591400 74
591600 76
591800 73
592000 71
592200 70
592400 72
592600 74
592800 75
593000 75
593200 75
593400 81
593600 79
593800 83
594000 79
594200 79
594400 77
594600 73
594800 73
595000 73
595200 80
595400 76
595600 74
595800 69
596000 70
596200 65
596400 69
596600 71
596800 71
597000 73
597200 70
597400 77
597600 76
597800 80
598000 77
598200 78
598400 78
598600 75
598800 77
599000 75
599200 79
599400 81
599600 81
599800 76
600000 78
600200 78
600400 80
600600 77
600800 78
601000 73
601200 73
601400 79
601600 79
601800 77
602000 81
602200 75
602400 75
602600 78
602800 75
603000 77
603200 76
603400 75
603600 76
603800 70
604000 75
604200 78
604400 78
604600 77
604800 74
605000 74
605200 73
605400 77
605600 69
605800 71
606000 71
606200 70
606400 75
606600 68
606800 72
607000 72
607200 71
607400 72
607600 76
607800 78
608000 77
608200 76
608400 79
608600 72
608800 73
609000 80
609200 79
609400 78
609600 81
609800 86
610000 83
610200 79
610400 78
610600 80
610800 71
611000 80
611200 79
611400 80
611600 78
611800 77
612000 77
612200 82
612400 78
612600 78
612800 81
613000 81
613200 78
613400 76
613600 80
613800 86
614000 78
614200 83
614400 88
614600 72
614800 71
615000 73
615200 75
615400 71
615600 71
615800 69
616000 70
616200 73
616400 76
616600 76
616800 71
617000 71
617200 71
617400 75
617600 71
617800 74
618000 80
618200 75
618400 75
618600 72
618800 74
619000 72
619200 72
619400 73
619600 75
619800 71
620000 74
620200 72
620400 72
620600 71
620800 70
621000 67
621200 67
621400 74
621600 71
621800 70
622000 72
622200 69
622400 66
622600 68
622800 67
623000 67
623200 71
623400 72
623600 72
623800 78
624000 79
624200 75
624400 78
624600 72
624800 72
625000 72
625200 73
625400 74
625600 76
625800 72
626000 82
626200 80
626400 77
626600 71
626800 68
627000 72
627200 69
627400 75
627600 72
627800 76
628000 77
628200 72
628400 74
628600 75
628800 78
629000 75
629200 73
629400 85
629600 73
629800 75
630000 82
630200 81
630400 80
630600 78
630800 80
631000 83
631200 78
631400 80
631600 80
631800 77
632000 78
632200 73
632400 76
632600 72
632800 73
633000 74
633200 77
633400 75
633600 76
633800 72
634000 75
634200 73
634400 71
634600 75
634800 79
635000 76
635200 73
635400 73
635600 73
635800 74
636000 73
636200 80
636400 79
636600 78
636800 77
637000 76
637200 74
637400 76
637600 77
637800 79
638000 75
638200 82
638400 79
638600 78
638800 78
639000 76
639200 85
639400 79
639600 75
639800 74
640000 77
640200 78
640400 80
640600 81
640800 80
641000 81
641200 83
641400 81
641600 77
641800 79
642000 79
642200 76
642400 76
642600 74
642800 77
643000 79
643200 78
643400 72
643600 70
643800 70
644000 70
644200 69
644400 78
644600 73
644800 76
645000 72
645200 74
645400 72
645600 75
645800 79
646000 84
646200 84
646400 70
646600 71
646800 68
647000 72
647200 73
647400 79
647600 82
647800 82
648000 82
648200 80
648400 79
648600 81
648800 77
649000 80
649200 73
649400 82
649600 92
649800 79
650000 74
650200 76
650400 68
650600 70
650800 68
651000 75
651200 78
651400 78
651600 76
651800 75
652000 79
652200 70
652400 68
652600 70
652800 67
653000 71
653200 67
653400 74
653600 74
653800 77
654000 79
654200 75
654400 70
654600 67
654800 74
655000 75
655200 68
655400 70
655600 73
655800 77
656000 76
656200 74
656400 78
656600 73
656800 75
657000 76
657200 76
657400 73
657600 72
657800 79
658000 76
658200 78
658400 74
658600 75
658800 80
659000 77
659200 80
659400 74
659600 70
659800 70
660000 79
660200 74
660400 80
660600 79
660800 78
661000 81
661200 74
661400 74
661600 75
661800 81
662000 78
662200 79
662400 80
662600 75
662800 76
663000 79
663200 78
663400 72
663600 80
663800 82
664000 81
664200 82
664400 80
664600 79
664800 81
665000 85
665200 80
665400 71
665600 80
665800 74
666000 72
666200 78
666400 77
666600 69
666800 71
667000 73
667200 80
667400 80
667600 86
667800 82
668000 75
668200 80
668400 79
668600 74
668800 78
669000 74
669200 74
669400 72
669600 79
669800 79
670000 77
670200 74
670400 76
670600 76
670800 78
671000 74
671200 79
671400 82
671600 77
671800 74
672000 72
672200 69
672400 68
672600 70
672800 71
673000 69
673200 69
673400 70
673600 74
673800 71
674000 71
674200 77
674400 76
674600 72
674800 70
675000 76
675200 77
675400 70
675600 69
675800 72
676000 73
676200 73
676400 79
676600 81
676800 78
677000 76
677200 72
677400 75
677600 75
677800 80
678000 76
678200 77
678400 79
678600 82
678800 75
679000 74
679200 78
679400 77
679600 76
679800 75
680000 82
680200 76
680400 73
680600 74
680800 72
681000 71
681200 76
681400 72
681600 79
681800 79
682000 79
682200 81
682400 81
682600 77
682800 80
683000 75
683200 77
683400 86
683600 78
683800 77
684000 77
684200 73
684400 76
684600 74
684800 78
685000 75
685200 76
685400 78
685600 73
685800 81
686000 81
686200 80
686400 81
686600 73
686800 77
687000 76
687200 74
687400 76
687600 74
687800 73
688000 72
688200 76
688400 76
688600 77
688800 74
689000 73
689200 75
689400 74
689600 74
689800 75
690000 75
690200 78
690400 74
690600 75
690800 71
691000 72
691200 75
691400 73
691600 76
691800 77
692000 80
692200 73
692400 73
692600 73
692800 81
693000 85
693200 80
693400 80
693600 79
693800 82
694000 87
694200 80
694400 74
694600 77
694800 77
695000 74
695200 80
695400 74
695600 74
695800 78
696000 78
696200 72
696400 78
696600 74
696800 76
697000 77
697200 76
697400 74
697600 81
697800 78
698000 70
698200 71
698400 66
698600 69
698800 68
699000 69
699200 68
699400 71
699600 68
699800 66
700000 72
700200 75
700400 74
700600 74
700800 74
701000 77
701200 73
701400 77
701600 74
701800 72
702000 72
702200 73
702400 77
702600 74
702800 78
703000 76
703200 78
703400 74
703600 75
703800 74
704000 71
704200 70
704400 71
704600 76
704800 79
705000 73
705200 76
705400 72
705600 73
705800 75
706000 76
706200 80
706400 71
706600 73
706800 77
707000 75
707200 74
707400 76
707600 75
707800 74
708000 73
708200 73
708400 72
708600 69
708800 70
709000 83
709200 78
709400 78
709600 69
709800 72
710000 74
710200 73
710400 72
710600 75
710800 73
711000 74
711200 75
711400 75
711600 74
711800 74
712000 73
712200 75
712400 75
712600 73
712800 73
713000 74
713200 77
713400 76
713600 73
713800 75
714000 73
714200 73
714400 77
714600 73
714800 73
715000 77
715200 83
715400 84
715600 76
715800 86
716000 82
716200 80
716400 78
716600 79
716800 78
717000 74
717200 76
717400 76
717600 77
717800 79
718000 79
718200 77
718400 71
718600 73
718800 79
719000 79
719200 75
719400 71
719600 71
719800 75
720000 71
720200 71
720400 73
720600 78
720800 77
721000 78
721200 78
721400 75
721600 74
721800 75
722000 77
722200 77
722400 73
722600 76
722800 72
723000 72
723200 72
723400 72
723600 67
723800 67
724000 67
724200 68
724400 68
724600 67
724800 67
725000 70
725200 73
725400 72
725600 71
725800 71
726000 73
726200 73
726400 72
726600 75
726800 71
727000 71
727200 80
727400 74
727600 71
727800 76
728000 74
728200 77
728400 73
728600 72
728800 71
729000 74
729200 69
729400 73
729600 71
729800 72
730000 79
730200 75
730400 81
730600 71
730800 74
731000 78
731200 80
731400 80
731600 82
731800 80
732000 79
732200 78
732400 80
732600 76
732800 78
733000 71
733200 73
733400 76
733600 83
733800 77
734000 73
734200 78
734400 73
734600 83
734800 81
735000 80
735200 76
735400 75
735600 75
735800 82
736000 82
736200 80
736400 74
736600 72
736800 75
737000 77
737200 82
737400 77
737600 71
737800 72
738000 73
738200 72
738400 76
738600 82
738800 72
739000 76
739200 74
739400 71
739600 73
739800 73
740000 72
740200 75
740400 73
740600 78
740800 76
741000 78
741200 75
741400 76
741600 75
741800 72
742000 70
742200 73
742400 72
742600 79
742800 77
743000 72
743200 71
743400 77
743600 78
743800 74
744000 77
744200 81
744400 82
744600 76
744800 77
745000 70
745200 70
745400 73
745600 76
745800 72
746000 76
746200 72
746400 74
746600 72
746800 82
747000 75
747200 72
747400 71
747600 71
747800 69
748000 70
748200 75
748400 72
748600 76
748800 73
749000 74
749200 72
749400 82
749600 79
749800 66
750000 69
750200 66
750400 66
750600 78
750800 79
751000 77
751200 82
751400 80
751600 79
751800 84
752000 75
752200 76
752400 82
752600 76
752800 81
753000 78
753200 78
753400 76
753600 81
753800 83
754000 84
754200 78
754400 81
754600 82
754800 84
755000 84
755200 83
755400 82
755600 80
755800 86
756000 78
756200 85
756400 79
756600 78
756800 80
757000 77
757200 79
757400 84
757600 76
757800 77
758000 71
758200 75
758400 75
758600 74
758800 74
759000 79
759200 76
759400 74
759600 86
759800 79
760000 80
760200 74
760400 74
760600 76
760800 71
761000 73
761200 76
761400 71
761600 75
761800 73
762000 75
762200 78
762400 77
762600 84
762800 84
763000 83
763200 79
763400 81
763600 83
763800 76
764000 77
764200 82
764400 78
764600 79
764800 77
765000 76
765200 72
765400 76
765600 79
765800 72
766000 74
766200 79
766400 74
766600 75
766800 80
767000 79
767200 77
767400 79
767600 81
767800 74
768000 75
768200 71
768400 76
768600 77
768800 80
769000 78
769200 73
769400 75
769600 76
769800 79
770000 82
770200 87
770400 80
770600 74
770800 76
771000 78
771200 75
771400 80
771600 80
771800 83
772000 83
772200 78
772400 75
772600 77
772800 78
773000 78
773200 77
773400 77
773600 76
773800 78
774000 73
774200 75
774400 79
774600 81
774800 82
775000 82
775200 80
775400 80
775600 78
775800 85
776000 78
776200 78
776400 81
776600 85
776800 77
777000 84
777200 84
777400 83
777600 82
777800 79
778000 76
778200 80
778400 79
778600 85
778800 83
779000 78
779200 78
779400 72
779600 75
779800 70
780000 75
780200 71
780400 74
780600 70
780800 72
781000 72
781200 77
781400 74
781600 72
781800 73
782000 76
782200 80
782400 76
782600 84
782800 70
783000 70
783200 71
783400 71
783600 73
783800 85
784000 84
784200 81
784400 82
784600 76
784800 74
785000 72
785200 74
785400 71
785600 75
785800 70
786000 67
786200 69
786400 75
786600 73
786800 76
787000 77
787200 75
787400 74
787600 72
787800 76
788000 81
788200 74
788400 76
788600 75
788800 76
789000 76
789200 78
789400 72
789600 75
789800 70
790000 73
790200 71
790400 73
790600 74
790800 73
791000 68
791200 68
791400 70
791600 73
791800 78
792000 71
792200 71
792400 69
792600 75
792800 73
793000 74
793200 78
793400 73
793600 78
793800 75
794000 77
794200 79
794400 75
794600 72
794800 69
795000 70
795200 80
795400 87
795600 79
795800 78
796000 74
796200 79
796400 75
796600 75
796800 71
797000 69
797200 76
797400 69
797600 71
797800 70
798000 83
798200 80
798400 73
798600 76
798800 77
799000 72
799200 74
799400 73
799600 75
799800 75
800000 74
800200 76
800400 74
800600 73
800800 77
801000 77
801200 73
801400 80
801600 81
801800 82
802000 72
802200 76
802400 79
802600 79
802800 83
803000 78
803200 81
803400 79
803600 80
803800 78
804000 77
804200 79
804400 73
804600 75
804800 74
805000 71
805200 70
805400 72
805600 73
805800 71
806000 74
806200 72
806400 74
806600 74
806800 77
807000 76
807200 74
807400 72
807600 70
807800 70
808000 72
808200 72
808400 74
808600 74
808800 76
809000 74
809200 77
809400 75
809600 79
809800 74
810000 76
810200 73
810400 76
810600 75
810800 74
811000 70
811200 69
811400 71
811600 78
811800 72
812000 71
812200 77
812400 73
812600 75
812800 78
813000 74
813200 78
813400 78
813600 78
813800 74
814000 72
814200 79
814400 77
814600 72
814800 77
815000 82
815200 80
815400 78
815600 87
815800 79
816000 76
816200 72
816400 74
816600 73
816800 74
817000 75
817200 75
817400 78
817600 82
817800 76
818000 78
818200 83
818400 78
818600 76
818800 73
819000 71
819200 75
819400 80
819600 84
819800 76
820000 76
820200 74
820400 79
820600 76
820800 76
821000 74
821200 76
821400 72
821600 71
821800 76
822000 75
822200 72
822400 72
822600 71
822800 71
823000 72
823200 73
823400 75
823600 75
823800 75
824000 71
824200 74
824400 75
824600 73
824800 74
825000 74
825200 74
825400 77
825600 79
825800 84
826000 79
826200 77
826400 73
826600 65
826800 70
827000 72
827200 78
827400 73
827600 78
827800 81
828000 81
828200 76
828400 81
828600 74
828800 72
829000 71
829200 70
829400 72
829600 76
829800 77
830000 75
830200 67
830400 70
830600 71
830800 72
831000 71
831200 69
831400 67
831600 72
831800 73
832000 76
832200 77
832400 78
832600 69
832800 69
833000 71
833200 68
833400 81
833600 77
833800 74
834000 72
834200 76
834400 69
834600 73
834800 69
835000 73
835200 78
835400 74
835600 70
835800 76
836000 69
836200 69
836400 71
836600 74
836800 71
837000 70
837200 74
837400 77
837600 70
837800 70
838000 70
838200 70
838400 71
838600 72
838800 70
839000 68
839200 67
839400 72
839600 77
839800 78
840000 75
840200 77
840400 75
840600 72
840800 70
841000 68
841200 69
841400 72
841600 73
841800 72
842000 71
842200 73
842400 73
842600 75
842800 77
843000 69
843200 72
843400 77
843600 71
843800 71
844000 75
844200 75
844400 75
844600 76
844800 75
845000 74
845200 72
845400 75
845600 76
845800 76
846000 75
846200 74
846400 85
846600 86
846800 93
847000 83
847200 80
847400 84
847600 71
847800 75
848000 76
848200 71
848400 72
848600 72
848800 75
849000 75
849200 80
849400 81
849600 86
849800 85
850000 74
850200 71
850400 72
850600 72
850800 78
851000 76
851200 73
851400 74
851600 80
851800 79
852000 77
852200 78
852400 80
852600 82
852800 81
853000 80
853200 77
853400 78
853600 82
853800 76
854000 74
854200 83
854400 80
854600 83
854800 75
855000 72
855200 78
855400 79
855600 79
855800 81
856000 83
856200 73
856400 77
856600 81
856800 81
857000 79
857200 78
857400 79
857600 90
857800 76
858000 79
858200 81
858400 80
858600 80
858800 80
859000 81
859200 82
859400 82
859600 81
859800 80
860000 75
860200 77
860400 72
860600 72
860800 74
861000 86
861200 82
861400 79
861600 86
861800 88
862000 79
862200 83
862400 79
862600 77
862800 77
863000 81
863200 79
863400 75
863600 85
863800 77
864000 76
864200 78
864400 80
864600 75
864800 72
865000 77
865200 86
865400 78
865600 78
865800 79
866000 78
866200 78
866400 79
866600 85
866800 75
867000 81
867200 77
867400 80
867600 79
867800 80
868000 80
868200 72
868400 74
868600 72
868800 80
869000 74
869200 80
869400 76
869600 72
869800 72
870000 79
870200 81
870400 78
870600 75
870800 77
871000 75
871200 72
871400 75
871600 74
871800 81
872000 78
872200 74
872400 83
872600 82
872800 80
873000 73
873200 78
873400 74
873600 72
873800 73
874000 74
874200 74
874400 72
874600 80
874800 74
875000 80
875200 84
875400 81
875600 79
875800 72
876000 72
876200 76
876400 75
876600 77
876800 82
877000 77
877200 76
877400 73
877600 74
877800 76
878000 76
878200 74
878400 71
878600 72
878800 77
879000 77
879200 76
879400 80
879600 80
879800 74
880000 78
880200 74
880400 78
880600 80
880800 84
881000 84
881200 78
881400 77
881600 82
881800 77
882000 72
882200 73
882400 79
882600 76
882800 77
883000 77
883200 71
883400 72
883600 79
883800 85
884000 84
884200 83
884400 78
884600 78
884800 79
885000 84
885200 81
885400 89
885600 80
885800 80
886000 77
886200 75
886400 76
886600 77
886800 73
887000 73
887200 83
887400 76
887600 73
887800 77
888000 78
888200 79
888400 77
888600 77
888800 74
889000 77
889200 81
889400 81
889600 78
889800 82
890000 82
890200 79
890400 84
890600 79
890800 79
891000 83
891200 83
891400 85
891600 74
891800 69
892000 71
892200 68
892400 67
892600 69
892800 76
893000 71
893200 74
893400 75
893600 74
893800 68
894000 68
894200 76
894400 81
894600 78
894800 78
895000 84
895200 73
895400 81
895600 73
895800 76
896000 80
896200 73
896400 76
896600 81
896800 78
897000 77
897200 77
897400 78
897600 70
897800 71
898000 74
898200 82
898400 79
898600 68
898800 72
899000 72
899200 76
899400 76
899600 81
899800 77
900000 78
900200 75
900400 78
900600 76
900800 75
901000 70
901200 70
901400 78
901600 80
901800 84
902000 86
902200 78
902400 72
902600 75
902800 74
903000 74
903200 73
903400 78
903600 77
903800 74
904000 76
904200 78
904400 79
904600 80
904800 77
905000 76
905200 77
905400 75
905600 75
905800 74
906000 75
906200 72
906400 70
906600 70
906800 70
907000 73
907200 71
907400 73
907600 72
907800 74
908000 71
908200 73
908400 70
908600 72
908800 71
909000 74
909200 68
909400 73
909600 70
909800 73
910000 70
910200 70
910400 70
910600 86
910800 76
911000 79
911200 80
911400 76
911600 74
911800 74
912000 79
912200 83
912400 82
912600 78
912800 80
913000 74
913200 78
913400 79
913600 75
913800 77
914000 78
914200 77
914400 71
914600 75
914800 80
915000 78
915200 79
915400 80
915600 83
915800 85
916000 85
916200 80
916400 84
916600 75
916800 76
917000 75
917200 83
917400 74
917600 77
917800 74
918000 77
918200 76
918400 73
918600 72
918800 73
919000 73
919200 71
919400 78
919600 80
919800 82
920000 80
920200 78
920400 76
920600 76
920800 72
921000 75
921200 77
921400 75
921600 83
921800 79
922000 76
922200 79
922400 79
922600 81
922800 81
923000 79
923200 82
923400 83
923600 86
923800 85
924000 79
924200 81
924400 79
924600 82
924800 80
925000 79
925200 78
925400 84
925600 76
925800 77
926000 78
926200 76
926400 78
926600 76
926800 79
927000 91
927200 84
927400 77
927600 84
927800 84
928000 86
928200 81
928400 70
928600 71
928800 73
929000 74
929200 70
929400 71
929600 82
929800 74
930000 70
930200 71
930400 74
930600 79
930800 75
931000 73
931200 73
931400 68
931600 70
931800 68
932000 72
932200 70
932400 67
932600 67
932800 67
933000 67
933200 67
933400 70
933600 78
933800 79
934000 78
934200 78
934400 77
934600 78
934800 80
935000 80
935200 80
935400 74
935600 72
935800 69
936000 77
936200 74
936400 70
936600 70
936800 76
937000 73
937200 70
937400 68
937600 69
937800 68
938000 76
938200 80
938400 78
938600 72
938800 75
939000 72
939200 72
939400 77
939600 74
939800 70
940000 76
940200 71
940400 73
940600 81
940800 84
941000 68
941200 71
941400 72
941600 72
941800 73
942000 75
942200 75
942400 78
942600 81
942800 83
943000 80
943200 84
943400 77
943600 77
943800 80
944000 77
944200 75
944400 80
944600 78
944800 80
945000 79
945200 78
945400 75
945600 82
945800 75
946000 81
946200 74
946400 70
946600 70
946800 69
947000 71
947200 67
947400 68
947600 68
947800 69
948000 69
948200 73
948400 71
948600 74
948800 79
949000 74
949200 74
949400 70
949600 74
949800 74
950000 70
950200 67
950400 68
950600 68
950800 68
951000 75
951200 77
951400 78
951600 78
951800 71
952000 74
952200 70
952400 70
952600 70
952800 74
953000 72
953200 67
953400 70
953600 77
953800 67
954000 68
954200 73
954400 68
954600 70
954800 70
955000 71
955200 73
955400 72
955600 74
955800 73
956000 72
956200 74
956400 80
956600 75
956800 78
957000 75
957200 79
957400 78
957600 79
957800 80
958000 75
958200 73
958400 74
958600 73
958800 73
959000 73
959200 76
959400 78
959600 73
959800 73
960000 75
960200 83
960400 80
960600 84
960800 81
961000 84
961200 80
961400 83
961600 70
961800 77
962000 73
962200 78
962400 76
962600 75
962800 77
963000 74
963200 78
963400 75
963600 76
963800 69
964000 75
964200 74
964400 74
964600 74
964800 73
965000 75
965200 78
965400 74
965600 76
965800 72
966000 75
966200 76
966400 80
966600 76
966800 72
967000 73
967200 72
967400 77
967600 79
967800 80
968000 79
968200 76
968400 78
968600 80
968800 76
969000 77
969200 72
969400 74
969600 76
969800 78
970000 74
970200 76
970400 75
970600 81
970800 82
971000 75
971200 75
971400 80
971600 78
971800 70
972000 72
972200 73
972400 77
972600 73
972800 77
973000 69
973200 73
973400 72
973600 78
973800 75
974000 71
974200 71
974400 71
974600 71
974800 74
975000 77
975200 76
975400 72
975600 77
975800 74
976000 72
976200 75
976400 73
976600 72
976800 75
977000 76
977200 74
977400 70
977600 70
977800 72
978000 71
978200 72
978400 77
978600 73
978800 77
979000 71
979200 71
979400 76
979600 72
979800 71
980000 72
980200 73
980400 73
980600 72
980800 74
981000 73
981200 71
981400 77
981600 79
981800 75
982000 74
982200 72
982400 73
982600 73
982800 76
983000 73
983200 73
983400 75
983600 73
983800 74
984000 74
984200 73
984400 81
984600 79
984800 77
985000 74
985200 77
985400 82
985600 78
985800 84
986000 72
986200 74
986400 76
986600 72
986800 71
987000 74
987200 70
987400 70
987600 73
987800 73
988000 71
988200 70
988400 72
988600 74
988800 77
989000 81
989200 74
989400 73
989600 71
989800 71
990000 76
990200 73
990400 72
990600 70
990800 76
991000 71
991200 73
991400 76
991600 72
991800 74
992000 75
992200 79
992400 78
992600 75
992800 72
993000 71
993200 72
993400 72
993600 71
993800 73
994000 73
994200 77
994400 74
994600 74
994800 75
995000 80
995200 86
995400 82
995600 78
995800 78
996000 75
996200 77
996400 70
996600 83
996800 71
997000 77
997200 76
997400 76
997600 78
997800 73
998000 73
998200 72
998400 72
998600 71
998800 75
999000 75
999200 78
999400 74
999600 73
999800 73
1000000 76
