50 79
100 75
150 75
200 74
250 73
300 73
350 73
400 73
450 73
500 73
550 73
600 73
650 73
700 73
750 73
800 73
850 73
900 73
950 73
1000 73
1050 73
1100 73
1150 73
1200 73
1250 73
1300 73
1350 73
1400 73
1450 73
1500 73
1550 73
1600 73
1650 73
1700 73
1750 73
1800 73
1850 73
1900 73
1950 73
2000 73
2050 73
2100 73
2150 73
2200 73
2250 73
2300 73
2350 73
2400 73
2450 73
2500 73
2550 73
2600 73
2650 73
2700 73
2750 73
2800 73
2850 73
2900 73
2950 73
3000 73
3050 73
3100 73
3150 73
3200 73
3250 73
3300 73
3350 73
3400 73
3450 73
3500 73
3550 73
3600 73
3650 73
3700 73
3750 73
3800 73
3850 73
3900 73
3950 73
4000 73
4050 73
4100 73
4150 73
4200 73
4250 73
4300 73
4350 73
4400 73
4450 73
4500 73
4550 73
4600 73
4650 73
4700 73
4750 73
4800 73
4850 73
4900 73
4950 73
5000 73
5050 73
5100 73
5150 73
5200 73
5250 73
5300 73
5350 73
5400 73
5450 73
5500 73
5550 73
5600 73
5650 73
5700 73
5750 73
5800 73
5850 73
5900 73
5950 73
6000 73
6050 73
6100 73
6150 73
6200 73
6250 73
6300 73
6350 73
6400 73
6450 73
6500 73
6550 73
6600 73
6650 73
6700 73
6750 73
6800 73
6850 73
6900 73
6950 73
7000 73
7050 73
7100 73
7150 73
7200 73
7250 73
7300 73
7350 73
7400 73
7450 73
7500 73
7550 73
7600 73
7650 73
7700 73
7750 73
7800 73
7850 73
7900 73
7950 73
8000 73
8050 73
8100 73
8150 73
8200 73
8250 73
8300 73
8350 73
8400 73
8450 73
8500 73
8550 73
8600 73
8650 73
8700 73
8750 73
8800 73
8850 73
8900 73
8950 73
9000 73
9050 73
9100 73
9150 73
9200 73
9250 73
9300 73
9350 73
9400 73
9450 73
9500 73
9550 73
9600 73
9650 73
9700 73
9750 73
9800 73
9850 73
9900 73
9950 73
10000 73
10050 73
10100 73
10150 73
10200 73
10250 73
10300 73
10350 73
10400 73
10450 73
10500 73
10550 73
10600 73
10650 73
10700 73
10750 73
10800 73
10850 73
10900 73
10950 73
11000 73
11050 73
11100 73
11150 73
11200 73
11250 73
11300 73
11350 73
11400 73
11450 73
11500 73
11550 73
11600 73
11650 73
11700 73
11750 73
11800 73
11850 73
11900 73
11950 73
12000 73
12050 73
12100 73
12150 73
12200 73
12250 73
12300 73
12350 73
12400 73
12450 73
12500 73
12550 73
12600 73
12650 73
12700 73
12750 73
12800 73
12850 73
12900 73
12950 73
13000 73
13050 73
13100 73
13150 73
13200 73
13250 73
13300 73
13350 73
13400 73
13450 73
13500 73
13550 73
13600 73
13650 73
13700 73
13750 73
13800 73
13850 73
13900 73
13950 73
14000 73
14050 73
14100 73
14150 73
14200 73
14250 73
14300 73
14350 73
14400 73
14450 73
14500 73
14550 73
14600 73
14650 73
14700 73
14750 73
14800 73
14850 73
14900 73
14950 73
15000 73
15050 73
15100 73
15150 73
15200 73
15250 73
15300 73
15350 73
15400 73
15450 73
15500 73
15550 73
15600 73
15650 73
15700 73
15750 73
15800 73
15850 73
15900 73
15950 73
16000 73
16050 73
16100 73
16150 73
16200 73
16250 73
16300 73
16350 73
16400 73
16450 73
16500 73
16550 73
16600 73
16650 73
16700 73
16750 73
16800 73
16850 73
16900 73
16950 73
17000 73
17050 73
17100 73
17150 73
17200 73
17250 73
17300 73
17350 73
17400 73
17450 73
17500 73
17550 73
17600 73
17650 73
17700 73
17750 73
17800 73
17850 73
17900 73
17950 73
18000 73
18050 73
18100 73
18150 73
18200 73
18250 73
18300 73
18350 73
18400 73
18450 73
18500 73
18550 73
18600 73
18650 73
18700 73
18750 73
18800 73
18850 73
18900 73
18950 73
19000 73
19050 73
19100 73
19150 73
19200 73
19250 73
19300 73
19350 73
19400 73
19450 73
19500 73
19550 73
19600 73
19650 73
19700 73
19750 73
19800 73
19850 73
19900 73
19950 73
20000 73
20050 73
20100 73
20150 73
20200 73
20250 73
20300 73
20350 73
20400 73
20450 73
20500 73
20550 73
20600 73
20650 73
20700 73
20750 73
20800 73
20850 73
20900 73
20950 73
21000 73
21050 73
21100 73
21150 73
21200 73
21250 73
21300 73
21350 73
21400 73
21450 73
21500 73
21550 73
21600 73
21650 73
21700 73
21750 73
21800 73
21850 73
21900 73
21950 73
22000 73
22050 73
22100 73
22150 73
22200 73
22250 73
22300 73
22350 73
22400 73
22450 73
22500 73
22550 73
22600 73
22650 73
22700 73
22750 73
22800 73
22850 73
22900 73
22950 73
23000 73
23050 73
23100 73
23150 73
23200 73
23250 73
23300 73
23350 73
23400 73
23450 73
23500 73
23550 73
23600 73
23650 73
23700 73
23750 73
23800 73
23850 73
23900 73
23950 73
24000 73
24050 73
24100 73
24150 73
24200 73
24250 73
24300 73
24350 73
24400 73
24450 73
24500 73
24550 73
24600 73
24650 73
24700 73
24750 73
24800 73
24850 73
24900 73
24950 73
25000 73
25050 73
25100 73
25150 73
25200 73
25250 73
25300 73
25350 73
25400 73
25450 73
25500 73
25550 73
25600 73
25650 73
25700 73
25750 73
25800 73
25850 73
25900 73
25950 73
26000 73
26050 73
26100 73
26150 73
26200 73
26250 73
26300 73
26350 73
26400 73
26450 73
26500 73
26550 73
26600 73
26650 73
26700 73
26750 73
26800 73
26850 73
26900 73
26950 73
27000 73
27050 73
27100 73
27150 73
27200 73
27250 73
27300 73
27350 73
27400 73
27450 73
27500 73
27550 73
27600 73
27650 73
27700 73
27750 73
27800 73
27850 73
27900 73
27950 73
28000 73
28050 73
28100 73
28150 73
28200 73
28250 73
28300 73
28350 73
28400 73
28450 73
28500 73
28550 73
28600 73
28650 73
28700 73
28750 73
28800 73
28850 73
28900 73
28950 73
29000 73
29050 73
29100 73
29150 73
29200 73
29250 73
29300 73
29350 73
29400 73
29450 73
29500 73
29550 73
29600 73
29650 73
29700 73
29750 73
29800 73
29850 73
29900 73
29950 73
30000 73
30050 73
30100 73
30150 73
30200 73
30250 73
30300 73
30350 73
30400 73
30450 73
30500 73
30550 73
30600 73
30650 73
30700 73
30750 73
30800 73
30850 73
30900 73
30950 73
31000 73
31050 73
31100 73
31150 73
31200 73
31250 73
31300 73
31350 73
31400 73
31450 73
31500 73
31550 73
31600 73
31650 73
31700 73
31750 73
31800 73
31850 73
31900 73
31950 73
32000 73
32050 73
32100 73
32150 73
32200 73
32250 73
32300 73
32350 73
32400 73
32450 73
32500 73
32550 73
32600 73
32650 73
32700 73
32750 73
32800 73
32850 73
32900 73
32950 73
33000 73
33050 73
33100 73
33150 73
33200 73
33250 73
33300 73
33350 73
33400 73
33450 73
33500 73
33550 73
33600 73
33650 73
33700 73
33750 73
33800 73
33850 73
33900 73
33950 73
34000 73
34050 73
34100 73
34150 73
34200 73
34250 73
34300 73
34350 73
34400 73
34450 73
34500 73
34550 73
34600 73
34650 73
34700 73
34750 73
34800 73
34850 73
34900 73
34950 73
35000 73
35050 73
35100 73
35150 73
35200 73
35250 73
35300 73
35350 73
35400 73
35450 73
35500 73
35550 73
35600 73
35650 73
35700 73
35750 73
35800 73
35850 73
35900 73
35950 73
36000 73
36050 73
36100 73
36150 73
36200 73
36250 73
36300 73
36350 73
36400 73
36450 73
36500 73
36550 73
36600 73
36650 73
36700 73
36750 73
36800 73
36850 73
36900 73
36950 73
37000 73
37050 73
37100 73
37150 73
37200 73
37250 73
37300 73
37350 73
37400 73
37450 73
37500 73
37550 73
37600 73
37650 73
37700 73
37750 73
37800 73
37850 73
37900 73
37950 73
38000 73
38050 73
38100 73
38150 73
38200 73
38250 73
38300 73
38350 73
38400 73
38450 73
38500 73
38550 73
38600 73
38650 73
38700 73
38750 73
38800 73
38850 73
38900 73
38950 73
39000 73
39050 73
39100 73
39150 73
39200 73
39250 73
39300 73
39350 73
39400 73
39450 73
39500 73
39550 73
39600 73
39650 73
39700 73
39750 73
39800 73
39850 73
39900 73
39950 73
40000 73
40050 73
40100 73
40150 73
40200 73
40250 73
40300 73
40350 73
40400 73
40450 73
40500 73
40550 73
40600 73
40650 73
40700 73
40750 73
40800 73
40850 73
40900 73
40950 73
41000 73
41050 73
41100 73
41150 73
41200 73
41250 73
41300 73
41350 73
41400 73
41450 73
41500 73
41550 73
41600 73
41650 73
41700 73
41750 73
41800 73
41850 73
41900 73
41950 73
42000 73
42050 73
42100 73
42150 73
42200 73
42250 73
42300 73
42350 73
42400 73
42450 73
42500 73
42550 73
42600 73
42650 73
42700 73
42750 73
42800 73
42850 73
42900 73
42950 73
43000 73
43050 73
43100 73
43150 73
43200 73
43250 73
43300 73
43350 73
43400 73
43450 73
43500 73
43550 73
43600 73
43650 73
43700 73
43750 73
43800 73
43850 73
43900 73
43950 73
44000 73
44050 73
44100 73
44150 73
44200 73
44250 73
44300 73
44350 73
44400 73
44450 73
44500 73
44550 73
44600 73
44650 73
44700 73
44750 73
44800 73
44850 73
44900 73
44950 73
45000 73
45050 73
45100 73
45150 73
45200 73
45250 73
45300 73
45350 73
45400 73
45450 73
45500 73
45550 73
45600 73
45650 73
45700 73
45750 73
45800 73
45850 73
45900 73
45950 73
46000 73
46050 73
46100 73
46150 73
46200 73
46250 73
46300 73
46350 73
46400 73
46450 73
46500 73
46550 73
46600 73
46650 73
46700 73
46750 73
46800 73
46850 73
46900 73
46950 73
47000 73
47050 73
47100 73
47150 73
47200 73
47250 73
47300 73
47350 73
47400 73
47450 73
47500 73
47550 73
47600 73
47650 73
47700 73
47750 73
47800 73
47850 73
47900 73
47950 73
48000 73
48050 73
48100 73
48150 73
48200 73
48250 73
48300 73
48350 73
48400 73
48450 73
48500 73
48550 73
48600 73
48650 73
48700 73
48750 73
48800 73
48850 73
48900 73
48950 73
49000 73
49050 73
49100 73
49150 73
49200 73
49250 73
49300 73
49350 73
49400 73
49450 73
49500 73
49550 73
49600 73
49650 73
49700 73
49750 73
49800 73
49850 73
49900 73
49950 73
50000 73
50050 73
50100 73
50150 73
50200 73
50250 73
50300 73
50350 73
50400 73
50450 73
50500 73
50550 73
50600 73
50650 73
50700 73
50750 73
50800 73
50850 73
50900 73
50950 73
51000 73
51050 73
51100 73
51150 73
51200 73
51250 73
51300 73
51350 73
51400 73
51450 73
51500 73
51550 73
51600 73
51650 73
51700 73
51750 73
51800 73
51850 73
51900 73
51950 73
52000 73
52050 73
52100 73
52150 73
52200 73
52250 73
52300 73
52350 73
52400 73
52450 73
52500 73
52550 73
52600 73
52650 73
52700 73
52750 73
52800 73
52850 73
52900 73
52950 73
53000 73
53050 73
53100 73
53150 73
53200 73
53250 73
53300 73
53350 73
53400 73
53450 73
53500 73
53550 73
53600 73
53650 73
53700 73
53750 73
53800 73
53850 73
53900 73
53950 73
54000 73
54050 73
54100 73
54150 73
54200 73
54250 73
54300 73
54350 73
54400 73
54450 73
54500 73
54550 73
54600 73
54650 73
54700 73
54750 73
54800 73
54850 73
54900 73
54950 73
55000 73
55050 73
55100 73
55150 73
55200 73
55250 73
55300 73
55350 73
55400 73
55450 73
55500 73
55550 73
55600 73
55650 73
55700 73
55750 73
55800 73
55850 73
55900 73
55950 73
56000 73
56050 73
56100 73
56150 73
56200 73
56250 73
56300 73
56350 73
56400 73
56450 73
56500 73
56550 73
56600 73
56650 73
56700 73
56750 73
56800 73
56850 73
56900 73
56950 73
57000 73
57050 73
57100 73
57150 73
57200 73
57250 73
57300 73
57350 73
57400 73
57450 73
57500 73
57550 73
57600 73
57650 73
57700 73
57750 73
57800 73
57850 73
57900 73
57950 73
58000 73
58050 73
58100 73
58150 73
58200 73
58250 73
58300 73
58350 73
58400 73
58450 73
58500 73
58550 73
58600 73
58650 73
58700 73
58750 73
58800 73
58850 73
58900 73
58950 73
59000 73
59050 73
59100 73
59150 73
59200 73
59250 73
59300 73
59350 73
59400 73
59450 73
59500 73
59550 73
59600 73
59650 73
59700 73
59750 73
59800 73
59850 73
59900 73
59950 73
60000 73
60050 73
60100 73
60150 73
60200 73
60250 73
60300 73
60350 73
60400 73
60450 73
60500 73
60550 73
60600 73
60650 73
60700 73
60750 73
60800 73
60850 73
60900 73
60950 73
61000 73
61050 73
61100 73
61150 73
61200 73
61250 73
61300 73
61350 73
61400 73
61450 73
61500 73
61550 73
61600 73
61650 73
61700 73
61750 73
61800 73
61850 73
61900 73
61950 73
62000 73
62050 73
62100 73
62150 73
62200 73
62250 73
62300 73
62350 73
62400 73
62450 73
62500 73
62550 73
62600 73
62650 73
62700 73
62750 73
62800 73
62850 73
62900 73
62950 73
63000 73
63050 73
63100 73
63150 73
63200 73
63250 73
63300 73
63350 73
63400 73
63450 73
63500 73
63550 73
63600 73
63650 73
63700 73
63750 73
63800 73
63850 73
63900 73
63950 73
64000 73
64050 73
64100 73
64150 73
64200 73
64250 73
64300 73
64350 73
64400 73
64450 73
64500 73
64550 73
64600 73
64650 73
64700 73
64750 73
64800 73
64850 73
64900 73
64950 73
65000 73
65050 73
65100 73
65150 73
65200 73
65250 73
65300 73
65350 73
65400 73
65450 73
65500 73
65550 73
65600 73
65650 73
65700 73
65750 73
65800 73
65850 73
65900 73
65950 73
66000 73
66050 73
66100 73
66150 73
66200 73
66250 73
66300 73
66350 73
66400 73
66450 73
66500 73
66550 73
66600 73
66650 73
66700 73
66750 73
66800 73
66850 73
66900 73
66950 73
67000 73
67050 73
67100 73
67150 73
67200 73
67250 73
67300 73
67350 73
67400 73
67450 73
67500 73
67550 73
67600 73
67650 73
67700 73
67750 73
67800 73
67850 73
67900 73
67950 73
68000 73
68050 73
68100 73
68150 73
68200 73
68250 73
68300 73
68350 73
68400 73
68450 73
68500 73
68550 73
68600 73
68650 73
68700 73
68750 73
68800 73
68850 73
68900 73
68950 73
69000 73
69050 73
69100 73
69150 73
69200 73
69250 73
69300 73
69350 73
69400 73
69450 73
69500 73
69550 73
69600 73
69650 73
69700 73
69750 73
69800 73
69850 73
69900 73
69950 73
70000 73
70050 73
70100 73
70150 73
70200 73
70250 73
70300 73
70350 73
70400 73
70450 73
70500 73
70550 73
70600 73
70650 73
70700 73
70750 73
70800 73
70850 73
70900 73
70950 73
71000 73
71050 73
71100 73
71150 73
71200 73
71250 73
71300 73
71350 73
71400 73
71450 73
71500 73
71550 73
71600 73
71650 73
71700 73
71750 73
71800 73
71850 73
71900 73
71950 73
72000 73
72050 73
72100 73
72150 73
72200 73
72250 73
72300 73
72350 73
72400 73
72450 73
72500 73
72550 73
72600 73
72650 73
72700 73
72750 73
72800 73
72850 73
72900 73
72950 73
73000 73
73050 73
73100 73
73150 73
73200 73
73250 73
73300 73
73350 73
73400 73
73450 73
73500 73
73550 73
73600 73
73650 73
73700 73
73750 73
73800 73
73850 73
73900 73
73950 73
74000 73
74050 73
74100 73
74150 73
74200 73
74250 73
74300 73
74350 73
74400 73
74450 73
74500 73
74550 73
74600 73
74650 73
74700 73
74750 73
74800 73
74850 73
74900 73
74950 73
75000 73
75050 73
75100 73
75150 73
75200 73
75250 73
75300 73
75350 73
75400 73
75450 73
75500 73
75550 73
75600 73
75650 73
75700 73
75750 73
75800 73
75850 73
75900 73
75950 73
76000 73
76050 73
76100 73
76150 73
76200 73
76250 73
76300 73
76350 73
76400 73
76450 73
76500 73
76550 73
76600 73
76650 73
76700 73
76750 73
76800 73
76850 73
76900 73
76950 73
77000 73
77050 73
77100 73
77150 73
77200 73
77250 73
77300 73
77350 73
77400 73
77450 73
77500 73
77550 73
77600 73
77650 73
77700 73
77750 73
77800 73
77850 73
77900 73
77950 73
78000 73
78050 73
78100 73
78150 73
78200 73
78250 73
78300 73
78350 73
78400 73
78450 73
78500 73
78550 73
78600 73
78650 73
78700 73
78750 73
78800 73
78850 73
78900 73
78950 73
79000 73
79050 73
79100 73
79150 73
79200 73
79250 73
79300 73
79350 73
79400 73
79450 73
79500 73
79550 73
79600 73
79650 73
79700 73
79750 73
79800 73
79850 73
79900 73
79950 73
80000 73
80050 73
80100 73
80150 73
80200 73
80250 73
80300 73
80350 73
80400 73
80450 73
80500 73
80550 73
80600 73
80650 73
80700 73
80750 73
80800 73
80850 73
80900 73
80950 73
81000 73
81050 73
81100 73
81150 73
81200 73
81250 73
81300 73
81350 73
81400 73
81450 73
81500 73
81550 73
81600 73
81650 73
81700 73
81750 73
81800 73
81850 73
81900 73
81950 73
82000 73
82050 73
82100 73
82150 73
82200 73
82250 73
82300 73
82350 73
82400 73
82450 73
82500 73
82550 73
82600 73
82650 73
82700 73
82750 73
82800 73
82850 73
82900 73
82950 73
83000 73
83050 73
83100 73
83150 73
83200 73
83250 73
83300 73
83350 73
83400 73
83450 73
83500 73
83550 73
83600 73
83650 73
83700 73
83750 73
83800 73
83850 73
83900 73
83950 73
84000 73
84050 73
84100 73
84150 73
84200 73
84250 73
84300 73
84350 73
84400 73
84450 73
84500 73
84550 73
84600 73
84650 73
84700 73
84750 73
84800 73
84850 73
84900 73
84950 73
85000 73
85050 73
85100 73
85150 73
85200 73
85250 73
85300 73
85350 73
85400 73
85450 73
85500 73
85550 73
85600 73
85650 73
85700 73
85750 73
85800 73
85850 73
85900 73
85950 73
86000 73
86050 73
86100 73
86150 73
86200 73
86250 73
86300 73
86350 73
86400 73
86450 73
86500 73
86550 73
86600 73
86650 73
86700 73
86750 73
86800 73
86850 73
86900 73
86950 73
87000 73
87050 73
87100 73
87150 73
87200 73
87250 73
87300 73
87350 73
87400 73
87450 73
87500 73
87550 73
87600 73
87650 73
87700 73
87750 73
87800 73
87850 73
87900 73
87950 73
88000 73
88050 73
88100 73
88150 73
88200 73
88250 73
88300 73
88350 73
88400 73
88450 73
88500 73
88550 73
88600 73
88650 73
88700 73
88750 73
88800 73
88850 73
88900 73
88950 73
89000 73
89050 73
89100 73
89150 73
89200 73
89250 73
89300 73
89350 73
89400 73
89450 73
89500 73
89550 73
89600 73
89650 73
89700 73
89750 73
89800 73
89850 73
89900 73
89950 73
90000 73
90050 73
90100 73
90150 73
90200 73
90250 73
90300 73
90350 73
90400 73
90450 73
90500 73
90550 73
90600 73
90650 73
90700 73
90750 73
90800 73
90850 73
90900 73
90950 73
91000 73
91050 73
91100 73
91150 73
91200 73
91250 73
91300 73
91350 73
91400 73
91450 73
91500 73
91550 73
91600 73
91650 73
91700 73
91750 73
91800 73
91850 73
91900 73
91950 73
92000 73
92050 73
92100 73
92150 73
92200 73
92250 73
92300 73
92350 73
92400 73
92450 73
92500 73
92550 73
92600 73
92650 73
92700 73
92750 73
92800 73
92850 73
92900 73
92950 73
93000 73
93050 73
93100 73
93150 73
93200 73
93250 73
93300 73
93350 73
93400 73
93450 73
93500 73
93550 73
93600 73
93650 73
93700 73
93750 73
93800 73
93850 73
93900 73
93950 73
94000 73
94050 73
94100 73
94150 73
94200 73
94250 73
94300 73
94350 73
94400 73
94450 73
94500 73
94550 73
94600 73
94650 73
94700 73
94750 73
94800 73
94850 73
94900 73
94950 73
95000 73
95050 73
95100 73
95150 73
95200 73
95250 73
95300 73
95350 73
95400 73
95450 73
95500 73
95550 73
95600 73
95650 73
95700 73
95750 73
95800 73
95850 73
95900 73
95950 73
96000 73
96050 73
96100 73
96150 73
96200 73
96250 73
96300 73
96350 73
96400 73
96450 73
96500 73
96550 73
96600 73
96650 73
96700 73
96750 73
96800 73
96850 73
96900 73
96950 73
97000 73
97050 73
97100 73
97150 73
97200 73
97250 73
97300 73
97350 73
97400 73
97450 73
97500 73
97550 73
97600 73
97650 73
97700 73
97750 73
97800 73
97850 73
97900 73
97950 73
98000 73
98050 73
98100 73
98150 73
98200 73
98250 73
98300 73
98350 73
98400 73
98450 73
98500 73
98550 73
98600 73
98650 73
98700 73
98750 73
98800 73
98850 73
98900 73
98950 73
99000 73
99050 73
99100 73
99150 73
99200 73
99250 73
99300 73
99350 73
99400 73
99450 73
99500 73
99550 73
99600 73
99650 73
99700 73
99750 73
99800 73
99850 73
99900 73
99950 73
100000 73
