50 79
100 75
150 75
200 74
250 73
300 73
350 73
400 119
450 103
500 100
550 99
600 96
650 89
700 87
750 83
800 83
850 83
900 82
950 82
1000 82
1050 81
1100 81
1150 80
1200 80
1250 80
1300 79
1350 79
1400 79
1450 79
1500 79
1550 79
1600 79
1650 78
1700 78
1750 78
1800 78
1850 78
1900 78
1950 78
2000 78
2050 78
2100 78
2150 77
2200 77
2250 77
2300 77
2350 77
2400 77
2450 77
2500 77
2550 77
2600 75
2650 75
2700 75
2750 75
2800 75
2850 75
2900 75
2950 75
3000 75
3050 75
3100 75
3150 75
3200 75
3250 75
3300 75
3350 75
3400 75
3450 75
3500 75
3550 75
3600 75
3650 75
3700 75
3750 75
3800 75
3850 75
3900 75
3950 75
4000 75
4050 75
4100 75
4150 75
4200 75
4250 75
4300 75
4350 75
4400 75
4450 75
4500 75
4550 75
4600 75
4650 75
4700 75
4750 75
4800 75
4850 75
4900 75
4950 75
5000 75
5050 75
5100 75
5150 75
5200 75
5250 75
5300 75
5350 75
5400 75
5450 75
5500 75
5550 75
5600 75
5650 75
5700 75
5750 75
5800 75
5850 75
5900 75
5950 75
6000 75
6050 75
6100 75
6150 75
6200 75
6250 75
6300 75
6350 75
6400 75
6450 75
6500 75
6550 75
6600 75
6650 75
6700 75
6750 75
6800 75
6850 75
6900 75
6950 75
7000 75
7050 75
7100 75
7150 75
7200 75
7250 75
7300 75
7350 75
7400 75
7450 75
7500 75
7550 75
7600 75
7650 75
7700 75
7750 75
7800 75
7850 75
7900 75
7950 75
8000 75
8050 75
8100 75
8150 75
8200 75
8250 75
8300 75
8350 75
8400 75
8450 75
8500 75
8550 75
8600 75
8650 75
8700 75
8750 75
8800 75
8850 75
8900 75
8950 75
9000 75
9050 75
9100 75
9150 75
9200 75
9250 75
9300 75
9350 75
9400 75
9450 75
9500 75
9550 75
9600 75
9650 75
9700 75
9750 75
9800 75
9850 75
9900 75
9950 75
10000 75
10050 75
10100 75
10150 75
10200 75
10250 75
10300 75
10350 75
10400 75
10450 75
10500 75
10550 75
10600 75
10650 75
10700 75
10750 75
10800 75
10850 75
10900 75
10950 75
11000 75
11050 75
11100 75
11150 75
11200 75
11250 75
11300 75
11350 75
11400 75
11450 75
11500 75
11550 75
11600 75
11650 75
11700 75
11750 75
11800 75
11850 75
11900 75
11950 75
12000 75
12050 75
12100 75
12150 75
12200 75
12250 75
12300 75
12350 75
12400 75
12450 75
12500 75
12550 75
12600 75
12650 75
12700 75
12750 75
12800 75
12850 75
12900 75
12950 75
13000 75
13050 75
13100 75
13150 75
13200 75
13250 75
13300 75
13350 75
13400 75
13450 75
13500 75
13550 75
13600 75
13650 75
13700 75
13750 75
13800 75
13850 75
13900 75
13950 75
14000 75
14050 75
14100 75
14150 75
14200 75
14250 75
14300 75
14350 75
14400 75
14450 75
14500 75
14550 75
14600 75
14650 75
14700 75
14750 75
14800 75
14850 75
14900 75
14950 75
15000 75
15050 75
15100 75
15150 75
15200 75
15250 75
15300 75
15350 75
15400 75
15450 75
15500 75
15550 75
15600 75
15650 75
15700 75
15750 75
15800 75
15850 75
15900 75
15950 75
16000 75
16050 75
16100 75
16150 75
16200 75
16250 75
16300 75
16350 75
16400 75
16450 75
16500 75
16550 75
16600 75
16650 75
16700 75
16750 75
16800 75
16850 75
16900 75
16950 75
17000 75
17050 75
17100 75
17150 75
17200 75
17250 75
17300 75
17350 75
17400 75
17450 75
17500 75
17550 75
17600 75
17650 75
17700 75
17750 75
17800 75
17850 75
17900 75
17950 75
18000 75
18050 75
18100 75
18150 75
18200 75
18250 75
18300 75
18350 75
18400 75
18450 75
18500 75
18550 75
18600 75
18650 75
18700 75
18750 75
18800 75
18850 75
18900 75
18950 75
19000 75
19050 75
19100 75
19150 75
19200 75
19250 75
19300 75
19350 75
19400 75
19450 75
19500 75
19550 75
19600 75
19650 75
19700 75
19750 75
19800 75
19850 75
19900 75
19950 75
20000 75
20050 75
20100 75
20150 75
20200 75
20250 75
20300 75
20350 75
20400 75
20450 75
20500 75
20550 75
20600 75
20650 75
20700 75
20750 75
20800 75
20850 75
20900 75
20950 75
21000 75
21050 75
21100 75
21150 75
21200 75
21250 75
21300 75
21350 75
21400 75
21450 75
21500 75
21550 75
21600 75
21650 75
21700 75
21750 75
21800 75
21850 75
21900 75
21950 75
22000 75
22050 75
22100 75
22150 75
22200 75
22250 75
22300 75
22350 75
22400 75
22450 75
22500 75
22550 75
22600 75
22650 75
22700 75
22750 75
22800 75
22850 75
22900 75
22950 75
23000 75
23050 75
23100 75
23150 75
23200 75
23250 75
23300 75
23350 75
23400 75
23450 75
23500 75
23550 75
23600 75
23650 75
23700 75
23750 75
23800 75
23850 75
23900 75
23950 75
24000 75
24050 75
24100 75
24150 75
24200 75
24250 75
24300 75
24350 75
24400 75
24450 75
24500 75
24550 75
24600 75
24650 75
24700 75
24750 75
24800 75
24850 75
24900 75
24950 75
25000 75
25050 75
25100 75
25150 75
25200 75
25250 75
25300 75
25350 75
25400 75
25450 75
25500 75
25550 75
25600 75
25650 75
25700 75
25750 75
25800 75
25850 75
25900 75
25950 75
26000 75
26050 75
26100 75
26150 75
26200 75
26250 75
26300 75
26350 75
26400 75
26450 75
26500 75
26550 75
26600 75
26650 75
26700 75
26750 75
26800 75
26850 75
26900 75
26950 75
27000 75
27050 75
27100 75
27150 75
27200 75
27250 75
27300 75
27350 75
27400 75
27450 75
27500 75
27550 75
27600 75
27650 75
27700 75
27750 75
27800 75
27850 75
27900 75
27950 75
28000 75
28050 75
28100 75
28150 75
28200 75
28250 75
28300 75
28350 75
28400 75
28450 75
28500 75
28550 75
28600 75
28650 75
28700 75
28750 75
28800 75
28850 75
28900 75
28950 75
29000 75
29050 75
29100 75
29150 75
29200 75
29250 75
29300 75
29350 75
29400 75
29450 75
29500 75
29550 75
29600 75
29650 75
29700 75
29750 75
29800 75
29850 75
29900 75
29950 75
30000 75
30050 75
30100 75
30150 75
30200 75
30250 75
30300 75
30350 75
30400 75
30450 75
30500 75
30550 75
30600 75
30650 75
30700 75
30750 75
30800 75
30850 75
30900 75
30950 75
31000 75
31050 75
31100 75
31150 75
31200 75
31250 75
31300 75
31350 75
31400 75
31450 75
31500 75
31550 75
31600 75
31650 75
31700 75
31750 75
31800 75
31850 75
31900 75
31950 75
32000 75
32050 75
32100 75
32150 75
32200 75
32250 75
32300 75
32350 75
32400 75
32450 75
32500 75
32550 75
32600 75
32650 75
32700 75
32750 75
32800 75
32850 75
32900 75
32950 75
33000 75
33050 75
33100 75
33150 75
33200 75
33250 75
33300 75
33350 75
33400 75
33450 75
33500 75
33550 75
33600 75
33650 75
33700 75
33750 75
33800 75
33850 75
33900 75
33950 75
34000 75
34050 75
34100 75
34150 75
34200 75
34250 75
34300 75
34350 75
34400 75
34450 75
34500 75
34550 75
34600 75
34650 75
34700 75
34750 75
34800 75
34850 75
34900 75
34950 75
35000 75
35050 75
35100 75
35150 75
35200 75
35250 75
35300 75
35350 75
35400 75
35450 75
35500 75
35550 75
35600 75
35650 75
35700 75
35750 75
35800 75
35850 75
35900 75
35950 75
36000 75
36050 75
36100 75
36150 75
36200 75
36250 75
36300 75
36350 75
36400 75
36450 75
36500 75
36550 75
36600 75
36650 75
36700 75
36750 75
36800 75
36850 75
36900 75
36950 75
37000 75
37050 75
37100 75
37150 75
37200 75
37250 75
37300 75
37350 75
37400 75
37450 75
37500 75
37550 75
37600 75
37650 75
37700 75
37750 75
37800 75
37850 75
37900 75
37950 75
38000 75
38050 75
38100 75
38150 75
38200 75
38250 75
38300 75
38350 75
38400 75
38450 75
38500 75
38550 75
38600 75
38650 75
38700 75
38750 75
38800 75
38850 75
38900 75
38950 75
39000 75
39050 75
39100 75
39150 75
39200 75
39250 75
39300 75
39350 75
39400 75
39450 75
39500 75
39550 75
39600 75
39650 75
39700 75
39750 75
39800 75
39850 75
39900 75
39950 75
40000 75
40050 75
40100 75
40150 75
40200 75
40250 75
40300 75
40350 75
40400 75
40450 75
40500 75
40550 75
40600 75
40650 75
40700 75
40750 75
40800 75
40850 75
40900 75
40950 75
41000 75
41050 75
41100 75
41150 75
41200 75
41250 75
41300 75
41350 75
41400 75
41450 75
41500 75
41550 75
41600 75
41650 75
41700 75
41750 75
41800 75
41850 75
41900 75
41950 75
42000 75
42050 75
42100 75
42150 75
42200 75
42250 75
42300 75
42350 75
42400 75
42450 75
42500 75
42550 75
42600 75
42650 75
42700 75
42750 75
42800 75
42850 75
42900 75
42950 75
43000 75
43050 75
43100 75
43150 75
43200 75
43250 75
43300 75
43350 75
43400 75
43450 75
43500 75
43550 75
43600 75
43650 75
43700 75
43750 75
43800 75
43850 75
43900 75
43950 75
44000 75
44050 75
44100 75
44150 75
44200 75
44250 75
44300 75
44350 75
44400 75
44450 75
44500 75
44550 75
44600 75
44650 75
44700 75
44750 75
44800 75
44850 75
44900 75
44950 75
45000 75
45050 75
45100 75
45150 75
45200 75
45250 75
45300 75
45350 75
45400 75
45450 75
45500 75
45550 75
45600 75
45650 75
45700 75
45750 75
45800 75
45850 75
45900 75
45950 75
46000 75
46050 75
46100 75
46150 75
46200 75
46250 75
46300 75
46350 75
46400 75
46450 75
46500 75
46550 75
46600 75
46650 75
46700 75
46750 75
46800 75
46850 75
46900 75
46950 75
47000 75
47050 75
47100 75
47150 75
47200 75
47250 75
47300 75
47350 75
47400 75
47450 75
47500 75
47550 75
47600 75
47650 75
47700 75
47750 75
47800 75
47850 75
47900 75
47950 75
48000 75
48050 75
48100 75
48150 75
48200 75
48250 75
48300 75
48350 75
48400 75
48450 75
48500 75
48550 75
48600 75
48650 75
48700 75
48750 75
48800 75
48850 75
48900 75
48950 75
49000 75
49050 75
49100 75
49150 75
49200 75
49250 75
49300 75
49350 75
49400 75
49450 75
49500 75
49550 75
49600 75
49650 75
49700 75
49750 75
49800 75
49850 75
49900 75
49950 75
50000 75
50050 75
50100 75
50150 75
50200 75
50250 75
50300 75
50350 75
50400 75
50450 75
50500 75
50550 75
50600 75
50650 75
50700 75
50750 75
50800 75
50850 75
50900 75
50950 75
51000 75
51050 75
51100 75
51150 75
51200 75
51250 75
51300 75
51350 75
51400 75
51450 75
51500 75
51550 75
51600 75
51650 75
51700 75
51750 75
51800 75
51850 75
51900 75
51950 75
52000 75
52050 75
52100 75
52150 75
52200 75
52250 75
52300 75
52350 75
52400 75
52450 75
52500 75
52550 75
52600 75
52650 75
52700 75
52750 75
52800 75
52850 75
52900 75
52950 75
53000 75
53050 75
53100 75
53150 75
53200 75
53250 75
53300 75
53350 75
53400 75
53450 75
53500 75
53550 75
53600 75
53650 75
53700 75
53750 75
53800 75
53850 75
53900 75
53950 75
54000 75
54050 75
54100 75
54150 75
54200 75
54250 75
54300 75
54350 75
54400 75
54450 75
54500 75
54550 75
54600 75
54650 75
54700 75
54750 75
54800 75
54850 75
54900 75
54950 75
55000 75
55050 75
55100 75
55150 75
55200 75
55250 75
55300 75
55350 75
55400 75
55450 75
55500 75
55550 75
55600 75
55650 75
55700 75
55750 75
55800 75
55850 75
55900 75
55950 75
56000 75
56050 75
56100 75
56150 75
56200 75
56250 75
56300 75
56350 75
56400 75
56450 75
56500 75
56550 75
56600 75
56650 75
56700 75
56750 75
56800 75
56850 75
56900 75
56950 75
57000 75
57050 75
57100 75
57150 75
57200 75
57250 75
57300 75
57350 75
57400 75
57450 75
57500 75
57550 75
57600 75
57650 75
57700 75
57750 75
57800 75
57850 75
57900 75
57950 75
58000 75
58050 75
58100 75
58150 75
58200 75
58250 75
58300 75
58350 75
58400 75
58450 75
58500 75
58550 75
58600 75
58650 75
58700 75
58750 75
58800 75
58850 75
58900 75
58950 75
59000 75
59050 75
59100 75
59150 75
59200 75
59250 75
59300 75
59350 75
59400 75
59450 75
59500 75
59550 75
59600 75
59650 75
59700 75
59750 75
59800 75
59850 75
59900 75
59950 75
60000 75
60050 75
60100 75
60150 75
60200 75
60250 75
60300 75
60350 75
60400 75
60450 75
60500 75
60550 75
60600 75
60650 75
60700 75
60750 75
60800 75
60850 75
60900 75
60950 75
61000 75
61050 75
61100 75
61150 75
61200 75
61250 75
61300 75
61350 75
61400 75
61450 75
61500 75
61550 75
61600 75
61650 75
61700 75
61750 75
61800 75
61850 75
61900 75
61950 75
62000 75
62050 75
62100 75
62150 75
62200 75
62250 75
62300 75
62350 75
62400 75
62450 75
62500 75
62550 75
62600 75
62650 75
62700 75
62750 75
62800 75
62850 75
62900 75
62950 75
63000 75
63050 75
63100 75
63150 75
63200 75
63250 75
63300 75
63350 75
63400 75
63450 75
63500 75
63550 75
63600 75
63650 75
63700 75
63750 75
63800 75
63850 75
63900 75
63950 75
64000 75
64050 75
64100 75
64150 75
64200 75
64250 75
64300 75
64350 75
64400 75
64450 75
64500 75
64550 75
64600 75
64650 75
64700 75
64750 75
64800 75
64850 75
64900 75
64950 75
65000 75
65050 75
65100 75
65150 75
65200 75
65250 75
65300 75
65350 75
65400 75
65450 75
65500 75
65550 75
65600 75
65650 75
65700 75
65750 75
65800 75
65850 75
65900 75
65950 75
66000 75
66050 75
66100 75
66150 75
66200 75
66250 75
66300 75
66350 75
66400 75
66450 75
66500 75
66550 75
66600 75
66650 75
66700 75
66750 75
66800 75
66850 75
66900 75
66950 75
67000 75
67050 75
67100 75
67150 75
67200 75
67250 75
67300 75
67350 75
67400 75
67450 75
67500 75
67550 75
67600 75
67650 75
67700 75
67750 75
67800 75
67850 75
67900 75
67950 75
68000 75
68050 75
68100 75
68150 75
68200 75
68250 75
68300 75
68350 75
68400 75
68450 75
68500 75
68550 75
68600 75
68650 75
68700 75
68750 75
68800 75
68850 75
68900 75
68950 75
69000 75
69050 75
69100 75
69150 75
69200 75
69250 75
69300 75
69350 75
69400 75
69450 75
69500 75
69550 75
69600 75
69650 75
69700 75
69750 75
69800 75
69850 75
69900 75
69950 75
70000 75
70050 75
70100 75
70150 75
70200 75
70250 75
70300 75
70350 75
70400 75
70450 75
70500 75
70550 75
70600 75
70650 75
70700 75
70750 75
70800 75
70850 75
70900 75
70950 75
71000 75
71050 75
71100 75
71150 75
71200 75
71250 75
71300 75
71350 75
71400 75
71450 75
71500 75
71550 75
71600 75
71650 75
71700 75
71750 75
71800 75
71850 75
71900 75
71950 75
72000 75
72050 75
72100 75
72150 75
72200 75
72250 75
72300 75
72350 75
72400 75
72450 75
72500 75
72550 75
72600 75
72650 75
72700 75
72750 75
72800 75
72850 75
72900 75
72950 75
73000 75
73050 75
73100 75
73150 75
73200 75
73250 75
73300 75
73350 75
73400 75
73450 75
73500 75
73550 75
73600 75
73650 75
73700 75
73750 75
73800 75
73850 75
73900 75
73950 75
74000 75
74050 75
74100 75
74150 75
74200 75
74250 75
74300 75
74350 75
74400 75
74450 75
74500 75
74550 75
74600 75
74650 75
74700 75
74750 75
74800 75
74850 75
74900 75
74950 75
75000 75
75050 75
75100 75
75150 75
75200 75
75250 75
75300 75
75350 75
75400 75
75450 75
75500 75
75550 75
75600 75
75650 75
75700 75
75750 75
75800 75
75850 75
75900 75
75950 75
76000 75
76050 75
76100 75
76150 75
76200 75
76250 75
76300 75
76350 75
76400 75
76450 75
76500 75
76550 75
76600 75
76650 75
76700 75
76750 75
76800 75
76850 75
76900 75
76950 75
77000 75
77050 75
77100 75
77150 75
77200 75
77250 75
77300 75
77350 75
77400 75
77450 75
77500 75
77550 75
77600 75
77650 75
77700 75
77750 75
77800 75
77850 75
77900 75
77950 75
78000 75
78050 75
78100 75
78150 75
78200 75
78250 75
78300 75
78350 75
78400 75
78450 75
78500 75
78550 75
78600 75
78650 75
78700 75
78750 75
78800 75
78850 75
78900 75
78950 75
79000 75
79050 75
79100 75
79150 75
79200 75
79250 75
79300 75
79350 75
79400 75
79450 75
79500 75
79550 75
79600 75
79650 75
79700 75
79750 75
79800 75
79850 75
79900 75
79950 75
80000 75
80050 75
80100 75
80150 75
80200 75
80250 75
80300 75
80350 75
80400 75
80450 75
80500 75
80550 75
80600 75
80650 75
80700 75
80750 75
80800 75
80850 75
80900 75
80950 75
81000 75
81050 75
81100 75
81150 75
81200 75
81250 75
81300 75
81350 75
81400 75
81450 75
81500 75
81550 75
81600 75
81650 75
81700 75
81750 75
81800 75
81850 75
81900 75
81950 75
82000 75
82050 75
82100 75
82150 75
82200 75
82250 75
82300 75
82350 75
82400 75
82450 75
82500 75
82550 75
82600 75
82650 75
82700 75
82750 75
82800 75
82850 75
82900 75
82950 75
83000 75
83050 75
83100 75
83150 75
83200 75
83250 75
83300 75
83350 75
83400 75
83450 75
83500 75
83550 75
83600 75
83650 75
83700 75
83750 75
83800 75
83850 75
83900 75
83950 75
84000 75
84050 75
84100 75
84150 75
84200 75
84250 75
84300 75
84350 75
84400 75
84450 75
84500 75
84550 75
84600 75
84650 75
84700 75
84750 75
84800 75
84850 75
84900 75
84950 75
85000 75
85050 75
85100 75
85150 75
85200 75
85250 75
85300 75
85350 75
85400 75
85450 75
85500 75
85550 75
85600 75
85650 75
85700 75
85750 75
85800 75
85850 75
85900 75
85950 75
86000 75
86050 75
86100 75
86150 75
86200 75
86250 75
86300 75
86350 75
86400 75
86450 75
86500 75
86550 75
86600 75
86650 75
86700 75
86750 75
86800 75
86850 75
86900 75
86950 75
87000 75
87050 75
87100 75
87150 75
87200 75
87250 75
87300 75
87350 75
87400 75
87450 75
87500 75
87550 75
87600 75
87650 75
87700 75
87750 75
87800 75
87850 75
87900 75
87950 75
88000 75
88050 75
88100 75
88150 75
88200 75
88250 75
88300 75
88350 75
88400 75
88450 75
88500 75
88550 75
88600 75
88650 75
88700 75
88750 75
88800 75
88850 75
88900 75
88950 75
89000 75
89050 75
89100 75
89150 75
89200 75
89250 75
89300 75
89350 75
89400 75
89450 75
89500 75
89550 75
89600 75
89650 75
89700 75
89750 75
89800 75
89850 75
89900 75
89950 75
90000 75
90050 75
90100 75
90150 75
90200 75
90250 75
90300 75
90350 75
90400 75
90450 75
90500 75
90550 75
90600 75
90650 75
90700 75
90750 75
90800 75
90850 75
90900 75
90950 75
91000 75
91050 75
91100 75
91150 75
91200 75
91250 75
91300 75
91350 75
91400 75
91450 75
91500 75
91550 75
91600 75
91650 75
91700 75
91750 75
91800 75
91850 75
91900 75
91950 75
92000 75
92050 75
92100 75
92150 75
92200 75
92250 75
92300 75
92350 75
92400 75
92450 75
92500 75
92550 75
92600 75
92650 75
92700 75
92750 75
92800 75
92850 75
92900 75
92950 75
93000 75
93050 75
93100 75
93150 75
93200 75
93250 75
93300 75
93350 75
93400 75
93450 75
93500 75
93550 75
93600 75
93650 75
93700 75
93750 75
93800 75
93850 75
93900 75
93950 75
94000 75
94050 75
94100 75
94150 75
94200 75
94250 75
94300 75
94350 75
94400 75
94450 75
94500 75
94550 75
94600 75
94650 75
94700 75
94750 75
94800 75
94850 75
94900 75
94950 75
95000 75
95050 75
95100 75
95150 75
95200 75
95250 75
95300 75
95350 75
95400 75
95450 75
95500 75
95550 75
95600 75
95650 75
95700 75
95750 75
95800 75
95850 75
95900 75
95950 75
96000 75
96050 75
96100 75
96150 75
96200 75
96250 75
96300 75
96350 75
96400 75
96450 75
96500 75
96550 75
96600 75
96650 75
96700 75
96750 75
96800 75
96850 75
96900 75
96950 75
97000 75
97050 75
97100 75
97150 75
97200 75
97250 75
97300 75
97350 75
97400 75
97450 75
97500 75
97550 75
97600 75
97650 75
97700 75
97750 75
97800 75
97850 75
97900 75
97950 75
98000 75
98050 75
98100 75
98150 75
98200 75
98250 75
98300 75
98350 75
98400 75
98450 75
98500 75
98550 75
98600 75
98650 75
98700 75
98750 75
98800 75
98850 75
98900 75
98950 75
99000 75
99050 75
99100 75
99150 75
99200 75
99250 75
99300 75
99350 75
99400 75
99450 75
99500 75
99550 75
99600 75
99650 75
99700 75
99750 75
99800 75
99850 75
99900 75
99950 75
100000 75
