10 150
20 148
30 173
40 145
50 154
60 140
70 149
80 144
90 141
100 161
110 149
120 163
130 153
140 147
150 149
160 136
170 145
180 124
190 153
200 149
210 154
220 153
230 149
240 152
250 153
260 146
270 149
280 151
290 149
300 143
310 150
320 139
330 135
340 137
350 149
360 165
370 145
380 150
390 146
400 155
410 142
420 157
430 152
440 141
450 137
460 178
470 154
480 144
490 143
500 127
510 142
520 156
530 165
540 146
550 146
560 150
570 149
580 176
590 157
600 142
610 136
620 137
630 154
640 144
650 157
660 151
670 153
680 155
690 150
700 160
710 160
720 163
730 147
740 140
750 153
760 173
770 154
780 155
790 140
800 148
810 144
820 139
830 145
840 157
850 152
860 154
870 152
880 154
890 167
900 144
910 152
920 155
930 143
940 155
950 145
960 155
970 131
980 148
990 125
1000 125
1010 171
1020 148
1030 153
1040 131
1050 167
1060 155
1070 155
1080 168
1090 157
1100 151
1110 131
1120 154
1130 163
1140 165
1150 153
1160 158
1170 147
1180 147
1190 136
1200 142
1210 130
1220 151
1230 157
1240 167
1250 145
1260 143
1270 148
1280 156
1290 154
1300 168
1310 154
1320 172
1330 170
1340 139
1350 149
1360 140
1370 170
1380 149
1390 160
1400 165
1410 137
1420 128
1430 144
1440 147
1450 152
1460 152
1470 143
1480 150
1490 162
1500 149
1510 155
1520 147
1530 130
1540 126
1550 150
1560 153
1570 151
1580 132
1590 142
1600 148
1610 152
1620 145
1630 131
1640 169
1650 166
1660 139
1670 158
1680 144
1690 160
1700 155
1710 134
1720 133
1730 138
1740 141
1750 147
1760 160
1770 148
1780 152
1790 141
1800 148
1810 166
1820 150
1830 151
1840 135
1850 164
1860 140
1870 144
1880 129
1890 160
1900 142
1910 153
1920 162
1930 150
1940 136
1950 162
1960 140
1970 136
1980 142
1990 143
2000 150
2010 157
2020 156
2030 139
2040 158
2050 151
2060 148
2070 143
2080 153
2090 145
2100 146
2110 136
2120 162
2130 144
2140 158
2150 155
2160 154
2170 124
2180 147
2190 159
2200 156
2210 144
2220 165
2230 150
2240 164
2250 145
2260 175
2270 164
2280 124
2290 163
2300 138
2310 140
2320 139
2330 124
2340 133
2350 156
2360 165
2370 158
2380 155
2390 144
2400 159
2410 136
2420 154
2430 153
2440 135
2450 138
2460 150
2470 162
2480 150
2490 144
2500 146
2510 148
2520 139
2530 146
2540 146
2550 163
2560 147
2570 128
2580 148
2590 139
2600 142
2610 115
2620 155
2630 175
2640 152
2650 142
2660 139
2670 163
2680 161
2690 171
2700 147
2710 135
2720 158
2730 155
2740 134
2750 148
2760 141
2770 155
2780 160
2790 162
2800 152
2810 151
2820 138
2830 135
2840 138
2850 164
2860 155
2870 136
2880 143
2890 139
2900 124
2910 135
2920 144
2930 134
2940 136
2950 163
2960 146
2970 127
2980 141
2990 161
3000 163
3010 165
3020 150
3030 156
3040 157
3050 153
3060 136
3070 124
3080 143
3090 141
3100 161
3110 144
3120 144
3130 153
3140 150
3150 149
3160 152
3170 117
3180 135
3190 161
3200 153
3210 154
3220 149
3230 142
3240 158
3250 146
3260 156
3270 151
3280 151
3290 150
3300 159
3310 153
3320 155
3330 138
3340 150
3350 143
3360 161
3370 132
3380 134
3390 137
3400 134
3410 139
3420 129
3430 149
3440 145
3450 139
3460 160
3470 150
3480 136
3490 149
3500 162
3510 143
3520 136
3530 155
3540 161
3550 139
3560 143
3570 152
3580 147
3590 119
3600 121
3610 139
3620 129
3630 139
3640 149
3650 162
3660 146
3670 133
3680 114
3690 104
3700 125
3710 129
3720 137
3730 142
3740 118
3750 138
3760 171
3770 158
3780 134
3790 139
3800 142
3810 141
3820 147
3830 143
3840 151
3850 147
3860 143
3870 137
3880 143
3890 130
3900 122
3910 119
3920 123
3930 128
3940 138
3950 143
3960 159
3970 136
3980 133
3990 139
4000 136
4010 135
4020 146
4030 143
4040 123
4050 142
4060 152
4070 133
4080 131
4090 134
4100 133
4110 116
4120 120
4130 122
4140 130
4150 126
4160 144
4170 141
4180 139
4190 139
4200 143
4210 147
4220 134
4230 121
4240 155
4250 141
4260 127
4270 111
4280 113
4290 116
4300 103
4310 111
4320 121
4330 118
4340 116
4350 119
4360 153
4370 126
4380 117
4390 116
4400 122
4410 125
4420 119
4430 144
4440 132
4450 121
4460 140
4470 137
4480 145
4490 130
4500 140
4510 131
4520 122
4530 127
4540 127
4550 123
4560 121
4570 133
4580 136
4590 140
4600 143
4610 131
4620 126
4630 130
4640 134
4650 120
4660 140
4670 139
4680 137
4690 131
4700 125
4710 118
4720 124
4730 134
4740 128
4750 111
4760 115
4770 120
4780 124
4790 129
4800 127
4810 105
4820 123
4830 134
4840 120
4850 129
4860 133
4870 125
4880 124
4890 121
4900 118
4910 114
4920 114
4930 115
4940 132
4950 114
4960 106
4970 115
4980 120
4990 122
5000 101
5010 117
5020 117
5030 101
5040 99
5050 110
5060 108
5070 114
5080 125
5090 126
5100 121
5110 121
5120 119
5130 118
5140 125
5150 121
5160 114
5170 109
5180 108
5190 108
5200 107
5210 103
5220 102
5230 118
5240 117
5250 121
5260 126
5270 128
5280 130
5290 125
5300 119
5310 123
5320 120
5330 120
5340 128
5350 107
5360 111
5370 94
5380 88
5390 91
5400 90
5410 86
5420 88
5430 88
5440 88
5450 98
5460 94
5470 94
5480 94
5490 89
5500 91
5510 90
5520 87
5530 93
5540 93
5550 88
5560 88
5570 88
5580 87
5590 85
5600 90
5610 92
5620 93
5630 101
5640 101
5650 109
5660 111
5670 99
5680 97
5690 97
5700 94
5710 94
5720 96
5730 97
5740 97
5750 97
5760 97
5770 97
5780 97
5790 99
5800 94
5810 93
5820 92
5830 90
5840 102
5850 101
5860 94
5870 94
5880 97
5890 92
5900 92
5910 92
5920 93
5930 93
5940 93
5950 89
5960 87
5970 88
5980 87
5990 87
6000 87
6010 90
6020 89
6030 87
6040 83
6050 83
6060 86
6070 82
6080 80
6090 78
6100 78
6110 78
6120 78
6130 78
6140 78
6150 78
6160 78
6170 78
6180 77
6190 79
6200 80
6210 77
6220 77
6230 77
6240 77
6250 77
6260 77
6270 77
6280 77
6290 77
6300 77
6310 77
6320 76
6330 76
6340 76
6350 76
6360 76
6370 76
6380 76
6390 76
6400 76
6410 76
6420 76
6430 76
6440 76
6450 76
6460 76
6470 76
6480 76
6490 76
6500 76
6510 76
6520 76
6530 76
6540 74
6550 75
6560 75
6570 75
6580 75
6590 75
6600 74
6610 74
6620 73
6630 73
6640 73
6650 73
6660 73
6670 73
6680 73
6690 73
6700 73
6710 73
6720 73
6730 73
6740 73
6750 73
6760 73
6770 73
6780 73
6790 73
6800 73
6810 73
6820 73
6830 73
6840 73
6850 73
6860 73
6870 73
6880 73
6890 73
6900 73
6910 73
6920 73
6930 73
6940 73
6950 73
6960 73
6970 73
6980 73
6990 73
7000 73
7010 73
7020 73
7030 73
7040 73
7050 73
7060 73
7070 73
7080 73
7090 73
7100 73
7110 73
7120 73
7130 73
7140 73
7150 73
7160 73
7170 73
7180 73
7190 73
7200 73
7210 73
7220 73
7230 73
7240 73
7250 73
7260 73
7270 73
7280 73
7290 73
7300 73
7310 73
7320 73
7330 73
7340 73
7350 73
7360 73
7370 73
7380 73
7390 73
7400 73
7410 73
7420 73
7430 73
7440 73
7450 73
7460 73
7470 73
7480 73
7490 73
7500 73
7510 73
7520 73
7530 73
7540 73
7550 73
7560 73
7570 73
7580 73
7590 73
7600 73
7610 73
7620 73
7630 73
7640 73
7650 73
7660 73
7670 73
7680 73
7690 73
7700 73
7710 73
7720 73
7730 73
7740 73
7750 73
7760 73
7770 73
7780 73
7790 73
7800 73
7810 73
7820 73
7830 73
7840 73
7850 73
7860 73
7870 73
7880 73
7890 73
7900 73
7910 73
7920 73
7930 73
7940 73
7950 73
7960 73
7970 73
7980 73
7990 73
8000 73
8010 73
8020 73
8030 73
8040 73
8050 73
8060 73
8070 73
8080 73
8090 73
8100 73
8110 73
8120 73
8130 73
8140 73
8150 73
8160 73
8170 73
8180 73
8190 73
8200 73
8210 73
8220 73
8230 73
8240 73
8250 73
8260 73
8270 73
8280 73
8290 73
8300 73
8310 73
8320 73
8330 73
8340 73
8350 73
8360 73
8370 73
8380 73
8390 73
8400 73
8410 73
8420 73
8430 73
8440 73
8450 73
8460 73
8470 73
8480 73
8490 73
8500 73
8510 73
8520 73
8530 73
8540 73
8550 73
8560 73
8570 73
8580 73
8590 73
8600 73
8610 73
8620 73
8630 73
8640 73
8650 73
8660 73
8670 73
8680 73
8690 73
8700 73
8710 73
8720 73
8730 73
8740 73
8750 73
8760 73
8770 73
8780 73
8790 73
8800 73
8810 73
8820 73
8830 73
8840 73
8850 73
8860 73
8870 73
8880 73
8890 73
8900 73
8910 73
8920 73
8930 73
8940 73
8950 73
8960 73
8970 73
8980 73
8990 73
9000 73
9010 73
9020 73
9030 73
9040 73
9050 73
9060 73
9070 73
9080 73
9090 73
9100 73
9110 73
9120 73
9130 73
9140 73
9150 73
9160 73
9170 73
9180 73
9190 73
9200 73
9210 73
9220 73
9230 73
9240 73
9250 73
9260 73
9270 73
9280 73
9290 73
9300 73
9310 73
9320 73
9330 73
9340 73
9350 73
9360 73
9370 73
9380 73
9390 73
9400 73
9410 73
9420 73
9430 73
9440 73
9450 73
9460 73
9470 73
9480 73
9490 73
9500 73
9510 73
9520 73
9530 73
9540 73
9550 73
9560 73
9570 73
9580 73
9590 73
9600 73
9610 73
9620 73
9630 73
9640 73
9650 73
9660 73
9670 73
9680 73
9690 73
9700 73
9710 73
9720 73
9730 73
9740 73
9750 73
9760 73
9770 73
9780 73
9790 73
9800 73
9810 73
9820 73
9830 73
9840 73
9850 73
9860 73
9870 73
9880 73
9890 73
9900 73
9910 73
9920 73
9930 73
9940 73
9950 73
9960 73
9970 73
9980 73
9990 73
10000 73
10010 73
10020 73
10030 73
10040 73
10050 73
10060 73
10070 73
10080 73
10090 73
10100 73
10110 73
10120 73
10130 73
10140 73
10150 73
10160 73
10170 73
10180 73
10190 73
10200 73
10210 73
10220 73
10230 73
10240 73
10250 73
10260 73
10270 73
10280 73
10290 73
10300 73
10310 73
10320 73
10330 73
10340 73
10350 73
10360 73
10370 73
10380 73
10390 73
10400 73
10410 73
10420 73
10430 73
10440 73
10450 73
10460 73
10470 73
10480 73
10490 73
10500 73
10510 73
10520 73
10530 73
10540 73
10550 73
10560 73
10570 73
10580 73
10590 73
10600 73
10610 73
10620 73
10630 73
10640 73
10650 73
10660 73
10670 73
10680 73
10690 73
10700 73
10710 73
10720 73
10730 73
10740 73
10750 73
10760 73
10770 73
