200 75
400 73
600 73
800 73
1000 73
1200 73
1400 70
1600 70
1800 70
2000 69
2200 69
2400 69
2600 69
2800 69
3000 69
3200 69
3400 69
3600 69
3800 69
4000 69
4200 69
4400 69
4600 69
4800 69
5000 69
5200 69
5400 69
5600 69
5800 69
6000 69
6200 69
6400 69
6600 69
6800 69
7000 69
7200 69
7400 69
7600 69
7800 69
8000 69
8200 69
8400 69
8600 69
8800 69
9000 69
9200 69
9400 69
9600 69
9800 69
10000 69
10200 69
10400 69
10600 69
10800 69
11000 69
11200 69
11400 69
11600 69
11800 69
12000 69
12200 69
12400 69
12600 69
12800 69
13000 69
13200 69
13400 69
13600 69
13800 69
14000 69
14200 69
14400 69
14600 69
14800 69
15000 69
15200 69
15400 69
15600 69
15800 69
16000 69
16200 69
16400 69
16600 69
16800 69
17000 69
17200 69
17400 69
17600 69
17800 69
18000 69
18200 69
18400 69
18600 69
18800 69
19000 69
19200 69
19400 69
19600 69
19800 69
20000 69
20200 69
20400 69
20600 69
20800 69
21000 69
21200 69
21400 69
21600 69
21800 69
22000 69
22200 69
22400 69
22600 69
22800 69
23000 69
23200 69
23400 69
23600 69
23800 69
24000 69
24200 69
24400 69
24600 69
24800 69
25000 69
25200 69
25400 69
25600 69
25800 69
26000 69
26200 69
26400 69
26600 69
26800 69
27000 69
27200 69
27400 69
27600 69
27800 69
28000 69
28200 69
28400 69
28600 69
28800 69
29000 69
29200 69
29400 69
29600 69
29800 69
30000 69
30200 69
30400 69
30600 69
30800 69
31000 69
31200 69
31400 69
31600 69
31800 69
32000 69
32200 69
32400 69
32600 69
32800 69
33000 69
33200 69
33400 69
33600 69
33800 69
34000 69
34200 69
34400 69
34600 69
34800 69
35000 69
35200 69
35400 69
35600 69
35800 69
36000 69
36200 69
36400 69
36600 69
36800 69
37000 69
37200 69
37400 69
37600 69
37800 69
38000 69
38200 69
38400 69
38600 69
38800 69
39000 69
39200 69
39400 69
39600 69
39800 69
40000 69
40200 69
40400 69
40600 69
40800 69
41000 69
41200 69
41400 69
41600 69
41800 69
42000 69
42200 69
42400 69
42600 69
42800 69
43000 69
43200 69
43400 69
43600 69
43800 69
44000 69
44200 69
44400 69
44600 69
44800 69
45000 69
45200 69
45400 69
45600 69
45800 69
46000 69
46200 69
46400 69
46600 69
46800 69
47000 69
47200 69
47400 69
47600 69
47800 69
48000 69
48200 69
48400 69
48600 69
48800 69
49000 69
49200 69
49400 69
49600 69
49800 69
50000 69
50200 69
50400 69
50600 69
50800 69
51000 69
51200 69
51400 69
51600 69
51800 69
52000 69
52200 69
52400 69
52600 69
52800 69
53000 69
53200 69
53400 69
53600 69
53800 69
54000 69
54200 69
54400 69
54600 69
54800 69
55000 69
55200 69
55400 69
55600 69
55800 69
56000 69
56200 69
56400 69
56600 69
56800 69
57000 69
57200 69
57400 69
57600 69
57800 69
58000 69
58200 69
58400 69
58600 69
58800 69
59000 69
59200 69
59400 69
59600 69
59800 69
60000 69
60200 69
60400 69
60600 69
60800 69
61000 69
61200 69
61400 69
61600 69
61800 69
62000 69
62200 69
62400 69
62600 69
62800 69
63000 69
63200 69
63400 69
63600 69
63800 69
64000 69
64200 69
64400 69
64600 69
64800 69
65000 69
65200 69
65400 69
65600 69
65800 69
66000 69
66200 69
66400 69
66600 69
66800 69
67000 69
67200 69
67400 69
67600 69
67800 69
68000 69
68200 69
68400 69
68600 69
68800 69
69000 69
69200 69
69400 69
69600 69
69800 69
70000 69
70200 69
70400 69
70600 69
70800 69
71000 69
71200 69
71400 69
71600 69
71800 69
72000 69
72200 69
72400 69
72600 69
72800 69
73000 69
73200 69
73400 69
73600 69
73800 69
74000 69
74200 69
74400 69
74600 69
74800 69
75000 69
75200 69
75400 69
75600 69
75800 69
76000 69
76200 69
76400 69
76600 69
76800 69
77000 69
77200 69
77400 69
77600 69
77800 69
78000 69
78200 69
78400 69
78600 69
78800 69
79000 69
79200 69
79400 69
79600 69
79800 69
80000 69
80200 69
80400 69
80600 69
80800 69
81000 69
81200 69
81400 69
81600 69
81800 69
82000 69
82200 69
82400 69
82600 69
82800 69
83000 69
83200 69
83400 69
83600 69
83800 69
84000 69
84200 69
84400 69
84600 69
84800 69
85000 69
85200 69
85400 69
85600 69
85800 69
86000 69
86200 69
86400 69
86600 69
86800 69
87000 69
87200 69
87400 69
87600 69
87800 69
88000 69
88200 69
88400 69
88600 69
88800 69
89000 69
89200 69
89400 69
89600 69
89800 69
90000 69
90200 69
90400 69
90600 69
90800 69
91000 69
91200 69
91400 69
91600 69
91800 69
92000 69
92200 69
92400 69
92600 69
92800 69
93000 69
93200 69
93400 69
93600 69
93800 69
94000 69
94200 69
94400 69
94600 69
94800 69
95000 69
95200 69
95400 69
95600 69
95800 69
96000 69
96200 69
96400 69
96600 69
96800 69
97000 69
97200 69
97400 69
97600 69
97800 69
98000 69
98200 69
98400 69
98600 69
98800 69
99000 69
99200 69
99400 69
99600 69
99800 69
100000 69
100200 69
100400 69
100600 69
100800 69
101000 69
101200 69
101400 69
101600 69
101800 69
102000 69
102200 69
102400 69
102600 69
102800 69
103000 69
103200 69
103400 69
103600 69
103800 69
104000 69
104200 69
104400 69
104600 69
104800 69
105000 69
105200 69
105400 69
105600 69
105800 69
106000 69
106200 69
106400 69
106600 69
106800 69
107000 69
107200 69
107400 69
107600 69
107800 69
108000 69
108200 69
108400 69
108600 69
108800 69
109000 69
109200 69
109400 69
109600 69
109800 69
110000 69
110200 69
110400 69
110600 69
110800 69
111000 69
111200 69
111400 69
111600 69
111800 69
112000 69
112200 69
112400 69
112600 69
112800 69
113000 69
113200 69
113400 69
113600 69
113800 69
114000 69
114200 69
114400 69
114600 69
114800 69
115000 69
115200 69
115400 69
115600 69
115800 69
116000 69
116200 69
116400 69
116600 69
116800 69
117000 69
117200 69
117400 69
117600 69
117800 69
118000 69
118200 69
118400 69
118600 69
118800 69
119000 69
119200 69
119400 69
119600 69
119800 69
120000 69
120200 69
120400 69
120600 69
120800 69
121000 69
121200 69
121400 69
121600 69
121800 69
122000 69
122200 69
122400 69
122600 69
122800 69
123000 69
123200 69
123400 69
123600 69
123800 69
124000 69
124200 69
124400 69
124600 69
124800 69
125000 69
125200 69
125400 69
125600 69
125800 69
126000 69
126200 69
126400 69
126600 69
126800 69
127000 69
127200 69
127400 69
127600 69
127800 69
128000 69
128200 69
128400 69
128600 69
128800 69
129000 69
129200 69
129400 69
129600 69
129800 69
130000 69
130200 69
130400 69
130600 69
130800 69
131000 69
131200 69
131400 69
131600 69
131800 69
132000 69
132200 69
132400 69
132600 69
132800 69
133000 69
133200 69
133400 69
133600 69
133800 69
134000 69
134200 69
134400 69
134600 69
134800 69
135000 69
135200 69
135400 69
135600 69
135800 69
136000 69
136200 69
136400 69
136600 69
136800 69
137000 69
137200 69
137400 69
137600 69
137800 69
138000 69
138200 69
138400 69
138600 69
138800 69
139000 69
139200 69
139400 69
139600 69
139800 69
140000 69
140200 69
140400 69
140600 69
140800 69
141000 69
141200 69
141400 69
141600 69
141800 69
142000 69
142200 69
142400 69
142600 69
142800 69
143000 69
143200 69
143400 69
143600 69
143800 69
144000 69
144200 69
144400 69
144600 69
144800 69
145000 69
145200 69
145400 69
145600 69
145800 69
146000 69
146200 69
146400 69
146600 69
146800 69
147000 69
147200 69
147400 69
147600 69
147800 69
148000 69
148200 69
148400 69
148600 69
148800 69
149000 69
149200 69
149400 69
149600 69
149800 69
150000 69
150200 69
150400 69
150600 69
150800 69
151000 69
151200 69
151400 69
151600 69
151800 69
152000 69
152200 69
152400 69
152600 69
152800 69
153000 69
153200 69
153400 69
153600 69
153800 69
154000 69
154200 69
154400 69
154600 69
154800 69
155000 69
155200 69
155400 69
155600 69
155800 69
156000 69
156200 69
156400 69
156600 69
156800 69
157000 69
157200 69
157400 69
157600 69
157800 69
158000 69
158200 69
158400 69
158600 69
158800 69
159000 69
159200 69
159400 69
159600 69
159800 69
160000 69
160200 69
160400 69
160600 69
160800 69
161000 69
161200 69
161400 69
161600 69
161800 69
162000 69
162200 69
162400 69
162600 69
162800 69
163000 69
163200 69
163400 69
163600 69
163800 69
164000 69
164200 69
164400 69
164600 69
164800 69
165000 69
165200 69
165400 69
165600 69
165800 69
166000 69
166200 69
166400 69
166600 69
166800 69
167000 69
167200 69
167400 69
167600 69
167800 69
168000 69
168200 69
168400 69
168600 69
168800 69
169000 69
169200 69
169400 69
169600 69
169800 69
170000 69
170200 69
170400 69
170600 69
170800 69
171000 69
171200 69
171400 69
171600 69
171800 69
172000 69
172200 69
172400 69
172600 69
172800 69
173000 69
173200 69
173400 69
173600 69
173800 69
174000 69
174200 69
174400 69
174600 69
174800 69
175000 69
175200 69
175400 69
175600 69
175800 69
176000 69
176200 69
176400 69
176600 69
176800 69
177000 69
177200 69
177400 69
177600 69
177800 69
178000 69
178200 69
178400 69
178600 69
178800 69
179000 69
179200 69
179400 69
179600 69
179800 69
180000 69
180200 69
180400 69
180600 69
180800 69
181000 69
181200 69
181400 69
181600 69
181800 69
182000 69
182200 69
182400 69
182600 69
182800 69
183000 69
183200 69
183400 69
183600 69
183800 69
184000 69
184200 69
184400 69
184600 69
184800 69
185000 69
185200 69
185400 69
185600 69
185800 69
186000 69
186200 69
186400 69
186600 69
186800 69
187000 69
187200 69
187400 69
187600 69
187800 69
188000 69
188200 69
188400 69
188600 69
188800 69
189000 69
189200 69
189400 69
189600 69
189800 69
190000 69
190200 69
190400 69
190600 69
190800 69
191000 69
191200 69
191400 69
191600 69
191800 69
192000 69
192200 69
192400 69
192600 69
192800 69
193000 69
193200 69
193400 69
193600 69
193800 69
194000 69
194200 69
194400 69
194600 69
194800 69
195000 69
195200 69
195400 69
195600 69
195800 69
196000 69
196200 69
196400 69
196600 69
196800 69
197000 69
197200 69
197400 69
197600 69
197800 69
198000 69
198200 69
198400 69
198600 69
198800 69
199000 69
199200 69
199400 69
199600 69
199800 69
200000 69
200200 69
200400 69
200600 69
200800 69
201000 69
201200 69
201400 69
201600 69
201800 69
202000 69
202200 69
202400 69
202600 69
202800 69
203000 69
203200 69
203400 69
203600 69
203800 69
204000 69
204200 69
204400 69
204600 69
204800 69
205000 69
205200 69
205400 69
205600 69
205800 69
206000 69
206200 69
206400 69
206600 69
206800 69
207000 69
207200 69
207400 69
207600 69
207800 69
208000 69
208200 69
208400 69
208600 69
208800 69
209000 69
209200 69
209400 69
209600 69
209800 69
210000 69
210200 69
210400 69
210600 69
210800 69
211000 69
211200 69
211400 69
211600 69
211800 69
212000 69
212200 69
212400 69
212600 69
212800 69
213000 69
213200 69
213400 69
213600 69
213800 69
214000 69
214200 69
214400 69
214600 69
214800 69
215000 69
215200 69
215400 69
215600 69
215800 69
216000 69
216200 69
216400 69
216600 69
216800 69
217000 69
217200 69
217400 69
217600 69
217800 69
218000 69
218200 69
218400 69
218600 69
218800 69
219000 69
219200 69
219400 69
219600 69
219800 69
220000 69
220200 69
220400 69
220600 69
220800 69
221000 69
221200 69
221400 69
221600 69
221800 69
222000 69
222200 69
222400 69
222600 69
222800 69
223000 69
223200 69
223400 69
223600 69
223800 69
224000 69
224200 69
224400 69
224600 69
224800 69
225000 69
225200 69
225400 69
225600 69
225800 69
226000 69
226200 69
226400 69
226600 69
226800 69
227000 69
227200 69
227400 69
227600 69
227800 69
228000 69
228200 69
228400 69
228600 69
228800 69
229000 69
229200 69
229400 69
229600 69
229800 69
230000 69
230200 69
230400 69
230600 69
230800 69
231000 69
231200 69
231400 69
231600 69
231800 69
232000 69
232200 69
232400 69
232600 69
232800 69
233000 69
233200 69
233400 69
233600 69
233800 69
234000 69
234200 69
234400 69
234600 69
234800 69
235000 69
235200 69
235400 69
235600 69
235800 69
236000 69
236200 69
236400 69
236600 69
236800 69
237000 69
237200 69
237400 69
237600 69
237800 69
238000 69
238200 69
238400 69
238600 69
238800 69
239000 69
239200 69
239400 69
239600 69
239800 69
240000 69
240200 69
240400 69
240600 69
240800 69
241000 69
241200 69
241400 69
241600 69
241800 69
242000 69
242200 69
242400 69
242600 69
242800 69
243000 69
243200 69
243400 69
243600 69
243800 69
244000 69
244200 69
244400 69
244600 69
244800 69
245000 69
245200 69
245400 69
245600 69
245800 69
246000 69
246200 69
246400 69
246600 69
246800 69
247000 69
247200 69
247400 69
247600 69
247800 69
248000 69
248200 69
248400 69
248600 69
248800 69
249000 69
249200 69
249400 69
249600 69
249800 69
250000 69
250200 69
250400 69
250600 69
250800 69
251000 69
251200 69
251400 69
251600 69
251800 69
252000 69
252200 69
252400 69
252600 69
252800 69
253000 69
253200 69
253400 69
253600 69
253800 69
254000 69
254200 69
254400 69
254600 69
254800 69
255000 69
255200 69
255400 69
255600 69
255800 69
256000 69
256200 69
256400 69
256600 69
256800 69
257000 69
257200 69
257400 69
257600 69
257800 69
258000 69
258200 69
258400 69
258600 69
258800 69
259000 69
259200 69
259400 69
259600 69
259800 69
260000 69
260200 69
260400 69
260600 69
260800 69
261000 69
261200 69
261400 69
261600 69
261800 69
262000 69
262200 69
262400 69
262600 69
262800 69
263000 69
263200 69
263400 69
263600 69
263800 69
264000 69
264200 69
264400 69
264600 69
264800 69
265000 69
265200 69
265400 69
265600 69
265800 69
266000 69
266200 69
266400 69
266600 69
266800 69
267000 69
267200 69
267400 69
267600 69
267800 69
268000 69
268200 69
268400 69
268600 69
268800 69
269000 69
269200 69
269400 69
269600 69
269800 69
270000 69
270200 69
270400 69
270600 69
270800 69
271000 69
271200 69
271400 69
271600 69
271800 69
272000 69
272200 69
272400 69
272600 69
272800 69
273000 69
273200 69
273400 69
273600 69
273800 69
274000 69
274200 69
274400 69
274600 69
274800 69
275000 69
275200 69
275400 69
275600 69
275800 69
276000 69
276200 69
276400 69
276600 69
276800 69
277000 69
277200 69
277400 69
277600 69
277800 69
278000 69
278200 69
278400 69
278600 69
278800 69
279000 69
279200 69
279400 69
279600 69
279800 69
280000 69
280200 69
280400 69
280600 69
280800 69
281000 69
281200 69
281400 69
281600 69
281800 69
282000 69
282200 69
282400 69
282600 69
282800 69
283000 69
283200 69
283400 69
283600 69
283800 69
284000 69
284200 69
284400 69
284600 69
284800 69
285000 69
285200 69
285400 69
285600 69
285800 69
286000 69
286200 69
286400 69
286600 69
286800 69
287000 69
287200 69
287400 69
287600 69
287800 69
288000 69
288200 69
288400 69
288600 69
288800 69
289000 69
289200 69
289400 69
289600 69
289800 69
290000 69
290200 69
290400 69
290600 69
290800 69
291000 69
291200 69
291400 69
291600 69
291800 69
292000 69
292200 69
292400 69
292600 69
292800 69
293000 69
293200 69
293400 69
293600 69
293800 69
294000 69
294200 69
294400 69
294600 69
294800 69
295000 69
295200 69
295400 69
295600 69
295800 69
296000 69
296200 69
296400 69
296600 69
296800 69
297000 69
297200 69
297400 69
297600 69
297800 69
298000 69
298200 69
298400 69
298600 69
298800 69
299000 69
299200 69
299400 69
299600 69
299800 69
300000 69
300200 69
300400 69
300600 69
300800 69
301000 69
301200 69
301400 69
301600 69
301800 69
302000 69
302200 69
302400 69
302600 69
302800 69
303000 69
303200 69
303400 69
303600 69
303800 69
304000 69
304200 69
304400 69
304600 69
304800 69
305000 69
305200 69
305400 69
305600 69
305800 69
306000 69
306200 69
306400 69
306600 69
306800 69
307000 69
307200 69
307400 69
307600 69
307800 69
308000 69
308200 69
308400 69
308600 69
308800 69
309000 69
309200 69
309400 69
309600 69
309800 69
310000 69
310200 69
310400 69
310600 69
310800 69
311000 69
311200 69
311400 69
311600 69
311800 69
312000 69
312200 69
312400 69
312600 69
312800 69
313000 69
313200 69
313400 69
313600 69
313800 69
314000 69
314200 69
314400 69
314600 69
314800 69
315000 69
315200 69
315400 69
315600 69
315800 69
316000 69
316200 69
316400 69
316600 69
316800 69
317000 69
317200 69
317400 69
317600 69
317800 69
318000 69
318200 69
318400 69
318600 69
318800 69
319000 69
319200 69
319400 69
319600 69
319800 69
320000 69
320200 69
320400 69
320600 69
320800 69
321000 69
321200 69
321400 69
321600 69
321800 69
322000 69
322200 69
322400 69
322600 69
322800 69
323000 69
323200 69
323400 69
323600 69
323800 69
324000 69
324200 69
324400 69
324600 69
324800 69
325000 69
325200 69
325400 69
325600 69
325800 69
326000 69
326200 69
326400 69
326600 69
326800 69
327000 69
327200 69
327400 69
327600 69
327800 69
328000 69
328200 69
328400 69
328600 69
328800 69
329000 69
329200 69
329400 69
329600 69
329800 69
330000 69
330200 69
330400 69
330600 69
330800 69
331000 69
331200 69
331400 69
331600 69
331800 69
332000 69
332200 69
332400 69
332600 69
332800 69
333000 69
333200 69
333400 69
333600 69
333800 69
334000 69
334200 69
334400 69
334600 69
334800 69
335000 69
335200 69
335400 69
335600 69
335800 69
336000 69
336200 69
336400 69
336600 69
336800 69
337000 69
337200 69
337400 69
337600 69
337800 69
338000 69
338200 69
338400 69
338600 69
338800 69
339000 69
339200 69
339400 69
339600 69
339800 69
340000 69
340200 69
340400 69
340600 69
340800 69
341000 69
341200 69
341400 69
341600 69
341800 69
342000 69
342200 69
342400 69
342600 69
342800 69
343000 69
343200 69
343400 69
343600 69
343800 69
344000 69
344200 69
344400 69
344600 69
344800 69
345000 69
345200 69
345400 69
345600 69
345800 69
346000 69
346200 69
346400 69
346600 69
346800 69
347000 69
347200 69
347400 69
347600 69
347800 69
348000 69
348200 69
348400 69
348600 69
348800 69
349000 69
349200 69
349400 69
349600 69
349800 69
350000 69
350200 69
350400 69
350600 69
350800 69
351000 69
351200 69
351400 69
351600 69
351800 69
352000 69
352200 69
352400 69
352600 69
352800 69
353000 69
353200 69
353400 69
353600 69
353800 69
354000 69
354200 69
354400 69
354600 69
354800 69
355000 69
355200 69
355400 69
355600 69
355800 69
356000 69
356200 69
356400 69
356600 69
356800 69
357000 69
357200 69
357400 69
357600 69
357800 69
358000 69
358200 69
358400 69
358600 69
358800 69
359000 69
359200 69
359400 69
359600 69
359800 69
360000 69
360200 69
360400 69
360600 69
360800 69
361000 69
361200 69
361400 69
361600 69
361800 69
362000 69
362200 69
362400 69
362600 69
362800 69
363000 69
363200 69
363400 69
363600 69
363800 69
364000 69
364200 69
364400 69
364600 69
364800 69
365000 69
365200 69
365400 69
365600 69
365800 69
366000 69
366200 69
366400 69
366600 69
366800 69
367000 69
367200 69
367400 69
367600 69
367800 69
368000 69
368200 69
368400 69
368600 69
368800 69
369000 69
369200 69
369400 69
369600 69
369800 69
370000 69
370200 69
370400 69
370600 69
370800 69
371000 69
371200 69
371400 69
371600 69
371800 69
372000 69
372200 69
372400 69
372600 69
372800 69
373000 69
373200 69
373400 69
373600 69
373800 69
374000 69
374200 69
374400 69
374600 69
374800 69
375000 69
375200 69
375400 69
375600 69
375800 69
376000 69
376200 69
376400 69
376600 69
376800 69
377000 69
377200 69
377400 69
377600 69
377800 69
378000 69
378200 69
378400 69
378600 69
378800 69
379000 69
379200 69
379400 69
379600 69
379800 69
380000 69
380200 69
380400 69
380600 69
380800 69
381000 69
381200 69
381400 69
381600 69
381800 69
382000 69
382200 69
382400 69
382600 69
382800 69
383000 69
383200 69
383400 69
383600 69
383800 69
384000 69
384200 69
384400 69
384600 69
384800 69
385000 69
385200 69
385400 69
385600 69
385800 69
386000 69
386200 69
386400 69
386600 69
386800 69
387000 69
387200 69
387400 69
387600 69
387800 69
388000 69
388200 69
388400 69
388600 69
388800 69
389000 69
389200 69
389400 69
389600 69
389800 69
390000 69
390200 69
390400 69
390600 69
390800 69
391000 69
391200 69
391400 69
391600 69
391800 69
392000 69
392200 69
392400 69
392600 69
392800 69
393000 69
393200 69
393400 69
393600 69
393800 69
394000 69
394200 69
394400 69
394600 69
394800 69
395000 69
395200 69
395400 69
395600 69
395800 69
396000 69
396200 69
396400 69
396600 69
396800 69
397000 69
397200 69
397400 69
397600 69
397800 69
398000 69
398200 69
398400 69
398600 69
398800 69
399000 69
399200 69
399400 69
399600 69
399800 69
400000 69
400200 69
400400 69
400600 69
400800 69
401000 69
401200 69
401400 69
401600 69
401800 69
402000 69
402200 69
402400 69
402600 69
402800 69
403000 69
403200 69
403400 69
403600 69
403800 69
404000 69
404200 69
404400 69
404600 69
404800 69
405000 69
405200 69
405400 69
405600 69
405800 69
406000 69
406200 69
406400 69
406600 69
406800 69
407000 69
407200 69
407400 69
407600 69
407800 69
408000 69
408200 69
408400 69
408600 69
408800 69
409000 69
409200 69
409400 69
409600 69
409800 69
410000 69
410200 69
410400 69
410600 69
410800 69
411000 69
411200 69
411400 69
411600 69
411800 69
412000 69
412200 69
412400 69
412600 69
412800 69
413000 69
413200 69
413400 69
413600 69
413800 69
414000 69
414200 69
414400 69
414600 69
414800 69
415000 69
415200 69
415400 69
415600 69
415800 69
416000 69
416200 69
416400 69
416600 69
416800 69
417000 69
417200 69
417400 69
417600 69
417800 69
418000 69
418200 69
418400 69
418600 69
418800 69
419000 69
419200 69
419400 69
419600 69
419800 69
420000 69
420200 69
420400 69
420600 69
420800 69
421000 69
421200 69
421400 69
421600 69
421800 69
422000 69
422200 69
422400 69
422600 69
422800 69
423000 69
423200 69
423400 69
423600 69
423800 69
424000 69
424200 69
424400 69
424600 69
424800 69
425000 69
425200 69
425400 69
425600 69
425800 69
426000 69
426200 69
426400 69
426600 69
426800 69
427000 69
427200 69
427400 69
427600 69
427800 69
428000 69
428200 69
428400 69
428600 69
428800 69
429000 69
429200 69
429400 69
429600 69
429800 69
430000 69
430200 69
430400 69
430600 69
430800 69
431000 69
431200 69
431400 69
431600 69
431800 69
432000 69
432200 69
432400 69
432600 69
432800 69
433000 69
433200 69
433400 69
433600 69
433800 69
434000 69
434200 69
434400 69
434600 69
434800 69
435000 69
435200 69
435400 69
435600 69
435800 69
436000 69
436200 69
436400 69
436600 69
436800 69
437000 69
437200 69
437400 69
437600 69
437800 69
438000 69
438200 69
438400 69
438600 69
438800 69
439000 69
439200 69
439400 69
439600 69
439800 69
440000 69
440200 69
440400 69
440600 69
440800 69
441000 69
441200 69
441400 69
441600 69
441800 69
442000 69
442200 69
442400 69
442600 69
442800 69
443000 69
443200 69
443400 69
443600 69
443800 69
444000 69
444200 69
444400 69
444600 69
444800 69
445000 69
445200 69
445400 69
445600 69
445800 69
446000 69
446200 69
446400 69
446600 69
446800 69
447000 69
447200 69
447400 69
447600 69
447800 69
448000 69
448200 69
448400 69
448600 69
448800 69
449000 69
449200 69
449400 69
449600 69
449800 69
450000 69
450200 69
450400 69
450600 69
450800 69
451000 69
451200 69
451400 69
451600 69
451800 69
452000 69
452200 69
452400 69
452600 69
452800 69
453000 69
453200 69
453400 69
453600 69
453800 69
454000 69
454200 69
454400 69
454600 69
454800 69
455000 69
455200 69
455400 69
455600 69
455800 69
456000 69
456200 69
456400 69
456600 69
456800 69
457000 69
457200 69
457400 69
457600 69
457800 69
458000 69
458200 69
458400 69
458600 69
458800 69
459000 69
459200 69
459400 69
459600 69
459800 69
460000 69
460200 69
460400 69
460600 69
460800 69
461000 69
461200 69
461400 69
461600 69
461800 69
462000 69
462200 69
462400 69
462600 69
462800 69
463000 69
463200 69
463400 69
463600 69
463800 69
464000 69
464200 69
464400 69
464600 69
464800 69
465000 69
465200 69
465400 69
465600 69
465800 69
466000 69
466200 69
466400 69
466600 69
466800 69
467000 69
467200 69
467400 69
467600 69
467800 69
468000 69
468200 69
468400 69
468600 69
468800 69
469000 69
469200 69
469400 69
469600 69
469800 69
470000 69
470200 69
470400 69
470600 69
470800 69
471000 69
471200 69
471400 69
471600 69
471800 69
472000 69
472200 69
472400 69
472600 69
472800 69
473000 69
473200 69
473400 69
473600 69
473800 69
474000 69
474200 69
474400 69
474600 69
474800 69
475000 69
475200 69
475400 69
475600 69
475800 69
476000 69
476200 69
476400 69
476600 69
476800 69
477000 69
477200 69
477400 69
477600 69
477800 69
478000 69
478200 69
478400 69
478600 69
478800 69
479000 69
479200 69
479400 69
479600 69
479800 69
480000 69
480200 69
480400 69
480600 69
480800 69
481000 69
481200 69
481400 69
481600 69
481800 69
482000 69
482200 69
482400 69
482600 69
482800 69
483000 69
483200 69
483400 69
483600 69
483800 69
484000 69
484200 69
484400 69
484600 69
484800 69
485000 69
485200 69
485400 69
485600 69
485800 69
486000 69
486200 69
486400 69
486600 69
486800 69
487000 69
487200 69
487400 69
487600 69
487800 69
488000 69
488200 69
488400 69
488600 69
488800 69
489000 69
489200 69
489400 69
489600 69
489800 69
490000 69
490200 69
490400 69
490600 69
490800 69
491000 69
491200 69
491400 69
491600 69
491800 69
492000 69
492200 69
492400 69
492600 69
492800 69
493000 69
493200 69
493400 69
493600 69
493800 69
494000 69
494200 69
494400 69
494600 69
494800 69
495000 69
495200 69
495400 69
495600 69
495800 69
496000 69
496200 69
496400 69
496600 69
496800 69
497000 69
497200 69
497400 69
497600 69
497800 69
498000 69
498200 69
498400 69
498600 69
498800 69
499000 69
499200 69
499400 69
499600 69
499800 69
500000 69
500200 69
500400 69
500600 69
500800 69
501000 69
501200 69
501400 69
501600 69
501800 69
502000 69
502200 69
502400 69
502600 69
502800 69
503000 69
503200 69
503400 69
503600 69
503800 69
504000 69
504200 69
504400 69
504600 69
504800 69
505000 69
505200 69
505400 69
505600 69
505800 69
506000 69
506200 69
506400 69
506600 69
506800 69
507000 69
507200 69
507400 69
507600 69
507800 69
508000 69
508200 69
508400 69
508600 69
508800 69
509000 69
509200 69
509400 69
509600 69
509800 69
510000 69
510200 69
510400 69
510600 69
510800 69
511000 69
511200 69
511400 69
511600 69
511800 69
512000 69
512200 69
512400 69
512600 69
512800 69
513000 69
513200 69
513400 69
513600 69
513800 69
514000 69
514200 69
514400 69
514600 69
514800 69
515000 69
515200 69
515400 69
515600 69
515800 69
516000 69
516200 69
516400 69
516600 69
516800 69
517000 69
517200 69
517400 69
517600 69
517800 69
518000 69
518200 69
518400 69
518600 69
518800 69
519000 69
519200 69
519400 69
519600 69
519800 69
520000 69
520200 69
520400 69
520600 69
520800 69
521000 69
521200 69
521400 69
521600 69
521800 69
522000 69
522200 69
522400 69
522600 69
522800 69
523000 69
523200 69
523400 69
523600 69
523800 69
524000 69
524200 69
524400 69
524600 69
524800 69
525000 69
525200 69
525400 69
525600 69
525800 69
526000 69
526200 69
526400 69
526600 69
526800 69
527000 69
527200 69
527400 69
527600 69
527800 69
528000 69
528200 69
528400 69
528600 69
528800 69
529000 69
529200 69
529400 69
529600 69
529800 69
530000 69
530200 69
530400 69
530600 69
530800 69
531000 69
531200 69
531400 69
531600 69
531800 69
532000 69
532200 69
532400 69
532600 69
532800 69
533000 69
533200 69
533400 69
533600 69
533800 69
534000 69
534200 69
534400 69
534600 69
534800 69
535000 69
535200 69
535400 69
535600 69
535800 69
536000 69
536200 69
536400 69
536600 69
536800 69
537000 69
537200 69
537400 69
537600 69
537800 69
538000 69
538200 69
538400 69
538600 69
538800 69
539000 69
539200 69
539400 69
539600 69
539800 69
540000 69
540200 69
540400 69
540600 69
540800 69
541000 69
541200 69
541400 69
541600 69
541800 69
542000 69
542200 69
542400 69
542600 69
542800 69
543000 69
543200 69
543400 69
543600 69
543800 69
544000 69
544200 69
544400 69
544600 69
544800 69
545000 69
545200 69
545400 69
545600 69
545800 69
546000 69
546200 69
546400 69
546600 69
546800 69
547000 69
547200 69
547400 69
547600 69
547800 69
548000 69
548200 69
548400 69
548600 69
548800 69
549000 69
549200 69
549400 69
549600 69
549800 69
550000 69
550200 69
550400 69
550600 69
550800 69
551000 69
551200 69
551400 69
551600 69
551800 69
552000 69
552200 69
552400 69
552600 69
552800 69
553000 69
553200 69
553400 69
553600 69
553800 69
554000 69
554200 69
554400 69
554600 69
554800 69
555000 69
555200 69
555400 69
555600 69
555800 69
556000 69
556200 69
556400 69
556600 69
556800 69
557000 69
557200 69
557400 69
557600 69
557800 69
558000 69
558200 69
558400 69
558600 69
558800 69
559000 69
559200 69
559400 69
559600 69
559800 69
560000 69
560200 69
560400 69
560600 69
560800 69
561000 69
561200 69
561400 69
561600 69
561800 69
562000 69
562200 69
562400 69
562600 69
562800 69
563000 69
563200 69
563400 69
563600 69
563800 69
564000 69
564200 69
564400 69
564600 69
564800 69
565000 69
565200 69
565400 69
565600 69
565800 69
566000 69
566200 69
566400 69
566600 69
566800 69
567000 69
567200 69
567400 69
567600 69
567800 69
568000 69
568200 69
568400 69
568600 69
568800 69
569000 69
569200 69
569400 69
569600 69
569800 69
570000 69
570200 69
570400 69
570600 69
570800 69
571000 69
571200 69
571400 69
571600 69
571800 69
572000 69
572200 69
572400 69
572600 69
572800 69
573000 69
573200 69
573400 69
573600 69
573800 69
574000 69
574200 69
574400 69
574600 69
574800 69
575000 69
575200 69
575400 69
575600 69
575800 69
576000 69
576200 69
576400 69
576600 69
576800 69
577000 69
577200 69
577400 69
577600 69
577800 69
578000 69
578200 69
578400 69
578600 69
578800 69
579000 69
579200 69
579400 69
579600 69
579800 69
580000 69
580200 69
580400 69
580600 69
580800 69
581000 69
581200 69
581400 69
581600 69
581800 69
582000 69
582200 69
582400 69
582600 69
582800 69
583000 69
583200 69
583400 69
583600 69
583800 69
584000 69
584200 69
584400 69
584600 69
584800 69
585000 69
585200 69
585400 69
585600 69
585800 69
586000 69
586200 69
586400 69
586600 69
586800 69
587000 69
587200 69
587400 69
587600 69
587800 69
588000 69
588200 69
588400 69
588600 69
588800 69
589000 69
589200 69
589400 69
589600 69
589800 69
590000 69
590200 69
590400 69
590600 69
590800 69
591000 69
591200 69
591400 69
591600 69
591800 69
592000 69
592200 69
592400 69
592600 69
592800 69
593000 69
593200 69
593400 69
593600 69
593800 69
594000 69
594200 69
594400 69
594600 69
594800 69
595000 69
595200 69
595400 69
595600 69
595800 69
596000 69
596200 69
596400 69
596600 69
596800 69
597000 69
597200 69
597400 69
597600 69
597800 69
598000 69
598200 69
598400 69
598600 69
598800 69
599000 69
599200 69
599400 69
599600 69
599800 69
600000 69
600200 69
600400 69
600600 69
600800 69
601000 69
601200 69
601400 69
601600 69
601800 69
602000 69
602200 69
602400 69
602600 69
602800 69
603000 69
603200 69
603400 69
603600 69
603800 69
604000 69
604200 69
604400 69
604600 69
604800 69
605000 69
605200 69
605400 69
605600 69
605800 69
606000 69
606200 69
606400 69
606600 69
606800 69
607000 69
607200 69
607400 69
607600 69
607800 69
608000 69
608200 69
608400 69
608600 69
608800 69
609000 69
609200 69
609400 69
609600 69
609800 69
610000 69
610200 69
610400 69
610600 69
610800 69
611000 69
611200 69
611400 69
611600 69
611800 69
612000 69
612200 69
612400 69
612600 69
612800 69
613000 69
613200 69
613400 69
613600 69
613800 69
614000 69
614200 69
614400 69
614600 69
614800 69
615000 69
615200 69
615400 69
615600 69
615800 69
616000 69
616200 69
616400 69
616600 69
616800 69
617000 69
617200 69
617400 69
617600 69
617800 69
618000 69
618200 69
618400 69
618600 69
618800 69
619000 69
619200 69
619400 69
619600 69
619800 69
620000 69
620200 69
620400 69
620600 69
620800 69
621000 69
621200 69
621400 69
621600 69
621800 69
622000 69
622200 69
622400 69
622600 69
622800 69
623000 69
623200 69
623400 69
623600 69
623800 69
624000 69
624200 69
624400 69
624600 69
624800 69
625000 69
625200 69
625400 69
625600 69
625800 69
626000 69
626200 69
626400 69
626600 69
626800 69
627000 69
627200 69
627400 69
627600 69
627800 69
628000 69
628200 69
628400 69
628600 69
628800 69
629000 69
629200 69
629400 69
629600 69
629800 69
630000 69
630200 69
630400 69
630600 69
630800 69
631000 69
631200 69
631400 69
631600 69
631800 69
632000 69
632200 69
632400 69
632600 69
632800 69
633000 69
633200 69
633400 69
633600 69
633800 69
634000 69
634200 69
634400 69
634600 69
634800 69
635000 69
635200 69
635400 69
635600 69
635800 69
636000 69
636200 69
636400 69
636600 69
636800 69
637000 69
637200 69
637400 69
637600 69
637800 69
638000 69
638200 69
638400 69
638600 69
638800 69
639000 69
639200 69
639400 69
639600 69
639800 69
640000 69
640200 69
640400 69
640600 69
640800 69
641000 69
641200 69
641400 69
641600 69
641800 69
642000 69
642200 69
642400 69
642600 69
642800 69
643000 69
643200 69
643400 69
643600 69
643800 69
644000 69
644200 69
644400 69
644600 69
644800 69
645000 69
645200 69
645400 69
645600 69
645800 69
646000 69
646200 69
646400 69
646600 69
646800 69
647000 69
647200 69
647400 69
647600 69
647800 69
648000 69
648200 69
648400 69
648600 69
648800 69
649000 69
649200 69
649400 69
649600 69
649800 69
650000 69
650200 69
650400 69
650600 69
650800 69
651000 69
651200 69
651400 69
651600 69
651800 69
652000 69
652200 69
652400 69
652600 69
652800 69
653000 69
653200 69
653400 69
653600 69
653800 69
654000 69
654200 69
654400 69
654600 69
654800 69
655000 69
655200 69
655400 69
655600 69
655800 69
656000 69
656200 69
656400 69
656600 69
656800 69
657000 69
657200 69
657400 69
657600 69
657800 69
658000 69
658200 69
658400 69
658600 69
658800 69
659000 69
659200 69
659400 69
659600 69
659800 69
660000 69
660200 69
660400 69
660600 69
660800 69
661000 69
661200 69
661400 69
661600 69
661800 69
662000 69
662200 69
662400 69
662600 69
662800 69
663000 69
663200 69
663400 69
663600 69
663800 69
664000 69
664200 69
664400 69
664600 69
664800 69
665000 69
665200 69
665400 69
665600 69
665800 69
666000 69
666200 69
666400 69
666600 69
666800 69
667000 69
667200 69
667400 69
667600 69
667800 69
668000 69
668200 69
668400 69
668600 69
668800 69
669000 69
669200 69
669400 69
669600 69
669800 69
670000 69
670200 69
670400 69
670600 69
670800 69
671000 69
671200 69
671400 69
671600 69
671800 69
672000 69
672200 69
672400 69
672600 69
672800 69
673000 69
673200 69
673400 69
673600 69
673800 69
674000 69
674200 69
674400 69
674600 69
674800 69
675000 69
675200 69
675400 69
675600 69
675800 69
676000 69
676200 69
676400 69
676600 69
676800 69
677000 69
677200 69
677400 69
677600 69
677800 69
678000 69
678200 69
678400 69
678600 69
678800 69
679000 69
679200 69
679400 69
679600 69
679800 69
680000 69
680200 69
680400 69
680600 69
680800 69
681000 69
681200 69
681400 69
681600 69
681800 69
682000 69
682200 69
682400 69
682600 69
682800 69
683000 69
683200 69
683400 69
683600 69
683800 69
684000 69
684200 69
684400 69
684600 69
684800 69
685000 69
685200 69
685400 69
685600 69
685800 69
686000 69
686200 69
686400 69
686600 69
686800 69
687000 69
687200 69
687400 69
687600 69
687800 69
688000 69
688200 69
688400 69
688600 69
688800 69
689000 69
689200 69
689400 69
689600 69
689800 69
690000 69
690200 69
690400 69
690600 69
690800 69
691000 69
691200 69
691400 69
691600 69
691800 69
692000 69
692200 69
692400 69
692600 69
692800 69
693000 69
693200 69
693400 69
693600 69
693800 69
694000 69
694200 69
694400 69
694600 69
694800 69
695000 69
695200 69
695400 69
695600 69
695800 69
696000 69
696200 69
696400 69
696600 69
696800 69
697000 69
697200 69
697400 69
697600 69
697800 69
698000 69
698200 69
698400 69
698600 69
698800 69
699000 69
699200 69
699400 69
699600 69
699800 69
700000 69
700200 69
700400 69
700600 69
700800 69
701000 69
701200 69
701400 69
701600 69
701800 69
702000 69
702200 69
702400 69
702600 69
702800 69
703000 69
703200 69
703400 69
703600 69
703800 69
704000 69
704200 69
704400 69
704600 69
704800 69
705000 69
705200 69
705400 69
705600 69
705800 69
706000 69
706200 69
706400 69
706600 69
706800 69
707000 69
707200 69
707400 69
707600 69
707800 69
708000 69
708200 69
708400 69
708600 69
708800 69
709000 69
709200 69
709400 69
709600 69
709800 69
710000 69
710200 69
710400 69
710600 69
710800 69
711000 69
711200 69
711400 69
711600 69
711800 69
712000 69
712200 69
712400 69
712600 69
712800 69
713000 69
713200 69
713400 69
713600 69
713800 69
714000 69
714200 69
714400 69
714600 69
714800 69
715000 69
715200 69
715400 69
715600 69
715800 69
716000 69
716200 69
716400 69
716600 69
716800 69
717000 69
717200 69
717400 69
717600 69
717800 69
718000 69
718200 69
718400 69
718600 69
718800 69
719000 69
719200 69
719400 69
719600 69
719800 69
720000 69
720200 69
720400 69
720600 69
720800 69
721000 69
721200 69
721400 69
721600 69
721800 69
722000 69
722200 69
722400 69
722600 69
722800 69
723000 69
723200 69
723400 69
723600 69
723800 69
724000 69
724200 69
724400 69
724600 69
724800 69
725000 69
725200 69
725400 69
725600 69
725800 69
726000 69
726200 69
726400 69
726600 69
726800 69
727000 69
727200 69
727400 69
727600 69
727800 69
728000 69
728200 69
728400 69
728600 69
728800 69
729000 69
729200 69
729400 69
729600 69
729800 69
730000 69
730200 69
730400 69
730600 69
730800 69
731000 69
731200 69
731400 69
731600 69
731800 69
732000 69
732200 69
732400 69
732600 69
732800 69
733000 69
733200 69
733400 69
733600 69
733800 69
734000 69
734200 69
734400 69
734600 69
734800 69
735000 69
735200 69
735400 69
735600 69
735800 69
736000 69
736200 69
736400 69
736600 69
736800 69
737000 69
737200 69
737400 69
737600 69
737800 69
738000 69
738200 69
738400 69
738600 69
738800 69
739000 69
739200 69
739400 69
739600 69
739800 69
740000 69
740200 69
740400 69
740600 69
740800 69
741000 69
741200 69
741400 69
741600 69
741800 69
742000 69
742200 69
742400 69
742600 69
742800 69
743000 69
743200 69
743400 69
743600 69
743800 69
744000 69
744200 69
744400 69
744600 69
744800 69
745000 69
745200 69
745400 69
745600 69
745800 69
746000 69
746200 69
746400 69
746600 69
746800 69
747000 69
747200 69
747400 69
747600 69
747800 69
748000 69
748200 69
748400 69
748600 69
748800 69
749000 69
749200 69
749400 69
749600 69
749800 69
750000 69
750200 69
750400 69
750600 69
750800 69
751000 69
751200 69
751400 69
751600 69
751800 69
752000 69
752200 69
752400 69
752600 69
752800 69
753000 69
753200 69
753400 69
753600 69
753800 69
754000 69
754200 69
754400 69
754600 69
754800 69
755000 69
755200 69
755400 69
755600 69
755800 69
756000 69
756200 69
756400 69
756600 69
756800 69
757000 69
757200 69
757400 69
757600 69
757800 69
758000 69
758200 69
758400 69
758600 69
758800 69
759000 69
759200 69
759400 69
759600 69
759800 69
760000 69
760200 69
760400 69
760600 69
760800 69
761000 69
761200 69
761400 69
761600 69
761800 69
762000 69
762200 69
762400 69
762600 69
762800 69
763000 69
763200 69
763400 69
763600 69
763800 69
764000 69
764200 69
764400 69
764600 69
764800 69
765000 69
765200 69
765400 69
765600 69
765800 69
766000 69
766200 69
766400 69
766600 69
766800 69
767000 69
767200 69
767400 69
767600 69
767800 69
768000 69
768200 69
768400 69
768600 69
768800 69
769000 69
769200 69
769400 69
769600 69
769800 69
770000 69
770200 69
770400 69
770600 69
770800 69
771000 69
771200 69
771400 69
771600 69
771800 69
772000 69
772200 69
772400 69
772600 69
772800 69
773000 69
773200 69
773400 69
773600 69
773800 69
774000 69
774200 69
774400 69
774600 69
774800 69
775000 69
775200 69
775400 69
775600 69
775800 69
776000 69
776200 69
776400 69
776600 69
776800 69
777000 69
777200 69
777400 69
777600 69
777800 69
778000 69
778200 69
778400 69
778600 69
778800 69
779000 69
779200 69
779400 69
779600 69
779800 69
780000 69
780200 69
780400 69
780600 69
780800 69
781000 69
781200 69
781400 69
781600 69
781800 69
782000 69
782200 69
782400 69
782600 69
782800 69
783000 69
783200 69
783400 69
783600 69
783800 69
784000 69
784200 69
784400 69
784600 69
784800 69
785000 69
785200 69
785400 69
785600 69
785800 69
786000 69
786200 69
786400 69
786600 69
786800 69
787000 69
787200 69
787400 69
787600 69
787800 69
788000 69
788200 69
788400 69
788600 69
788800 69
789000 69
789200 69
789400 69
789600 69
789800 69
790000 69
790200 69
790400 69
790600 69
790800 69
791000 69
791200 69
791400 69
791600 69
791800 69
792000 69
792200 69
792400 69
792600 69
792800 69
793000 69
793200 69
793400 69
793600 69
793800 69
794000 69
794200 69
794400 69
794600 69
794800 69
795000 69
795200 69
795400 69
795600 69
795800 69
796000 69
796200 69
796400 69
796600 69
796800 69
797000 69
797200 69
797400 69
797600 69
797800 69
798000 69
798200 69
798400 69
798600 69
798800 69
799000 69
799200 69
799400 69
799600 69
799800 69
800000 69
800200 69
800400 69
800600 69
800800 69
801000 69
801200 69
801400 69
801600 69
801800 69
802000 69
802200 69
802400 69
802600 69
802800 69
803000 69
803200 69
803400 69
803600 69
803800 69
804000 69
804200 69
804400 69
804600 69
804800 69
805000 69
805200 69
805400 69
805600 69
805800 69
806000 69
806200 69
806400 69
806600 69
806800 69
807000 69
807200 69
807400 69
807600 69
807800 69
808000 69
808200 69
808400 69
808600 69
808800 69
809000 69
809200 69
809400 69
809600 69
809800 69
810000 69
810200 69
810400 69
810600 69
810800 69
811000 69
811200 69
811400 69
811600 69
811800 69
812000 69
812200 69
812400 69
812600 69
812800 69
813000 69
813200 69
813400 69
813600 69
813800 69
814000 69
814200 69
814400 69
814600 69
814800 69
815000 69
815200 69
815400 69
815600 69
815800 69
816000 69
816200 69
816400 69
816600 69
816800 69
817000 69
817200 69
817400 69
817600 69
817800 69
818000 69
818200 69
818400 69
818600 69
818800 69
819000 69
819200 69
819400 69
819600 69
819800 69
820000 69
820200 69
820400 69
820600 69
820800 69
821000 69
821200 69
821400 69
821600 69
821800 69
822000 69
822200 69
822400 69
822600 69
822800 69
823000 69
823200 69
823400 69
823600 69
823800 69
824000 69
824200 69
824400 69
824600 69
824800 69
825000 69
825200 69
825400 69
825600 69
825800 69
826000 69
826200 69
826400 69
826600 69
826800 69
827000 69
827200 69
827400 69
827600 69
827800 69
828000 69
828200 69
828400 69
828600 69
828800 69
829000 69
829200 69
829400 69
829600 69
829800 69
830000 69
830200 69
830400 69
830600 69
830800 69
831000 69
831200 69
831400 69
831600 69
831800 69
832000 69
832200 69
832400 69
832600 69
832800 69
833000 69
833200 69
833400 69
833600 69
833800 69
834000 69
834200 69
834400 69
834600 69
834800 69
835000 69
835200 69
835400 69
835600 69
835800 69
836000 69
836200 69
836400 69
836600 69
836800 69
837000 69
837200 69
837400 69
837600 69
837800 69
838000 69
838200 69
838400 69
838600 69
838800 69
839000 69
839200 69
839400 69
839600 69
839800 69
840000 69
840200 69
840400 69
840600 69
840800 69
841000 69
841200 69
841400 69
841600 69
841800 69
842000 69
842200 69
842400 69
842600 69
842800 69
843000 69
843200 69
843400 69
843600 69
843800 69
844000 69
844200 69
844400 69
844600 69
844800 69
845000 69
845200 69
845400 69
845600 69
845800 69
846000 69
846200 69
846400 69
846600 69
846800 69
847000 69
847200 69
847400 69
847600 69
847800 69
848000 69
848200 69
848400 69
848600 69
848800 69
849000 69
849200 69
849400 69
849600 69
849800 69
850000 69
850200 69
850400 69
850600 69
850800 69
851000 69
851200 69
851400 69
851600 69
851800 69
852000 69
852200 69
852400 69
852600 69
852800 69
853000 69
853200 69
853400 69
853600 69
853800 69
854000 69
854200 69
854400 69
854600 69
854800 69
855000 69
855200 69
855400 69
855600 69
855800 69
856000 69
856200 69
856400 69
856600 69
856800 69
857000 69
857200 69
857400 69
857600 69
857800 69
858000 69
858200 69
858400 69
858600 69
858800 69
859000 69
859200 69
859400 69
859600 69
859800 69
860000 69
860200 69
860400 69
860600 69
860800 69
861000 69
861200 69
861400 69
861600 69
861800 69
862000 69
862200 69
862400 69
862600 69
862800 69
863000 69
863200 69
863400 69
863600 69
863800 69
864000 69
864200 69
864400 69
864600 69
864800 69
865000 69
865200 69
865400 69
865600 69
865800 69
866000 69
866200 69
866400 69
866600 69
866800 69
867000 69
867200 69
867400 69
867600 69
867800 69
868000 69
868200 69
868400 69
868600 69
868800 69
869000 69
869200 69
869400 69
869600 69
869800 69
870000 69
870200 69
870400 69
870600 69
870800 69
871000 69
871200 69
871400 69
871600 69
871800 69
872000 69
872200 69
872400 69
872600 69
872800 69
873000 69
873200 69
873400 69
873600 69
873800 69
874000 69
874200 69
874400 69
874600 69
874800 69
875000 69
875200 69
875400 69
875600 69
875800 69
876000 69
876200 69
876400 69
876600 69
876800 69
877000 69
877200 69
877400 69
877600 69
877800 69
878000 69
878200 69
878400 69
878600 69
878800 69
879000 69
879200 69
879400 69
879600 69
879800 69
880000 69
880200 69
880400 69
880600 69
880800 69
881000 69
881200 69
881400 69
881600 69
881800 69
882000 69
882200 69
882400 69
882600 69
882800 69
883000 69
883200 69
883400 69
883600 69
883800 69
884000 69
884200 69
884400 69
884600 69
884800 69
885000 69
885200 69
885400 69
885600 69
885800 69
886000 69
886200 69
886400 69
886600 69
886800 69
887000 69
887200 69
887400 69
887600 69
887800 69
888000 69
888200 69
888400 69
888600 69
888800 69
889000 69
889200 69
889400 69
889600 69
889800 69
890000 69
890200 69
890400 69
890600 69
890800 69
891000 69
891200 69
891400 69
891600 69
891800 69
892000 69
892200 69
892400 69
892600 69
892800 69
893000 69
893200 69
893400 69
893600 69
893800 69
894000 69
894200 69
894400 69
894600 69
894800 69
895000 69
895200 69
895400 69
895600 69
895800 69
896000 69
896200 69
896400 69
896600 69
896800 69
897000 69
897200 69
897400 69
897600 69
897800 69
898000 69
898200 69
898400 69
898600 69
898800 69
899000 69
899200 69
899400 69
899600 69
899800 69
900000 69
900200 69
900400 69
900600 69
900800 69
901000 69
901200 69
901400 69
901600 69
901800 69
902000 69
902200 69
902400 69
902600 69
902800 69
903000 69
903200 69
903400 69
903600 69
903800 69
904000 69
904200 69
904400 69
904600 69
904800 69
905000 69
905200 69
905400 69
905600 69
905800 69
906000 69
906200 69
906400 69
906600 69
906800 69
907000 69
907200 69
907400 69
907600 69
907800 69
908000 69
908200 69
908400 69
908600 69
908800 69
909000 69
909200 69
909400 69
909600 69
909800 69
910000 69
910200 69
910400 69
910600 69
910800 69
911000 69
911200 69
911400 69
911600 69
911800 69
912000 69
912200 69
912400 69
912600 69
912800 69
913000 69
913200 69
913400 69
913600 69
913800 69
914000 69
914200 69
914400 69
914600 69
914800 69
915000 69
915200 69
915400 69
915600 69
915800 69
916000 69
916200 69
916400 69
916600 69
916800 69
917000 69
917200 69
917400 69
917600 69
917800 69
918000 69
918200 69
918400 69
918600 69
918800 69
919000 69
919200 69
919400 69
919600 69
919800 69
920000 69
920200 69
920400 69
920600 69
920800 69
921000 69
921200 69
921400 69
921600 69
921800 69
922000 69
922200 69
922400 69
922600 69
922800 69
923000 69
923200 69
923400 69
923600 69
923800 69
924000 69
924200 69
924400 69
924600 69
924800 69
925000 69
925200 69
925400 69
925600 69
925800 69
926000 69
926200 69
926400 69
926600 69
926800 69
927000 69
927200 69
927400 69
927600 69
927800 69
928000 69
928200 69
928400 69
928600 69
928800 69
929000 69
929200 69
929400 69
929600 69
929800 69
930000 69
930200 69
930400 69
930600 69
930800 69
931000 69
931200 69
931400 69
931600 69
931800 69
932000 69
932200 69
932400 69
932600 69
932800 69
933000 69
933200 69
933400 69
933600 69
933800 69
934000 69
934200 69
934400 69
934600 69
934800 69
935000 69
935200 69
935400 69
935600 69
935800 69
936000 69
936200 69
936400 69
936600 69
936800 69
937000 69
937200 69
937400 69
937600 69
937800 69
938000 69
938200 69
938400 69
938600 69
938800 69
939000 69
939200 69
939400 69
939600 69
939800 69
940000 69
940200 69
940400 69
940600 69
940800 69
941000 69
941200 69
941400 69
941600 69
941800 69
942000 69
942200 69
942400 69
942600 69
942800 69
943000 69
943200 69
943400 69
943600 69
943800 69
944000 69
944200 69
944400 69
944600 69
944800 69
945000 69
945200 69
945400 69
945600 69
945800 69
946000 69
946200 69
946400 69
946600 69
946800 69
947000 69
947200 69
947400 69
947600 69
947800 69
948000 69
948200 69
948400 69
948600 69
948800 69
949000 69
949200 69
949400 69
949600 69
949800 69
950000 69
950200 69
950400 69
950600 69
950800 69
951000 69
951200 69
951400 69
951600 69
951800 69
952000 69
952200 69
952400 69
952600 69
952800 69
953000 69
953200 69
953400 69
953600 69
953800 69
954000 69
954200 69
954400 69
954600 69
954800 69
955000 69
955200 69
955400 69
955600 69
955800 69
956000 69
956200 69
956400 69
956600 69
956800 69
957000 69
957200 69
957400 69
957600 69
957800 69
958000 69
958200 69
958400 69
958600 69
958800 69
959000 69
959200 69
959400 69
959600 69
959800 69
960000 69
960200 69
960400 69
960600 69
960800 69
961000 69
961200 69
961400 69
961600 69
961800 69
962000 69
962200 69
962400 69
962600 69
962800 69
963000 69
963200 69
963400 69
963600 69
963800 69
964000 69
964200 69
964400 69
964600 69
964800 69
965000 69
965200 69
965400 69
965600 69
965800 69
966000 69
966200 69
966400 69
966600 69
966800 69
967000 69
967200 69
967400 69
967600 69
967800 69
968000 69
968200 69
968400 69
968600 69
968800 69
969000 69
969200 69
969400 69
969600 69
969800 69
970000 69
970200 69
970400 69
970600 69
970800 69
971000 69
971200 69
971400 69
971600 69
971800 69
972000 69
972200 69
972400 69
972600 69
972800 69
973000 69
973200 69
973400 69
973600 69
973800 69
974000 69
974200 69
974400 69
974600 69
974800 69
975000 69
975200 69
975400 69
975600 69
975800 69
976000 69
976200 69
976400 69
976600 69
976800 69
977000 69
977200 69
977400 69
977600 69
977800 69
978000 69
978200 69
978400 69
978600 69
978800 69
979000 69
979200 69
979400 69
979600 69
979800 69
980000 69
980200 69
980400 69
980600 69
980800 69
981000 69
981200 69
981400 69
981600 69
981800 69
982000 69
982200 69
982400 69
982600 69
982800 69
983000 69
983200 69
983400 69
983600 69
983800 69
984000 69
984200 69
984400 69
984600 69
984800 69
985000 69
985200 69
985400 69
985600 69
985800 69
986000 69
986200 69
986400 69
986600 69
986800 69
987000 69
987200 69
987400 69
987600 69
987800 69
988000 69
988200 69
988400 69
988600 69
988800 69
989000 69
989200 69
989400 69
989600 69
989800 69
990000 69
990200 69
990400 69
990600 69
990800 69
991000 69
991200 69
991400 69
991600 69
991800 69
992000 69
992200 69
992400 69
992600 69
992800 69
993000 69
993200 69
993400 69
993600 69
993800 69
994000 69
994200 69
994400 69
994600 69
994800 69
995000 69
995200 69
995400 69
995600 69
995800 69
996000 69
996200 69
996400 69
996600 69
996800 69
997000 69
997200 69
997400 69
997600 69
997800 69
998000 69
998200 69
998400 69
998600 69
998800 69
999000 69
999200 69
999400 69
999600 69
999800 69
1000000 69
