200 1000.000
400 1000.000
600 1000.000
800 1000.000
1000 1000.000
1200 1000.000
1400 1000.000
1600 1000.000
1800 1000.000
2000 1000.000
2200 1000.000
2400 1000.000
2600 1000.000
2800 1000.000
3000 1000.000
3200 1000.000
3400 1000.000
3600 1000.000
3800 1000.000
4000 1000.000
4200 1000.000
4400 1000.000
4600 1000.000
4800 1000.000
5000 1000.000
5200 1000.000
5400 1000.000
5600 1000.000
5800 1000.000
6000 1000.000
6200 1000.000
6400 1000.000
6600 1000.000
6800 1000.000
7000 1000.000
7200 1000.000
7400 1000.000
7600 1000.000
7800 1000.000
8000 1000.000
8200 1000.000
8400 1000.000
8600 1000.000
8800 1000.000
9000 1000.000
9200 1000.000
9400 1000.000
9600 1000.000
9800 1000.000
10000 1000.000
10200 1000.000
10400 1000.000
10600 1000.000
10800 1000.000
11000 1000.000
11200 1000.000
11400 1000.000
11600 1000.000
11800 1000.000
12000 1000.000
12200 1000.000
12400 1000.000
12600 1000.000
12800 1000.000
13000 1000.000
13200 1000.000
13400 1000.000
13600 1000.000
13800 1000.000
14000 1000.000
14200 1000.000
14400 1000.000
14600 1000.000
14800 1000.000
15000 1000.000
15200 1000.000
15400 1000.000
15600 1000.000
15800 1000.000
16000 1000.000
16200 1000.000
16400 1000.000
16600 1000.000
16800 1000.000
17000 1000.000
17200 1000.000
17400 1000.000
17600 1000.000
17800 1000.000
18000 1000.000
18200 1000.000
18400 1000.000
18600 1000.000
18800 1000.000
19000 1000.000
19200 1000.000
19400 1000.000
19600 1000.000
19800 1000.000
20000 1000.000
20200 1000.000
20400 1000.000
20600 1000.000
20800 1000.000
21000 1000.000
21200 1000.000
21400 1000.000
21600 1000.000
21800 1000.000
22000 1000.000
22200 1000.000
22400 1000.000
22600 1000.000
22800 1000.000
23000 1000.000
23200 1000.000
23400 1000.000
23600 1000.000
23800 1000.000
24000 1000.000
24200 1000.000
24400 1000.000
24600 1000.000
24800 1000.000
25000 1000.000
25200 1000.000
25400 1000.000
25600 1000.000
25800 1000.000
26000 1000.000
26200 1000.000
26400 1000.000
26600 1000.000
26800 1000.000
27000 1000.000
27200 1000.000
27400 1000.000
27600 1000.000
27800 1000.000
28000 1000.000
28200 1000.000
28400 1000.000
28600 1000.000
28800 1000.000
29000 1000.000
29200 1000.000
29400 1000.000
29600 1000.000
29800 1000.000
30000 1000.000
30200 1000.000
30400 1000.000
30600 1000.000
30800 1000.000
31000 1000.000
31200 1000.000
31400 1000.000
31600 1000.000
31800 1000.000
32000 1000.000
32200 1000.000
32400 1000.000
32600 1000.000
32800 1000.000
33000 1000.000
33200 1000.000
33400 1000.000
33600 1000.000
33800 1000.000
34000 1000.000
34200 1000.000
34400 1000.000
34600 1000.000
34800 1000.000
35000 1000.000
35200 1000.000
35400 1000.000
35600 1000.000
35800 1000.000
36000 1000.000
36200 1000.000
36400 1000.000
36600 1000.000
36800 1000.000
37000 1000.000
37200 1000.000
37400 1000.000
37600 1000.000
37800 1000.000
38000 1000.000
38200 1000.000
38400 1000.000
38600 1000.000
38800 1000.000
39000 1000.000
39200 1000.000
39400 1000.000
39600 1000.000
39800 1000.000
40000 1000.000
40200 1000.000
40400 1000.000
40600 1000.000
40800 1000.000
41000 1000.000
41200 1000.000
41400 1000.000
41600 1000.000
41800 1000.000
42000 1000.000
42200 1000.000
42400 1000.000
42600 1000.000
42800 1000.000
43000 1000.000
43200 1000.000
43400 1000.000
43600 1000.000
43800 1000.000
44000 1000.000
44200 1000.000
44400 1000.000
44600 1000.000
44800 1000.000
45000 1000.000
45200 1000.000
45400 1000.000
45600 1000.000
45800 1000.000
46000 1000.000
46200 1000.000
46400 1000.000
46600 1000.000
46800 1000.000
47000 1000.000
47200 1000.000
47400 1000.000
47600 1000.000
47800 1000.000
48000 1000.000
48200 1000.000
48400 1000.000
48600 1000.000
48800 1000.000
49000 1000.000
49200 1000.000
49400 1000.000
49600 1000.000
49800 1000.000
50000 1000.000
50200 1000.000
50400 1000.000
50600 1000.000
50800 1000.000
51000 1000.000
51200 1000.000
51400 1000.000
51600 1000.000
51800 1000.000
52000 1000.000
52200 1000.000
52400 1000.000
52600 1000.000
52800 1000.000
53000 1000.000
53200 1000.000
53400 1000.000
53600 1000.000
53800 1000.000
54000 1000.000
54200 1000.000
54400 1000.000
54600 1000.000
54800 1000.000
55000 1000.000
55200 1000.000
55400 1000.000
55600 1000.000
55800 1000.000
56000 1000.000
56200 1000.000
56400 1000.000
56600 1000.000
56800 1000.000
57000 1000.000
57200 1000.000
57400 1000.000
57600 1000.000
57800 1000.000
58000 1000.000
58200 1000.000
58400 1000.000
58600 1000.000
58800 1000.000
59000 1000.000
59200 1000.000
59400 1000.000
59600 1000.000
59800 1000.000
60000 1000.000
60200 1000.000
60400 1000.000
60600 1000.000
60800 1000.000
61000 1000.000
61200 1000.000
61400 1000.000
61600 1000.000
61800 1000.000
62000 1000.000
62200 1000.000
62400 1000.000
62600 1000.000
62800 1000.000
63000 1000.000
63200 1000.000
63400 1000.000
63600 1000.000
63800 1000.000
64000 1000.000
64200 1000.000
64400 1000.000
64600 1000.000
64800 1000.000
65000 1000.000
65200 1000.000
65400 1000.000
65600 1000.000
65800 1000.000
66000 1000.000
66200 1000.000
66400 1000.000
66600 1000.000
66800 1000.000
67000 1000.000
67200 1000.000
67400 1000.000
67600 1000.000
67800 1000.000
68000 1000.000
68200 1000.000
68400 1000.000
68600 1000.000
68800 1000.000
69000 1000.000
69200 1000.000
69400 1000.000
69600 1000.000
69800 1000.000
70000 1000.000
70200 1000.000
70400 1000.000
70600 1000.000
70800 1000.000
71000 1000.000
71200 1000.000
71400 1000.000
71600 1000.000
71800 1000.000
72000 1000.000
72200 1000.000
72400 1000.000
72600 1000.000
72800 1000.000
73000 1000.000
73200 1000.000
73400 1000.000
73600 1000.000
73800 1000.000
74000 1000.000
74200 1000.000
74400 1000.000
74600 1000.000
74800 1000.000
75000 1000.000
75200 1000.000
75400 1000.000
75600 1000.000
75800 1000.000
76000 1000.000
76200 1000.000
76400 1000.000
76600 1000.000
76800 1000.000
77000 1000.000
77200 1000.000
77400 1000.000
77600 1000.000
77800 1000.000
78000 1000.000
78200 1000.000
78400 1000.000
78600 1000.000
78800 1000.000
79000 1000.000
79200 1000.000
79400 1000.000
79600 1000.000
79800 1000.000
80000 1000.000
80200 1000.000
80400 1000.000
80600 1000.000
80800 1000.000
81000 1000.000
81200 1000.000
81400 1000.000
81600 1000.000
81800 1000.000
82000 1000.000
82200 1000.000
82400 1000.000
82600 1000.000
82800 1000.000
83000 1000.000
83200 1000.000
83400 1000.000
83600 1000.000
83800 1000.000
84000 1000.000
84200 1000.000
84400 1000.000
84600 1000.000
84800 1000.000
85000 1000.000
85200 1000.000
85400 1000.000
85600 1000.000
85800 1000.000
86000 1000.000
86200 1000.000
86400 1000.000
86600 1000.000
86800 1000.000
87000 1000.000
87200 1000.000
87400 1000.000
87600 1000.000
87800 1000.000
88000 1000.000
88200 1000.000
88400 1000.000
88600 1000.000
88800 1000.000
89000 1000.000
89200 1000.000
89400 1000.000
89600 1000.000
89800 1000.000
90000 1000.000
90200 1000.000
90400 1000.000
90600 1000.000
90800 1000.000
91000 1000.000
91200 1000.000
91400 1000.000
91600 1000.000
91800 1000.000
92000 1000.000
92200 1000.000
92400 1000.000
92600 1000.000
92800 1000.000
93000 1000.000
93200 1000.000
93400 1000.000
93600 1000.000
93800 1000.000
94000 1000.000
94200 1000.000
94400 1000.000
94600 1000.000
94800 1000.000
95000 1000.000
95200 1000.000
95400 1000.000
95600 1000.000
95800 1000.000
96000 1000.000
96200 1000.000
96400 1000.000
96600 1000.000
96800 1000.000
97000 1000.000
97200 1000.000
97400 1000.000
97600 1000.000
97800 1000.000
98000 1000.000
98200 1000.000
98400 1000.000
98600 1000.000
98800 1000.000
99000 1000.000
99200 1000.000
99400 1000.000
99600 1000.000
99800 1000.000
100000 1000.000
100200 1000.000
100400 1000.000
100600 1000.000
100800 1000.000
101000 1000.000
101200 1000.000
101400 1000.000
101600 1000.000
101800 1000.000
102000 1000.000
102200 1000.000
102400 1000.000
102600 1000.000
102800 1000.000
103000 1000.000
103200 1000.000
103400 1000.000
103600 1000.000
103800 1000.000
104000 1000.000
104200 1000.000
104400 1000.000
104600 1000.000
104800 1000.000
105000 1000.000
105200 1000.000
105400 1000.000
105600 1000.000
105800 1000.000
106000 1000.000
106200 1000.000
106400 1000.000
106600 1000.000
106800 1000.000
107000 1000.000
107200 1000.000
107400 1000.000
107600 1000.000
107800 1000.000
108000 1000.000
108200 1000.000
108400 1000.000
108600 1000.000
108800 1000.000
109000 1000.000
109200 1000.000
109400 1000.000
109600 1000.000
109800 1000.000
110000 1000.000
110200 1000.000
110400 1000.000
110600 1000.000
110800 1000.000
111000 1000.000
111200 1000.000
111400 1000.000
111600 1000.000
111800 1000.000
112000 1000.000
112200 1000.000
112400 1000.000
112600 1000.000
112800 1000.000
113000 1000.000
113200 1000.000
113400 1000.000
113600 1000.000
113800 1000.000
114000 1000.000
114200 1000.000
114400 1000.000
114600 1000.000
114800 1000.000
115000 1000.000
115200 1000.000
115400 1000.000
115600 1000.000
115800 1000.000
116000 1000.000
116200 1000.000
116400 1000.000
116600 1000.000
116800 1000.000
117000 1000.000
117200 1000.000
117400 1000.000
117600 1000.000
117800 1000.000
118000 1000.000
118200 1000.000
118400 1000.000
118600 1000.000
118800 1000.000
119000 1000.000
119200 1000.000
119400 1000.000
119600 1000.000
119800 1000.000
120000 1000.000
120200 1000.000
120400 1000.000
120600 1000.000
120800 1000.000
121000 1000.000
121200 1000.000
121400 1000.000
121600 1000.000
121800 1000.000
122000 1000.000
122200 1000.000
122400 1000.000
122600 1000.000
122800 1000.000
123000 1000.000
123200 1000.000
123400 1000.000
123600 1000.000
123800 1000.000
124000 1000.000
124200 1000.000
124400 1000.000
124600 1000.000
124800 1000.000
125000 1000.000
125200 1000.000
125400 1000.000
125600 1000.000
125800 1000.000
126000 1000.000
126200 1000.000
126400 1000.000
126600 1000.000
126800 1000.000
127000 1000.000
127200 1000.000
127400 1000.000
127600 1000.000
127800 1000.000
128000 1000.000
128200 1000.000
128400 1000.000
128600 1000.000
128800 1000.000
129000 1000.000
129200 1000.000
129400 1000.000
129600 1000.000
129800 1000.000
130000 1000.000
130200 1000.000
130400 1000.000
130600 1000.000
130800 1000.000
131000 1000.000
131200 1000.000
131400 1000.000
131600 1000.000
131800 1000.000
132000 1000.000
132200 1000.000
132400 1000.000
132600 1000.000
132800 1000.000
133000 1000.000
133200 1000.000
133400 1000.000
133600 1000.000
133800 1000.000
134000 1000.000
134200 1000.000
134400 1000.000
134600 1000.000
134800 1000.000
135000 1000.000
135200 1000.000
135400 1000.000
135600 1000.000
135800 1000.000
136000 1000.000
136200 1000.000
136400 1000.000
136600 1000.000
136800 1000.000
137000 1000.000
137200 1000.000
137400 1000.000
137600 1000.000
137800 1000.000
138000 1000.000
138200 1000.000
138400 1000.000
138600 1000.000
138800 1000.000
139000 1000.000
139200 1000.000
139400 1000.000
139600 1000.000
139800 1000.000
140000 1000.000
140200 1000.000
140400 1000.000
140600 1000.000
140800 1000.000
141000 1000.000
141200 1000.000
141400 1000.000
141600 1000.000
141800 1000.000
142000 1000.000
142200 1000.000
142400 1000.000
142600 1000.000
142800 1000.000
143000 1000.000
143200 1000.000
143400 1000.000
143600 1000.000
143800 1000.000
144000 1000.000
144200 1000.000
144400 1000.000
144600 1000.000
144800 1000.000
145000 1000.000
145200 1000.000
145400 1000.000
145600 1000.000
145800 1000.000
146000 1000.000
146200 1000.000
146400 1000.000
146600 1000.000
146800 1000.000
147000 1000.000
147200 1000.000
147400 1000.000
147600 1000.000
147800 1000.000
148000 1000.000
148200 1000.000
148400 1000.000
148600 1000.000
148800 1000.000
149000 1000.000
149200 1000.000
149400 1000.000
149600 1000.000
149800 1000.000
150000 1000.000
150200 1000.000
150400 1000.000
150600 1000.000
150800 1000.000
151000 1000.000
151200 1000.000
151400 1000.000
151600 1000.000
151800 1000.000
152000 1000.000
152200 1000.000
152400 1000.000
152600 1000.000
152800 1000.000
153000 1000.000
153200 1000.000
153400 1000.000
153600 1000.000
153800 1000.000
154000 1000.000
154200 1000.000
154400 1000.000
154600 1000.000
154800 1000.000
155000 1000.000
155200 1000.000
155400 1000.000
155600 1000.000
155800 1000.000
156000 1000.000
156200 1000.000
156400 1000.000
156600 1000.000
156800 1000.000
157000 1000.000
157200 1000.000
157400 1000.000
157600 1000.000
157800 1000.000
158000 1000.000
158200 1000.000
158400 1000.000
158600 1000.000
158800 1000.000
159000 1000.000
159200 1000.000
159400 1000.000
159600 1000.000
159800 1000.000
160000 1000.000
160200 1000.000
160400 1000.000
160600 1000.000
160800 1000.000
161000 1000.000
161200 1000.000
161400 1000.000
161600 1000.000
161800 1000.000
162000 1000.000
162200 1000.000
162400 1000.000
162600 1000.000
162800 1000.000
163000 1000.000
163200 1000.000
163400 1000.000
163600 1000.000
163800 1000.000
164000 1000.000
164200 1000.000
164400 1000.000
164600 1000.000
164800 1000.000
165000 1000.000
165200 1000.000
165400 1000.000
165600 1000.000
165800 1000.000
166000 1000.000
166200 1000.000
166400 1000.000
166600 1000.000
166800 1000.000
167000 1000.000
167200 1000.000
167400 1000.000
167600 1000.000
167800 1000.000
168000 1000.000
168200 1000.000
168400 1000.000
168600 1000.000
168800 1000.000
169000 1000.000
169200 1000.000
169400 1000.000
169600 1000.000
169800 1000.000
170000 1000.000
170200 1000.000
170400 1000.000
170600 1000.000
170800 1000.000
171000 1000.000
171200 1000.000
171400 1000.000
171600 1000.000
171800 1000.000
172000 1000.000
172200 1000.000
172400 1000.000
172600 1000.000
172800 1000.000
173000 1000.000
173200 1000.000
173400 1000.000
173600 1000.000
173800 1000.000
174000 1000.000
174200 1000.000
174400 1000.000
174600 1000.000
174800 1000.000
175000 1000.000
175200 1000.000
175400 1000.000
175600 1000.000
175800 1000.000
176000 1000.000
176200 1000.000
176400 1000.000
176600 1000.000
176800 1000.000
177000 1000.000
177200 1000.000
177400 1000.000
177600 1000.000
177800 1000.000
178000 1000.000
178200 1000.000
178400 1000.000
178600 1000.000
178800 1000.000
179000 1000.000
179200 1000.000
179400 1000.000
179600 1000.000
179800 1000.000
180000 1000.000
180200 1000.000
180400 1000.000
180600 1000.000
180800 1000.000
181000 1000.000
181200 1000.000
181400 1000.000
181600 1000.000
181800 1000.000
182000 1000.000
182200 1000.000
182400 1000.000
182600 1000.000
182800 1000.000
183000 1000.000
183200 1000.000
183400 1000.000
183600 1000.000
183800 1000.000
184000 1000.000
184200 1000.000
184400 1000.000
184600 1000.000
184800 1000.000
185000 1000.000
185200 1000.000
185400 1000.000
185600 1000.000
185800 1000.000
186000 1000.000
186200 1000.000
186400 1000.000
186600 1000.000
186800 1000.000
187000 1000.000
187200 1000.000
187400 1000.000
187600 1000.000
187800 1000.000
188000 1000.000
188200 1000.000
188400 1000.000
188600 1000.000
188800 1000.000
189000 1000.000
189200 1000.000
189400 1000.000
189600 1000.000
189800 1000.000
190000 1000.000
190200 1000.000
190400 1000.000
190600 1000.000
190800 1000.000
191000 1000.000
191200 1000.000
191400 1000.000
191600 1000.000
191800 1000.000
192000 1000.000
192200 1000.000
192400 1000.000
192600 1000.000
192800 1000.000
193000 1000.000
193200 1000.000
193400 1000.000
193600 1000.000
193800 1000.000
194000 1000.000
194200 1000.000
194400 1000.000
194600 1000.000
194800 1000.000
195000 1000.000
195200 1000.000
195400 1000.000
195600 1000.000
195800 1000.000
196000 1000.000
196200 1000.000
196400 1000.000
196600 1000.000
196800 1000.000
197000 1000.000
197200 1000.000
197400 1000.000
197600 1000.000
197800 1000.000
198000 1000.000
198200 1000.000
198400 1000.000
198600 1000.000
198800 1000.000
199000 1000.000
199200 1000.000
199400 1000.000
199600 1000.000
199800 1000.000
200000 1000.000
200200 1000.000
200400 1000.000
200600 1000.000
200800 1000.000
201000 1000.000
201200 1000.000
201400 1000.000
201600 1000.000
201800 1000.000
202000 1000.000
202200 1000.000
202400 1000.000
202600 1000.000
202800 1000.000
203000 1000.000
203200 1000.000
203400 1000.000
203600 1000.000
203800 1000.000
204000 1000.000
204200 1000.000
204400 1000.000
204600 1000.000
204800 1000.000
205000 1000.000
205200 1000.000
205400 1000.000
205600 1000.000
205800 1000.000
206000 1000.000
206200 1000.000
206400 1000.000
206600 1000.000
206800 1000.000
207000 1000.000
207200 1000.000
207400 1000.000
207600 1000.000
207800 1000.000
208000 1000.000
208200 1000.000
208400 1000.000
208600 1000.000
208800 1000.000
209000 1000.000
209200 1000.000
209400 1000.000
209600 1000.000
209800 1000.000
210000 1000.000
210200 1000.000
210400 1000.000
210600 1000.000
210800 1000.000
211000 1000.000
211200 1000.000
211400 1000.000
211600 1000.000
211800 1000.000
212000 1000.000
212200 1000.000
212400 1000.000
212600 1000.000
212800 1000.000
213000 1000.000
213200 1000.000
213400 1000.000
213600 1000.000
213800 1000.000
214000 1000.000
214200 1000.000
214400 1000.000
214600 1000.000
214800 1000.000
215000 1000.000
215200 1000.000
215400 1000.000
215600 1000.000
215800 1000.000
216000 1000.000
216200 1000.000
216400 1000.000
216600 1000.000
216800 1000.000
217000 1000.000
217200 1000.000
217400 1000.000
217600 1000.000
217800 1000.000
218000 1000.000
218200 1000.000
218400 1000.000
218600 1000.000
218800 1000.000
219000 1000.000
219200 1000.000
219400 1000.000
219600 1000.000
219800 1000.000
220000 1000.000
220200 1000.000
220400 1000.000
220600 1000.000
220800 1000.000
221000 1000.000
221200 1000.000
221400 1000.000
221600 1000.000
221800 1000.000
222000 1000.000
222200 1000.000
222400 1000.000
222600 1000.000
222800 1000.000
223000 1000.000
223200 1000.000
223400 1000.000
223600 1000.000
223800 1000.000
224000 1000.000
224200 1000.000
224400 1000.000
224600 1000.000
224800 1000.000
225000 1000.000
225200 1000.000
225400 1000.000
225600 1000.000
225800 1000.000
226000 1000.000
226200 1000.000
226400 1000.000
226600 1000.000
226800 1000.000
227000 1000.000
227200 1000.000
227400 1000.000
227600 1000.000
227800 1000.000
228000 1000.000
228200 1000.000
228400 1000.000
228600 1000.000
228800 1000.000
229000 1000.000
229200 1000.000
229400 1000.000
229600 1000.000
229800 1000.000
230000 1000.000
230200 1000.000
230400 1000.000
230600 1000.000
230800 1000.000
231000 1000.000
231200 1000.000
231400 1000.000
231600 1000.000
231800 1000.000
232000 1000.000
232200 1000.000
232400 1000.000
232600 1000.000
232800 1000.000
233000 1000.000
233200 1000.000
233400 1000.000
233600 1000.000
233800 1000.000
234000 1000.000
234200 1000.000
234400 1000.000
234600 1000.000
234800 1000.000
235000 1000.000
235200 1000.000
235400 1000.000
235600 1000.000
235800 1000.000
236000 1000.000
236200 1000.000
236400 1000.000
236600 1000.000
236800 1000.000
237000 1000.000
237200 1000.000
237400 1000.000
237600 1000.000
237800 1000.000
238000 1000.000
238200 1000.000
238400 1000.000
238600 1000.000
238800 1000.000
239000 1000.000
239200 1000.000
239400 1000.000
239600 1000.000
239800 1000.000
240000 1000.000
240200 1000.000
240400 1000.000
240600 1000.000
240800 1000.000
241000 1000.000
241200 1000.000
241400 1000.000
241600 1000.000
241800 1000.000
242000 1000.000
242200 1000.000
242400 1000.000
242600 1000.000
242800 1000.000
243000 1000.000
243200 1000.000
243400 1000.000
243600 1000.000
243800 1000.000
244000 1000.000
244200 1000.000
244400 1000.000
244600 1000.000
244800 1000.000
245000 1000.000
245200 1000.000
245400 1000.000
245600 1000.000
245800 1000.000
246000 1000.000
246200 1000.000
246400 1000.000
246600 1000.000
246800 1000.000
247000 1000.000
247200 1000.000
247400 1000.000
247600 1000.000
247800 1000.000
248000 1000.000
248200 1000.000
248400 1000.000
248600 1000.000
248800 1000.000
249000 1000.000
249200 1000.000
249400 1000.000
249600 1000.000
249800 1000.000
250000 1000.000
250200 1000.000
250400 1000.000
250600 1000.000
250800 1000.000
251000 1000.000
251200 1000.000
251400 1000.000
251600 1000.000
251800 1000.000
252000 1000.000
252200 1000.000
252400 1000.000
252600 1000.000
252800 1000.000
253000 1000.000
253200 1000.000
253400 1000.000
253600 1000.000
253800 1000.000
254000 1000.000
254200 1000.000
254400 1000.000
254600 1000.000
254800 1000.000
255000 1000.000
255200 1000.000
255400 1000.000
255600 1000.000
255800 1000.000
256000 1000.000
256200 1000.000
256400 1000.000
256600 1000.000
256800 1000.000
257000 1000.000
257200 1000.000
257400 1000.000
257600 1000.000
257800 1000.000
258000 1000.000
258200 1000.000
258400 1000.000
258600 1000.000
258800 1000.000
259000 1000.000
259200 1000.000
259400 1000.000
259600 1000.000
259800 1000.000
260000 1000.000
260200 1000.000
260400 1000.000
260600 1000.000
260800 1000.000
261000 1000.000
261200 1000.000
261400 1000.000
261600 1000.000
261800 1000.000
262000 1000.000
262200 1000.000
262400 1000.000
262600 1000.000
262800 1000.000
263000 1000.000
263200 1000.000
263400 1000.000
263600 1000.000
263800 1000.000
264000 1000.000
264200 1000.000
264400 1000.000
264600 1000.000
264800 1000.000
265000 1000.000
265200 1000.000
265400 1000.000
265600 1000.000
265800 1000.000
266000 1000.000
266200 1000.000
266400 1000.000
266600 1000.000
266800 1000.000
267000 1000.000
267200 1000.000
267400 1000.000
267600 1000.000
267800 1000.000
268000 1000.000
268200 1000.000
268400 1000.000
268600 1000.000
268800 1000.000
269000 1000.000
269200 1000.000
269400 1000.000
269600 1000.000
269800 1000.000
270000 1000.000
270200 1000.000
270400 1000.000
270600 1000.000
270800 1000.000
271000 1000.000
271200 1000.000
271400 1000.000
271600 1000.000
271800 1000.000
272000 1000.000
272200 1000.000
272400 1000.000
272600 1000.000
272800 1000.000
273000 1000.000
273200 1000.000
273400 1000.000
273600 1000.000
273800 1000.000
274000 1000.000
274200 1000.000
274400 1000.000
274600 1000.000
274800 1000.000
275000 1000.000
275200 1000.000
275400 1000.000
275600 1000.000
275800 1000.000
276000 1000.000
276200 1000.000
276400 1000.000
276600 1000.000
276800 1000.000
277000 1000.000
277200 1000.000
277400 1000.000
277600 1000.000
277800 1000.000
278000 1000.000
278200 1000.000
278400 1000.000
278600 1000.000
278800 1000.000
279000 1000.000
279200 1000.000
279400 1000.000
279600 1000.000
279800 1000.000
280000 1000.000
280200 1000.000
280400 1000.000
280600 1000.000
280800 1000.000
281000 1000.000
281200 1000.000
281400 1000.000
281600 1000.000
281800 1000.000
282000 1000.000
282200 1000.000
282400 1000.000
282600 1000.000
282800 1000.000
283000 1000.000
283200 1000.000
283400 1000.000
283600 1000.000
283800 1000.000
284000 1000.000
284200 1000.000
284400 1000.000
284600 1000.000
284800 1000.000
285000 1000.000
285200 1000.000
285400 1000.000
285600 1000.000
285800 1000.000
286000 1000.000
286200 1000.000
286400 1000.000
286600 1000.000
286800 1000.000
287000 1000.000
287200 1000.000
287400 1000.000
287600 1000.000
287800 1000.000
288000 1000.000
288200 1000.000
288400 1000.000
288600 1000.000
288800 1000.000
289000 1000.000
289200 1000.000
289400 1000.000
289600 1000.000
289800 1000.000
290000 1000.000
290200 1000.000
290400 1000.000
290600 1000.000
290800 1000.000
291000 1000.000
291200 1000.000
291400 1000.000
291600 1000.000
291800 1000.000
292000 1000.000
292200 1000.000
292400 1000.000
292600 1000.000
292800 1000.000
293000 1000.000
293200 1000.000
293400 1000.000
293600 1000.000
293800 1000.000
294000 1000.000
294200 1000.000
294400 1000.000
294600 1000.000
294800 1000.000
295000 1000.000
295200 1000.000
295400 1000.000
295600 1000.000
295800 1000.000
296000 1000.000
296200 1000.000
296400 1000.000
296600 1000.000
296800 1000.000
297000 1000.000
297200 1000.000
297400 1000.000
297600 1000.000
297800 1000.000
298000 1000.000
298200 1000.000
298400 1000.000
298600 1000.000
298800 1000.000
299000 1000.000
299200 1000.000
299400 1000.000
299600 1000.000
299800 1000.000
300000 1000.000
300200 1000.000
300400 1000.000
300600 1000.000
300800 1000.000
301000 1000.000
301200 1000.000
301400 1000.000
301600 1000.000
301800 1000.000
302000 1000.000
302200 1000.000
302400 1000.000
302600 1000.000
302800 1000.000
303000 1000.000
303200 1000.000
303400 1000.000
303600 1000.000
303800 1000.000
304000 1000.000
304200 1000.000
304400 1000.000
304600 1000.000
304800 1000.000
305000 1000.000
305200 1000.000
305400 1000.000
305600 1000.000
305800 1000.000
306000 1000.000
306200 1000.000
306400 1000.000
306600 1000.000
306800 1000.000
307000 1000.000
307200 1000.000
307400 1000.000
307600 1000.000
307800 1000.000
308000 1000.000
308200 1000.000
308400 1000.000
308600 1000.000
308800 1000.000
309000 1000.000
309200 1000.000
309400 1000.000
309600 1000.000
309800 1000.000
310000 1000.000
310200 1000.000
310400 1000.000
310600 1000.000
310800 1000.000
311000 1000.000
311200 1000.000
311400 1000.000
311600 1000.000
311800 1000.000
312000 1000.000
312200 1000.000
312400 1000.000
312600 1000.000
312800 1000.000
313000 1000.000
313200 1000.000
313400 1000.000
313600 1000.000
313800 1000.000
314000 1000.000
314200 1000.000
314400 1000.000
314600 1000.000
314800 1000.000
315000 1000.000
315200 1000.000
315400 1000.000
315600 1000.000
315800 1000.000
316000 1000.000
316200 1000.000
316400 1000.000
316600 1000.000
316800 1000.000
317000 1000.000
317200 1000.000
317400 1000.000
317600 1000.000
317800 1000.000
318000 1000.000
318200 1000.000
318400 1000.000
318600 1000.000
318800 1000.000
319000 1000.000
319200 1000.000
319400 1000.000
319600 1000.000
319800 1000.000
320000 1000.000
320200 1000.000
320400 1000.000
320600 1000.000
320800 1000.000
321000 1000.000
321200 1000.000
321400 1000.000
321600 1000.000
321800 1000.000
322000 1000.000
322200 1000.000
322400 1000.000
322600 1000.000
322800 1000.000
323000 1000.000
323200 1000.000
323400 1000.000
323600 1000.000
323800 1000.000
324000 1000.000
324200 1000.000
324400 1000.000
324600 1000.000
324800 1000.000
325000 1000.000
325200 1000.000
325400 1000.000
325600 1000.000
325800 1000.000
326000 1000.000
326200 1000.000
326400 1000.000
326600 1000.000
326800 1000.000
327000 1000.000
327200 1000.000
327400 1000.000
327600 1000.000
327800 1000.000
328000 1000.000
328200 1000.000
328400 1000.000
328600 1000.000
328800 1000.000
329000 1000.000
329200 1000.000
329400 1000.000
329600 1000.000
329800 1000.000
330000 1000.000
330200 1000.000
330400 1000.000
330600 1000.000
330800 1000.000
331000 1000.000
331200 1000.000
331400 1000.000
331600 1000.000
331800 1000.000
332000 1000.000
332200 1000.000
332400 1000.000
332600 1000.000
332800 1000.000
333000 1000.000
333200 1000.000
333400 1000.000
333600 1000.000
333800 1000.000
334000 1000.000
334200 1000.000
334400 1000.000
334600 1000.000
334800 1000.000
335000 1000.000
335200 1000.000
335400 1000.000
335600 1000.000
335800 1000.000
336000 1000.000
336200 1000.000
336400 1000.000
336600 1000.000
336800 1000.000
337000 1000.000
337200 1000.000
337400 1000.000
337600 1000.000
337800 1000.000
338000 1000.000
338200 1000.000
338400 1000.000
338600 1000.000
338800 1000.000
339000 1000.000
339200 1000.000
339400 1000.000
339600 1000.000
339800 1000.000
340000 1000.000
340200 1000.000
340400 1000.000
340600 1000.000
340800 1000.000
341000 1000.000
341200 1000.000
341400 1000.000
341600 1000.000
341800 1000.000
342000 1000.000
342200 1000.000
342400 1000.000
342600 1000.000
342800 1000.000
343000 1000.000
343200 1000.000
343400 1000.000
343600 1000.000
343800 1000.000
344000 1000.000
344200 1000.000
344400 1000.000
344600 1000.000
344800 1000.000
345000 1000.000
345200 1000.000
345400 1000.000
345600 1000.000
345800 1000.000
346000 1000.000
346200 1000.000
346400 1000.000
346600 1000.000
346800 1000.000
347000 1000.000
347200 1000.000
347400 1000.000
347600 1000.000
347800 1000.000
348000 1000.000
348200 1000.000
348400 1000.000
348600 1000.000
348800 1000.000
349000 1000.000
349200 1000.000
349400 1000.000
349600 1000.000
349800 1000.000
350000 1000.000
350200 1000.000
350400 1000.000
350600 1000.000
350800 1000.000
351000 1000.000
351200 1000.000
351400 1000.000
351600 1000.000
351800 1000.000
352000 1000.000
352200 1000.000
352400 1000.000
352600 1000.000
352800 1000.000
353000 1000.000
353200 1000.000
353400 1000.000
353600 1000.000
353800 1000.000
354000 1000.000
354200 1000.000
354400 1000.000
354600 1000.000
354800 1000.000
355000 1000.000
355200 1000.000
355400 1000.000
355600 1000.000
355800 1000.000
356000 1000.000
356200 1000.000
356400 1000.000
356600 1000.000
356800 1000.000
357000 1000.000
357200 1000.000
357400 1000.000
357600 1000.000
357800 1000.000
358000 1000.000
358200 1000.000
358400 1000.000
358600 1000.000
358800 1000.000
359000 1000.000
359200 1000.000
359400 1000.000
359600 1000.000
359800 1000.000
360000 1000.000
360200 1000.000
360400 1000.000
360600 1000.000
360800 1000.000
361000 1000.000
361200 1000.000
361400 1000.000
361600 1000.000
361800 1000.000
362000 1000.000
362200 1000.000
362400 1000.000
362600 1000.000
362800 1000.000
363000 1000.000
363200 1000.000
363400 1000.000
363600 1000.000
363800 1000.000
364000 1000.000
364200 1000.000
364400 1000.000
364600 1000.000
364800 1000.000
365000 1000.000
365200 1000.000
365400 1000.000
365600 1000.000
365800 1000.000
366000 1000.000
366200 1000.000
366400 1000.000
366600 1000.000
366800 1000.000
367000 1000.000
367200 1000.000
367400 1000.000
367600 1000.000
367800 1000.000
368000 1000.000
368200 1000.000
368400 1000.000
368600 1000.000
368800 1000.000
369000 1000.000
369200 1000.000
369400 1000.000
369600 1000.000
369800 1000.000
370000 1000.000
370200 1000.000
370400 1000.000
370600 1000.000
370800 1000.000
371000 1000.000
371200 1000.000
371400 1000.000
371600 1000.000
371800 1000.000
372000 1000.000
372200 1000.000
372400 1000.000
372600 1000.000
372800 1000.000
373000 1000.000
373200 1000.000
373400 1000.000
373600 1000.000
373800 1000.000
374000 1000.000
374200 1000.000
374400 1000.000
374600 1000.000
374800 1000.000
375000 1000.000
375200 1000.000
375400 1000.000
375600 1000.000
375800 1000.000
376000 1000.000
376200 1000.000
376400 1000.000
376600 1000.000
376800 1000.000
377000 1000.000
377200 1000.000
377400 1000.000
377600 1000.000
377800 1000.000
378000 1000.000
378200 1000.000
378400 1000.000
378600 1000.000
378800 1000.000
379000 1000.000
379200 1000.000
379400 1000.000
379600 1000.000
379800 1000.000
380000 1000.000
380200 1000.000
380400 1000.000
380600 1000.000
380800 1000.000
381000 1000.000
381200 1000.000
381400 1000.000
381600 1000.000
381800 1000.000
382000 1000.000
382200 1000.000
382400 1000.000
382600 1000.000
382800 1000.000
383000 1000.000
383200 1000.000
383400 1000.000
383600 1000.000
383800 1000.000
384000 1000.000
384200 1000.000
384400 1000.000
384600 1000.000
384800 1000.000
385000 1000.000
385200 1000.000
385400 1000.000
385600 1000.000
385800 1000.000
386000 1000.000
386200 1000.000
386400 1000.000
386600 1000.000
386800 1000.000
387000 1000.000
387200 1000.000
387400 1000.000
387600 1000.000
387800 1000.000
388000 1000.000
388200 1000.000
388400 1000.000
388600 1000.000
388800 1000.000
389000 1000.000
389200 1000.000
389400 1000.000
389600 1000.000
389800 1000.000
390000 1000.000
390200 1000.000
390400 1000.000
390600 1000.000
390800 1000.000
391000 1000.000
391200 1000.000
391400 1000.000
391600 1000.000
391800 1000.000
392000 1000.000
392200 1000.000
392400 1000.000
392600 1000.000
392800 1000.000
393000 1000.000
393200 1000.000
393400 1000.000
393600 1000.000
393800 1000.000
394000 1000.000
394200 1000.000
394400 1000.000
394600 1000.000
394800 1000.000
395000 1000.000
395200 1000.000
395400 1000.000
395600 1000.000
395800 1000.000
396000 1000.000
396200 1000.000
396400 1000.000
396600 1000.000
396800 1000.000
397000 1000.000
397200 1000.000
397400 1000.000
397600 1000.000
397800 1000.000
398000 1000.000
398200 1000.000
398400 1000.000
398600 1000.000
398800 1000.000
399000 1000.000
399200 1000.000
399400 1000.000
399600 1000.000
399800 1000.000
400000 1000.000
400200 1000.000
400400 1000.000
400600 1000.000
400800 1000.000
401000 1000.000
401200 1000.000
401400 1000.000
401600 1000.000
401800 1000.000
402000 1000.000
402200 1000.000
402400 1000.000
402600 1000.000
402800 1000.000
403000 1000.000
403200 1000.000
403400 1000.000
403600 1000.000
403800 1000.000
404000 1000.000
404200 1000.000
404400 1000.000
404600 1000.000
404800 1000.000
405000 1000.000
405200 1000.000
405400 1000.000
405600 1000.000
405800 1000.000
406000 1000.000
406200 1000.000
406400 1000.000
406600 1000.000
406800 1000.000
407000 1000.000
407200 1000.000
407400 1000.000
407600 1000.000
407800 1000.000
408000 1000.000
408200 1000.000
408400 1000.000
408600 1000.000
408800 1000.000
409000 1000.000
409200 1000.000
409400 1000.000
409600 1000.000
409800 1000.000
410000 1000.000
410200 1000.000
410400 1000.000
410600 1000.000
410800 1000.000
411000 1000.000
411200 1000.000
411400 1000.000
411600 1000.000
411800 1000.000
412000 1000.000
412200 1000.000
412400 1000.000
412600 1000.000
412800 1000.000
413000 1000.000
413200 1000.000
413400 1000.000
413600 1000.000
413800 1000.000
414000 1000.000
414200 1000.000
414400 1000.000
414600 1000.000
414800 1000.000
415000 1000.000
415200 1000.000
415400 1000.000
415600 1000.000
415800 1000.000
416000 1000.000
416200 1000.000
416400 1000.000
416600 1000.000
416800 1000.000
417000 1000.000
417200 1000.000
417400 1000.000
417600 1000.000
417800 1000.000
418000 1000.000
418200 1000.000
418400 1000.000
418600 1000.000
418800 1000.000
419000 1000.000
419200 1000.000
419400 1000.000
419600 1000.000
419800 1000.000
420000 1000.000
420200 1000.000
420400 1000.000
420600 1000.000
420800 1000.000
421000 1000.000
421200 1000.000
421400 1000.000
421600 1000.000
421800 1000.000
422000 1000.000
422200 1000.000
422400 1000.000
422600 1000.000
422800 1000.000
423000 1000.000
423200 1000.000
423400 1000.000
423600 1000.000
423800 1000.000
424000 1000.000
424200 1000.000
424400 1000.000
424600 1000.000
424800 1000.000
425000 1000.000
425200 1000.000
425400 1000.000
425600 1000.000
425800 1000.000
426000 1000.000
426200 1000.000
426400 1000.000
426600 1000.000
426800 1000.000
427000 1000.000
427200 1000.000
427400 1000.000
427600 1000.000
427800 1000.000
428000 1000.000
428200 1000.000
428400 1000.000
428600 1000.000
428800 1000.000
429000 1000.000
429200 1000.000
429400 1000.000
429600 1000.000
429800 1000.000
430000 1000.000
430200 1000.000
430400 1000.000
430600 1000.000
430800 1000.000
431000 1000.000
431200 1000.000
431400 1000.000
431600 1000.000
431800 1000.000
432000 1000.000
432200 1000.000
432400 1000.000
432600 1000.000
432800 1000.000
433000 1000.000
433200 1000.000
433400 1000.000
433600 1000.000
433800 1000.000
434000 1000.000
434200 1000.000
434400 1000.000
434600 1000.000
434800 1000.000
435000 1000.000
435200 1000.000
435400 1000.000
435600 1000.000
435800 1000.000
436000 1000.000
436200 1000.000
436400 1000.000
436600 1000.000
436800 1000.000
437000 1000.000
437200 1000.000
437400 1000.000
437600 1000.000
437800 1000.000
438000 1000.000
438200 1000.000
438400 1000.000
438600 1000.000
438800 1000.000
439000 1000.000
439200 1000.000
439400 1000.000
439600 1000.000
439800 1000.000
440000 1000.000
440200 1000.000
440400 1000.000
440600 1000.000
440800 1000.000
441000 1000.000
441200 1000.000
441400 1000.000
441600 1000.000
441800 1000.000
442000 1000.000
442200 1000.000
442400 1000.000
442600 1000.000
442800 1000.000
443000 1000.000
443200 1000.000
443400 1000.000
443600 1000.000
443800 1000.000
444000 1000.000
444200 1000.000
444400 1000.000
444600 1000.000
444800 1000.000
445000 1000.000
445200 1000.000
445400 1000.000
445600 1000.000
445800 1000.000
446000 1000.000
446200 1000.000
446400 1000.000
446600 1000.000
446800 1000.000
447000 1000.000
447200 1000.000
447400 1000.000
447600 1000.000
447800 1000.000
448000 1000.000
448200 1000.000
448400 1000.000
448600 1000.000
448800 1000.000
449000 1000.000
449200 1000.000
449400 1000.000
449600 1000.000
449800 1000.000
450000 1000.000
450200 1000.000
450400 1000.000
450600 1000.000
450800 1000.000
451000 1000.000
451200 1000.000
451400 1000.000
451600 1000.000
451800 1000.000
452000 1000.000
452200 1000.000
452400 1000.000
452600 1000.000
452800 1000.000
453000 1000.000
453200 1000.000
453400 1000.000
453600 1000.000
453800 1000.000
454000 1000.000
454200 1000.000
454400 1000.000
454600 1000.000
454800 1000.000
455000 1000.000
455200 1000.000
455400 1000.000
455600 1000.000
455800 1000.000
456000 1000.000
456200 1000.000
456400 1000.000
456600 1000.000
456800 1000.000
457000 1000.000
457200 1000.000
457400 1000.000
457600 1000.000
457800 1000.000
458000 1000.000
458200 1000.000
458400 1000.000
458600 1000.000
458800 1000.000
459000 1000.000
459200 1000.000
459400 1000.000
459600 1000.000
459800 1000.000
460000 1000.000
460200 1000.000
460400 1000.000
460600 1000.000
460800 1000.000
461000 1000.000
461200 1000.000
461400 1000.000
461600 1000.000
461800 1000.000
462000 1000.000
462200 1000.000
462400 1000.000
462600 1000.000
462800 1000.000
463000 1000.000
463200 1000.000
463400 1000.000
463600 1000.000
463800 1000.000
464000 1000.000
464200 1000.000
464400 1000.000
464600 1000.000
464800 1000.000
465000 1000.000
465200 1000.000
465400 1000.000
465600 1000.000
465800 1000.000
466000 1000.000
466200 1000.000
466400 1000.000
466600 1000.000
466800 1000.000
467000 1000.000
467200 1000.000
467400 1000.000
467600 1000.000
467800 1000.000
468000 1000.000
468200 1000.000
468400 1000.000
468600 1000.000
468800 1000.000
469000 1000.000
469200 1000.000
469400 1000.000
469600 1000.000
469800 1000.000
470000 1000.000
470200 1000.000
470400 1000.000
470600 1000.000
470800 1000.000
471000 1000.000
471200 1000.000
471400 1000.000
471600 1000.000
471800 1000.000
472000 1000.000
472200 1000.000
472400 1000.000
472600 1000.000
472800 1000.000
473000 1000.000
473200 1000.000
473400 1000.000
473600 1000.000
473800 1000.000
474000 1000.000
474200 1000.000
474400 1000.000
474600 1000.000
474800 1000.000
475000 1000.000
475200 1000.000
475400 1000.000
475600 1000.000
475800 1000.000
476000 1000.000
476200 1000.000
476400 1000.000
476600 1000.000
476800 1000.000
477000 1000.000
477200 1000.000
477400 1000.000
477600 1000.000
477800 1000.000
478000 1000.000
478200 1000.000
478400 1000.000
478600 1000.000
478800 1000.000
479000 1000.000
479200 1000.000
479400 1000.000
479600 1000.000
479800 1000.000
480000 1000.000
480200 1000.000
480400 1000.000
480600 1000.000
480800 1000.000
481000 1000.000
481200 1000.000
481400 1000.000
481600 1000.000
481800 1000.000
482000 1000.000
482200 1000.000
482400 1000.000
482600 1000.000
482800 1000.000
483000 1000.000
483200 1000.000
483400 1000.000
483600 1000.000
483800 1000.000
484000 1000.000
484200 1000.000
484400 1000.000
484600 1000.000
484800 1000.000
485000 1000.000
485200 1000.000
485400 1000.000
485600 1000.000
485800 1000.000
486000 1000.000
486200 1000.000
486400 1000.000
486600 1000.000
486800 1000.000
487000 1000.000
487200 1000.000
487400 1000.000
487600 1000.000
487800 1000.000
488000 1000.000
488200 1000.000
488400 1000.000
488600 1000.000
488800 1000.000
489000 1000.000
489200 1000.000
489400 1000.000
489600 1000.000
489800 1000.000
490000 1000.000
490200 1000.000
490400 1000.000
490600 1000.000
490800 1000.000
491000 1000.000
491200 1000.000
491400 1000.000
491600 1000.000
491800 1000.000
492000 1000.000
492200 1000.000
492400 1000.000
492600 1000.000
492800 1000.000
493000 1000.000
493200 1000.000
493400 1000.000
493600 1000.000
493800 1000.000
494000 1000.000
494200 1000.000
494400 1000.000
494600 1000.000
494800 1000.000
495000 1000.000
495200 1000.000
495400 1000.000
495600 1000.000
495800 1000.000
496000 1000.000
496200 1000.000
496400 1000.000
496600 1000.000
496800 1000.000
497000 1000.000
497200 1000.000
497400 1000.000
497600 1000.000
497800 1000.000
498000 1000.000
498200 1000.000
498400 1000.000
498600 1000.000
498800 1000.000
499000 1000.000
499200 1000.000
499400 1000.000
499600 1000.000
499800 1000.000
500000 1000.000
500200 1000.000
500400 1000.000
500600 1000.000
500800 1000.000
501000 1000.000
501200 1000.000
501400 1000.000
501600 1000.000
501800 1000.000
502000 1000.000
502200 1000.000
502400 1000.000
502600 1000.000
502800 1000.000
503000 1000.000
503200 1000.000
503400 1000.000
503600 1000.000
503800 1000.000
504000 1000.000
504200 1000.000
504400 1000.000
504600 1000.000
504800 1000.000
505000 1000.000
505200 1000.000
505400 1000.000
505600 1000.000
505800 1000.000
506000 1000.000
506200 1000.000
506400 1000.000
506600 1000.000
506800 1000.000
507000 1000.000
507200 1000.000
507400 1000.000
507600 1000.000
507800 1000.000
508000 1000.000
508200 1000.000
508400 1000.000
508600 1000.000
508800 1000.000
509000 1000.000
509200 1000.000
509400 1000.000
509600 1000.000
509800 1000.000
510000 1000.000
510200 1000.000
510400 1000.000
510600 1000.000
510800 1000.000
511000 1000.000
511200 1000.000
511400 1000.000
511600 1000.000
511800 1000.000
512000 1000.000
512200 1000.000
512400 1000.000
512600 1000.000
512800 1000.000
513000 1000.000
513200 1000.000
513400 1000.000
513600 1000.000
513800 1000.000
514000 1000.000
514200 1000.000
514400 1000.000
514600 1000.000
514800 1000.000
515000 1000.000
515200 1000.000
515400 1000.000
515600 1000.000
515800 1000.000
516000 1000.000
516200 1000.000
516400 1000.000
516600 1000.000
516800 1000.000
517000 1000.000
517200 1000.000
517400 1000.000
517600 1000.000
517800 1000.000
518000 1000.000
518200 1000.000
518400 1000.000
518600 1000.000
518800 1000.000
519000 1000.000
519200 1000.000
519400 1000.000
519600 1000.000
519800 1000.000
520000 1000.000
520200 1000.000
520400 1000.000
520600 1000.000
520800 1000.000
521000 1000.000
521200 1000.000
521400 1000.000
521600 1000.000
521800 1000.000
522000 1000.000
522200 1000.000
522400 1000.000
522600 1000.000
522800 1000.000
523000 1000.000
523200 1000.000
523400 1000.000
523600 1000.000
523800 1000.000
524000 1000.000
524200 1000.000
524400 1000.000
524600 1000.000
524800 1000.000
525000 1000.000
525200 1000.000
525400 1000.000
525600 1000.000
525800 1000.000
526000 1000.000
526200 1000.000
526400 1000.000
526600 1000.000
526800 1000.000
527000 1000.000
527200 1000.000
527400 1000.000
527600 1000.000
527800 1000.000
528000 1000.000
528200 1000.000
528400 1000.000
528600 1000.000
528800 1000.000
529000 1000.000
529200 1000.000
529400 1000.000
529600 1000.000
529800 1000.000
530000 1000.000
530200 1000.000
530400 1000.000
530600 1000.000
530800 1000.000
531000 1000.000
531200 1000.000
531400 1000.000
531600 1000.000
531800 1000.000
532000 1000.000
532200 1000.000
532400 1000.000
532600 1000.000
532800 1000.000
533000 1000.000
533200 1000.000
533400 1000.000
533600 1000.000
533800 1000.000
534000 1000.000
534200 1000.000
534400 1000.000
534600 1000.000
534800 1000.000
535000 1000.000
535200 1000.000
535400 1000.000
535600 1000.000
535800 1000.000
536000 1000.000
536200 1000.000
536400 1000.000
536600 1000.000
536800 1000.000
537000 1000.000
537200 1000.000
537400 1000.000
537600 1000.000
537800 1000.000
538000 1000.000
538200 1000.000
538400 1000.000
538600 1000.000
538800 1000.000
539000 1000.000
539200 1000.000
539400 1000.000
539600 1000.000
539800 1000.000
540000 1000.000
540200 1000.000
540400 1000.000
540600 1000.000
540800 1000.000
541000 1000.000
541200 1000.000
541400 1000.000
541600 1000.000
541800 1000.000
542000 1000.000
542200 1000.000
542400 1000.000
542600 1000.000
542800 1000.000
543000 1000.000
543200 1000.000
543400 1000.000
543600 1000.000
543800 1000.000
544000 1000.000
544200 1000.000
544400 1000.000
544600 1000.000
544800 1000.000
545000 1000.000
545200 1000.000
545400 1000.000
545600 1000.000
545800 1000.000
546000 1000.000
546200 1000.000
546400 1000.000
546600 1000.000
546800 1000.000
547000 1000.000
547200 1000.000
547400 1000.000
547600 1000.000
547800 1000.000
548000 1000.000
548200 1000.000
548400 1000.000
548600 1000.000
548800 1000.000
549000 1000.000
549200 1000.000
549400 1000.000
549600 1000.000
549800 1000.000
550000 1000.000
550200 1000.000
550400 1000.000
550600 1000.000
550800 1000.000
551000 1000.000
551200 1000.000
551400 1000.000
551600 1000.000
551800 1000.000
552000 1000.000
552200 1000.000
552400 1000.000
552600 1000.000
552800 1000.000
553000 1000.000
553200 1000.000
553400 1000.000
553600 1000.000
553800 1000.000
554000 1000.000
554200 1000.000
554400 1000.000
554600 1000.000
554800 1000.000
555000 1000.000
555200 1000.000
555400 1000.000
555600 1000.000
555800 1000.000
556000 1000.000
556200 1000.000
556400 1000.000
556600 1000.000
556800 1000.000
557000 1000.000
557200 1000.000
557400 1000.000
557600 1000.000
557800 1000.000
558000 1000.000
558200 1000.000
558400 1000.000
558600 1000.000
558800 1000.000
559000 1000.000
559200 1000.000
559400 1000.000
559600 1000.000
559800 1000.000
560000 1000.000
560200 1000.000
560400 1000.000
560600 1000.000
560800 1000.000
561000 1000.000
561200 1000.000
561400 1000.000
561600 1000.000
561800 1000.000
562000 1000.000
562200 1000.000
562400 1000.000
562600 1000.000
562800 1000.000
563000 1000.000
563200 1000.000
563400 1000.000
563600 1000.000
563800 1000.000
564000 1000.000
564200 1000.000
564400 1000.000
564600 1000.000
564800 1000.000
565000 1000.000
565200 1000.000
565400 1000.000
565600 1000.000
565800 1000.000
566000 1000.000
566200 1000.000
566400 1000.000
566600 1000.000
566800 1000.000
567000 1000.000
567200 1000.000
567400 1000.000
567600 1000.000
567800 1000.000
568000 1000.000
568200 1000.000
568400 1000.000
568600 1000.000
568800 1000.000
569000 1000.000
569200 1000.000
569400 1000.000
569600 1000.000
569800 1000.000
570000 1000.000
570200 1000.000
570400 1000.000
570600 1000.000
570800 1000.000
571000 1000.000
571200 1000.000
571400 1000.000
571600 1000.000
571800 1000.000
572000 1000.000
572200 1000.000
572400 1000.000
572600 1000.000
572800 1000.000
573000 1000.000
573200 1000.000
573400 1000.000
573600 1000.000
573800 1000.000
574000 1000.000
574200 1000.000
574400 1000.000
574600 1000.000
574800 1000.000
575000 1000.000
575200 1000.000
575400 1000.000
575600 1000.000
575800 1000.000
576000 1000.000
576200 1000.000
576400 1000.000
576600 1000.000
576800 1000.000
577000 1000.000
577200 1000.000
577400 1000.000
577600 1000.000
577800 1000.000
578000 1000.000
578200 1000.000
578400 1000.000
578600 1000.000
578800 1000.000
579000 1000.000
579200 1000.000
579400 1000.000
579600 1000.000
579800 1000.000
580000 1000.000
580200 1000.000
580400 1000.000
580600 1000.000
580800 1000.000
581000 1000.000
581200 1000.000
581400 1000.000
581600 1000.000
581800 1000.000
582000 1000.000
582200 1000.000
582400 1000.000
582600 1000.000
582800 1000.000
583000 1000.000
583200 1000.000
583400 1000.000
583600 1000.000
583800 1000.000
584000 1000.000
584200 1000.000
584400 1000.000
584600 1000.000
584800 1000.000
585000 1000.000
585200 1000.000
585400 1000.000
585600 1000.000
585800 1000.000
586000 1000.000
586200 1000.000
586400 1000.000
586600 1000.000
586800 1000.000
587000 1000.000
587200 1000.000
587400 1000.000
587600 1000.000
587800 1000.000
588000 1000.000
588200 1000.000
588400 1000.000
588600 1000.000
588800 1000.000
589000 1000.000
589200 1000.000
589400 1000.000
589600 1000.000
589800 1000.000
590000 1000.000
590200 1000.000
590400 1000.000
590600 1000.000
590800 1000.000
591000 1000.000
591200 1000.000
591400 1000.000
591600 1000.000
591800 1000.000
592000 1000.000
592200 1000.000
592400 1000.000
592600 1000.000
592800 1000.000
593000 1000.000
593200 1000.000
593400 1000.000
593600 1000.000
593800 1000.000
594000 1000.000
594200 1000.000
594400 1000.000
594600 1000.000
594800 1000.000
595000 1000.000
595200 1000.000
595400 1000.000
595600 1000.000
595800 1000.000
596000 1000.000
596200 1000.000
596400 1000.000
596600 1000.000
596800 1000.000
597000 1000.000
597200 1000.000
597400 1000.000
597600 1000.000
597800 1000.000
598000 1000.000
598200 1000.000
598400 1000.000
598600 1000.000
598800 1000.000
599000 1000.000
599200 1000.000
599400 1000.000
599600 1000.000
599800 1000.000
600000 1000.000
600200 1000.000
600400 1000.000
600600 1000.000
600800 1000.000
601000 1000.000
601200 1000.000
601400 1000.000
601600 1000.000
601800 1000.000
602000 1000.000
602200 1000.000
602400 1000.000
602600 1000.000
602800 1000.000
603000 1000.000
603200 1000.000
603400 1000.000
603600 1000.000
603800 1000.000
604000 1000.000
604200 1000.000
604400 1000.000
604600 1000.000
604800 1000.000
605000 1000.000
605200 1000.000
605400 1000.000
605600 1000.000
605800 1000.000
606000 1000.000
606200 1000.000
606400 1000.000
606600 1000.000
606800 1000.000
607000 1000.000
607200 1000.000
607400 1000.000
607600 1000.000
607800 1000.000
608000 1000.000
608200 1000.000
608400 1000.000
608600 1000.000
608800 1000.000
609000 1000.000
609200 1000.000
609400 1000.000
609600 1000.000
609800 1000.000
610000 1000.000
610200 1000.000
610400 1000.000
610600 1000.000
610800 1000.000
611000 1000.000
611200 1000.000
611400 1000.000
611600 1000.000
611800 1000.000
612000 1000.000
612200 1000.000
612400 1000.000
612600 1000.000
612800 1000.000
613000 1000.000
613200 1000.000
613400 1000.000
613600 1000.000
613800 1000.000
614000 1000.000
614200 1000.000
614400 1000.000
614600 1000.000
614800 1000.000
615000 1000.000
615200 1000.000
615400 1000.000
615600 1000.000
615800 1000.000
616000 1000.000
616200 1000.000
616400 1000.000
616600 1000.000
616800 1000.000
617000 1000.000
617200 1000.000
617400 1000.000
617600 1000.000
617800 1000.000
618000 1000.000
618200 1000.000
618400 1000.000
618600 1000.000
618800 1000.000
619000 1000.000
619200 1000.000
619400 1000.000
619600 1000.000
619800 1000.000
620000 1000.000
620200 1000.000
620400 1000.000
620600 1000.000
620800 1000.000
621000 1000.000
621200 1000.000
621400 1000.000
621600 1000.000
621800 1000.000
622000 1000.000
622200 1000.000
622400 1000.000
622600 1000.000
622800 1000.000
623000 1000.000
623200 1000.000
623400 1000.000
623600 1000.000
623800 1000.000
624000 1000.000
624200 1000.000
624400 1000.000
624600 1000.000
624800 1000.000
625000 1000.000
625200 1000.000
625400 1000.000
625600 1000.000
625800 1000.000
626000 1000.000
626200 1000.000
626400 1000.000
626600 1000.000
626800 1000.000
627000 1000.000
627200 1000.000
627400 1000.000
627600 1000.000
627800 1000.000
628000 1000.000
628200 1000.000
628400 1000.000
628600 1000.000
628800 1000.000
629000 1000.000
629200 1000.000
629400 1000.000
629600 1000.000
629800 1000.000
630000 1000.000
630200 1000.000
630400 1000.000
630600 1000.000
630800 1000.000
631000 1000.000
631200 1000.000
631400 1000.000
631600 1000.000
631800 1000.000
632000 1000.000
632200 1000.000
632400 1000.000
632600 1000.000
632800 1000.000
633000 1000.000
633200 1000.000
633400 1000.000
633600 1000.000
633800 1000.000
634000 1000.000
634200 1000.000
634400 1000.000
634600 1000.000
634800 1000.000
635000 1000.000
635200 1000.000
635400 1000.000
635600 1000.000
635800 1000.000
636000 1000.000
636200 1000.000
636400 1000.000
636600 1000.000
636800 1000.000
637000 1000.000
637200 1000.000
637400 1000.000
637600 1000.000
637800 1000.000
638000 1000.000
638200 1000.000
638400 1000.000
638600 1000.000
638800 1000.000
639000 1000.000
639200 1000.000
639400 1000.000
639600 1000.000
639800 1000.000
640000 1000.000
640200 1000.000
640400 1000.000
640600 1000.000
640800 1000.000
641000 1000.000
641200 1000.000
641400 1000.000
641600 1000.000
641800 1000.000
642000 1000.000
642200 1000.000
642400 1000.000
642600 1000.000
642800 1000.000
643000 1000.000
643200 1000.000
643400 1000.000
643600 1000.000
643800 1000.000
644000 1000.000
644200 1000.000
644400 1000.000
644600 1000.000
644800 1000.000
645000 1000.000
645200 1000.000
645400 1000.000
645600 1000.000
645800 1000.000
646000 1000.000
646200 1000.000
646400 1000.000
646600 1000.000
646800 1000.000
647000 1000.000
647200 1000.000
647400 1000.000
647600 1000.000
647800 1000.000
648000 1000.000
648200 1000.000
648400 1000.000
648600 1000.000
648800 1000.000
649000 1000.000
649200 1000.000
649400 1000.000
649600 1000.000
649800 1000.000
650000 1000.000
650200 1000.000
650400 1000.000
650600 1000.000
650800 1000.000
651000 1000.000
651200 1000.000
651400 1000.000
651600 1000.000
651800 1000.000
652000 1000.000
652200 1000.000
652400 1000.000
652600 1000.000
652800 1000.000
653000 1000.000
653200 1000.000
653400 1000.000
653600 1000.000
653800 1000.000
654000 1000.000
654200 1000.000
654400 1000.000
654600 1000.000
654800 1000.000
655000 1000.000
655200 1000.000
655400 1000.000
655600 1000.000
655800 1000.000
656000 1000.000
656200 1000.000
656400 1000.000
656600 1000.000
656800 1000.000
657000 1000.000
657200 1000.000
657400 1000.000
657600 1000.000
657800 1000.000
658000 1000.000
658200 1000.000
658400 1000.000
658600 1000.000
658800 1000.000
659000 1000.000
659200 1000.000
659400 1000.000
659600 1000.000
659800 1000.000
660000 1000.000
660200 1000.000
660400 1000.000
660600 1000.000
660800 1000.000
661000 1000.000
661200 1000.000
661400 1000.000
661600 1000.000
661800 1000.000
662000 1000.000
662200 1000.000
662400 1000.000
662600 1000.000
662800 1000.000
663000 1000.000
663200 1000.000
663400 1000.000
663600 1000.000
663800 1000.000
664000 1000.000
664200 1000.000
664400 1000.000
664600 1000.000
664800 1000.000
665000 1000.000
665200 1000.000
665400 1000.000
665600 1000.000
665800 1000.000
666000 1000.000
666200 1000.000
666400 1000.000
666600 1000.000
666800 1000.000
667000 1000.000
667200 1000.000
667400 1000.000
667600 1000.000
667800 1000.000
668000 1000.000
668200 1000.000
668400 1000.000
668600 1000.000
668800 1000.000
669000 1000.000
669200 1000.000
669400 1000.000
669600 1000.000
669800 1000.000
670000 1000.000
670200 1000.000
670400 1000.000
670600 1000.000
670800 1000.000
671000 1000.000
671200 1000.000
671400 1000.000
671600 1000.000
671800 1000.000
672000 1000.000
672200 1000.000
672400 1000.000
672600 1000.000
672800 1000.000
673000 1000.000
673200 1000.000
673400 1000.000
673600 1000.000
673800 1000.000
674000 1000.000
674200 1000.000
674400 1000.000
674600 1000.000
674800 1000.000
675000 1000.000
675200 1000.000
675400 1000.000
675600 1000.000
675800 1000.000
676000 1000.000
676200 1000.000
676400 1000.000
676600 1000.000
676800 1000.000
677000 1000.000
677200 1000.000
677400 1000.000
677600 1000.000
677800 1000.000
678000 1000.000
678200 1000.000
678400 1000.000
678600 1000.000
678800 1000.000
679000 1000.000
679200 1000.000
679400 1000.000
679600 1000.000
679800 1000.000
680000 1000.000
680200 1000.000
680400 1000.000
680600 1000.000
680800 1000.000
681000 1000.000
681200 1000.000
681400 1000.000
681600 1000.000
681800 1000.000
682000 1000.000
682200 1000.000
682400 1000.000
682600 1000.000
682800 1000.000
683000 1000.000
683200 1000.000
683400 1000.000
683600 1000.000
683800 1000.000
684000 1000.000
684200 1000.000
684400 1000.000
684600 1000.000
684800 1000.000
685000 1000.000
685200 1000.000
685400 1000.000
685600 1000.000
685800 1000.000
686000 1000.000
686200 1000.000
686400 1000.000
686600 1000.000
686800 1000.000
687000 1000.000
687200 1000.000
687400 1000.000
687600 1000.000
687800 1000.000
688000 1000.000
688200 1000.000
688400 1000.000
688600 1000.000
688800 1000.000
689000 1000.000
689200 1000.000
689400 1000.000
689600 1000.000
689800 1000.000
690000 1000.000
690200 1000.000
690400 1000.000
690600 1000.000
690800 1000.000
691000 1000.000
691200 1000.000
691400 1000.000
691600 1000.000
691800 1000.000
692000 1000.000
692200 1000.000
692400 1000.000
692600 1000.000
692800 1000.000
693000 1000.000
693200 1000.000
693400 1000.000
693600 1000.000
693800 1000.000
694000 1000.000
694200 1000.000
694400 1000.000
694600 1000.000
694800 1000.000
695000 1000.000
695200 1000.000
695400 1000.000
695600 1000.000
695800 1000.000
696000 1000.000
696200 1000.000
696400 1000.000
696600 1000.000
696800 1000.000
697000 1000.000
697200 1000.000
697400 1000.000
697600 1000.000
697800 1000.000
698000 1000.000
698200 1000.000
698400 1000.000
698600 1000.000
698800 1000.000
699000 1000.000
699200 1000.000
699400 1000.000
699600 1000.000
699800 1000.000
700000 1000.000
700200 1000.000
700400 1000.000
700600 1000.000
700800 1000.000
701000 1000.000
701200 1000.000
701400 1000.000
701600 1000.000
701800 1000.000
702000 1000.000
702200 1000.000
702400 1000.000
702600 1000.000
702800 1000.000
703000 1000.000
703200 1000.000
703400 1000.000
703600 1000.000
703800 1000.000
704000 1000.000
704200 1000.000
704400 1000.000
704600 1000.000
704800 1000.000
705000 1000.000
705200 1000.000
705400 1000.000
705600 1000.000
705800 1000.000
706000 1000.000
706200 1000.000
706400 1000.000
706600 1000.000
706800 1000.000
707000 1000.000
707200 1000.000
707400 1000.000
707600 1000.000
707800 1000.000
708000 1000.000
708200 1000.000
708400 1000.000
708600 1000.000
708800 1000.000
709000 1000.000
709200 1000.000
709400 1000.000
709600 1000.000
709800 1000.000
710000 1000.000
710200 1000.000
710400 1000.000
710600 1000.000
710800 1000.000
711000 1000.000
711200 1000.000
711400 1000.000
711600 1000.000
711800 1000.000
712000 1000.000
712200 1000.000
712400 1000.000
712600 1000.000
712800 1000.000
713000 1000.000
713200 1000.000
713400 1000.000
713600 1000.000
713800 1000.000
714000 1000.000
714200 1000.000
714400 1000.000
714600 1000.000
714800 1000.000
715000 1000.000
715200 1000.000
715400 1000.000
715600 1000.000
715800 1000.000
716000 1000.000
716200 1000.000
716400 1000.000
716600 1000.000
716800 1000.000
717000 1000.000
717200 1000.000
717400 1000.000
717600 1000.000
717800 1000.000
718000 1000.000
718200 1000.000
718400 1000.000
718600 1000.000
718800 1000.000
719000 1000.000
719200 1000.000
719400 1000.000
719600 1000.000
719800 1000.000
720000 1000.000
720200 1000.000
720400 1000.000
720600 1000.000
720800 1000.000
721000 1000.000
721200 1000.000
721400 1000.000
721600 1000.000
721800 1000.000
722000 1000.000
722200 1000.000
722400 1000.000
722600 1000.000
722800 1000.000
723000 1000.000
723200 1000.000
723400 1000.000
723600 1000.000
723800 1000.000
724000 1000.000
724200 1000.000
724400 1000.000
724600 1000.000
724800 1000.000
725000 1000.000
725200 1000.000
725400 1000.000
725600 1000.000
725800 1000.000
726000 1000.000
726200 1000.000
726400 1000.000
726600 1000.000
726800 1000.000
727000 1000.000
727200 1000.000
727400 1000.000
727600 1000.000
727800 1000.000
728000 1000.000
728200 1000.000
728400 1000.000
728600 1000.000
728800 1000.000
729000 1000.000
729200 1000.000
729400 1000.000
729600 1000.000
729800 1000.000
730000 1000.000
730200 1000.000
730400 1000.000
730600 1000.000
730800 1000.000
731000 1000.000
731200 1000.000
731400 1000.000
731600 1000.000
731800 1000.000
732000 1000.000
732200 1000.000
732400 1000.000
732600 1000.000
732800 1000.000
733000 1000.000
733200 1000.000
733400 1000.000
733600 1000.000
733800 1000.000
734000 1000.000
734200 1000.000
734400 1000.000
734600 1000.000
734800 1000.000
735000 1000.000
735200 1000.000
735400 1000.000
735600 1000.000
735800 1000.000
736000 1000.000
736200 1000.000
736400 1000.000
736600 1000.000
736800 1000.000
737000 1000.000
737200 1000.000
737400 1000.000
737600 1000.000
737800 1000.000
738000 1000.000
738200 1000.000
738400 1000.000
738600 1000.000
738800 1000.000
739000 1000.000
739200 1000.000
739400 1000.000
739600 1000.000
739800 1000.000
740000 1000.000
740200 1000.000
740400 1000.000
740600 1000.000
740800 1000.000
741000 1000.000
741200 1000.000
741400 1000.000
741600 1000.000
741800 1000.000
742000 1000.000
742200 1000.000
742400 1000.000
742600 1000.000
742800 1000.000
743000 1000.000
743200 1000.000
743400 1000.000
743600 1000.000
743800 1000.000
744000 1000.000
744200 1000.000
744400 1000.000
744600 1000.000
744800 1000.000
745000 1000.000
745200 1000.000
745400 1000.000
745600 1000.000
745800 1000.000
746000 1000.000
746200 1000.000
746400 1000.000
746600 1000.000
746800 1000.000
747000 1000.000
747200 1000.000
747400 1000.000
747600 1000.000
747800 1000.000
748000 1000.000
748200 1000.000
748400 1000.000
748600 1000.000
748800 1000.000
749000 1000.000
749200 1000.000
749400 1000.000
749600 1000.000
749800 1000.000
750000 1000.000
750200 1000.000
750400 1000.000
750600 1000.000
750800 1000.000
751000 1000.000
751200 1000.000
751400 1000.000
751600 1000.000
751800 1000.000
752000 1000.000
752200 1000.000
752400 1000.000
752600 1000.000
752800 1000.000
753000 1000.000
753200 1000.000
753400 1000.000
753600 1000.000
753800 1000.000
754000 1000.000
754200 1000.000
754400 1000.000
754600 1000.000
754800 1000.000
755000 1000.000
755200 1000.000
755400 1000.000
755600 1000.000
755800 1000.000
756000 1000.000
756200 1000.000
756400 1000.000
756600 1000.000
756800 1000.000
757000 1000.000
757200 1000.000
757400 1000.000
757600 1000.000
757800 1000.000
758000 1000.000
758200 1000.000
758400 1000.000
758600 1000.000
758800 1000.000
759000 1000.000
759200 1000.000
759400 1000.000
759600 1000.000
759800 1000.000
760000 1000.000
760200 1000.000
760400 1000.000
760600 1000.000
760800 1000.000
761000 1000.000
761200 1000.000
761400 1000.000
761600 1000.000
761800 1000.000
762000 1000.000
762200 1000.000
762400 1000.000
762600 1000.000
762800 1000.000
763000 1000.000
763200 1000.000
763400 1000.000
763600 1000.000
763800 1000.000
764000 1000.000
764200 1000.000
764400 1000.000
764600 1000.000
764800 1000.000
765000 1000.000
765200 1000.000
765400 1000.000
765600 1000.000
765800 1000.000
766000 1000.000
766200 1000.000
766400 1000.000
766600 1000.000
766800 1000.000
767000 1000.000
767200 1000.000
767400 1000.000
767600 1000.000
767800 1000.000
768000 1000.000
768200 1000.000
768400 1000.000
768600 1000.000
768800 1000.000
769000 1000.000
769200 1000.000
769400 1000.000
769600 1000.000
769800 1000.000
770000 1000.000
770200 1000.000
770400 1000.000
770600 1000.000
770800 1000.000
771000 1000.000
771200 1000.000
771400 1000.000
771600 1000.000
771800 1000.000
772000 1000.000
772200 1000.000
772400 1000.000
772600 1000.000
772800 1000.000
773000 1000.000
773200 1000.000
773400 1000.000
773600 1000.000
773800 1000.000
774000 1000.000
774200 1000.000
774400 1000.000
774600 1000.000
774800 1000.000
775000 1000.000
775200 1000.000
775400 1000.000
775600 1000.000
775800 1000.000
776000 1000.000
776200 1000.000
776400 1000.000
776600 1000.000
776800 1000.000
777000 1000.000
777200 1000.000
777400 1000.000
777600 1000.000
777800 1000.000
778000 1000.000
778200 1000.000
778400 1000.000
778600 1000.000
778800 1000.000
779000 1000.000
779200 1000.000
779400 1000.000
779600 1000.000
779800 1000.000
780000 1000.000
780200 1000.000
780400 1000.000
780600 1000.000
780800 1000.000
781000 1000.000
781200 1000.000
781400 1000.000
781600 1000.000
781800 1000.000
782000 1000.000
782200 1000.000
782400 1000.000
782600 1000.000
782800 1000.000
783000 1000.000
783200 1000.000
783400 1000.000
783600 1000.000
783800 1000.000
784000 1000.000
784200 1000.000
784400 1000.000
784600 1000.000
784800 1000.000
785000 1000.000
785200 1000.000
785400 1000.000
785600 1000.000
785800 1000.000
786000 1000.000
786200 1000.000
786400 1000.000
786600 1000.000
786800 1000.000
787000 1000.000
787200 1000.000
787400 1000.000
787600 1000.000
787800 1000.000
788000 1000.000
788200 1000.000
788400 1000.000
788600 1000.000
788800 1000.000
789000 1000.000
789200 1000.000
789400 1000.000
789600 1000.000
789800 1000.000
790000 1000.000
790200 1000.000
790400 1000.000
790600 1000.000
790800 1000.000
791000 1000.000
791200 1000.000
791400 1000.000
791600 1000.000
791800 1000.000
792000 1000.000
792200 1000.000
792400 1000.000
792600 1000.000
792800 1000.000
793000 1000.000
793200 1000.000
793400 1000.000
793600 1000.000
793800 1000.000
794000 1000.000
794200 1000.000
794400 1000.000
794600 1000.000
794800 1000.000
795000 1000.000
795200 1000.000
795400 1000.000
795600 1000.000
795800 1000.000
796000 1000.000
796200 1000.000
796400 1000.000
796600 1000.000
796800 1000.000
797000 1000.000
797200 1000.000
797400 1000.000
797600 1000.000
797800 1000.000
798000 1000.000
798200 1000.000
798400 1000.000
798600 1000.000
798800 1000.000
799000 1000.000
799200 1000.000
799400 1000.000
799600 1000.000
799800 1000.000
800000 1000.000
800200 1000.000
800400 1000.000
800600 1000.000
800800 1000.000
801000 1000.000
801200 1000.000
801400 1000.000
801600 1000.000
801800 1000.000
802000 1000.000
802200 1000.000
802400 1000.000
802600 1000.000
802800 1000.000
803000 1000.000
803200 1000.000
803400 1000.000
803600 1000.000
803800 1000.000
804000 1000.000
804200 1000.000
804400 1000.000
804600 1000.000
804800 1000.000
805000 1000.000
805200 1000.000
805400 1000.000
805600 1000.000
805800 1000.000
806000 1000.000
806200 1000.000
806400 1000.000
806600 1000.000
806800 1000.000
807000 1000.000
807200 1000.000
807400 1000.000
807600 1000.000
807800 1000.000
808000 1000.000
808200 1000.000
808400 1000.000
808600 1000.000
808800 1000.000
809000 1000.000
809200 1000.000
809400 1000.000
809600 1000.000
809800 1000.000
810000 1000.000
810200 1000.000
810400 1000.000
810600 1000.000
810800 1000.000
811000 1000.000
811200 1000.000
811400 1000.000
811600 1000.000
811800 1000.000
812000 1000.000
812200 1000.000
812400 1000.000
812600 1000.000
812800 1000.000
813000 1000.000
813200 1000.000
813400 1000.000
813600 1000.000
813800 1000.000
814000 1000.000
814200 1000.000
814400 1000.000
814600 1000.000
814800 1000.000
815000 1000.000
815200 1000.000
815400 1000.000
815600 1000.000
815800 1000.000
816000 1000.000
816200 1000.000
816400 1000.000
816600 1000.000
816800 1000.000
817000 1000.000
817200 1000.000
817400 1000.000
817600 1000.000
817800 1000.000
818000 1000.000
818200 1000.000
818400 1000.000
818600 1000.000
818800 1000.000
819000 1000.000
819200 1000.000
819400 1000.000
819600 1000.000
819800 1000.000
820000 1000.000
820200 1000.000
820400 1000.000
820600 1000.000
820800 1000.000
821000 1000.000
821200 1000.000
821400 1000.000
821600 1000.000
821800 1000.000
822000 1000.000
822200 1000.000
822400 1000.000
822600 1000.000
822800 1000.000
823000 1000.000
823200 1000.000
823400 1000.000
823600 1000.000
823800 1000.000
824000 1000.000
824200 1000.000
824400 1000.000
824600 1000.000
824800 1000.000
825000 1000.000
825200 1000.000
825400 1000.000
825600 1000.000
825800 1000.000
826000 1000.000
826200 1000.000
826400 1000.000
826600 1000.000
826800 1000.000
827000 1000.000
827200 1000.000
827400 1000.000
827600 1000.000
827800 1000.000
828000 1000.000
828200 1000.000
828400 1000.000
828600 1000.000
828800 1000.000
829000 1000.000
829200 1000.000
829400 1000.000
829600 1000.000
829800 1000.000
830000 1000.000
830200 1000.000
830400 1000.000
830600 1000.000
830800 1000.000
831000 1000.000
831200 1000.000
831400 1000.000
831600 1000.000
831800 1000.000
832000 1000.000
832200 1000.000
832400 1000.000
832600 1000.000
832800 1000.000
833000 1000.000
833200 1000.000
833400 1000.000
833600 1000.000
833800 1000.000
834000 1000.000
834200 1000.000
834400 1000.000
834600 1000.000
834800 1000.000
835000 1000.000
835200 1000.000
835400 1000.000
835600 1000.000
835800 1000.000
836000 1000.000
836200 1000.000
836400 1000.000
836600 1000.000
836800 1000.000
837000 1000.000
837200 1000.000
837400 1000.000
837600 1000.000
837800 1000.000
838000 1000.000
838200 1000.000
838400 1000.000
838600 1000.000
838800 1000.000
839000 1000.000
839200 1000.000
839400 1000.000
839600 1000.000
839800 1000.000
840000 1000.000
840200 1000.000
840400 1000.000
840600 1000.000
840800 1000.000
841000 1000.000
841200 1000.000
841400 1000.000
841600 1000.000
841800 1000.000
842000 1000.000
842200 1000.000
842400 1000.000
842600 1000.000
842800 1000.000
843000 1000.000
843200 1000.000
843400 1000.000
843600 1000.000
843800 1000.000
844000 1000.000
844200 1000.000
844400 1000.000
844600 1000.000
844800 1000.000
845000 1000.000
845200 1000.000
845400 1000.000
845600 1000.000
845800 1000.000
846000 1000.000
846200 1000.000
846400 1000.000
846600 1000.000
846800 1000.000
847000 1000.000
847200 1000.000
847400 1000.000
847600 1000.000
847800 1000.000
848000 1000.000
848200 1000.000
848400 1000.000
848600 1000.000
848800 1000.000
849000 1000.000
849200 1000.000
849400 1000.000
849600 1000.000
849800 1000.000
850000 1000.000
850200 1000.000
850400 1000.000
850600 1000.000
850800 1000.000
851000 1000.000
851200 1000.000
851400 1000.000
851600 1000.000
851800 1000.000
852000 1000.000
852200 1000.000
852400 1000.000
852600 1000.000
852800 1000.000
853000 1000.000
853200 1000.000
853400 1000.000
853600 1000.000
853800 1000.000
854000 1000.000
854200 1000.000
854400 1000.000
854600 1000.000
854800 1000.000
855000 1000.000
855200 1000.000
855400 1000.000
855600 1000.000
855800 1000.000
856000 1000.000
856200 1000.000
856400 1000.000
856600 1000.000
856800 1000.000
857000 1000.000
857200 1000.000
857400 1000.000
857600 1000.000
857800 1000.000
858000 1000.000
858200 1000.000
858400 1000.000
858600 1000.000
858800 1000.000
859000 1000.000
859200 1000.000
859400 1000.000
859600 1000.000
859800 1000.000
860000 1000.000
860200 1000.000
860400 1000.000
860600 1000.000
860800 1000.000
861000 1000.000
861200 1000.000
861400 1000.000
861600 1000.000
861800 1000.000
862000 1000.000
862200 1000.000
862400 1000.000
862600 1000.000
862800 1000.000
863000 1000.000
863200 1000.000
863400 1000.000
863600 1000.000
863800 1000.000
864000 1000.000
864200 1000.000
864400 1000.000
864600 1000.000
864800 1000.000
865000 1000.000
865200 1000.000
865400 1000.000
865600 1000.000
865800 1000.000
866000 1000.000
866200 1000.000
866400 1000.000
866600 1000.000
866800 1000.000
867000 1000.000
867200 1000.000
867400 1000.000
867600 1000.000
867800 1000.000
868000 1000.000
868200 1000.000
868400 1000.000
868600 1000.000
868800 1000.000
869000 1000.000
869200 1000.000
869400 1000.000
869600 1000.000
869800 1000.000
870000 1000.000
870200 1000.000
870400 1000.000
870600 1000.000
870800 1000.000
871000 1000.000
871200 1000.000
871400 1000.000
871600 1000.000
871800 1000.000
872000 1000.000
872200 1000.000
872400 1000.000
872600 1000.000
872800 1000.000
873000 1000.000
873200 1000.000
873400 1000.000
873600 1000.000
873800 1000.000
874000 1000.000
874200 1000.000
874400 1000.000
874600 1000.000
874800 1000.000
875000 1000.000
875200 1000.000
875400 1000.000
875600 1000.000
875800 1000.000
876000 1000.000
876200 1000.000
876400 1000.000
876600 1000.000
876800 1000.000
877000 1000.000
877200 1000.000
877400 1000.000
877600 1000.000
877800 1000.000
878000 1000.000
878200 1000.000
878400 1000.000
878600 1000.000
878800 1000.000
879000 1000.000
879200 1000.000
879400 1000.000
879600 1000.000
879800 1000.000
880000 1000.000
880200 1000.000
880400 1000.000
880600 1000.000
880800 1000.000
881000 1000.000
881200 1000.000
881400 1000.000
881600 1000.000
881800 1000.000
882000 1000.000
882200 1000.000
882400 1000.000
882600 1000.000
882800 1000.000
883000 1000.000
883200 1000.000
883400 1000.000
883600 1000.000
883800 1000.000
884000 1000.000
884200 1000.000
884400 1000.000
884600 1000.000
884800 1000.000
885000 1000.000
885200 1000.000
885400 1000.000
885600 1000.000
885800 1000.000
886000 1000.000
886200 1000.000
886400 1000.000
886600 1000.000
886800 1000.000
887000 1000.000
887200 1000.000
887400 1000.000
887600 1000.000
887800 1000.000
888000 1000.000
888200 1000.000
888400 1000.000
888600 1000.000
888800 1000.000
889000 1000.000
889200 1000.000
889400 1000.000
889600 1000.000
889800 1000.000
890000 1000.000
890200 1000.000
890400 1000.000
890600 1000.000
890800 1000.000
891000 1000.000
891200 1000.000
891400 1000.000
891600 1000.000
891800 1000.000
892000 1000.000
892200 1000.000
892400 1000.000
892600 1000.000
892800 1000.000
893000 1000.000
893200 1000.000
893400 1000.000
893600 1000.000
893800 1000.000
894000 1000.000
894200 1000.000
894400 1000.000
894600 1000.000
894800 1000.000
895000 1000.000
895200 1000.000
895400 1000.000
895600 1000.000
895800 1000.000
896000 1000.000
896200 1000.000
896400 1000.000
896600 1000.000
896800 1000.000
897000 1000.000
897200 1000.000
897400 1000.000
897600 1000.000
897800 1000.000
898000 1000.000
898200 1000.000
898400 1000.000
898600 1000.000
898800 1000.000
899000 1000.000
899200 1000.000
899400 1000.000
899600 1000.000
899800 1000.000
900000 1000.000
900200 1000.000
900400 1000.000
900600 1000.000
900800 1000.000
901000 1000.000
901200 1000.000
901400 1000.000
901600 1000.000
901800 1000.000
902000 1000.000
902200 1000.000
902400 1000.000
902600 1000.000
902800 1000.000
903000 1000.000
903200 1000.000
903400 1000.000
903600 1000.000
903800 1000.000
904000 1000.000
904200 1000.000
904400 1000.000
904600 1000.000
904800 1000.000
905000 1000.000
905200 1000.000
905400 1000.000
905600 1000.000
905800 1000.000
906000 1000.000
906200 1000.000
906400 1000.000
906600 1000.000
906800 1000.000
907000 1000.000
907200 1000.000
907400 1000.000
907600 1000.000
907800 1000.000
908000 1000.000
908200 1000.000
908400 1000.000
908600 1000.000
908800 1000.000
909000 1000.000
909200 1000.000
909400 1000.000
909600 1000.000
909800 1000.000
910000 1000.000
910200 1000.000
910400 1000.000
910600 1000.000
910800 1000.000
911000 1000.000
911200 1000.000
911400 1000.000
911600 1000.000
911800 1000.000
912000 1000.000
912200 1000.000
912400 1000.000
912600 1000.000
912800 1000.000
913000 1000.000
913200 1000.000
913400 1000.000
913600 1000.000
913800 1000.000
914000 1000.000
914200 1000.000
914400 1000.000
914600 1000.000
914800 1000.000
915000 1000.000
915200 1000.000
915400 1000.000
915600 1000.000
915800 1000.000
916000 1000.000
916200 1000.000
916400 1000.000
916600 1000.000
916800 1000.000
917000 1000.000
917200 1000.000
917400 1000.000
917600 1000.000
917800 1000.000
918000 1000.000
918200 1000.000
918400 1000.000
918600 1000.000
918800 1000.000
919000 1000.000
919200 1000.000
919400 1000.000
919600 1000.000
919800 1000.000
920000 1000.000
920200 1000.000
920400 1000.000
920600 1000.000
920800 1000.000
921000 1000.000
921200 1000.000
921400 1000.000
921600 1000.000
921800 1000.000
922000 1000.000
922200 1000.000
922400 1000.000
922600 1000.000
922800 1000.000
923000 1000.000
923200 1000.000
923400 1000.000
923600 1000.000
923800 1000.000
924000 1000.000
924200 1000.000
924400 1000.000
924600 1000.000
924800 1000.000
925000 1000.000
925200 1000.000
925400 1000.000
925600 1000.000
925800 1000.000
926000 1000.000
926200 1000.000
926400 1000.000
926600 1000.000
926800 1000.000
927000 1000.000
927200 1000.000
927400 1000.000
927600 1000.000
927800 1000.000
928000 1000.000
928200 1000.000
928400 1000.000
928600 1000.000
928800 1000.000
929000 1000.000
929200 1000.000
929400 1000.000
929600 1000.000
929800 1000.000
930000 1000.000
930200 1000.000
930400 1000.000
930600 1000.000
930800 1000.000
931000 1000.000
931200 1000.000
931400 1000.000
931600 1000.000
931800 1000.000
932000 1000.000
932200 1000.000
932400 1000.000
932600 1000.000
932800 1000.000
933000 1000.000
933200 1000.000
933400 1000.000
933600 1000.000
933800 1000.000
934000 1000.000
934200 1000.000
934400 1000.000
934600 1000.000
934800 1000.000
935000 1000.000
935200 1000.000
935400 1000.000
935600 1000.000
935800 1000.000
936000 1000.000
936200 1000.000
936400 1000.000
936600 1000.000
936800 1000.000
937000 1000.000
937200 1000.000
937400 1000.000
937600 1000.000
937800 1000.000
938000 1000.000
938200 1000.000
938400 1000.000
938600 1000.000
938800 1000.000
939000 1000.000
939200 1000.000
939400 1000.000
939600 1000.000
939800 1000.000
940000 1000.000
940200 1000.000
940400 1000.000
940600 1000.000
940800 1000.000
941000 1000.000
941200 1000.000
941400 1000.000
941600 1000.000
941800 1000.000
942000 1000.000
942200 1000.000
942400 1000.000
942600 1000.000
942800 1000.000
943000 1000.000
943200 1000.000
943400 1000.000
943600 1000.000
943800 1000.000
944000 1000.000
944200 1000.000
944400 1000.000
944600 1000.000
944800 1000.000
945000 1000.000
945200 1000.000
945400 1000.000
945600 1000.000
945800 1000.000
946000 1000.000
946200 1000.000
946400 1000.000
946600 1000.000
946800 1000.000
947000 1000.000
947200 1000.000
947400 1000.000
947600 1000.000
947800 1000.000
948000 1000.000
948200 1000.000
948400 1000.000
948600 1000.000
948800 1000.000
949000 1000.000
949200 1000.000
949400 1000.000
949600 1000.000
949800 1000.000
950000 1000.000
950200 1000.000
950400 1000.000
950600 1000.000
950800 1000.000
951000 1000.000
951200 1000.000
951400 1000.000
951600 1000.000
951800 1000.000
952000 1000.000
952200 1000.000
952400 1000.000
952600 1000.000
952800 1000.000
953000 1000.000
953200 1000.000
953400 1000.000
953600 1000.000
953800 1000.000
954000 1000.000
954200 1000.000
954400 1000.000
954600 1000.000
954800 1000.000
955000 1000.000
955200 1000.000
955400 1000.000
955600 1000.000
955800 1000.000
956000 1000.000
956200 1000.000
956400 1000.000
956600 1000.000
956800 1000.000
957000 1000.000
957200 1000.000
957400 1000.000
957600 1000.000
957800 1000.000
958000 1000.000
958200 1000.000
958400 1000.000
958600 1000.000
958800 1000.000
959000 1000.000
959200 1000.000
959400 1000.000
959600 1000.000
959800 1000.000
960000 1000.000
960200 1000.000
960400 1000.000
960600 1000.000
960800 1000.000
961000 1000.000
961200 1000.000
961400 1000.000
961600 1000.000
961800 1000.000
962000 1000.000
962200 1000.000
962400 1000.000
962600 1000.000
962800 1000.000
963000 1000.000
963200 1000.000
963400 1000.000
963600 1000.000
963800 1000.000
964000 1000.000
964200 1000.000
964400 1000.000
964600 1000.000
964800 1000.000
965000 1000.000
965200 1000.000
965400 1000.000
965600 1000.000
965800 1000.000
966000 1000.000
966200 1000.000
966400 1000.000
966600 1000.000
966800 1000.000
967000 1000.000
967200 1000.000
967400 1000.000
967600 1000.000
967800 1000.000
968000 1000.000
968200 1000.000
968400 1000.000
968600 1000.000
968800 1000.000
969000 1000.000
969200 1000.000
969400 1000.000
969600 1000.000
969800 1000.000
970000 1000.000
970200 1000.000
970400 1000.000
970600 1000.000
970800 1000.000
971000 1000.000
971200 1000.000
971400 1000.000
971600 1000.000
971800 1000.000
972000 1000.000
972200 1000.000
972400 1000.000
972600 1000.000
972800 1000.000
973000 1000.000
973200 1000.000
973400 1000.000
973600 1000.000
973800 1000.000
974000 1000.000
974200 1000.000
974400 1000.000
974600 1000.000
974800 1000.000
975000 1000.000
975200 1000.000
975400 1000.000
975600 1000.000
975800 1000.000
976000 1000.000
976200 1000.000
976400 1000.000
976600 1000.000
976800 1000.000
977000 1000.000
977200 1000.000
977400 1000.000
977600 1000.000
977800 1000.000
978000 1000.000
978200 1000.000
978400 1000.000
978600 1000.000
978800 1000.000
979000 1000.000
979200 1000.000
979400 1000.000
979600 1000.000
979800 1000.000
980000 1000.000
980200 1000.000
980400 1000.000
980600 1000.000
980800 1000.000
981000 1000.000
981200 1000.000
981400 1000.000
981600 1000.000
981800 1000.000
982000 1000.000
982200 1000.000
982400 1000.000
982600 1000.000
982800 1000.000
983000 1000.000
983200 1000.000
983400 1000.000
983600 1000.000
983800 1000.000
984000 1000.000
984200 1000.000
984400 1000.000
984600 1000.000
984800 1000.000
985000 1000.000
985200 1000.000
985400 1000.000
985600 1000.000
985800 1000.000
986000 1000.000
986200 1000.000
986400 1000.000
986600 1000.000
986800 1000.000
987000 1000.000
987200 1000.000
987400 1000.000
987600 1000.000
987800 1000.000
988000 1000.000
988200 1000.000
988400 1000.000
988600 1000.000
988800 1000.000
989000 1000.000
989200 1000.000
989400 1000.000
989600 1000.000
989800 1000.000
990000 1000.000
990200 1000.000
990400 1000.000
990600 1000.000
990800 1000.000
991000 1000.000
991200 1000.000
991400 1000.000
991600 1000.000
991800 1000.000
992000 1000.000
992200 1000.000
992400 1000.000
992600 1000.000
992800 1000.000
993000 1000.000
993200 1000.000
993400 1000.000
993600 1000.000
993800 1000.000
994000 1000.000
994200 1000.000
994400 1000.000
994600 1000.000
994800 1000.000
995000 1000.000
995200 1000.000
995400 1000.000
995600 1000.000
995800 1000.000
996000 1000.000
996200 1000.000
996400 1000.000
996600 1000.000
996800 1000.000
997000 1000.000
997200 1000.000
997400 1000.000
997600 1000.000
997800 1000.000
998000 1000.000
998200 1000.000
998400 1000.000
998600 1000.000
998800 1000.000
999000 1000.000
999200 1000.000
999400 1000.000
999600 1000.000
999800 1000.000
1000000 0.100
