500 79
1000 79
1500 79
2000 79
2500 79
3000 79
3500 79
4000 79
4500 79
5000 79
5500 79
6000 79
6500 79
7000 79
7500 79
8000 79
8500 79
9000 79
9500 79
10000 79
10500 79
11000 79
11500 79
12000 79
12500 79
13000 79
13500 79
14000 79
14500 79
15000 79
15500 79
16000 79
16500 79
17000 79
17500 79
18000 79
18500 79
19000 79
19500 79
20000 79
20500 79
21000 79
21500 79
22000 79
22500 79
23000 79
23500 79
24000 79
24500 79
25000 79
25500 79
26000 79
26500 79
27000 79
27500 79
28000 79
28500 79
29000 79
29500 79
30000 79
30500 79
31000 79
31500 79
32000 79
32500 79
33000 79
33500 79
34000 79
34500 79
35000 79
35500 79
36000 79
36500 79
37000 79
37500 79
38000 79
38500 79
39000 79
39500 79
40000 79
40500 79
41000 79
41500 79
42000 79
42500 79
43000 79
43500 79
44000 79
44500 79
45000 79
45500 79
46000 79
46500 79
47000 79
47500 79
48000 79
48500 79
49000 79
49500 79
50000 79
50500 79
51000 79
51500 79
52000 79
52500 79
53000 79
53500 79
54000 79
54500 79
55000 79
55500 79
56000 79
56500 79
57000 79
57500 79
58000 79
58500 79
59000 79
59500 79
60000 79
60500 79
61000 79
61500 79
62000 79
62500 79
63000 79
63500 79
64000 79
64500 79
65000 79
65500 79
66000 79
66500 79
67000 79
67500 79
68000 79
68500 79
69000 79
69500 79
70000 79
70500 79
71000 79
71500 79
72000 79
72500 79
73000 79
73500 79
74000 79
74500 79
75000 79
75500 79
76000 79
76500 79
77000 79
77500 79
78000 79
78500 79
79000 79
79500 79
80000 79
80500 79
81000 79
81500 79
82000 79
82500 79
83000 79
83500 79
84000 79
84500 79
85000 79
85500 79
86000 79
86500 79
87000 79
87500 79
88000 79
88500 79
89000 79
89500 79
90000 79
90500 79
91000 79
91500 79
92000 79
92500 79
93000 79
93500 79
94000 79
94500 79
95000 79
95500 79
96000 79
96500 79
97000 79
97500 79
98000 79
98500 79
99000 79
99500 79
100000 79
100500 79
101000 79
101500 79
102000 79
102500 79
103000 79
103500 79
104000 79
104500 79
105000 79
105500 79
106000 79
106500 79
107000 79
107500 79
108000 79
108500 79
109000 79
109500 79
110000 79
110500 79
111000 79
111500 79
112000 79
112500 79
113000 79
113500 79
114000 79
114500 79
115000 79
115500 79
116000 79
116500 79
117000 79
117500 79
118000 79
118500 79
119000 79
119500 79
120000 79
120500 79
121000 79
121500 79
122000 79
122500 79
123000 79
123500 79
124000 79
124500 79
125000 79
125500 79
126000 79
126500 79
127000 79
127500 79
128000 79
128500 79
129000 79
129500 79
130000 79
130500 79
131000 79
131500 79
132000 79
132500 79
133000 79
133500 79
134000 79
134500 79
135000 79
135500 79
136000 79
136500 79
137000 79
137500 79
138000 79
138500 79
139000 79
139500 79
140000 79
140500 79
141000 79
141500 79
142000 79
142500 79
143000 79
143500 79
144000 79
144500 79
145000 79
145500 79
146000 79
146500 79
147000 79
147500 79
148000 79
148500 79
149000 79
149500 79
150000 79
150500 79
151000 79
151500 79
152000 79
152500 79
153000 79
153500 79
154000 79
154500 79
155000 79
155500 79
156000 79
156500 79
157000 79
157500 79
158000 79
158500 79
159000 79
159500 79
160000 79
160500 79
161000 79
161500 79
162000 79
162500 79
163000 79
163500 79
164000 79
164500 79
165000 79
165500 79
166000 79
166500 79
167000 79
167500 79
168000 79
168500 79
169000 79
169500 79
170000 79
170500 79
171000 79
171500 79
172000 79
172500 79
173000 79
173500 79
174000 79
174500 79
175000 79
175500 79
176000 79
176500 79
177000 79
177500 79
178000 79
178500 79
179000 79
179500 79
180000 79
180500 79
181000 79
181500 79
182000 79
182500 79
183000 79
183500 79
184000 79
184500 79
185000 79
185500 79
186000 79
186500 79
187000 79
187500 79
188000 79
188500 79
189000 79
189500 79
190000 79
190500 79
191000 79
191500 79
192000 79
192500 79
193000 79
193500 79
194000 79
194500 79
195000 79
195500 79
196000 79
196500 79
197000 79
197500 79
198000 79
198500 79
199000 79
199500 79
200000 79
200500 79
201000 79
201500 79
202000 79
202500 79
203000 79
203500 79
204000 79
204500 79
205000 79
205500 79
206000 79
206500 79
207000 79
207500 79
208000 79
208500 79
209000 79
209500 79
210000 79
210500 79
211000 79
211500 79
212000 79
212500 79
213000 79
213500 79
214000 79
214500 79
215000 79
215500 79
216000 79
216500 79
217000 79
217500 79
218000 79
218500 79
219000 79
219500 79
220000 79
220500 79
221000 79
221500 79
222000 79
222500 79
223000 79
223500 79
224000 79
224500 79
225000 79
225500 79
226000 79
226500 79
227000 79
227500 79
228000 78
228500 78
229000 78
229500 78
230000 78
230500 78
231000 78
231500 78
232000 78
232500 78
233000 78
233500 78
234000 78
234500 78
235000 78
235500 78
236000 78
236500 78
237000 78
237500 78
238000 78
238500 78
239000 78
239500 78
240000 78
240500 78
241000 78
241500 78
242000 78
242500 78
243000 78
243500 78
244000 78
244500 78
245000 78
245500 78
246000 78
246500 78
247000 74
247500 74
248000 74
248500 74
249000 74
249500 74
250000 74
250500 74
251000 74
251500 74
252000 74
252500 74
253000 74
253500 74
254000 74
254500 74
255000 74
255500 74
256000 74
256500 74
257000 74
257500 74
258000 74
258500 74
259000 74
259500 74
260000 74
260500 74
261000 74
261500 74
262000 74
262500 74
263000 74
263500 74
264000 74
264500 74
265000 74
265500 74
266000 74
266500 74
267000 74
267500 74
268000 74
268500 73
269000 70
269500 70
270000 70
270500 70
271000 70
271500 70
272000 70
272500 70
273000 70
273500 70
274000 70
274500 70
275000 70
275500 70
276000 70
276500 70
277000 70
277500 70
278000 70
278500 70
279000 70
279500 70
280000 69
280500 68
281000 68
281500 68
282000 68
282500 68
283000 68
283500 68
284000 68
284500 68
285000 68
285500 68
286000 68
286500 68
287000 68
287500 68
288000 68
288500 68
289000 68
289500 68
290000 68
290500 68
291000 68
291500 68
292000 68
292500 68
293000 68
293500 68
294000 68
294500 68
295000 68
295500 68
296000 68
296500 68
297000 68
297500 68
298000 68
298500 68
299000 68
299500 68
300000 68
300500 68
301000 68
301500 68
302000 68
302500 68
303000 67
303500 67
304000 67
304500 67
305000 67
305500 67
306000 67
306500 67
307000 67
307500 67
308000 67
308500 67
309000 67
309500 67
310000 67
310500 67
311000 67
311500 67
312000 67
312500 67
313000 67
313500 67
314000 67
314500 67
315000 67
315500 67
316000 67
316500 67
317000 67
317500 67
318000 67
318500 67
319000 67
319500 67
320000 67
320500 67
321000 67
321500 67
322000 67
322500 67
323000 67
323500 67
324000 67
324500 67
325000 67
325500 67
326000 67
326500 67
327000 67
327500 67
328000 67
328500 67
329000 67
329500 67
330000 67
330500 67
331000 67
331500 67
332000 67
332500 67
333000 67
333500 67
334000 67
334500 67
335000 67
335500 67
336000 67
336500 67
337000 67
337500 67
338000 67
338500 67
339000 67
339500 67
340000 67
340500 67
341000 67
341500 67
342000 67
342500 67
343000 67
343500 67
344000 67
344500 67
345000 67
345500 67
346000 67
346500 67
347000 67
347500 67
348000 67
348500 67
349000 67
349500 67
350000 67
350500 67
351000 67
351500 67
352000 67
352500 67
353000 67
353500 67
354000 67
354500 67
355000 67
355500 67
356000 67
356500 67
357000 67
357500 67
358000 67
358500 67
359000 67
359500 67
360000 67
360500 67
361000 67
361500 67
362000 67
362500 67
363000 67
363500 67
364000 67
364500 67
365000 67
365500 67
366000 67
366500 67
367000 67
367500 67
368000 67
368500 67
369000 67
369500 67
370000 67
370500 67
371000 67
371500 67
372000 67
372500 67
373000 67
373500 67
374000 67
374500 67
375000 67
375500 67
376000 67
376500 67
377000 67
377500 67
378000 67
378500 67
379000 67
379500 67
380000 67
380500 67
381000 67
381500 67
382000 67
382500 67
383000 67
383500 67
384000 67
384500 67
385000 67
385500 67
386000 67
386500 67
387000 67
387500 67
388000 67
388500 67
389000 67
389500 67
390000 67
390500 67
391000 67
391500 67
392000 67
392500 67
393000 67
393500 67
394000 67
394500 67
395000 67
395500 67
396000 67
396500 67
397000 67
397500 67
398000 67
398500 67
399000 67
399500 67
400000 67
400500 67
401000 67
401500 67
402000 67
402500 67
403000 67
403500 67
404000 67
404500 67
405000 67
405500 67
406000 67
406500 67
407000 67
407500 67
408000 67
408500 67
409000 67
409500 67
410000 67
410500 67
411000 67
411500 67
412000 67
412500 67
413000 67
413500 67
414000 67
414500 67
415000 67
415500 67
416000 67
416500 67
417000 67
417500 67
418000 67
418500 67
419000 67
419500 67
420000 67
420500 67
421000 67
421500 67
422000 67
422500 67
423000 67
423500 67
424000 67
424500 67
425000 67
425500 67
426000 67
426500 67
427000 67
427500 67
428000 67
428500 67
429000 67
429500 67
430000 67
430500 67
431000 67
431500 67
432000 67
432500 67
433000 67
433500 67
434000 67
434500 67
435000 67
435500 67
436000 67
436500 67
437000 67
437500 67
438000 67
438500 67
439000 67
439500 67
440000 67
440500 67
441000 67
441500 67
442000 67
442500 67
443000 67
443500 67
444000 67
444500 67
445000 67
445500 67
446000 67
446500 67
447000 67
447500 67
448000 67
448500 67
449000 67
449500 67
450000 67
450500 67
451000 67
451500 67
452000 67
452500 67
453000 67
453500 67
454000 67
454500 67
455000 67
455500 67
456000 67
456500 67
457000 67
457500 67
458000 67
458500 67
459000 67
459500 67
460000 67
460500 67
461000 67
461500 67
462000 67
462500 67
463000 67
463500 67
464000 67
464500 67
465000 67
465500 67
466000 67
466500 67
467000 67
467500 67
468000 67
468500 67
469000 67
469500 67
470000 67
470500 67
471000 67
471500 67
472000 67
472500 67
473000 67
473500 67
474000 67
474500 67
475000 67
475500 67
476000 67
476500 67
477000 67
477500 67
478000 67
478500 67
479000 67
479500 67
480000 67
480500 67
481000 67
481500 67
482000 67
482500 67
483000 67
483500 67
484000 67
484500 67
485000 67
485500 67
486000 67
486500 67
487000 67
487500 67
488000 67
488500 67
489000 67
489500 67
490000 67
490500 67
491000 67
491500 67
492000 67
492500 67
493000 67
493500 67
494000 67
494500 67
495000 67
495500 67
496000 67
496500 67
497000 67
497500 67
498000 67
498500 67
499000 67
499500 67
500000 67
500500 67
501000 67
501500 67
502000 67
502500 67
503000 67
503500 67
504000 67
504500 67
505000 67
505500 67
506000 67
506500 67
507000 67
507500 67
508000 67
508500 67
509000 67
509500 67
510000 67
510500 67
511000 67
511500 67
512000 67
512500 67
513000 67
513500 67
514000 67
514500 67
515000 67
515500 67
516000 67
516500 67
517000 67
517500 67
518000 67
518500 67
519000 67
519500 67
520000 67
520500 67
521000 67
521500 67
522000 67
522500 67
523000 67
523500 67
524000 67
524500 67
525000 67
525500 67
526000 67
526500 67
527000 67
527500 67
528000 67
528500 67
529000 67
529500 67
530000 67
530500 67
531000 67
531500 67
532000 67
532500 67
533000 67
533500 67
534000 67
534500 67
535000 67
535500 67
536000 67
536500 67
537000 67
537500 67
538000 67
538500 67
539000 67
539500 67
540000 67
540500 67
541000 67
541500 67
542000 67
542500 67
543000 67
543500 67
544000 67
544500 67
545000 67
545500 67
546000 67
546500 67
547000 67
547500 67
548000 67
548500 67
549000 67
549500 67
550000 67
550500 67
551000 67
551500 67
552000 67
552500 67
553000 67
553500 67
554000 67
554500 67
555000 67
555500 67
556000 67
556500 67
557000 67
557500 67
558000 67
558500 67
559000 67
559500 67
560000 67
560500 67
561000 67
561500 67
562000 67
562500 67
563000 67
563500 67
564000 67
564500 67
565000 67
565500 67
566000 67
566500 67
567000 67
567500 67
568000 67
568500 67
569000 67
569500 67
570000 67
570500 67
571000 67
571500 67
572000 67
572500 67
573000 67
573500 67
574000 67
574500 67
575000 67
575500 67
576000 67
576500 67
577000 67
577500 67
578000 67
578500 67
579000 67
579500 67
580000 67
580500 67
581000 67
581500 67
582000 67
582500 67
583000 67
583500 67
584000 67
584500 67
585000 67
585500 67
586000 67
586500 67
587000 67
587500 67
588000 67
588500 67
589000 67
589500 67
590000 67
590500 67
591000 67
591500 67
592000 67
592500 67
593000 67
593500 67
594000 67
594500 67
595000 67
595500 67
596000 67
596500 67
597000 67
597500 67
598000 67
598500 67
599000 67
599500 67
600000 67
600500 67
601000 67
601500 67
602000 67
602500 67
603000 67
603500 67
604000 67
604500 67
605000 67
605500 67
606000 67
606500 67
607000 67
607500 67
608000 67
608500 67
609000 67
609500 67
610000 67
610500 67
611000 67
611500 67
612000 67
612500 67
613000 67
613500 67
614000 67
614500 67
615000 67
615500 67
616000 67
616500 67
617000 66
617500 66
618000 66
618500 66
619000 66
619500 66
620000 66
620500 66
621000 66
621500 66
622000 66
622500 66
623000 66
623500 66
624000 66
624500 66
625000 66
625500 66
626000 66
626500 66
627000 66
627500 66
628000 66
628500 66
629000 66
629500 66
630000 66
630500 66
631000 66
631500 66
632000 66
632500 66
633000 66
633500 66
634000 66
634500 66
635000 66
635500 66
636000 66
636500 66
637000 66
637500 66
638000 66
638500 66
639000 66
639500 66
640000 66
640500 66
641000 66
641500 66
642000 66
642500 66
643000 66
643500 66
644000 66
644500 66
645000 66
645500 66
646000 66
646500 66
647000 66
647500 66
648000 66
648500 66
649000 66
649500 66
650000 66
650500 66
651000 66
651500 66
652000 66
652500 66
653000 66
653500 66
654000 66
654500 66
655000 66
655500 66
656000 66
