500 154
1000 151
1500 147
2000 152
2500 135
3000 155
3500 152
4000 152
4500 159
5000 149
5500 147
6000 155
6500 141
7000 123
7500 140
8000 146
8500 153
9000 151
9500 143
10000 161
10500 139
11000 155
11500 135
12000 143
12500 156
13000 150
13500 155
14000 123
14500 162
15000 171
15500 154
16000 147
16500 151
17000 134
17500 162
18000 156
18500 171
19000 138
19500 154
20000 147
20500 148
21000 149
21500 143
22000 139
22500 116
23000 149
23500 149
24000 136
24500 156
25000 148
25500 130
26000 153
26500 148
27000 152
27500 137
28000 139
28500 132
29000 141
29500 151
30000 140
30500 175
31000 131
31500 148
32000 126
32500 151
33000 139
33500 118
34000 144
34500 154
35000 125
35500 157
36000 136
36500 157
37000 137
37500 143
38000 157
38500 150
39000 158
39500 126
40000 142
40500 151
41000 144
41500 159
42000 145
42500 150
43000 158
43500 143
44000 167
44500 146
45000 162
45500 162
46000 164
46500 159
47000 134
47500 143
48000 175
48500 143
49000 140
49500 141
50000 159
50500 125
51000 154
51500 160
52000 133
52500 126
53000 141
53500 169
54000 136
54500 146
55000 156
55500 141
56000 147
56500 168
57000 139
57500 135
58000 148
58500 154
59000 159
59500 128
60000 130
60500 149
61000 155
61500 140
62000 146
62500 143
63000 167
63500 147
64000 149
64500 143
65000 153
65500 146
66000 136
66500 167
67000 145
67500 128
68000 135
68500 146
69000 143
69500 125
70000 169
70500 147
71000 136
71500 151
72000 136
72500 141
73000 162
73500 128
74000 145
74500 153
75000 151
75500 147
76000 112
76500 158
77000 145
77500 130
78000 155
78500 142
79000 162
79500 148
80000 139
80500 149
81000 146
81500 146
82000 155
82500 137
83000 126
83500 153
84000 132
84500 147
85000 156
85500 144
86000 138
86500 140
87000 153
87500 144
88000 130
88500 152
89000 147
89500 133
90000 128
90500 146
91000 135
91500 129
92000 157
92500 147
93000 142
93500 154
94000 137
94500 146
95000 146
95500 130
96000 141
96500 147
97000 132
97500 128
98000 132
98500 130
99000 165
99500 142
100000 152
100500 141
101000 126
101500 131
102000 151
102500 140
103000 141
103500 136
104000 155
104500 133
105000 140
105500 141
106000 132
106500 139
107000 145
107500 138
108000 146
108500 127
109000 143
109500 135
110000 154
110500 153
111000 161
111500 116
112000 132
112500 159
113000 138
113500 144
114000 143
114500 116
115000 130
115500 121
116000 138
116500 162
117000 156
117500 138
118000 135
118500 140
119000 152
119500 120
120000 137
120500 140
121000 135
121500 134
122000 139
122500 154
123000 143
123500 118
124000 120
124500 143
125000 132
125500 131
126000 153
126500 150
127000 131
127500 149
128000 115
128500 133
129000 135
129500 145
130000 117
130500 126
131000 128
131500 127
132000 131
132500 143
133000 138
133500 120
134000 147
134500 124
135000 145
135500 114
136000 150
136500 125
137000 123
137500 128
138000 136
138500 140
139000 118
139500 138
140000 148
140500 126
141000 133
141500 145
142000 129
142500 147
143000 144
143500 150
144000 140
144500 126
145000 136
145500 130
146000 141
146500 144
147000 155
147500 133
148000 141
148500 125
149000 125
149500 130
150000 151
150500 147
151000 112
151500 126
152000 130
152500 124
153000 149
153500 153
154000 114
154500 114
155000 118
155500 123
156000 133
156500 145
157000 150
157500 124
158000 122
158500 133
159000 151
159500 137
160000 142
160500 123
161000 131
161500 120
162000 125
162500 133
163000 128
163500 155
164000 117
164500 143
165000 121
165500 144
166000 137
166500 127
167000 136
167500 124
168000 131
168500 133
169000 122
169500 119
170000 112
170500 118
171000 137
171500 124
172000 139
172500 130
173000 138
173500 141
174000 129
174500 144
175000 135
175500 122
176000 135
176500 109
177000 137
177500 138
178000 106
178500 121
179000 141
179500 142
180000 128
180500 118
181000 115
181500 118
182000 114
182500 139
183000 129
183500 133
184000 117
184500 126
185000 126
185500 122
186000 111
186500 128
187000 119
187500 118
188000 125
188500 123
189000 131
189500 132
190000 128
190500 123
191000 117
191500 131
192000 126
192500 133
193000 117
193500 134
194000 118
194500 120
195000 114
195500 130
196000 115
196500 129
197000 134
197500 133
198000 141
198500 122
199000 135
199500 124
200000 120
200500 100
201000 113
201500 106
202000 108
202500 134
203000 117
203500 135
204000 137
204500 116
205000 103
205500 148
206000 94
206500 133
207000 127
207500 119
208000 110
208500 119
209000 110
209500 121
210000 126
210500 107
211000 120
211500 113
212000 117
212500 130
213000 128
213500 115
214000 127
214500 133
215000 120
215500 110
216000 114
216500 129
217000 115
217500 116
218000 102
218500 118
219000 126
219500 107
220000 111
220500 108
221000 131
221500 115
222000 113
222500 124
223000 105
223500 120
224000 121
224500 107
225000 105
225500 110
226000 97
226500 113
227000 119
227500 118
228000 110
228500 93
229000 90
229500 117
230000 100
230500 118
231000 95
231500 86
232000 143
232500 99
233000 129
233500 136
234000 141
234500 110
235000 110
235500 109
236000 126
236500 108
237000 83
237500 95
238000 112
238500 126
239000 98
239500 124
240000 131
240500 112
241000 99
241500 121
242000 138
242500 108
243000 92
243500 109
244000 104
244500 165
245000 125
245500 110
246000 109
246500 103
247000 101
247500 96
248000 121
248500 113
249000 131
249500 104
250000 96
250500 99
251000 92
251500 94
252000 127
252500 84
253000 107
253500 132
254000 91
254500 93
255000 99
255500 94
256000 105
256500 96
257000 126
257500 112
258000 93
258500 96
259000 97
259500 91
260000 138
260500 79
261000 143
261500 84
262000 89
262500 142
263000 94
263500 93
264000 123
264500 95
265000 93
265500 126
266000 117
266500 109
267000 90
267500 87
268000 97
268500 95
269000 127
269500 111
270000 84
270500 88
271000 82
271500 90
272000 103
272500 130
273000 112
273500 100
274000 103
274500 89
275000 83
275500 108
276000 149
276500 87
277000 105
277500 80
278000 98
278500 84
279000 81
279500 78
280000 84
280500 79
281000 81
281500 79
282000 78
282500 77
283000 77
283500 90
284000 84
284500 101
285000 90
285500 83
286000 83
286500 92
287000 87
287500 86
288000 114
288500 85
289000 75
289500 99
290000 75
290500 80
291000 90
291500 96
292000 79
292500 118
293000 121
293500 109
294000 85
294500 86
295000 88
295500 131
296000 83
296500 112
297000 104
297500 79
298000 76
298500 109
299000 125
299500 81
300000 89
300500 75
301000 73
301500 72
302000 70
302500 74
303000 69
303500 77
304000 76
304500 69
305000 70
305500 71
306000 70
306500 69
307000 70
307500 70
308000 70
308500 72
309000 69
309500 86
310000 69
310500 75
311000 71
311500 74
312000 78
312500 73
313000 76
313500 101
314000 79
314500 77
315000 78
315500 86
316000 77
316500 76
317000 76
317500 75
318000 71
318500 67
319000 67
319500 67
320000 72
320500 73
321000 92
321500 79
322000 80
322500 79
323000 75
323500 73
324000 72
324500 70
325000 70
325500 69
326000 72
326500 73
327000 70
327500 70
328000 68
328500 69
329000 68
329500 68
330000 70
330500 71
331000 69
331500 70
332000 71
332500 70
333000 70
333500 70
334000 69
334500 68
335000 68
335500 69
336000 68
336500 68
337000 69
337500 68
338000 69
338500 69
339000 82
339500 74
340000 83
340500 72
341000 72
341500 71
342000 71
342500 72
343000 75
343500 78
344000 77
344500 113
345000 95
345500 111
346000 95
346500 107
347000 80
347500 75
348000 70
348500 70
349000 71
349500 70
350000 69
350500 69
351000 70
351500 70
352000 70
352500 70
353000 70
353500 70
354000 70
354500 70
355000 70
355500 70
356000 70
356500 71
357000 70
357500 70
358000 72
358500 71
359000 71
359500 71
360000 71
360500 71
361000 70
361500 70
362000 70
362500 70
363000 69
363500 69
364000 69
364500 69
365000 70
365500 70
366000 70
366500 70
367000 70
367500 70
368000 69
368500 68
369000 68
369500 68
370000 70
370500 69
371000 69
371500 69
372000 69
372500 69
373000 71
373500 69
374000 69
374500 69
375000 68
375500 68
376000 68
376500 68
377000 68
377500 68
378000 68
378500 68
379000 68
379500 68
380000 68
380500 68
381000 68
381500 68
382000 68
382500 68
383000 68
383500 68
384000 68
384500 68
385000 68
385500 68
386000 68
386500 68
387000 68
387500 68
388000 68
388500 68
389000 68
389500 68
390000 68
390500 68
391000 68
391500 68
392000 68
392500 68
393000 68
393500 68
394000 69
394500 69
395000 69
395500 69
396000 69
396500 68
397000 68
397500 68
398000 68
398500 68
399000 68
399500 69
400000 68
400500 68
401000 68
401500 68
402000 68
402500 68
403000 68
403500 68
404000 68
404500 68
405000 68
405500 68
406000 68
406500 68
407000 68
407500 68
408000 68
408500 68
409000 68
409500 68
410000 68
410500 68
411000 69
411500 69
412000 69
412500 69
413000 68
413500 68
414000 68
414500 68
415000 68
415500 68
416000 68
416500 68
417000 68
417500 68
418000 68
418500 68
419000 68
419500 68
420000 68
420500 68
421000 68
421500 68
422000 68
422500 68
423000 68
423500 68
424000 68
424500 68
425000 68
425500 68
426000 68
426500 68
427000 68
427500 68
428000 68
428500 68
429000 68
429500 68
430000 68
430500 68
431000 68
431500 68
432000 68
432500 68
433000 68
433500 68
434000 68
434500 68
435000 68
435500 68
436000 68
436500 68
437000 68
437500 68
438000 68
438500 68
439000 68
439500 68
440000 68
440500 68
441000 68
441500 68
442000 68
442500 68
443000 68
443500 68
444000 68
444500 68
445000 68
445500 68
446000 68
446500 68
447000 68
447500 68
448000 68
448500 68
449000 68
449500 68
450000 68
450500 68
451000 68
451500 68
452000 68
452500 68
453000 68
453500 68
454000 68
454500 68
455000 68
455500 68
456000 68
456500 68
457000 68
457500 68
458000 68
458500 68
459000 68
459500 68
460000 68
460500 68
461000 68
461500 68
462000 68
462500 68
463000 68
463500 68
464000 68
464500 68
465000 68
465500 68
466000 68
466500 68
467000 68
467500 68
468000 68
468500 68
469000 68
469500 68
470000 68
470500 68
471000 68
471500 68
472000 68
472500 68
473000 68
473500 68
474000 68
474500 68
475000 68
475500 68
476000 68
476500 68
477000 68
477500 68
478000 68
478500 68
479000 68
479500 68
480000 68
480500 68
481000 68
481500 68
482000 68
482500 68
483000 68
483500 68
484000 68
484500 68
485000 68
485500 68
486000 68
486500 68
487000 68
487500 68
488000 68
488500 68
489000 68
489500 68
490000 68
490500 68
491000 68
491500 68
492000 68
492500 68
493000 68
493500 68
494000 68
494500 68
495000 68
495500 68
496000 68
496500 68
497000 68
497500 68
498000 68
498500 68
499000 68
499500 68
500000 68
500500 68
501000 68
501500 68
502000 68
502500 68
503000 68
503500 68
504000 68
504500 68
505000 68
505500 68
506000 68
506500 68
507000 68
507500 68
508000 68
508500 68
509000 68
509500 68
510000 68
510500 68
511000 68
511500 68
512000 68
512500 68
513000 68
513500 68
514000 68
514500 68
515000 68
515500 68
516000 68
516500 68
517000 68
517500 68
518000 68
518500 68
519000 68
519500 68
520000 68
520500 68
521000 68
521500 68
522000 68
522500 68
523000 68
523500 68
524000 68
524500 68
525000 68
525500 68
526000 68
526500 68
527000 68
527500 68
528000 68
528500 68
529000 68
529500 68
530000 68
530500 68
531000 68
531500 68
532000 68
532500 68
533000 68
533500 68
534000 68
534500 68
535000 68
535500 68
536000 68
536500 68
537000 68
537500 68
538000 68
538500 68
539000 68
539500 68
540000 68
540500 68
541000 68
541500 68
542000 68
542500 68
543000 68
543500 68
544000 68
544500 68
545000 68
545500 68
546000 68
546500 68
547000 68
547500 68
548000 68
548500 68
549000 68
549500 68
550000 68
550500 68
551000 68
551500 68
552000 68
552500 68
553000 68
553500 68
554000 68
554500 68
555000 68
555500 68
556000 68
556500 68
557000 68
557500 68
558000 68
558500 68
559000 68
559500 68
560000 68
560500 68
561000 68
561500 68
562000 68
562500 68
563000 68
563500 68
564000 68
564500 68
565000 68
565500 68
566000 68
566500 68
567000 68
567500 68
568000 68
568500 68
569000 68
569500 68
570000 68
570500 68
571000 68
571500 68
572000 68
572500 68
573000 68
573500 68
574000 68
574500 68
575000 68
575500 68
576000 68
576500 68
577000 68
577500 68
578000 68
578500 68
579000 68
579500 68
580000 68
580500 68
581000 68
581500 68
582000 68
582500 68
583000 68
583500 68
584000 68
584500 68
585000 68
585500 68
586000 68
586500 68
587000 68
587500 68
588000 68
588500 68
589000 68
589500 68
590000 68
590500 68
591000 68
591500 68
592000 68
592500 68
593000 68
593500 68
594000 68
594500 68
595000 68
595500 68
596000 68
596500 68
597000 68
597500 68
598000 68
598500 68
599000 68
599500 68
600000 68
600500 68
601000 68
601500 68
602000 68
602500 68
603000 68
603500 68
604000 68
604500 68
605000 68
605500 68
606000 68
606500 68
607000 68
607500 68
608000 68
608500 68
609000 68
609500 68
610000 68
610500 68
611000 68
611500 68
612000 68
612500 68
613000 68
613500 68
614000 68
614500 68
615000 68
615500 68
616000 68
616500 68
617000 68
617500 68
618000 68
618500 68
619000 68
619500 68
620000 68
620500 68
621000 68
621500 68
622000 68
622500 68
623000 68
623500 68
624000 68
624500 68
625000 68
625500 68
626000 68
626500 68
627000 68
627500 68
628000 68
628500 68
629000 68
629500 68
630000 68
630500 68
631000 68
631500 68
632000 68
632500 68
633000 68
633500 68
634000 68
634500 68
635000 68
635500 68
636000 68
636500 68
637000 68
637500 68
638000 68
638500 68
639000 68
639500 68
640000 68
640500 68
641000 68
641500 68
642000 68
642500 68
643000 68
643500 68
644000 68
644500 68
645000 68
645500 68
646000 68
646500 68
647000 68
647500 68
648000 68
648500 68
649000 68
649500 68
650000 68
650500 68
651000 68
651500 68
652000 68
652500 68
653000 68
653500 68
654000 68
654500 68
655000 68
655500 68
656000 68
656500 68
657000 68
657500 68
658000 68
658500 68
659000 68
659500 68
660000 68
660500 68
661000 68
661500 68
662000 68
662500 68
663000 68
663500 68
664000 68
664500 68
665000 68
665500 68
666000 68
666500 68
667000 68
667500 68
668000 68
668500 68
669000 68
669500 68
670000 68
670500 68
671000 68
671500 68
672000 68
672500 68
673000 68
673500 68
674000 68
674500 68
675000 68
