50 79
100 79
150 79
200 79
250 79
300 79
350 79
400 79
450 79
500 79
550 79
600 79
650 79
700 79
750 79
800 79
850 79
900 79
950 79
1000 79
1050 79
1100 79
1150 79
1200 79
1250 79
1300 79
1350 74
1400 74
1450 74
1500 74
1550 74
1600 74
1650 74
1700 74
1750 74
1800 74
1850 74
1900 74
1950 74
2000 74
2050 74
2100 74
2150 74
2200 74
2250 74
2300 74
2350 74
2400 74
2450 74
2500 74
2550 74
2600 74
2650 74
2700 74
2750 74
2800 74
2850 74
2900 74
2950 74
3000 74
3050 74
3100 74
3150 74
3200 74
3250 74
3300 74
3350 74
3400 74
3450 74
3500 74
3550 74
3600 74
3650 74
3700 74
3750 74
3800 74
3850 74
3900 74
3950 74
4000 74
4050 74
4100 74
4150 74
4200 74
4250 74
4300 74
4350 74
4400 74
4450 74
4500 74
4550 74
4600 74
4650 74
4700 74
4750 73
4800 73
4850 73
4900 73
4950 73
5000 73
5050 73
5100 73
5150 73
5200 73
5250 73
5300 73
5350 73
5400 73
5450 73
5500 73
5550 73
5600 73
5650 73
5700 73
5750 73
5800 73
5850 73
5900 73
5950 73
6000 73
6050 73
6100 73
6150 73
6200 73
6250 73
6300 73
6350 125
6400 125
6450 121
6500 121
6550 121
6600 116
6650 116
6700 116
6750 116
6800 116
6850 116
6900 116
6950 116
7000 116
7050 116
7100 116
7150 116
7200 116
7250 116
7300 108
7350 108
7400 108
7450 108
7500 108
7550 108
7600 106
7650 106
7700 106
7750 96
7800 96
7850 96
7900 96
7950 96
8000 96
8050 96
8100 96
8150 96
8200 96
8250 96
8300 96
8350 96
8400 96
8450 96
8500 96
8550 96
8600 96
8650 96
8700 96
8750 96
8800 96
8850 96
8900 96
8950 96
9000 96
9050 96
9100 96
9150 94
9200 94
9250 94
9300 94
9350 94
9400 94
9450 94
9500 94
9550 94
9600 94
9650 94
9700 94
9750 94
9800 94
9850 94
9900 94
9950 94
10000 94
10050 94
10100 94
10150 94
10200 94
10250 94
10300 94
10350 94
10400 94
10450 94
10500 94
10550 94
10600 94
10650 94
10700 94
10750 94
10800 94
10850 94
10900 94
10950 94
11000 94
11050 94
11100 94
11150 94
11200 94
11250 94
11300 94
11350 94
11400 94
11450 94
11500 94
11550 94
11600 94
11650 94
11700 94
11750 94
11800 94
11850 94
11900 94
11950 94
12000 94
12050 94
12100 94
12150 94
12200 94
12250 94
12300 94
12350 147
12400 147
12450 132
12500 132
12550 132
12600 127
12650 122
12700 122
12750 122
12800 122
12850 122
12900 118
12950 118
13000 118
13050 118
13100 118
13150 118
13200 118
13250 118
13300 118
13350 118
13400 118
13450 114
13500 114
13550 114
13600 112
13650 112
13700 112
13750 112
13800 112
13850 112
13900 112
13950 112
14000 112
14050 112
14100 112
14150 112
14200 112
14250 112
14300 112
14350 108
14400 108
14450 108
14500 108
14550 108
14600 108
14650 108
14700 108
14750 108
14800 108
14850 108
14900 108
14950 108
15000 108
15050 108
15100 108
15150 108
15200 108
15250 108
15300 108
15350 108
15400 108
15450 108
15500 108
15550 108
15600 108
15650 108
15700 108
15750 108
15800 108
15850 108
15900 108
15950 108
16000 108
16050 108
16100 108
16150 108
16200 108
16250 108
16300 108
16350 108
16400 108
16450 108
16500 108
16550 108
16600 108
16650 108
16700 108
16750 108
16800 108
16850 108
16900 108
16950 108
17000 108
17050 108
17100 108
17150 108
17200 108
17250 103
17300 103
17350 103
17400 103
17450 103
17500 103
17550 103
17600 103
17650 103
17700 96
17750 96
17800 96
17850 96
17900 96
17950 96
18000 96
18050 96
18100 96
18150 96
18200 96
18250 96
18300 96
18350 96
18400 96
18450 96
18500 96
18550 96
18600 96
18650 96
18700 96
18750 96
18800 96
18850 96
18900 96
18950 96
19000 96
19050 96
19100 96
19150 95
19200 95
19250 95
19300 95
19350 95
19400 95
19450 95
19500 95
19550 95
19600 95
19650 95
19700 95
19750 95
19800 95
19850 95
19900 95
19950 95
20000 95
20050 95
20100 95
20150 95
20200 95
20250 93
20300 93
20350 93
20400 93
20450 92
20500 92
20550 92
20600 92
20650 92
20700 92
20750 92
20800 92
20850 92
20900 92
20950 92
21000 92
21050 92
21100 92
21150 92
21200 92
21250 92
21300 92
21350 92
21400 92
21450 92
21500 92
21550 92
21600 92
21650 92
21700 92
21750 92
21800 92
21850 92
21900 92
21950 92
22000 92
22050 92
22100 92
22150 92
22200 92
22250 92
22300 92
22350 92
22400 92
22450 92
22500 92
22550 92
22600 92
22650 92
22700 92
22750 92
22800 92
22850 92
22900 92
22950 92
23000 92
23050 92
23100 92
23150 92
23200 92
23250 92
23300 92
23350 92
23400 92
23450 92
23500 92
23550 92
23600 92
23650 92
23700 92
23750 92
23800 92
23850 92
23900 92
23950 92
24000 92
24050 92
24100 92
24150 92
24200 92
24250 92
24300 92
24350 92
24400 92
24450 92
24500 92
24550 92
24600 92
24650 92
24700 92
24750 92
24800 92
24850 92
24900 92
24950 92
25000 92
25050 92
25100 92
25150 92
25200 92
25250 92
25300 92
25350 92
25400 92
25450 92
25500 92
25550 92
25600 92
25650 92
25700 92
25750 92
25800 92
25850 92
25900 92
25950 92
26000 92
26050 92
26100 92
26150 92
26200 92
26250 92
26300 92
26350 92
26400 92
26450 92
26500 92
26550 92
26600 92
26650 92
26700 92
26750 92
26800 92
26850 92
26900 92
26950 92
27000 92
27050 92
27100 92
27150 92
27200 92
27250 92
27300 92
27350 92
27400 92
27450 92
27500 92
27550 92
27600 92
27650 92
27700 92
27750 92
27800 92
27850 92
27900 92
27950 92
28000 92
28050 92
28100 92
28150 92
28200 92
28250 92
28300 92
28350 92
28400 92
28450 92
28500 92
28550 92
28600 92
28650 90
28700 90
28750 90
28800 90
28850 90
28900 90
28950 89
29000 89
29050 89
29100 89
29150 89
29200 89
29250 89
29300 89
29350 89
29400 89
29450 89
29500 89
29550 89
29600 89
29650 85
29700 85
29750 85
29800 85
29850 85
29900 85
29950 85
30000 85
30050 85
30100 85
30150 85
30200 85
30250 85
30300 85
30350 85
30400 85
30450 85
30500 85
30550 85
30600 85
30650 85
30700 85
30750 85
30800 85
30850 85
30900 85
30950 85
31000 85
31050 85
31100 85
31150 85
31200 85
31250 85
31300 85
31350 85
31400 85
31450 85
31500 85
31550 85
31600 85
31650 85
31700 85
31750 85
31800 85
31850 85
31900 85
31950 85
32000 85
32050 85
32100 85
32150 85
32200 85
32250 85
32300 85
32350 85
32400 85
32450 85
32500 85
32550 85
32600 85
32650 85
32700 85
32750 85
32800 85
32850 85
32900 85
32950 85
33000 85
33050 85
33100 85
33150 85
33200 85
33250 85
33300 85
33350 85
33400 85
33450 85
33500 85
33550 85
33600 85
33650 85
33700 85
33750 81
33800 81
33850 81
33900 81
33950 81
34000 81
34050 81
34100 81
34150 81
34200 81
34250 81
34300 81
34350 81
34400 81
34450 81
34500 81
34550 81
34600 81
34650 81
34700 81
34750 81
34800 81
34850 81
34900 80
34950 80
35000 80
35050 80
35100 80
35150 80
35200 80
35250 80
35300 80
35350 79
35400 79
35450 79
35500 79
35550 79
35600 79
35650 79
35700 79
35750 79
35800 79
35850 79
35900 79
35950 79
36000 79
36050 79
36100 79
36150 79
36200 79
36250 79
36300 79
36350 79
36400 79
36450 79
36500 79
36550 79
36600 79
36650 79
36700 79
36750 79
36800 79
36850 79
36900 79
36950 79
37000 79
37050 79
37100 79
37150 79
37200 79
37250 79
37300 79
37350 79
37400 79
37450 79
37500 79
37550 79
37600 79
37650 79
37700 79
37750 79
37800 79
37850 79
37900 79
37950 79
38000 79
38050 79
38100 79
38150 79
38200 79
38250 79
38300 79
38350 79
38400 79
38450 79
38500 79
38550 79
38600 79
38650 79
38700 79
38750 79
38800 79
38850 79
38900 79
38950 79
39000 79
39050 79
39100 79
39150 79
39200 79
39250 79
39300 79
39350 79
39400 79
39450 79
39500 79
39550 79
39600 79
39650 79
39700 79
39750 79
39800 79
39850 79
39900 79
39950 79
40000 79
40050 79
40100 79
40150 79
40200 79
40250 79
40300 79
40350 79
40400 79
40450 79
40500 79
40550 79
40600 79
40650 79
40700 79
40750 79
40800 79
40850 79
40900 79
40950 79
41000 79
41050 79
41100 79
41150 79
41200 79
41250 79
41300 79
41350 79
41400 79
41450 79
41500 79
41550 79
41600 79
41650 79
41700 79
41750 79
41800 79
41850 79
41900 79
41950 79
42000 79
42050 79
42100 79
42150 79
42200 79
42250 79
42300 79
42350 79
42400 79
42450 79
42500 79
42550 79
42600 79
42650 79
42700 79
42750 79
42800 79
42850 79
42900 79
42950 79
43000 79
43050 79
43100 79
43150 79
43200 79
43250 79
43300 79
43350 79
43400 79
43450 79
43500 79
43550 79
43600 79
43650 79
43700 79
43750 79
43800 79
43850 79
43900 79
43950 79
44000 79
44050 79
44100 79
44150 79
44200 79
44250 79
44300 79
44350 79
44400 79
44450 79
44500 79
44550 79
44600 79
44650 79
44700 79
44750 79
44800 79
44850 79
44900 79
44950 79
45000 79
45050 79
45100 79
45150 78
45200 78
45250 78
45300 78
45350 78
45400 78
45450 78
45500 78
45550 78
45600 78
45650 78
45700 78
45750 78
45800 78
45850 78
45900 78
45950 78
46000 78
46050 78
46100 78
46150 78
46200 78
46250 78
46300 78
46350 78
46400 78
46450 78
46500 78
46550 78
46600 78
46650 78
46700 78
46750 78
46800 78
46850 78
46900 78
46950 78
47000 78
47050 78
47100 78
47150 78
47200 78
47250 78
47300 78
47350 78
47400 78
47450 78
47500 78
47550 78
47600 78
47650 78
47700 78
47750 78
47800 78
47850 78
47900 78
47950 78
48000 78
48050 78
48100 78
48150 78
48200 78
48250 78
48300 78
48350 78
48400 78
48450 78
48500 78
48550 78
48600 78
48650 78
48700 78
48750 78
48800 78
48850 78
48900 78
48950 78
49000 78
49050 78
49100 78
49150 78
49200 78
49250 78
49300 78
49350 78
49400 78
49450 78
49500 78
49550 78
49600 78
49650 78
49700 78
49750 78
49800 78
49850 78
49900 78
49950 78
50000 78
50050 78
50100 78
50150 78
50200 78
50250 78
50300 78
50350 78
50400 78
50450 78
50500 78
50550 78
50600 78
50650 78
50700 78
50750 78
50800 78
50850 78
50900 78
50950 78
51000 78
51050 78
51100 78
51150 78
51200 78
51250 78
51300 78
51350 78
51400 78
51450 78
51500 78
51550 78
51600 78
51650 78
51700 78
51750 78
51800 78
51850 78
51900 78
51950 78
52000 78
52050 78
52100 78
52150 78
52200 78
52250 78
52300 78
52350 78
52400 78
52450 78
52500 78
52550 78
52600 78
52650 78
52700 78
52750 78
52800 78
52850 78
52900 78
52950 78
53000 78
53050 78
53100 78
53150 78
53200 78
53250 78
53300 78
53350 78
53400 78
53450 78
53500 78
53550 78
53600 78
53650 78
53700 78
53750 78
53800 78
53850 78
53900 78
53950 78
54000 78
54050 78
54100 78
54150 78
54200 78
54250 78
54300 78
54350 78
54400 78
54450 78
54500 78
54550 78
54600 78
54650 78
54700 78
54750 78
54800 78
54850 78
54900 78
54950 78
55000 78
55050 78
55100 78
55150 78
55200 78
55250 78
55300 78
55350 78
55400 78
55450 78
55500 78
55550 78
55600 78
55650 78
55700 78
55750 78
55800 78
55850 78
55900 78
55950 78
56000 78
56050 78
56100 78
56150 78
56200 78
56250 78
56300 78
56350 78
56400 78
56450 78
56500 78
56550 78
56600 78
56650 78
56700 78
56750 78
56800 78
56850 78
56900 78
56950 78
57000 78
57050 78
57100 78
57150 78
57200 78
57250 78
57300 78
57350 78
57400 78
57450 78
57500 78
57550 78
57600 78
57650 78
57700 78
57750 78
57800 78
57850 78
57900 78
57950 78
58000 78
58050 78
58100 78
58150 78
58200 78
58250 78
58300 78
58350 78
58400 78
58450 78
58500 78
58550 78
58600 78
58650 78
58700 78
58750 78
58800 78
58850 78
58900 78
58950 78
59000 78
59050 78
59100 78
59150 78
59200 78
59250 78
59300 78
59350 78
59400 78
59450 78
59500 78
59550 78
59600 78
59650 78
59700 78
59750 78
59800 78
59850 78
59900 78
59950 78
60000 78
60050 78
60100 78
60150 78
60200 78
60250 78
60300 78
60350 78
60400 78
60450 78
60500 78
60550 78
60600 78
60650 78
60700 78
60750 78
60800 78
60850 78
60900 78
60950 78
61000 78
61050 78
61100 78
61150 78
61200 78
61250 78
61300 78
61350 78
61400 78
61450 78
61500 78
61550 78
61600 78
61650 78
61700 78
61750 78
61800 78
61850 78
61900 78
61950 78
62000 78
62050 78
62100 78
62150 78
62200 78
62250 78
62300 78
62350 78
62400 78
62450 78
62500 78
62550 78
62600 78
62650 78
62700 78
62750 78
62800 78
62850 78
62900 78
62950 78
63000 78
63050 78
63100 78
63150 78
63200 78
63250 78
63300 78
63350 78
63400 78
63450 78
63500 78
63550 78
63600 78
63650 78
63700 78
63750 78
63800 78
63850 78
63900 78
63950 78
64000 78
64050 78
64100 78
64150 78
64200 78
64250 78
64300 78
64350 78
64400 78
64450 78
64500 78
64550 78
64600 78
64650 78
64700 78
64750 78
64800 78
64850 78
64900 78
64950 78
65000 78
65050 78
65100 78
65150 78
65200 78
65250 78
65300 78
65350 78
65400 78
65450 78
65500 78
65550 78
65600 78
65650 78
65700 78
65750 78
65800 78
65850 78
65900 78
65950 78
66000 78
66050 78
66100 78
66150 78
66200 78
66250 78
66300 78
66350 78
66400 78
66450 78
66500 78
66550 78
66600 78
66650 78
66700 78
66750 78
66800 78
66850 78
66900 130
66950 130
67000 130
67050 130
67100 130
67150 122
67200 115
67250 115
67300 115
67350 115
67400 115
67450 115
67500 115
67550 115
67600 115
67650 115
67700 115
67750 115
67800 115
67850 115
67900 111
67950 111
68000 111
68050 111
68100 111
68150 127
68200 127
68250 118
68300 118
68350 118
68400 118
68450 118
68500 118
68550 118
68600 118
68650 114
68700 114
68750 114
68800 114
68850 114
68900 114
68950 111
69000 111
69050 111
69100 110
69150 110
69200 110
69250 110
69300 110
69350 110
69400 104
69450 104
69500 104
69550 104
69600 104
69650 104
69700 100
69750 100
69800 100
69850 100
69900 100
69950 100
70000 100
70050 100
70100 100
70150 100
70200 100
70250 100
70300 100
70350 100
70400 100
70450 100
70500 100
70550 100
70600 100
70650 100
70700 100
70750 100
70800 100
70850 100
70900 100
70950 100
71000 100
71050 100
71100 100
71150 100
71200 100
71250 100
71300 100
71350 100
71400 100
71450 97
71500 97
71550 97
71600 97
71650 97
71700 97
71750 97
71800 97
71850 97
71900 97
71950 97
72000 97
72050 97
72100 97
72150 97
72200 97
72250 97
72300 97
72350 97
72400 97
72450 97
72500 97
72550 97
72600 97
72650 97
72700 97
72750 97
72800 97
72850 97
72900 97
72950 97
73000 97
73050 97
73100 97
73150 97
73200 97
73250 97
73300 97
73350 97
73400 97
73450 97
73500 97
73550 97
73600 97
73650 97
73700 97
73750 97
73800 97
73850 97
73900 97
73950 97
74000 97
74050 97
74100 97
74150 97
74200 97
74250 97
74300 97
74350 97
74400 97
74450 97
74500 97
74550 97
74600 97
74650 97
74700 97
74750 97
74800 97
74850 97
74900 97
74950 97
75000 97
75050 97
75100 97
75150 97
75200 97
75250 96
75300 96
75350 96
75400 91
75450 91
75500 91
75550 87
75600 87
75650 87
75700 85
75750 85
75800 85
75850 85
75900 85
75950 85
76000 85
76050 85
76100 85
76150 85
76200 85
76250 85
76300 85
76350 85
76400 85
76450 85
76500 85
76550 85
76600 85
76650 85
76700 85
76750 85
76800 85
76850 85
76900 85
76950 85
77000 85
77050 85
77100 85
77150 85
77200 85
77250 85
77300 85
77350 85
77400 85
77450 85
77500 85
77550 85
77600 85
77650 85
77700 85
77750 85
77800 85
77850 85
77900 85
77950 85
78000 85
78050 85
78100 85
78150 85
78200 85
78250 85
78300 85
78350 85
78400 85
78450 85
78500 85
78550 85
78600 85
78650 85
78700 85
78750 85
78800 85
78850 85
78900 85
78950 83
79000 83
79050 83
79100 83
79150 83
79200 83
79250 83
79300 83
79350 83
79400 83
79450 83
79500 83
79550 83
79600 83
79650 83
79700 83
79750 83
79800 83
79850 83
79900 83
79950 83
80000 83
80050 83
80100 83
80150 83
80200 83
80250 83
80300 83
80350 83
80400 83
80450 83
80500 83
80550 83
80600 83
80650 83
80700 83
80750 83
80800 83
80850 83
80900 83
80950 83
81000 83
81050 83
81100 83
81150 83
81200 83
81250 83
81300 83
81350 83
81400 83
81450 83
81500 83
81550 83
81600 83
81650 83
81700 83
81750 83
81800 83
81850 83
81900 83
81950 83
82000 83
82050 83
82100 83
82150 83
82200 83
82250 83
82300 83
82350 83
82400 83
82450 83
82500 83
82550 83
82600 83
82650 83
82700 83
82750 83
82800 83
82850 83
82900 83
82950 83
83000 83
83050 83
83100 83
83150 83
83200 83
83250 83
83300 83
83350 83
83400 83
83450 83
83500 83
83550 83
83600 83
83650 83
83700 83
83750 83
83800 83
83850 83
83900 83
83950 83
84000 83
84050 83
84100 83
84150 83
84200 83
84250 83
84300 83
84350 83
84400 83
84450 83
84500 83
84550 83
84600 83
84650 83
84700 83
84750 83
84800 83
84850 83
84900 83
84950 83
85000 83
85050 83
85100 83
85150 83
85200 83
85250 83
85300 83
85350 83
85400 83
85450 83
85500 83
85550 83
85600 83
85650 83
85700 83
85750 83
85800 83
85850 83
85900 83
85950 83
86000 83
86050 83
86100 83
86150 83
86200 83
86250 83
86300 83
86350 83
86400 83
86450 83
86500 83
86550 83
86600 83
86650 83
86700 83
86750 83
86800 83
86850 83
86900 83
86950 83
87000 83
87050 83
87100 83
87150 83
87200 83
87250 83
87300 83
87350 83
87400 83
87450 82
87500 82
87550 82
87600 82
87650 82
87700 82
87750 82
87800 82
87850 82
87900 82
87950 82
88000 82
88050 82
88100 82
88150 82
88200 82
88250 82
88300 82
88350 82
88400 82
88450 82
88500 82
88550 82
88600 82
88650 82
88700 82
88750 82
88800 82
88850 82
88900 82
88950 82
89000 82
89050 82
89100 82
89150 82
89200 82
89250 82
89300 82
89350 82
89400 82
89450 82
89500 82
89550 82
89600 82
89650 82
89700 82
89750 82
89800 82
89850 82
89900 82
89950 82
90000 82
90050 82
90100 82
90150 82
90200 82
90250 82
90300 82
90350 82
90400 82
90450 82
90500 82
90550 82
90600 82
90650 82
90700 82
90750 82
90800 82
90850 82
90900 82
90950 82
91000 82
91050 82
91100 82
91150 82
91200 82
91250 82
91300 82
91350 82
91400 82
91450 82
91500 82
91550 82
91600 82
91650 82
91700 82
91750 82
91800 82
91850 82
91900 82
91950 82
92000 82
92050 82
92100 82
92150 82
92200 82
92250 82
92300 82
92350 82
92400 82
92450 82
92500 82
92550 82
92600 82
92650 82
92700 82
92750 82
92800 82
92850 82
92900 82
92950 82
93000 82
93050 82
93100 82
93150 82
93200 82
93250 82
93300 82
93350 82
93400 82
93450 82
93500 82
93550 82
93600 82
93650 82
93700 82
93750 82
93800 82
93850 82
93900 82
93950 82
94000 82
94050 82
94100 82
94150 82
94200 82
94250 82
94300 82
94350 82
94400 82
94450 82
94500 82
94550 82
94600 82
94650 82
94700 82
94750 82
94800 82
94850 82
94900 82
94950 82
95000 82
95050 82
95100 82
95150 82
95200 82
95250 82
95300 82
95350 82
95400 82
95450 82
95500 82
95550 82
95600 82
95650 82
95700 82
95750 82
95800 82
95850 82
95900 82
95950 82
96000 82
96050 82
96100 82
96150 82
96200 82
96250 82
96300 82
96350 82
96400 82
96450 82
96500 82
96550 82
96600 82
96650 82
96700 82
96750 82
96800 82
96850 82
96900 82
96950 82
97000 82
97050 82
97100 82
97150 82
97200 82
97250 82
97300 82
97350 82
97400 82
97450 82
97500 82
97550 82
97600 82
97650 82
97700 82
97750 82
97800 82
97850 82
97900 82
97950 82
98000 82
98050 82
98100 82
98150 82
98200 82
98250 82
98300 82
98350 82
98400 82
98450 82
98500 82
98550 82
98600 82
98650 82
98700 82
98750 82
98800 82
98850 82
98900 82
98950 82
99000 82
99050 82
99100 82
99150 82
99200 82
99250 82
99300 82
99350 82
99400 82
99450 82
99500 82
99550 82
99600 82
99650 82
99700 82
99750 82
99800 82
99850 82
99900 82
99950 82
100000 82
