500 174
1000 154
1500 160
2000 142
2500 148
3000 159
3500 141
4000 157
4500 127
5000 133
5500 152
6000 160
6500 144
7000 156
7500 142
8000 146
8500 143
9000 162
9500 133
10000 137
10500 138
11000 133
11500 153
12000 149
12500 142
13000 126
13500 145
14000 144
14500 144
15000 137
15500 133
16000 146
16500 147
17000 143
17500 156
18000 152
18500 137
19000 135
19500 143
20000 139
20500 145
21000 159
21500 130
22000 118
22500 136
23000 152
23500 148
24000 130
24500 145
25000 138
25500 144
26000 139
26500 150
27000 135
27500 136
28000 149
28500 129
29000 135
29500 145
30000 153
30500 162
31000 150
31500 164
32000 159
32500 150
33000 123
33500 135
34000 132
34500 134
35000 167
35500 141
36000 140
36500 153
37000 134
37500 149
38000 125
38500 131
39000 152
39500 143
40000 144
40500 153
41000 137
41500 134
42000 144
42500 131
43000 155
43500 138
44000 140
44500 145
45000 146
45500 160
46000 135
46500 167
47000 153
47500 147
48000 146
48500 122
49000 116
49500 130
50000 138
50500 140
51000 149
51500 128
52000 123
52500 158
53000 129
53500 130
54000 137
54500 147
55000 142
55500 140
56000 136
56500 150
57000 140
57500 153
58000 135
58500 164
59000 145
59500 161
60000 145
60500 161
61000 139
61500 133
62000 153
62500 153
63000 159
63500 140
64000 137
64500 159
65000 132
65500 129
66000 157
66500 127
67000 137
67500 149
68000 147
68500 152
69000 145
69500 133
70000 154
70500 153
71000 170
71500 156
72000 137
72500 144
73000 152
73500 149
74000 155
74500 143
75000 127
75500 125
76000 148
76500 154
77000 151
77500 157
78000 142
78500 140
79000 130
79500 152
80000 119
80500 157
81000 129
81500 129
82000 150
82500 126
83000 139
83500 130
84000 142
84500 132
85000 132
85500 120
86000 154
86500 140
87000 147
87500 131
88000 148
88500 138
89000 128
89500 146
90000 136
90500 141
91000 142
91500 132
92000 137
92500 136
93000 152
93500 146
94000 132
94500 132
95000 122
95500 130
96000 140
96500 150
97000 140
97500 138
98000 151
98500 131
99000 133
99500 121
100000 134
100500 151
101000 122
101500 143
102000 159
102500 109
103000 128
103500 143
104000 119
104500 132
105000 149
105500 129
106000 146
106500 166
107000 132
107500 142
108000 132
108500 117
109000 131
109500 127
110000 146
110500 133
111000 126
111500 124
112000 130
112500 145
113000 135
113500 136
114000 126
114500 142
115000 128
115500 136
116000 123
116500 136
117000 143
117500 110
118000 139
118500 130
119000 147
119500 159
120000 133
120500 124
121000 139
121500 132
122000 133
122500 137
123000 154
123500 131
124000 110
124500 137
125000 149
125500 127
126000 161
126500 131
127000 126
127500 130
128000 125
128500 139
129000 158
129500 143
130000 129
130500 131
131000 122
131500 163
132000 137
132500 139
133000 120
133500 131
134000 157
134500 132
135000 139
135500 143
136000 134
136500 149
137000 113
137500 162
138000 126
138500 138
139000 140
139500 117
140000 131
140500 127
141000 136
141500 134
142000 140
142500 137
143000 128
143500 152
144000 129
144500 123
145000 123
145500 122
146000 136
146500 131
147000 115
147500 128
148000 116
148500 130
149000 131
149500 131
150000 130
150500 124
151000 132
151500 119
152000 142
152500 129
153000 125
153500 134
154000 128
154500 119
155000 147
155500 104
156000 140
156500 129
157000 142
157500 135
158000 122
158500 157
159000 134
159500 126
160000 107
160500 168
161000 133
161500 130
162000 119
162500 130
163000 127
163500 137
164000 115
164500 110
165000 113
165500 119
166000 131
166500 132
167000 123
167500 130
168000 125
168500 116
169000 108
169500 144
170000 127
170500 124
171000 137
171500 110
172000 139
172500 112
173000 136
173500 115
174000 111
174500 134
175000 119
175500 121
176000 126
176500 110
177000 103
177500 120
178000 113
178500 115
179000 121
179500 114
180000 136
180500 146
181000 122
181500 114
182000 129
182500 121
183000 145
183500 110
184000 145
184500 115
185000 117
185500 111
186000 118
186500 96
187000 126
187500 105
188000 116
188500 139
189000 105
189500 136
190000 118
190500 108
191000 119
191500 110
192000 113
192500 121
193000 115
193500 111
194000 115
194500 135
195000 110
195500 120
196000 107
196500 125
197000 125
197500 122
198000 117
198500 108
199000 96
199500 127
200000 113
200500 116
201000 102
201500 121
202000 119
202500 139
203000 105
203500 106
204000 109
204500 123
205000 96
205500 106
206000 109
206500 139
207000 125
207500 123
208000 114
208500 111
209000 113
209500 125
210000 112
210500 121
211000 132
211500 108
212000 121
212500 114
213000 125
213500 86
214000 114
214500 123
215000 110
215500 95
216000 120
216500 93
217000 122
217500 106
218000 102
218500 130
219000 84
219500 105
220000 106
220500 139
221000 116
221500 102
222000 121
222500 117
223000 118
223500 122
224000 135
224500 107
225000 114
225500 100
226000 120
226500 97
227000 99
227500 129
228000 107
228500 104
229000 155
229500 109
230000 95
230500 117
231000 121
231500 98
232000 134
232500 111
233000 111
233500 98
234000 84
234500 106
235000 84
235500 111
236000 96
236500 118
237000 116
237500 104
238000 107
238500 81
239000 104
239500 117
240000 93
240500 96
241000 110
241500 93
242000 82
242500 96
243000 101
243500 122
244000 133
244500 129
245000 91
245500 110
246000 74
246500 91
247000 90
247500 84
248000 90
248500 90
249000 101
249500 88
250000 97
250500 119
251000 106
251500 102
252000 106
252500 78
253000 99
253500 97
254000 84
254500 87
255000 88
255500 94
256000 114
256500 96
257000 82
257500 102
258000 90
258500 92
259000 86
259500 81
260000 106
260500 86
261000 93
261500 110
262000 92
262500 94
263000 120
263500 94
264000 98
264500 114
265000 85
265500 89
266000 82
266500 127
267000 93
267500 83
268000 107
268500 84
269000 77
269500 95
270000 89
270500 109
271000 77
271500 79
272000 80
272500 83
273000 83
273500 83
274000 82
274500 82
275000 88
275500 78
276000 85
276500 85
277000 92
277500 93
278000 70
278500 74
279000 108
279500 118
280000 90
280500 82
281000 88
281500 91
282000 83
282500 139
283000 78
283500 77
284000 97
284500 98
285000 93
285500 130
286000 80
286500 89
287000 88
287500 87
288000 91
288500 74
289000 74
289500 81
290000 84
290500 89
291000 81
291500 95
292000 83
292500 79
293000 68
293500 75
294000 68
294500 89
295000 96
295500 71
296000 74
296500 72
297000 70
297500 75
298000 128
298500 126
299000 80
299500 75
300000 74
300500 68
301000 69
301500 70
302000 70
302500 73
303000 77
303500 79
304000 72
304500 73
305000 70
305500 67
306000 67
306500 67
307000 70
307500 68
308000 68
308500 73
309000 68
309500 68
310000 68
310500 77
311000 71
311500 69
312000 69
312500 68
313000 68
313500 77
314000 70
314500 70
315000 78
315500 71
316000 70
316500 73
317000 70
317500 69
318000 70
318500 68
319000 69
319500 69
320000 71
320500 67
321000 67
321500 67
322000 67
322500 68
323000 75
323500 72
324000 71
324500 71
325000 68
325500 68
326000 69
326500 68
327000 68
327500 69
328000 69
328500 69
329000 69
329500 70
330000 70
330500 69
331000 70
331500 69
332000 69
332500 69
333000 70
333500 71
334000 69
334500 69
335000 69
335500 69
336000 69
336500 69
337000 70
337500 69
338000 69
338500 69
339000 69
339500 70
340000 71
340500 70
341000 70
341500 70
342000 67
342500 67
343000 67
343500 68
344000 67
344500 67
345000 67
345500 67
346000 67
346500 67
347000 67
347500 67
348000 67
348500 67
349000 68
349500 68
350000 68
350500 68
351000 68
351500 69
352000 68
352500 68
353000 67
353500 67
354000 67
354500 67
355000 69
355500 69
356000 68
356500 69
357000 68
357500 70
358000 69
358500 68
359000 69
359500 69
360000 69
360500 70
361000 68
361500 68
362000 69
362500 68
363000 68
363500 68
364000 68
364500 68
365000 68
365500 68
366000 68
366500 68
367000 67
367500 68
368000 68
368500 68
369000 68
369500 68
370000 68
370500 69
371000 68
371500 68
372000 68
372500 68
373000 67
373500 67
374000 67
374500 67
375000 67
375500 67
376000 67
376500 67
377000 67
377500 67
378000 67
378500 67
379000 67
379500 67
380000 67
380500 67
381000 67
381500 68
382000 67
382500 68
383000 68
383500 67
384000 67
384500 67
385000 67
385500 67
386000 67
386500 67
387000 67
387500 67
388000 67
388500 67
389000 67
389500 67
390000 67
390500 67
391000 67
391500 67
392000 67
392500 67
393000 67
393500 67
394000 67
394500 67
395000 67
395500 67
396000 67
396500 67
397000 67
397500 67
398000 67
398500 67
399000 67
399500 67
400000 67
400500 67
401000 67
401500 67
402000 67
402500 67
403000 67
403500 67
404000 67
404500 67
405000 67
405500 67
406000 67
406500 67
407000 67
407500 67
408000 67
408500 67
409000 67
409500 67
410000 67
410500 67
411000 67
411500 67
412000 67
412500 67
413000 67
413500 67
414000 67
414500 67
415000 67
415500 67
416000 67
416500 67
417000 67
417500 67
418000 67
418500 67
419000 67
419500 67
420000 67
420500 67
421000 67
421500 67
422000 67
422500 67
423000 67
423500 67
424000 67
424500 67
425000 67
425500 67
426000 67
426500 67
427000 67
427500 67
428000 67
428500 67
429000 67
429500 67
430000 67
430500 67
431000 67
431500 67
432000 67
432500 67
433000 67
433500 67
434000 67
434500 67
435000 67
435500 67
436000 67
436500 67
437000 67
437500 67
438000 67
438500 67
439000 67
439500 67
440000 67
440500 67
441000 67
441500 67
442000 67
442500 67
443000 67
443500 67
444000 67
444500 67
445000 67
445500 67
446000 67
446500 67
447000 67
447500 67
448000 67
448500 67
449000 67
449500 67
450000 67
450500 67
451000 67
451500 67
452000 67
452500 67
453000 67
453500 67
454000 67
454500 67
455000 67
455500 67
456000 67
456500 67
457000 67
457500 67
458000 67
458500 67
459000 67
459500 67
460000 67
460500 67
461000 67
461500 67
462000 67
462500 67
463000 67
463500 67
464000 67
464500 67
465000 67
465500 67
466000 67
466500 67
467000 67
467500 67
468000 67
468500 67
469000 67
469500 67
470000 67
470500 67
471000 67
471500 67
472000 67
472500 67
473000 67
473500 67
474000 67
474500 67
475000 67
475500 67
476000 67
476500 67
477000 67
477500 67
478000 67
478500 67
479000 67
479500 67
480000 67
480500 67
481000 67
481500 67
482000 67
482500 67
483000 67
483500 67
484000 67
484500 67
485000 67
485500 67
486000 67
486500 67
487000 67
487500 67
488000 67
488500 67
489000 67
489500 67
490000 67
490500 67
491000 67
491500 67
492000 67
492500 67
493000 67
493500 67
494000 67
494500 67
495000 67
495500 67
496000 67
496500 67
497000 67
497500 67
498000 67
498500 67
499000 67
499500 67
500000 67
500500 67
501000 67
501500 67
502000 67
502500 67
503000 67
503500 67
504000 67
504500 67
505000 67
505500 67
506000 67
506500 67
507000 67
507500 67
508000 67
508500 67
509000 67
509500 67
510000 67
510500 67
511000 67
511500 67
512000 67
512500 67
513000 67
513500 67
514000 67
514500 67
515000 67
515500 67
516000 67
516500 67
517000 67
517500 67
518000 67
518500 67
519000 67
519500 67
520000 67
520500 67
521000 67
521500 67
522000 67
522500 67
523000 67
523500 67
524000 67
524500 67
525000 67
525500 67
526000 67
526500 67
527000 67
527500 67
528000 67
528500 67
529000 67
529500 67
530000 67
530500 67
531000 67
531500 67
532000 67
532500 67
533000 67
533500 67
534000 67
534500 67
535000 67
535500 67
536000 67
536500 67
537000 67
537500 67
538000 67
538500 67
539000 67
539500 67
540000 67
540500 67
541000 67
541500 67
542000 67
542500 67
543000 67
543500 67
544000 67
544500 67
545000 67
545500 67
546000 67
546500 67
547000 67
547500 67
548000 67
548500 67
549000 67
549500 67
550000 67
550500 67
551000 67
551500 67
552000 67
552500 67
553000 67
553500 67
554000 67
554500 67
555000 67
555500 67
556000 67
556500 67
557000 67
557500 67
558000 67
558500 67
559000 67
559500 67
560000 67
560500 67
561000 67
561500 67
562000 67
562500 67
563000 67
563500 67
564000 67
564500 67
565000 67
565500 67
566000 67
566500 67
567000 67
567500 67
568000 67
568500 67
569000 67
569500 67
570000 67
570500 67
571000 67
571500 67
572000 67
572500 67
573000 67
573500 67
574000 67
574500 67
575000 67
575500 67
576000 67
576500 67
577000 67
577500 67
578000 67
578500 67
579000 67
579500 67
580000 67
580500 67
581000 67
581500 67
582000 67
582500 67
583000 67
583500 67
584000 67
584500 67
585000 67
585500 67
586000 67
586500 67
587000 67
587500 67
588000 67
588500 67
589000 67
589500 67
590000 67
590500 67
591000 67
591500 67
592000 67
592500 67
593000 67
593500 67
594000 67
594500 67
595000 67
595500 67
596000 67
596500 67
597000 67
597500 67
598000 67
598500 67
599000 67
599500 67
600000 67
600500 67
601000 67
601500 67
602000 67
602500 67
603000 67
603500 67
604000 67
604500 67
605000 67
605500 67
606000 67
606500 67
607000 67
607500 67
608000 67
608500 67
609000 67
609500 67
610000 67
610500 67
611000 67
611500 67
612000 67
612500 67
613000 67
613500 67
614000 67
614500 67
615000 67
615500 67
616000 67
616500 67
617000 67
617500 67
618000 67
618500 67
619000 67
619500 67
620000 67
620500 67
621000 67
621500 67
622000 67
622500 67
623000 67
623500 67
624000 67
624500 67
625000 67
625500 67
626000 67
626500 67
627000 67
627500 67
628000 67
628500 67
629000 67
629500 67
630000 67
630500 67
631000 67
631500 67
632000 67
632500 67
633000 67
633500 67
634000 67
634500 67
635000 67
635500 67
636000 67
636500 67
637000 67
637500 67
638000 67
638500 67
639000 67
639500 67
640000 67
640500 67
641000 67
641500 67
642000 67
642500 67
643000 67
643500 67
644000 67
644500 67
645000 67
645500 67
646000 67
646500 67
647000 67
647500 67
648000 67
648500 67
649000 67
649500 67
650000 67
650500 67
651000 67
651500 67
652000 67
652500 67
653000 67
653500 67
654000 67
654500 67
655000 67
655500 67
656000 67
656500 67
657000 67
657500 67
658000 67
658500 67
659000 67
659500 67
660000 67
