200 148
400 146
600 148
800 145
1000 122
1200 154
1400 147
1600 160
1800 172
2000 146
2200 141
2400 152
2600 159
2800 154
3000 137
3200 152
3400 150
3600 152
3800 156
4000 144
4200 172
4400 160
4600 142
4800 171
5000 149
5200 151
5400 149
5600 144
5800 120
6000 161
6200 147
6400 142
6600 128
6800 137
7000 145
7200 161
7400 148
7600 166
7800 141
8000 143
8200 149
8400 141
8600 145
8800 157
9000 147
9200 148
9400 152
9600 171
9800 152
10000 153
10200 156
10400 137
10600 149
10800 150
11000 154
11200 134
11400 141
11600 128
11800 150
12000 149
12200 128
12400 142
12600 158
12800 145
13000 141
13200 162
13400 154
13600 152
13800 146
14000 158
14200 145
14400 178
14600 134
14800 157
15000 145
15200 147
15400 177
15600 138
15800 157
16000 153
16200 151
16400 162
16600 157
16800 158
17000 148
17200 160
17400 144
17600 152
17800 133
18000 154
18200 166
18400 163
18600 169
18800 155
19000 142
19200 146
19400 152
19600 132
19800 163
20000 145
20200 163
20400 145
20600 150
20800 147
21000 154
21200 167
21400 143
21600 153
21800 143
22000 141
22200 120
22400 168
22600 145
22800 130
23000 166
23200 153
23400 160
23600 141
23800 164
24000 149
24200 130
24400 136
24600 159
24800 147
25000 154
25200 131
25400 142
25600 139
25800 151
26000 145
26200 159
26400 141
26600 147
26800 174
27000 156
27200 154
27400 159
27600 133
27800 136
28000 168
28200 157
28400 164
28600 144
28800 153
29000 159
29200 151
29400 169
29600 145
29800 165
30000 145
30200 171
30400 148
30600 146
30800 150
31000 159
31200 151
31400 149
31600 162
31800 154
32000 162
32200 165
32400 157
32600 160
32800 134
33000 148
33200 141
33400 154
33600 156
33800 145
34000 157
34200 162
34400 155
34600 151
34800 165
35000 158
35200 139
35400 160
35600 150
35800 150
36000 164
36200 160
36400 154
36600 150
36800 142
37000 142
37200 158
37400 141
37600 144
37800 151
38000 153
38200 138
38400 174
38600 158
38800 160
39000 137
39200 169
39400 134
39600 156
39800 168
40000 164
40200 151
40400 145
40600 156
40800 131
41000 152
41200 138
41400 135
41600 134
41800 124
42000 148
42200 142
42400 160
42600 137
42800 172
43000 165
43200 137
43400 142
43600 154
43800 148
44000 179
44200 145
44400 158
44600 161
44800 154
45000 141
45200 169
45400 153
45600 167
45800 162
46000 131
46200 137
46400 149
46600 135
46800 152
47000 162
47200 159
47400 160
47600 128
47800 135
48000 147
48200 166
48400 153
48600 142
48800 166
49000 170
49200 135
49400 148
49600 162
49800 158
50000 136
50200 156
50400 133
50600 143
50800 147
51000 157
51200 164
51400 131
51600 165
51800 171
52000 172
52200 148
52400 151
52600 141
52800 150
53000 141
53200 138
53400 150
53600 149
53800 158
54000 152
54200 168
54400 140
54600 170
54800 133
55000 170
55200 155
55400 138
55600 147
55800 134
56000 153
56200 159
56400 160
56600 155
56800 154
57000 131
57200 144
57400 135
57600 156
57800 147
58000 159
58200 163
58400 163
58600 155
58800 150
59000 132
59200 134
59400 153
59600 145
59800 151
60000 135
60200 144
60400 148
60600 178
60800 153
61000 143
61200 156
61400 148
61600 133
61800 160
62000 160
62200 162
62400 150
62600 134
62800 146
63000 156
63200 144
63400 159
63600 157
63800 150
64000 145
64200 149
64400 163
64600 150
64800 156
65000 163
65200 168
65400 141
65600 155
65800 147
66000 164
66200 148
66400 164
66600 134
66800 153
67000 152
67200 154
67400 150
67600 155
67800 161
68000 148
68200 152
68400 141
68600 158
68800 155
69000 135
69200 151
69400 158
69600 151
69800 165
70000 152
70200 164
70400 155
70600 147
70800 166
71000 141
71200 141
71400 153
71600 152
71800 141
72000 157
72200 157
72400 140
72600 153
72800 146
73000 169
73200 159
73400 140
73600 149
73800 153
74000 136
74200 165
74400 143
74600 156
74800 139
75000 137
75200 160
75400 159
75600 145
75800 143
76000 151
76200 151
76400 152
76600 160
76800 138
77000 160
77200 150
77400 170
77600 144
77800 149
78000 149
78200 159
78400 169
78600 147
78800 154
79000 132
79200 152
79400 155
79600 141
79800 148
80000 158
80200 137
80400 154
80600 152
80800 160
81000 147
81200 116
81400 153
81600 121
81800 165
82000 149
82200 147
82400 142
82600 166
82800 153
83000 165
83200 149
83400 157
83600 153
83800 152
84000 146
84200 150
84400 139
84600 152
84800 156
85000 140
85200 157
85400 170
85600 148
85800 155
86000 143
86200 167
86400 140
86600 134
86800 158
87000 163
87200 154
87400 166
87600 160
87800 136
88000 163
88200 148
88400 163
88600 153
88800 131
89000 148
89200 146
89400 129
89600 144
89800 128
90000 148
90200 157
90400 154
90600 131
90800 157
91000 141
91200 163
91400 154
91600 154
91800 151
92000 159
92200 145
92400 153
92600 131
92800 148
93000 154
93200 160
93400 152
93600 153
93800 152
94000 163
94200 154
94400 127
94600 155
94800 147
95000 167
95200 150
95400 150
95600 154
95800 163
96000 153
96200 127
96400 159
96600 158
96800 152
97000 165
97200 156
97400 146
97600 140
97800 145
98000 160
98200 135
98400 165
98600 162
98800 158
99000 141
99200 160
99400 141
99600 162
99800 162
100000 147
100200 148
100400 162
100600 162
100800 142
101000 152
101200 149
101400 147
101600 142
101800 151
102000 174
102200 144
102400 158
102600 162
102800 164
103000 152
103200 138
103400 151
103600 140
103800 162
104000 133
104200 153
104400 154
104600 146
104800 130
105000 141
105200 147
105400 153
105600 155
105800 156
106000 132
106200 133
106400 172
106600 154
106800 170
107000 157
107200 165
107400 151
107600 133
107800 160
108000 157
108200 155
108400 144
108600 133
108800 158
109000 143
109200 150
109400 139
109600 142
109800 152
110000 129
110200 135
110400 160
110600 153
110800 162
111000 156
111200 140
111400 137
111600 140
111800 150
112000 160
112200 160
112400 144
112600 138
112800 155
113000 145
113200 148
113400 148
113600 152
113800 146
114000 166
114200 159
114400 149
114600 158
114800 160
115000 154
115200 152
115400 149
115600 144
115800 134
116000 142
116200 137
116400 143
116600 144
116800 151
117000 145
117200 143
117400 149
117600 151
117800 154
118000 177
118200 158
118400 146
118600 147
118800 147
119000 167
119200 157
119400 166
119600 146
119800 150
120000 160
120200 150
120400 144
120600 147
120800 148
121000 149
121200 163
121400 141
121600 147
121800 143
122000 146
122200 143
122400 140
122600 162
122800 148
123000 139
123200 160
123400 156
123600 155
123800 161
124000 153
124200 144
124400 142
124600 142
124800 159
125000 146
125200 170
125400 152
125600 134
125800 155
126000 152
126200 138
126400 141
126600 149
126800 154
127000 150
127200 162
127400 148
127600 150
127800 146
128000 155
128200 138
128400 148
128600 148
128800 151
129000 146
129200 147
129400 147
129600 155
129800 146
130000 163
130200 146
130400 148
130600 153
130800 157
131000 155
131200 143
131400 135
131600 164
131800 144
132000 130
132200 140
132400 154
132600 155
132800 158
133000 155
133200 155
133400 148
133600 180
133800 151
134000 170
134200 151
134400 145
134600 146
134800 153
135000 164
135200 159
135400 153
135600 141
135800 159
136000 156
136200 172
136400 159
136600 136
136800 151
137000 154
137200 134
137400 131
137600 156
137800 140
138000 133
138200 146
138400 149
138600 154
138800 152
139000 161
139200 164
139400 165
139600 130
139800 151
140000 152
140200 161
140400 157
140600 139
140800 138
141000 152
141200 147
141400 140
141600 152
141800 156
142000 165
142200 166
142400 152
142600 144
142800 150
143000 151
143200 149
143400 144
143600 153
143800 146
144000 138
144200 141
144400 161
144600 164
144800 155
145000 156
145200 142
145400 158
145600 150
145800 165
146000 155
146200 139
146400 130
146600 142
146800 171
147000 156
147200 155
147400 130
147600 143
147800 161
148000 157
148200 163
148400 164
148600 156
148800 136
149000 144
149200 145
149400 160
149600 146
149800 151
150000 135
150200 150
150400 153
150600 142
150800 143
151000 161
151200 147
151400 141
151600 131
151800 164
152000 147
152200 150
152400 131
152600 162
152800 168
153000 141
153200 165
153400 159
153600 152
153800 162
154000 143
154200 141
154400 141
154600 155
154800 150
155000 135
155200 160
155400 158
155600 162
155800 133
156000 165
156200 140
156400 144
156600 128
156800 135
157000 134
157200 155
157400 141
157600 140
157800 140
158000 140
158200 137
158400 168
158600 150
158800 158
159000 140
159200 141
159400 152
159600 156
159800 164
160000 159
160200 142
160400 143
160600 149
160800 146
161000 142
161200 168
161400 154
161600 166
161800 153
162000 138
162200 152
162400 175
162600 145
162800 160
163000 162
163200 152
163400 139
163600 152
163800 151
164000 151
164200 152
164400 144
164600 140
164800 146
165000 132
165200 154
165400 143
165600 120
165800 143
166000 157
166200 143
166400 163
166600 169
166800 145
167000 109
167200 169
167400 152
167600 152
167800 155
168000 153
168200 139
168400 158
168600 153
168800 153
169000 136
169200 140
169400 153
169600 147
169800 138
170000 154
170200 158
170400 153
170600 161
170800 151
171000 136
171200 156
171400 150
171600 151
171800 144
172000 154
172200 169
172400 160
172600 152
172800 156
173000 158
173200 162
173400 156
173600 160
173800 142
174000 144
174200 148
174400 133
174600 137
174800 151
175000 117
175200 160
175400 136
175600 140
175800 163
176000 150
176200 162
176400 125
176600 137
176800 148
177000 147
177200 136
177400 148
177600 154
177800 154
178000 151
178200 153
178400 151
178600 154
178800 156
179000 154
179200 178
179400 145
179600 137
179800 148
180000 147
180200 134
180400 146
180600 160
180800 139
181000 156
181200 165
181400 143
181600 147
181800 137
182000 136
182200 119
182400 138
182600 157
182800 154
183000 149
183200 151
183400 164
183600 141
183800 144
184000 129
184200 153
184400 153
184600 156
184800 152
185000 165
185200 157
185400 145
185600 137
185800 156
186000 155
186200 134
186400 128
186600 146
186800 142
187000 159
187200 143
187400 160
187600 139
187800 148
188000 164
188200 156
188400 132
188600 150
188800 152
189000 160
189200 165
189400 137
189600 152
189800 144
190000 139
190200 136
190400 152
190600 150
190800 134
191000 161
191200 144
191400 140
191600 154
191800 144
192000 150
192200 141
192400 149
192600 145
192800 153
193000 139
193200 149
193400 149
193600 149
193800 165
194000 148
194200 142
194400 148
194600 139
194800 151
195000 122
195200 156
195400 157
195600 146
195800 138
196000 154
196200 151
196400 150
196600 129
196800 162
197000 152
197200 153
197400 162
197600 140
197800 154
198000 141
198200 144
198400 131
198600 149
198800 160
199000 165
199200 151
199400 149
199600 155
199800 160
200000 143
200200 157
200400 155
200600 140
200800 149
201000 145
201200 144
201400 153
201600 141
201800 155
202000 174
202200 152
202400 154
202600 162
202800 135
203000 142
203200 158
203400 155
203600 172
203800 153
204000 157
204200 168
204400 151
204600 124
204800 159
205000 151
205200 170
205400 165
205600 155
205800 132
206000 140
206200 149
206400 157
206600 157
206800 154
207000 168
207200 164
207400 151
207600 147
207800 155
208000 145
208200 136
208400 160
208600 147
208800 167
209000 151
209200 157
209400 137
209600 142
209800 145
210000 159
210200 143
210400 131
210600 151
210800 150
211000 150
211200 157
211400 166
211600 159
211800 150
212000 163
212200 154
212400 153
212600 148
212800 151
213000 148
213200 147
213400 150
213600 143
213800 156
214000 160
214200 160
214400 176
214600 137
214800 148
215000 134
215200 146
215400 156
215600 157
215800 166
216000 150
216200 153
216400 136
216600 166
216800 154
217000 144
217200 151
217400 161
217600 136
217800 124
218000 151
218200 153
218400 160
218600 153
218800 153
219000 148
219200 143
219400 159
219600 130
219800 133
220000 136
220200 169
220400 165
220600 137
220800 154
221000 149
221200 146
221400 162
221600 158
221800 157
222000 160
222200 151
222400 146
222600 180
222800 143
223000 158
223200 130
223400 133
223600 154
223800 146
224000 156
224200 149
224400 147
224600 150
224800 129
225000 144
225200 154
225400 149
225600 169
225800 161
226000 150
226200 162
226400 133
226600 142
226800 151
227000 150
227200 142
227400 150
227600 145
227800 163
228000 133
228200 150
228400 152
228600 162
228800 147
229000 161
229200 172
229400 144
229600 140
229800 166
230000 141
230200 156
230400 158
230600 156
230800 163
231000 153
231200 156
231400 159
231600 150
231800 150
232000 136
232200 157
232400 143
232600 143
232800 157
233000 164
233200 176
233400 150
233600 148
233800 151
234000 145
234200 154
234400 159
234600 145
234800 170
235000 160
235200 160
235400 156
235600 157
235800 145
236000 138
236200 165
236400 152
236600 145
236800 167
237000 164
237200 150
237400 145
237600 138
237800 168
238000 164
238200 142
238400 138
238600 152
238800 134
239000 147
239200 147
239400 136
239600 143
239800 151
240000 145
240200 151
240400 159
240600 152
240800 146
241000 179
241200 152
241400 155
241600 152
241800 147
242000 139
242200 150
242400 133
242600 153
242800 164
243000 166
243200 158
243400 141
243600 162
243800 149
244000 137
244200 145
244400 159
244600 149
244800 121
245000 146
245200 169
245400 152
245600 152
245800 169
246000 152
246200 140
246400 165
246600 145
246800 147
247000 143
247200 145
247400 165
247600 155
247800 148
248000 149
248200 157
248400 136
248600 152
248800 171
249000 143
249200 145
249400 164
249600 134
249800 140
250000 128
250200 164
250400 146
250600 153
250800 150
251000 144
251200 150
251400 156
251600 148
251800 169
252000 141
252200 173
252400 141
252600 159
252800 147
253000 146
253200 142
253400 156
253600 155
253800 142
254000 149
254200 160
254400 124
254600 151
254800 140
255000 154
255200 158
255400 178
255600 138
255800 141
256000 145
256200 145
256400 159
256600 135
256800 143
257000 157
257200 160
257400 155
257600 140
257800 139
258000 141
258200 167
258400 160
258600 156
258800 149
259000 145
259200 178
259400 153
259600 134
259800 153
260000 153
260200 119
260400 148
260600 162
260800 146
261000 158
261200 143
261400 146
261600 153
261800 155
262000 131
262200 138
262400 158
262600 151
262800 159
263000 173
263200 154
263400 132
263600 150
263800 148
264000 148
264200 140
264400 151
264600 152
264800 126
265000 133
265200 152
265400 153
265600 158
265800 142
266000 149
266200 150
266400 142
266600 152
266800 163
267000 142
267200 159
267400 140
267600 151
267800 142
268000 173
268200 128
268400 155
268600 162
268800 160
269000 147
269200 137
269400 171
269600 149
269800 162
270000 155
270200 152
270400 147
270600 151
270800 136
271000 134
271200 161
271400 160
271600 172
271800 164
272000 156
272200 182
272400 147
272600 155
272800 146
273000 130
273200 148
273400 139
273600 135
273800 146
274000 145
274200 155
274400 142
274600 153
274800 161
275000 145
275200 158
275400 140
275600 151
275800 166
276000 144
276200 147
276400 159
276600 143
276800 143
277000 174
277200 152
277400 151
277600 150
277800 146
278000 143
278200 165
278400 127
278600 150
278800 164
279000 150
279200 153
279400 152
279600 153
279800 151
280000 149
280200 137
280400 175
280600 134
280800 145
281000 138
281200 155
281400 152
281600 159
281800 151
282000 143
282200 153
282400 157
282600 145
282800 147
283000 166
283200 139
283400 154
283600 148
283800 142
284000 163
284200 140
284400 156
284600 145
284800 150
285000 159
285200 140
285400 133
285600 121
285800 148
286000 138
286200 159
286400 142
286600 144
286800 149
287000 136
287200 160
287400 142
287600 138
287800 157
288000 137
288200 160
288400 157
288600 174
288800 142
289000 137
289200 154
289400 160
289600 176
289800 164
290000 159
290200 155
290400 126
290600 161
290800 128
291000 154
291200 149
291400 147
291600 151
291800 143
292000 171
292200 144
292400 154
292600 157
292800 144
293000 155
293200 144
293400 156
293600 152
293800 139
294000 148
294200 127
294400 146
294600 159
294800 156
295000 166
295200 144
295400 153
295600 156
295800 142
296000 144
296200 151
296400 160
296600 161
296800 149
297000 138
297200 165
297400 168
297600 168
297800 119
298000 155
298200 156
298400 146
298600 145
298800 176
299000 169
299200 129
299400 152
299600 159
299800 160
300000 159
300200 164
300400 153
300600 146
300800 138
301000 152
301200 157
301400 140
301600 133
301800 157
302000 159
302200 130
302400 146
302600 163
302800 150
303000 138
303200 158
303400 149
303600 154
303800 139
304000 163
304200 161
304400 149
304600 182
304800 155
305000 139
305200 156
305400 156
305600 145
305800 133
306000 140
306200 152
306400 158
306600 137
306800 173
307000 155
307200 150
307400 149
307600 154
307800 144
308000 167
308200 160
308400 145
308600 155
308800 140
309000 122
309200 158
309400 159
309600 147
309800 140
310000 165
310200 130
310400 126
310600 161
310800 161
311000 143
311200 170
311400 132
311600 152
311800 165
312000 153
312200 131
312400 158
312600 162
312800 146
313000 169
313200 130
313400 160
313600 156
313800 177
314000 163
314200 154
314400 148
314600 149
314800 150
315000 133
315200 149
315400 156
315600 156
315800 141
316000 160
316200 156
316400 147
316600 149
316800 164
317000 154
317200 164
317400 139
317600 137
317800 147
318000 150
318200 165
318400 146
318600 163
318800 155
319000 153
319200 150
319400 146
319600 146
319800 151
320000 150
320200 143
320400 135
320600 162
320800 128
321000 168
321200 128
321400 162
321600 146
321800 151
322000 143
322200 181
322400 158
322600 174
322800 151
323000 168
323200 152
323400 147
323600 143
323800 144
324000 134
324200 151
324400 152
324600 171
324800 162
325000 144
325200 155
325400 149
325600 154
325800 150
326000 159
326200 156
326400 151
326600 144
326800 145
327000 156
327200 147
327400 153
327600 148
327800 154
328000 149
328200 156
328400 169
328600 155
328800 161
329000 149
329200 163
329400 159
329600 159
329800 139
330000 148
330200 144
330400 159
330600 135
330800 147
331000 150
331200 145
331400 150
331600 156
331800 149
332000 147
332200 151
332400 139
332600 158
332800 161
333000 159
333200 128
333400 150
333600 155
333800 132
334000 148
334200 142
334400 155
334600 162
334800 160
335000 150
335200 142
335400 154
335600 149
335800 155
336000 152
336200 156
336400 173
336600 168
336800 160
337000 159
337200 149
337400 140
337600 150
337800 166
338000 145
338200 142
338400 125
338600 129
338800 160
339000 142
339200 154
339400 148
339600 150
339800 154
340000 152
340200 165
340400 134
340600 144
340800 175
341000 150
341200 141
341400 158
341600 143
341800 156
342000 142
342200 146
342400 141
342600 146
342800 158
343000 160
343200 152
343400 166
343600 145
343800 137
344000 159
344200 157
344400 140
344600 159
344800 164
345000 158
345200 135
345400 171
345600 163
345800 161
346000 149
346200 154
346400 155
346600 144
346800 147
347000 158
347200 166
347400 169
347600 148
347800 158
348000 125
348200 159
348400 159
348600 162
348800 139
349000 157
349200 148
349400 145
349600 160
349800 149
350000 143
350200 145
350400 144
350600 151
350800 159
351000 147
351200 168
351400 147
351600 145
351800 125
352000 165
352200 145
352400 155
352600 161
352800 128
353000 147
353200 155
353400 121
353600 159
353800 145
354000 147
354200 168
354400 141
354600 135
354800 157
355000 166
355200 143
355400 155
355600 167
355800 135
356000 148
356200 155
356400 154
356600 143
356800 153
357000 161
357200 160
357400 163
357600 148
357800 146
358000 159
358200 167
358400 161
358600 132
358800 140
359000 150
359200 161
359400 147
359600 138
359800 143
360000 150
360200 157
360400 155
360600 131
360800 146
361000 154
361200 159
361400 154
361600 171
361800 145
362000 159
362200 154
362400 170
362600 143
362800 161
363000 154
363200 146
363400 180
363600 158
363800 144
364000 161
364200 138
364400 153
364600 140
364800 161
365000 158
365200 132
365400 144
365600 141
365800 154
366000 157
366200 137
366400 146
366600 151
366800 153
367000 147
367200 142
367400 166
367600 152
367800 152
368000 154
368200 150
368400 150
368600 155
368800 155
369000 150
369200 163
369400 155
369600 168
369800 146
370000 126
370200 153
370400 171
370600 170
370800 150
371000 154
371200 169
371400 155
371600 160
371800 154
372000 153
372200 158
372400 129
372600 160
372800 149
373000 167
373200 171
373400 143
373600 151
373800 154
374000 140
374200 146
374400 149
374600 135
374800 127
375000 160
375200 153
375400 147
375600 153
375800 136
376000 143
376200 153
376400 158
376600 143
376800 143
377000 157
377200 162
377400 137
377600 154
377800 154
378000 161
378200 143
378400 144
378600 163
378800 156
379000 142
379200 151
379400 156
379600 157
379800 143
380000 159
380200 169
380400 158
380600 146
380800 142
381000 144
381200 163
381400 147
381600 149
381800 164
382000 140
382200 159
382400 150
382600 166
382800 147
383000 163
383200 147
383400 133
383600 134
383800 138
384000 144
384200 138
384400 152
384600 151
384800 150
385000 145
385200 166
385400 161
385600 158
385800 140
386000 152
386200 157
386400 155
386600 143
386800 157
387000 152
387200 170
387400 159
387600 153
387800 153
388000 145
388200 150
388400 152
388600 147
388800 159
389000 147
389200 146
389400 145
389600 159
389800 156
390000 161
390200 144
390400 148
390600 151
390800 147
391000 138
391200 147
391400 142
391600 166
391800 157
392000 152
392200 170
392400 136
392600 132
392800 156
393000 145
393200 137
393400 147
393600 143
393800 165
394000 136
394200 157
394400 166
394600 146
394800 157
395000 143
395200 150
395400 130
395600 162
395800 152
396000 156
396200 143
396400 155
396600 122
396800 124
397000 148
397200 158
397400 145
397600 145
397800 152
398000 173
398200 134
398400 178
398600 160
398800 154
399000 152
399200 151
399400 150
399600 157
399800 148
400000 135
400200 171
400400 145
400600 168
400800 174
401000 164
401200 170
401400 134
401600 147
401800 135
402000 138
402200 126
402400 151
402600 155
402800 168
403000 166
403200 171
403400 162
403600 166
403800 125
404000 167
404200 145
404400 151
404600 153
404800 151
405000 155
405200 169
405400 129
405600 144
405800 137
406000 162
406200 155
406400 157
406600 161
406800 151
407000 118
407200 140
407400 146
407600 139
407800 156
408000 145
408200 157
408400 151
408600 163
408800 159
409000 143
409200 162
409400 166
409600 148
409800 156
410000 157
410200 152
410400 163
410600 155
410800 140
411000 140
411200 154
411400 141
411600 140
411800 160
412000 140
412200 172
412400 151
412600 154
412800 152
413000 162
413200 155
413400 139
413600 149
413800 151
414000 145
414200 147
414400 153
414600 143
414800 142
415000 150
415200 149
415400 133
415600 160
415800 137
416000 153
416200 144
416400 141
416600 147
416800 161
417000 156
417200 170
417400 152
417600 139
417800 139
418000 170
418200 144
418400 155
418600 142
418800 145
419000 162
419200 152
419400 153
419600 164
419800 163
420000 145
420200 156
420400 147
420600 158
420800 149
421000 149
421200 148
421400 142
421600 160
421800 160
422000 146
422200 170
422400 164
422600 145
422800 142
423000 171
423200 149
423400 143
423600 142
423800 149
424000 149
424200 138
424400 144
424600 152
424800 143
425000 151
425200 150
425400 155
425600 167
425800 145
426000 148
426200 149
426400 147
426600 165
426800 135
427000 157
427200 155
427400 158
427600 142
427800 142
428000 135
428200 139
428400 172
428600 151
428800 154
429000 147
429200 153
429400 161
429600 156
429800 146
430000 135
430200 151
430400 136
430600 135
430800 156
431000 156
431200 153
431400 157
431600 155
431800 157
432000 153
432200 164
432400 170
432600 148
432800 129
433000 142
433200 151
433400 143
433600 155
433800 155
434000 153
434200 142
434400 150
434600 136
434800 133
435000 160
435200 163
435400 149
435600 147
435800 147
436000 131
436200 169
436400 167
436600 153
436800 138
437000 172
437200 150
437400 154
437600 142
437800 153
438000 139
438200 133
438400 153
438600 166
438800 158
439000 150
439200 167
439400 171
439600 154
439800 138
440000 149
440200 170
440400 148
440600 156
440800 167
441000 140
441200 153
441400 144
441600 169
441800 150
442000 142
442200 131
442400 148
442600 140
442800 130
443000 142
443200 153
443400 157
443600 159
443800 145
444000 125
444200 150
444400 169
444600 144
444800 144
445000 149
445200 168
445400 166
445600 134
445800 155
446000 158
446200 164
446400 158
446600 164
446800 132
447000 147
447200 157
447400 163
447600 150
447800 130
448000 145
448200 167
448400 147
448600 157
448800 158
449000 148
449200 157
449400 142
449600 164
449800 126
450000 152
450200 154
450400 150
450600 154
450800 139
451000 149
451200 147
451400 158
451600 159
451800 146
452000 150
452200 147
452400 155
452600 157
452800 142
453000 164
453200 157
453400 136
453600 146
453800 163
454000 150
454200 138
454400 168
454600 160
454800 157
455000 139
455200 156
455400 145
455600 147
455800 162
456000 152
456200 174
456400 139
456600 167
456800 152
457000 156
457200 155
457400 150
457600 145
457800 145
458000 142
458200 157
458400 139
458600 141
458800 168
459000 161
459200 152
459400 146
459600 163
459800 156
460000 149
460200 136
460400 151
460600 150
460800 141
461000 164
461200 158
461400 151
461600 153
461800 154
462000 160
462200 152
462400 145
462600 154
462800 157
463000 143
463200 160
463400 137
463600 171
463800 160
464000 141
464200 146
464400 149
464600 162
464800 154
465000 158
465200 153
465400 134
465600 149
465800 149
466000 138
466200 148
466400 162
466600 149
466800 154
467000 144
467200 144
467400 142
467600 142
467800 146
468000 149
468200 146
468400 162
468600 141
468800 152
469000 141
469200 162
469400 149
469600 158
469800 154
470000 159
470200 124
470400 164
470600 128
470800 153
471000 151
471200 145
471400 142
471600 161
471800 152
472000 149
472200 161
472400 160
472600 137
472800 164
473000 164
473200 155
473400 146
473600 148
473800 142
474000 146
474200 154
474400 141
474600 143
474800 144
475000 146
475200 152
475400 148
475600 158
475800 153
476000 171
476200 139
476400 147
476600 160
476800 149
477000 145
477200 133
477400 154
477600 163
477800 172
478000 141
478200 149
478400 170
478600 175
478800 160
479000 142
479200 130
479400 142
479600 169
479800 158
480000 150
480200 147
480400 145
480600 152
480800 159
481000 153
481200 151
481400 158
481600 139
481800 138
482000 161
482200 140
482400 141
482600 151
482800 180
483000 149
483200 146
483400 148
483600 152
483800 151
484000 159
484200 146
484400 160
484600 149
484800 150
485000 143
485200 171
485400 155
485600 155
485800 152
486000 155
486200 150
486400 158
486600 128
486800 153
487000 166
487200 148
487400 157
487600 148
487800 136
488000 159
488200 173
488400 154
488600 161
488800 158
489000 147
489200 154
489400 145
489600 154
489800 152
490000 138
490200 161
490400 154
490600 170
490800 178
491000 141
491200 151
491400 142
491600 154
491800 180
492000 138
492200 158
492400 152
492600 149
492800 147
493000 144
493200 169
493400 134
493600 142
493800 156
494000 137
494200 140
494400 135
494600 142
494800 156
495000 156
495200 152
495400 150
495600 144
495800 148
496000 154
496200 151
496400 150
496600 149
496800 145
497000 156
497200 155
497400 135
497600 139
497800 149
498000 161
498200 143
498400 152
498600 136
498800 151
499000 147
499200 164
499400 140
499600 149
499800 153
500000 148
500200 164
500400 162
500600 158
500800 154
501000 129
501200 135
501400 133
501600 158
501800 142
502000 168
502200 135
502400 170
502600 167
502800 157
503000 166
503200 159
503400 153
503600 167
503800 150
504000 143
504200 159
504400 163
504600 156
504800 138
505000 149
505200 128
505400 135
505600 138
505800 177
506000 167
506200 121
506400 163
506600 143
506800 157
507000 149
507200 148
507400 145
507600 145
507800 129
508000 139
508200 147
508400 166
508600 155
508800 164
509000 155
509200 152
509400 153
509600 143
509800 167
510000 136
510200 160
510400 153
510600 149
510800 148
511000 131
511200 151
511400 138
511600 160
511800 142
512000 134
512200 149
512400 149
512600 155
512800 146
513000 170
513200 138
513400 131
513600 151
513800 149
514000 163
514200 161
514400 147
514600 159
514800 146
515000 152
515200 139
515400 162
515600 165
515800 162
516000 172
516200 147
516400 131
516600 174
516800 164
517000 144
517200 166
517400 147
517600 158
517800 167
518000 173
518200 162
518400 163
518600 172
518800 172
519000 145
519200 156
519400 139
519600 153
519800 151
520000 149
520200 150
520400 146
520600 131
520800 162
521000 142
521200 146
521400 151
521600 151
521800 164
522000 125
522200 160
522400 155
522600 139
522800 153
523000 145
523200 142
523400 154
523600 142
523800 150
524000 158
524200 153
524400 150
524600 153
524800 168
525000 138
525200 159
525400 172
525600 139
525800 148
526000 150
526200 147
526400 155
526600 140
526800 153
527000 163
527200 131
527400 150
527600 163
527800 155
528000 118
528200 146
528400 146
528600 160
528800 147
529000 159
529200 166
529400 157
529600 163
529800 143
530000 149
530200 169
530400 154
530600 167
530800 140
531000 148
531200 133
531400 160
531600 147
531800 133
532000 136
532200 147
532400 140
532600 144
532800 126
533000 136
533200 144
533400 124
533600 117
533800 137
534000 146
534200 158
534400 145
534600 136
534800 147
535000 169
535200 130
535400 150
535600 145
535800 156
536000 144
536200 157
536400 145
536600 145
536800 139
537000 161
537200 144
537400 159
537600 155
537800 155
538000 163
538200 157
538400 146
538600 150
538800 135
539000 160
539200 144
539400 153
539600 146
539800 153
540000 160
540200 161
540400 152
540600 145
540800 146
541000 153
541200 133
541400 156
541600 152
541800 147
542000 151
542200 137
542400 157
542600 152
542800 128
543000 154
543200 145
543400 162
543600 174
543800 152
544000 146
544200 169
544400 165
544600 142
544800 141
545000 158
545200 147
545400 149
545600 152
545800 149
546000 146
546200 143
546400 149
546600 154
546800 137
547000 164
547200 160
547400 139
547600 141
547800 137
548000 142
548200 167
548400 154
548600 153
548800 140
549000 166
549200 149
549400 138
549600 155
549800 153
550000 147
550200 149
550400 156
550600 162
550800 142
551000 147
551200 168
551400 162
551600 166
551800 151
552000 164
552200 161
552400 171
552600 151
552800 138
553000 141
553200 145
553400 163
553600 155
553800 152
554000 147
554200 150
554400 141
554600 162
554800 166
555000 147
555200 147
555400 144
555600 156
555800 165
556000 144
556200 154
556400 158
556600 158
556800 145
557000 137
557200 168
557400 150
557600 157
557800 139
558000 160
558200 150
558400 153
558600 144
558800 160
559000 146
559200 159
559400 159
559600 154
559800 149
560000 137
560200 149
560400 132
560600 158
560800 161
561000 148
561200 132
561400 150
561600 130
561800 159
562000 164
562200 147
562400 163
562600 156
562800 175
563000 144
563200 146
563400 152
563600 157
563800 163
564000 145
564200 142
564400 143
564600 144
564800 156
565000 165
565200 147
565400 156
565600 146
565800 161
566000 156
566200 154
566400 161
566600 148
566800 135
567000 167
567200 135
567400 133
567600 135
567800 139
568000 156
568200 140
568400 139
568600 163
568800 149
569000 147
569200 157
569400 158
569600 132
569800 136
570000 155
570200 148
570400 148
570600 155
570800 155
571000 158
571200 161
571400 139
571600 163
571800 148
572000 161
572200 153
572400 154
572600 125
572800 137
573000 137
573200 166
573400 164
573600 139
573800 146
574000 135
574200 136
574400 154
574600 161
574800 157
575000 164
575200 154
575400 159
575600 132
575800 136
576000 138
576200 154
576400 140
576600 154
576800 145
577000 142
577200 161
577400 163
577600 145
577800 164
578000 162
578200 159
578400 152
578600 138
578800 154
579000 155
579200 121
579400 146
579600 166
579800 159
580000 165
580200 148
580400 162
580600 134
580800 158
581000 135
581200 164
581400 144
581600 145
581800 152
582000 136
582200 131
582400 152
582600 143
582800 151
583000 136
583200 143
583400 142
583600 137
583800 154
584000 152
584200 151
584400 149
584600 152
584800 159
585000 129
585200 157
585400 148
585600 156
585800 145
586000 149
586200 154
586400 137
586600 156
586800 140
587000 157
587200 137
587400 156
587600 136
587800 153
588000 147
588200 158
588400 170
588600 154
588800 151
589000 154
589200 154
589400 145
589600 135
589800 156
590000 145
590200 141
590400 162
590600 157
590800 158
591000 162
591200 151
591400 153
591600 160
591800 157
592000 138
592200 150
592400 134
592600 142
592800 154
593000 150
593200 149
593400 159
593600 163
593800 146
594000 161
594200 161
594400 151
594600 155
594800 139
595000 142
595200 152
595400 151
595600 143
595800 151
596000 135
596200 154
596400 155
596600 141
596800 143
597000 167
597200 144
597400 154
597600 157
597800 169
598000 150
598200 128
598400 148
598600 147
598800 159
599000 142
599200 144
599400 143
599600 151
599800 144
600000 157
600200 159
600400 145
600600 132
600800 159
601000 148
601200 137
601400 151
601600 152
601800 154
602000 160
602200 159
602400 157
602600 152
602800 118
603000 160
603200 127
603400 127
603600 147
603800 156
604000 165
604200 149
604400 156
604600 142
604800 149
605000 153
605200 165
605400 154
605600 156
605800 141
606000 153
606200 143
606400 130
606600 152
606800 149
607000 138
607200 157
607400 150
607600 131
607800 164
608000 150
608200 154
608400 155
608600 145
608800 138
609000 154
609200 155
609400 144
609600 138
609800 133
610000 145
610200 155
610400 138
610600 156
610800 161
611000 164
611200 154
611400 160
611600 147
611800 153
612000 158
612200 146
612400 153
612600 163
612800 160
613000 166
613200 160
613400 146
613600 147
613800 149
614000 132
614200 159
614400 158
614600 154
614800 148
615000 164
615200 164
615400 140
615600 169
615800 143
616000 161
616200 167
616400 144
616600 131
616800 165
617000 151
617200 147
617400 156
617600 142
617800 158
618000 167
618200 152
618400 133
618600 170
618800 143
619000 126
619200 144
619400 149
619600 162
619800 158
620000 167
620200 157
620400 182
620600 148
620800 168
621000 148
621200 169
621400 162
621600 173
621800 136
622000 163
622200 151
622400 153
622600 132
622800 168
623000 129
623200 165
623400 164
623600 149
623800 155
624000 143
624200 131
624400 150
624600 141
624800 119
625000 146
625200 153
625400 154
625600 173
625800 157
626000 150
626200 159
626400 147
626600 142
626800 145
627000 148
627200 135
627400 156
627600 139
627800 142
628000 160
628200 161
628400 152
628600 141
628800 155
629000 143
629200 154
629400 140
629600 160
629800 160
630000 148
630200 152
630400 157
630600 164
630800 150
631000 163
631200 128
631400 154
631600 132
631800 143
632000 150
632200 153
632400 156
632600 139
632800 144
633000 153
633200 131
633400 149
633600 142
633800 157
634000 157
634200 126
634400 131
634600 148
634800 145
635000 150
635200 143
635400 150
635600 161
635800 169
636000 152
636200 144
636400 141
636600 148
636800 148
637000 165
637200 157
637400 145
637600 125
637800 149
638000 143
638200 152
638400 141
638600 128
638800 147
639000 144
639200 146
639400 156
639600 151
639800 138
640000 145
640200 162
640400 153
640600 170
640800 149
641000 164
641200 166
641400 151
641600 134
641800 140
642000 143
642200 144
642400 151
642600 148
642800 158
643000 157
643200 144
643400 135
643600 145
643800 151
644000 157
644200 108
644400 151
644600 153
644800 138
645000 150
645200 132
645400 150
645600 145
645800 151
646000 157
646200 146
646400 145
646600 145
646800 149
647000 150
647200 159
647400 140
647600 161
647800 153
648000 155
648200 128
648400 146
648600 167
648800 155
649000 157
649200 149
649400 158
649600 153
649800 156
650000 159
650200 160
650400 138
650600 143
650800 153
651000 147
651200 138
651400 145
651600 149
651800 142
652000 123
652200 147
652400 123
652600 147
652800 160
653000 129
653200 177
653400 162
653600 154
653800 154
654000 170
654200 150
654400 152
654600 155
654800 150
655000 169
655200 141
655400 155
655600 154
655800 152
656000 116
656200 153
656400 180
656600 165
656800 173
657000 169
657200 142
657400 148
657600 144
657800 155
658000 164
658200 152
658400 147
658600 156
658800 158
659000 178
659200 151
659400 172
659600 141
659800 147
660000 157
660200 131
660400 158
660600 143
660800 142
661000 177
661200 146
661400 157
661600 143
661800 157
662000 130
662200 149
662400 154
662600 174
662800 156
663000 157
663200 163
663400 147
663600 168
663800 146
664000 129
664200 133
664400 168
664600 147
664800 151
665000 141
665200 160
665400 162
665600 144
665800 171
666000 162
666200 153
666400 146
666600 163
666800 158
667000 154
667200 153
667400 155
667600 139
667800 165
668000 150
668200 144
668400 165
668600 153
668800 166
669000 180
669200 155
669400 145
669600 145
669800 143
670000 148
670200 154
670400 143
670600 168
670800 166
671000 149
671200 174
671400 144
671600 163
671800 135
672000 161
672200 164
672400 143
672600 142
672800 155
673000 153
673200 163
673400 151
673600 153
673800 155
674000 145
674200 163
674400 152
674600 154
674800 151
675000 121
675200 154
675400 161
675600 154
675800 145
676000 169
676200 175
676400 125
676600 139
676800 157
677000 136
677200 164
677400 119
677600 123
677800 150
678000 162
678200 130
678400 161
678600 132
678800 141
679000 129
679200 171
679400 162
679600 141
679800 139
680000 164
680200 166
680400 139
680600 147
680800 154
681000 125
681200 149
681400 155
681600 155
681800 152
682000 139
682200 154
682400 138
682600 145
682800 144
683000 137
683200 147
683400 146
683600 148
683800 160
684000 152
684200 160
684400 155
684600 138
684800 151
685000 140
685200 157
685400 155
685600 160
685800 161
686000 171
686200 131
686400 167
686600 152
686800 146
687000 147
687200 139
687400 155
687600 158
687800 157
688000 158
688200 137
688400 173
688600 166
688800 140
689000 155
689200 138
689400 140
689600 123
689800 137
690000 163
690200 160
690400 166
690600 163
690800 139
691000 175
691200 144
691400 161
691600 141
691800 148
692000 138
692200 126
692400 164
692600 131
692800 145
693000 149
693200 141
693400 157
693600 169
693800 144
694000 152
694200 138
694400 150
694600 157
694800 135
695000 149
695200 151
695400 152
695600 147
695800 164
696000 173
696200 153
696400 137
696600 141
696800 175
697000 165
697200 174
697400 154
697600 152
697800 133
698000 159
698200 161
698400 146
698600 159
698800 141
699000 145
699200 151
699400 136
699600 147
699800 159
700000 149
700200 166
700400 159
700600 156
700800 159
701000 142
701200 155
701400 148
701600 163
701800 143
702000 164
702200 137
702400 142
702600 156
702800 135
703000 139
703200 161
703400 142
703600 145
703800 148
704000 169
704200 141
704400 166
704600 152
704800 164
705000 134
705200 158
705400 167
705600 138
705800 169
706000 162
706200 169
706400 147
706600 163
706800 156
707000 169
707200 127
707400 122
707600 128
707800 122
708000 131
708200 160
708400 153
708600 133
708800 157
709000 146
709200 151
709400 158
709600 168
709800 152
710000 151
710200 141
710400 156
710600 158
710800 145
711000 132
711200 157
711400 161
711600 164
711800 146
712000 151
712200 165
712400 123
712600 134
712800 162
713000 161
713200 168
713400 133
713600 146
713800 145
714000 153
714200 140
714400 157
714600 148
714800 157
715000 140
715200 148
715400 147
715600 132
715800 151
716000 151
716200 154
716400 143
716600 155
716800 119
717000 171
717200 134
717400 136
717600 158
717800 156
718000 157
718200 154
718400 156
718600 175
718800 143
719000 148
719200 145
719400 159
719600 138
719800 147
720000 155
720200 155
720400 140
720600 157
720800 156
721000 132
721200 150
721400 124
721600 146
721800 145
722000 150
722200 145
722400 159
722600 142
722800 154
723000 144
723200 141
723400 159
723600 147
723800 153
724000 156
724200 152
724400 136
724600 161
724800 133
725000 157
725200 146
725400 157
725600 157
725800 140
726000 142
726200 148
726400 168
726600 136
726800 153
727000 147
727200 138
727400 162
727600 152
727800 134
728000 169
728200 159
728400 152
728600 154
728800 163
729000 140
729200 151
729400 170
729600 160
729800 173
730000 154
730200 140
730400 169
730600 161
730800 158
731000 149
731200 170
731400 168
731600 140
731800 154
732000 173
732200 154
732400 167
732600 146
732800 142
733000 157
733200 161
733400 148
733600 166
733800 140
734000 149
734200 152
734400 145
734600 144
734800 143
735000 145
735200 147
735400 154
735600 128
735800 148
736000 155
736200 169
736400 155
736600 125
736800 154
737000 151
737200 142
737400 157
737600 166
737800 155
738000 150
738200 160
738400 132
738600 164
738800 124
739000 150
739200 180
739400 153
739600 152
739800 158
740000 150
740200 142
740400 152
740600 163
740800 150
741000 142
741200 99
741400 160
741600 168
741800 132
742000 161
742200 151
742400 165
742600 138
742800 157
743000 145
743200 159
743400 124
743600 145
743800 150
744000 170
744200 143
744400 143
744600 157
744800 159
745000 137
745200 146
745400 142
745600 144
745800 148
746000 145
746200 154
746400 172
746600 151
746800 155
747000 159
747200 151
747400 160
747600 171
747800 137
748000 152
748200 140
748400 164
748600 148
748800 150
749000 174
749200 135
749400 155
749600 172
749800 111
750000 158
750200 152
750400 158
750600 160
750800 137
751000 150
751200 134
751400 147
751600 175
751800 156
752000 157
752200 143
752400 152
752600 156
752800 165
753000 150
753200 151
753400 160
753600 139
753800 153
754000 149
754200 156
754400 160
754600 149
754800 150
755000 134
755200 146
755400 156
755600 135
755800 150
756000 145
756200 152
756400 135
756600 162
756800 141
757000 152
757200 156
757400 133
757600 151
757800 154
758000 166
758200 156
758400 144
758600 152
758800 156
759000 167
759200 138
759400 165
759600 149
759800 155
760000 151
760200 171
760400 141
760600 124
760800 146
761000 153
761200 154
761400 143
761600 153
761800 154
762000 130
762200 152
762400 156
762600 147
762800 166
763000 163
763200 153
763400 173
763600 157
763800 134
764000 148
764200 160
764400 151
764600 129
764800 168
765000 165
765200 168
765400 146
765600 167
765800 137
766000 142
766200 154
766400 169
766600 128
766800 157
767000 153
767200 157
767400 149
767600 145
767800 154
768000 165
768200 149
768400 162
768600 130
768800 165
769000 155
769200 145
769400 160
769600 149
769800 136
770000 138
770200 129
770400 151
770600 144
770800 154
771000 156
771200 154
771400 152
771600 144
771800 147
772000 140
772200 150
772400 145
772600 143
772800 151
773000 149
773200 140
773400 153
773600 158
773800 136
774000 159
774200 123
774400 149
774600 152
774800 133
775000 158
775200 161
775400 165
775600 151
775800 155
776000 155
776200 151
776400 154
776600 154
776800 159
777000 153
777200 148
777400 146
777600 166
777800 154
778000 157
778200 144
778400 139
778600 173
778800 147
779000 157
779200 156
779400 143
779600 152
779800 146
780000 136
780200 142
780400 140
780600 154
780800 144
781000 137
781200 140
781400 165
781600 135
781800 137
782000 159
782200 149
782400 149
782600 151
782800 175
783000 115
783200 150
783400 133
783600 151
783800 142
784000 159
784200 163
784400 145
784600 154
784800 152
785000 152
785200 160
785400 146
785600 157
785800 150
786000 144
786200 145
786400 152
786600 140
786800 145
787000 137
787200 130
787400 141
787600 155
787800 175
788000 144
788200 146
788400 155
788600 158
788800 160
789000 155
789200 145
789400 153
789600 146
789800 152
790000 162
790200 151
790400 156
790600 159
790800 121
791000 156
791200 166
791400 147
791600 130
791800 146
792000 161
792200 141
792400 156
792600 153
792800 152
793000 164
793200 138
793400 151
793600 159
793800 135
794000 146
794200 137
794400 151
794600 150
794800 133
795000 145
795200 141
795400 159
795600 162
795800 152
796000 148
796200 156
796400 158
796600 138
796800 141
797000 149
797200 159
797400 147
797600 138
797800 149
798000 145
798200 159
798400 160
798600 160
798800 160
799000 144
799200 159
799400 135
799600 153
799800 143
800000 140
800200 151
800400 156
800600 144
800800 128
801000 159
801200 137
801400 145
801600 159
801800 142
802000 166
802200 147
802400 158
802600 144
802800 152
803000 151
803200 144
803400 139
803600 168
803800 152
804000 154
804200 141
804400 155
804600 144
804800 140
805000 128
805200 146
805400 144
805600 176
805800 154
806000 161
806200 129
806400 134
806600 134
806800 148
807000 155
807200 129
807400 146
807600 154
807800 132
808000 145
808200 151
808400 147
808600 158
808800 157
809000 144
809200 156
809400 158
809600 164
809800 150
810000 145
810200 162
810400 147
810600 149
810800 156
811000 139
811200 118
811400 152
811600 153
811800 142
812000 156
812200 154
812400 166
812600 148
812800 158
813000 148
813200 151
813400 161
813600 161
813800 163
814000 154
814200 157
814400 153
814600 158
814800 156
815000 140
815200 140
815400 151
815600 151
815800 147
816000 145
816200 145
816400 138
816600 149
816800 133
817000 135
817200 156
817400 137
817600 145
817800 154
818000 156
818200 150
818400 163
818600 143
818800 163
819000 151
819200 155
819400 147
819600 137
819800 153
820000 167
820200 151
820400 160
820600 163
820800 154
821000 132
821200 155
821400 158
821600 151
821800 140
822000 139
822200 147
822400 164
822600 154
822800 143
823000 167
823200 177
823400 152
823600 151
823800 160
824000 145
824200 157
824400 160
824600 160
824800 151
825000 162
825200 141
825400 133
825600 160
825800 159
826000 155
826200 160
826400 146
826600 136
826800 165
827000 139
827200 137
827400 147
827600 152
827800 164
828000 160
828200 151
828400 153
828600 160
828800 136
829000 148
829200 152
829400 150
829600 148
829800 154
830000 137
830200 160
830400 150
830600 156
830800 158
831000 139
831200 169
831400 163
831600 153
831800 134
832000 143
832200 142
832400 149
832600 119
832800 143
833000 152
833200 155
833400 127
833600 145
833800 141
834000 133
834200 139
834400 144
834600 143
834800 161
835000 139
835200 147
835400 164
835600 164
835800 157
836000 164
836200 148
836400 143
836600 141
836800 153
837000 158
837200 117
837400 158
837600 140
837800 134
838000 154
838200 157
838400 136
838600 125
838800 143
839000 151
839200 151
839400 163
839600 163
839800 150
840000 144
840200 154
840400 166
840600 161
840800 139
841000 162
841200 159
841400 156
841600 156
841800 138
842000 138
842200 143
842400 136
842600 163
842800 133
843000 141
843200 158
843400 134
843600 165
843800 175
844000 150
844200 160
844400 140
844600 129
844800 127
845000 158
845200 155
845400 161
845600 151
845800 150
846000 157
846200 150
846400 160
846600 162
846800 149
847000 155
847200 155
847400 164
847600 173
847800 150
848000 144
848200 173
848400 151
848600 150
848800 151
849000 138
849200 150
849400 161
849600 161
849800 134
850000 134
850200 129
850400 166
850600 148
850800 145
851000 145
851200 165
851400 148
851600 163
851800 172
852000 148
852200 148
852400 159
852600 143
852800 146
853000 152
853200 129
853400 149
853600 140
853800 146
854000 145
854200 141
854400 131
854600 165
854800 144
855000 140
855200 140
855400 158
855600 148
855800 138
856000 151
856200 149
856400 148
856600 156
856800 151
857000 154
857200 149
857400 139
857600 160
857800 150
858000 154
858200 147
858400 137
858600 150
858800 156
859000 146
859200 131
859400 173
859600 147
859800 156
860000 160
860200 153
860400 153
860600 157
860800 157
861000 142
861200 128
861400 156
861600 159
861800 132
862000 169
862200 167
862400 143
862600 157
862800 150
863000 164
863200 146
863400 159
863600 154
863800 151
864000 159
864200 157
864400 132
864600 156
864800 143
865000 166
865200 154
865400 147
865600 135
865800 158
866000 181
866200 157
866400 161
866600 156
866800 160
867000 180
867200 157
867400 150
867600 133
867800 152
868000 155
868200 144
868400 142
868600 176
868800 166
869000 151
869200 133
869400 148
869600 159
869800 154
870000 152
870200 148
870400 140
870600 165
870800 160
871000 153
871200 129
871400 157
871600 147
871800 166
872000 155
872200 141
872400 149
872600 155
872800 149
873000 164
873200 155
873400 148
873600 156
873800 165
874000 123
874200 137
874400 117
874600 127
874800 139
875000 149
875200 166
875400 149
875600 151
875800 154
876000 159
876200 129
876400 153
876600 129
876800 156
877000 149
877200 145
877400 144
877600 149
877800 142
878000 147
878200 155
878400 129
878600 156
878800 162
879000 159
879200 144
879400 158
879600 142
879800 159
880000 138
880200 165
880400 157
880600 154
880800 150
881000 153
881200 143
881400 150
881600 146
881800 164
882000 126
882200 161
882400 146
882600 148
882800 153
883000 150
883200 167
883400 164
883600 158
883800 159
884000 145
884200 142
884400 145
884600 145
884800 168
885000 135
885200 145
885400 142
885600 155
885800 156
886000 139
886200 153
886400 139
886600 145
886800 153
887000 139
887200 142
887400 165
887600 161
887800 156
888000 170
888200 148
888400 135
888600 167
888800 158
889000 159
889200 147
889400 157
889600 160
889800 159
890000 143
890200 153
890400 135
890600 136
890800 148
891000 136
891200 170
891400 158
891600 164
891800 141
892000 159
892200 146
892400 134
892600 153
892800 141
893000 135
893200 138
893400 158
893600 154
893800 157
894000 153
894200 161
894400 153
894600 155
894800 156
895000 161
895200 159
895400 171
895600 162
895800 159
896000 152
896200 156
896400 160
896600 152
896800 157
897000 154
897200 157
897400 139
897600 159
897800 150
898000 167
898200 137
898400 132
898600 139
898800 166
899000 152
899200 144
899400 148
899600 132
899800 136
900000 139
900200 155
900400 151
900600 148
900800 159
901000 159
901200 127
901400 167
901600 170
901800 159
902000 161
902200 153
902400 156
902600 160
902800 150
903000 152
903200 148
903400 168
903600 150
903800 139
904000 172
904200 163
904400 149
904600 158
904800 158
905000 148
905200 152
905400 157
905600 161
905800 144
906000 138
906200 154
906400 146
906600 157
906800 161
907000 147
907200 158
907400 146
907600 157
907800 145
908000 155
908200 128
908400 126
908600 147
908800 173
909000 143
909200 143
909400 152
909600 161
909800 169
910000 153
910200 168
910400 129
910600 125
910800 145
911000 162
911200 124
911400 154
911600 156
911800 155
912000 151
912200 148
912400 151
912600 141
912800 173
913000 160
913200 165
913400 142
913600 178
913800 167
914000 168
914200 155
914400 161
914600 164
914800 151
915000 156
915200 143
915400 149
915600 150
915800 142
916000 170
916200 143
916400 184
916600 141
916800 144
917000 162
917200 141
917400 169
917600 158
917800 161
918000 155
918200 134
918400 141
918600 147
918800 159
919000 147
919200 133
919400 167
919600 151
919800 156
920000 146
920200 141
920400 161
920600 136
920800 144
921000 142
921200 155
921400 149
921600 164
921800 160
922000 134
922200 129
922400 171
922600 145
922800 148
923000 146
923200 147
923400 148
923600 159
923800 157
924000 152
924200 147
924400 172
924600 144
924800 154
925000 164
925200 158
925400 149
925600 164
925800 162
926000 143
926200 130
926400 174
926600 151
926800 149
927000 149
927200 152
927400 158
927600 162
927800 132
928000 161
928200 146
928400 163
928600 154
928800 137
929000 146
929200 140
929400 163
929600 162
929800 159
930000 128
930200 132
930400 157
930600 166
930800 143
931000 141
931200 141
931400 149
931600 163
931800 156
932000 147
932200 167
932400 142
932600 140
932800 147
933000 163
933200 140
933400 115
933600 174
933800 145
934000 134
934200 156
934400 159
934600 144
934800 142
935000 142
935200 149
935400 160
935600 166
935800 164
936000 151
936200 133
936400 156
936600 143
936800 154
937000 161
937200 157
937400 174
937600 159
937800 144
938000 149
938200 153
938400 150
938600 153
938800 162
939000 150
939200 158
939400 166
939600 155
939800 149
940000 156
940200 160
940400 145
940600 163
940800 158
941000 147
941200 145
941400 148
941600 150
941800 140
942000 148
942200 163
942400 158
942600 151
942800 154
943000 124
943200 139
943400 148
943600 138
943800 150
944000 155
944200 149
944400 162
944600 147
944800 162
945000 162
945200 151
945400 126
945600 155
945800 152
946000 161
946200 175
946400 157
946600 132
946800 153
947000 152
947200 142
947400 152
947600 162
947800 154
948000 142
948200 131
948400 148
948600 149
948800 166
949000 156
949200 159
949400 164
949600 163
949800 155
950000 153
950200 146
950400 134
950600 166
950800 129
951000 123
951200 133
951400 168
951600 172
951800 148
952000 130
952200 153
952400 157
952600 155
952800 148
953000 167
953200 155
953400 146
953600 145
953800 155
954000 140
954200 158
954400 142
954600 173
954800 152
955000 173
955200 167
955400 141
955600 150
955800 131
956000 150
956200 143
956400 153
956600 154
956800 137
957000 143
957200 150
957400 145
957600 148
957800 144
958000 157
958200 144
958400 159
958600 148
958800 149
959000 136
959200 158
959400 145
959600 146
959800 152
960000 148
960200 162
960400 139
960600 154
960800 158
961000 162
961200 151
961400 156
961600 149
961800 126
962000 152
962200 139
962400 163
962600 163
962800 142
963000 134
963200 139
963400 124
963600 164
963800 155
964000 150
964200 159
964400 150
964600 145
964800 156
965000 172
965200 129
965400 142
965600 163
965800 144
966000 128
966200 146
966400 138
966600 154
966800 149
967000 141
967200 144
967400 155
967600 146
967800 153
968000 156
968200 152
968400 150
968600 149
968800 146
969000 142
969200 155
969400 162
969600 165
969800 178
970000 141
970200 157
970400 140
970600 149
970800 150
971000 135
971200 150
971400 148
971600 155
971800 156
972000 146
972200 160
972400 172
972600 173
972800 155
973000 147
973200 142
973400 145
973600 154
973800 162
974000 166
974200 148
974400 155
974600 152
974800 140
975000 138
975200 154
975400 146
975600 136
975800 156
976000 161
976200 159
976400 135
976600 156
976800 154
977000 138
977200 167
977400 157
977600 141
977800 166
978000 159
978200 164
978400 165
978600 162
978800 152
979000 164
979200 148
979400 148
979600 144
979800 161
980000 144
980200 161
980400 147
980600 156
980800 149
981000 129
981200 136
981400 149
981600 155
981800 159
982000 169
982200 155
982400 129
982600 141
982800 160
983000 138
983200 165
983400 167
983600 137
983800 160
984000 155
984200 158
984400 130
984600 156
984800 155
985000 152
985200 153
985400 152
985600 150
985800 143
986000 143
986200 158
986400 139
986600 141
986800 155
987000 154
987200 154
987400 158
987600 173
987800 145
988000 165
988200 140
988400 155
988600 142
988800 157
989000 155
989200 149
989400 145
989600 156
989800 150
990000 157
990200 142
990400 142
990600 139
990800 127
991000 157
991200 136
991400 144
991600 145
991800 152
992000 131
992200 140
992400 153
992600 158
992800 164
993000 154
993200 142
993400 181
993600 122
993800 162
994000 132
994200 139
994400 153
994600 133
994800 160
995000 128
995200 133
995400 165
995600 173
995800 155
996000 143
996200 127
996400 154
996600 146
996800 138
997000 159
997200 136
997400 156
997600 154
997800 155
998000 148
998200 150
998400 128
998600 161
998800 154
999000 169
999200 138
999400 150
999600 143
999800 149
1000000 156
