10 79
20 79
30 79
40 79
50 79
60 79
70 79
80 79
90 79
100 79
110 79
120 79
130 79
140 79
150 79
160 79
170 79
180 79
190 79
200 79
210 79
220 79
230 79
240 79
250 79
260 79
270 79
280 79
290 79
300 79
310 79
320 79
330 79
340 79
350 79
360 79
370 79
380 79
390 79
400 79
410 79
420 79
430 79
440 79
450 79
460 79
470 79
480 79
490 79
500 79
510 79
520 79
530 79
540 79
550 79
560 79
570 79
580 79
590 79
600 79
610 79
620 79
630 79
640 79
650 79
660 79
670 79
680 79
690 79
700 79
710 79
720 79
730 79
740 79
750 79
760 79
770 79
780 79
790 79
800 79
810 79
820 79
830 79
840 79
850 79
860 79
870 79
880 79
890 79
900 79
910 79
920 79
930 79
940 79
950 79
960 79
970 79
980 79
990 79
1000 79
1010 79
1020 79
1030 79
1040 79
1050 79
1060 79
1070 79
1080 79
1090 79
1100 79
1110 79
1120 79
1130 79
1140 79
1150 79
1160 79
1170 79
1180 79
1190 79
1200 79
1210 79
1220 79
1230 79
1240 79
1250 79
1260 79
1270 79
1280 79
1290 79
1300 79
1310 79
1320 79
1330 79
1340 79
1350 79
1360 79
1370 79
1380 79
1390 79
1400 79
1410 79
1420 79
1430 79
1440 79
1450 79
1460 79
1470 79
1480 79
1490 79
1500 79
1510 79
1520 79
1530 79
1540 79
1550 79
1560 79
1570 79
1580 79
1590 79
1600 79
1610 79
1620 79
1630 79
1640 79
1650 79
1660 79
1670 79
1680 79
1690 79
1700 79
1710 79
1720 79
1730 79
1740 79
1750 79
1760 79
1770 79
1780 79
1790 79
1800 79
1810 79
1820 79
1830 79
1840 79
1850 79
1860 79
1870 79
1880 79
1890 79
1900 79
1910 79
1920 79
1930 79
1940 79
1950 79
1960 79
1970 79
1980 79
1990 79
2000 79
2010 79
2020 79
2030 79
2040 79
2050 79
2060 79
2070 79
2080 79
2090 79
2100 79
2110 79
2120 79
2130 79
2140 79
2150 79
2160 79
2170 79
2180 79
2190 79
2200 79
2210 79
2220 79
2230 79
2240 79
2250 79
2260 79
2270 79
2280 79
2290 79
2300 79
2310 79
2320 79
2330 79
2340 79
2350 79
2360 79
2370 79
2380 79
2390 79
2400 79
2410 79
2420 79
2430 79
2440 79
2450 79
2460 79
2470 79
2480 79
2490 79
2500 79
2510 79
2520 79
2530 79
2540 79
2550 79
2560 79
2570 79
2580 79
2590 79
2600 79
2610 79
2620 79
2630 79
2640 79
2650 79
2660 79
2670 79
2680 79
2690 79
2700 79
2710 79
2720 79
2730 79
2740 79
2750 79
2760 79
2770 79
2780 79
2790 79
2800 79
2810 79
2820 79
2830 79
2840 79
2850 79
2860 79
2870 79
2880 79
2890 79
2900 79
2910 79
2920 79
2930 79
2940 79
2950 79
2960 79
2970 79
2980 79
2990 79
3000 79
3010 79
3020 79
3030 79
3040 79
3050 79
3060 79
3070 79
3080 79
3090 79
3100 79
3110 79
3120 79
3130 79
3140 79
3150 79
3160 79
3170 79
3180 79
3190 79
3200 79
3210 79
3220 79
3230 79
3240 79
3250 79
3260 79
3270 79
3280 79
3290 79
3300 79
3310 79
3320 79
3330 79
3340 79
3350 79
3360 79
3370 79
3380 79
3390 79
3400 79
3410 79
3420 79
3430 79
3440 79
3450 79
3460 79
3470 79
3480 79
3490 79
3500 79
3510 79
3520 79
3530 79
3540 79
3550 79
3560 79
3570 79
3580 79
3590 79
3600 79
3610 79
3620 79
3630 79
3640 79
3650 79
3660 79
3670 79
3680 79
3690 79
3700 79
3710 79
3720 79
3730 79
3740 79
3750 79
3760 79
3770 79
3780 79
3790 79
3800 79
3810 79
3820 79
3830 79
3840 79
3850 79
3860 79
3870 79
3880 79
3890 79
3900 79
3910 79
3920 79
3930 79
3940 79
3950 79
3960 79
3970 79
3980 79
3990 79
4000 79
4010 79
4020 79
4030 79
4040 79
4050 79
4060 79
4070 79
4080 79
4090 79
4100 79
4110 79
4120 79
4130 79
4140 79
4150 79
4160 79
4170 79
4180 79
4190 79
4200 79
4210 79
4220 79
4230 79
4240 79
4250 79
4260 79
4270 79
4280 79
4290 79
4300 79
4310 79
4320 79
4330 79
4340 79
4350 79
4360 79
4370 79
4380 79
4390 79
4400 79
4410 79
4420 79
4430 79
4440 79
4450 79
4460 79
4470 79
4480 79
4490 79
4500 79
4510 79
4520 79
4530 79
4540 79
4550 79
4560 79
4570 79
4580 79
4590 79
4600 79
4610 79
4620 79
4630 79
4640 79
4650 79
4660 79
4670 79
4680 79
4690 79
4700 79
4710 79
4720 79
4730 79
4740 79
4750 79
4760 79
4770 79
4780 79
4790 79
4800 79
4810 79
4820 79
4830 79
4840 79
4850 79
4860 79
4870 79
4880 79
4890 79
4900 79
4910 79
4920 79
4930 79
4940 79
4950 79
4960 79
4970 79
4980 79
4990 79
5000 79
5010 79
5020 79
5030 79
5040 79
5050 79
5060 79
5070 79
5080 79
5090 79
5100 79
5110 79
5120 79
5130 79
5140 79
5150 79
5160 79
5170 79
5180 79
5190 79
5200 79
5210 79
5220 79
5230 79
5240 79
5250 79
5260 79
5270 79
5280 79
5290 79
5300 79
5310 79
5320 79
5330 79
5340 79
5350 79
5360 79
5370 79
5380 79
5390 79
5400 79
5410 79
5420 79
5430 79
5440 79
5450 79
5460 79
5470 79
5480 79
5490 79
5500 79
5510 79
5520 79
5530 79
5540 79
5550 79
5560 79
5570 79
5580 79
5590 79
5600 79
5610 79
5620 79
5630 79
5640 79
5650 79
5660 79
5670 79
5680 79
5690 79
5700 79
5710 79
5720 79
5730 79
5740 79
5750 79
5760 79
5770 79
5780 79
5790 79
5800 79
5810 79
5820 79
5830 79
5840 79
5850 79
5860 79
5870 79
5880 79
5890 79
5900 79
5910 79
5920 79
5930 79
5940 79
5950 79
5960 79
5970 79
5980 79
5990 79
6000 79
6010 79
6020 79
6030 79
6040 79
6050 79
6060 79
6070 79
6080 79
6090 78
6100 78
6110 78
6120 78
6130 78
6140 78
6150 78
6160 78
6170 78
6180 77
6190 77
6200 77
6210 77
6220 77
6230 77
6240 77
6250 77
6260 77
6270 77
6280 77
6290 77
6300 77
6310 77
6320 76
6330 76
6340 76
6350 76
6360 76
6370 76
6380 76
6390 76
6400 76
6410 76
6420 76
6430 76
6440 76
6450 76
6460 76
6470 76
6480 76
6490 76
6500 76
6510 76
6520 76
6530 76
6540 74
6550 74
6560 74
6570 74
6580 74
6590 74
6600 74
6610 74
6620 73
6630 73
6640 73
6650 73
6660 73
6670 73
6680 73
6690 73
6700 73
6710 73
6720 73
6730 73
6740 73
6750 73
6760 73
6770 73
6780 73
6790 73
6800 73
6810 73
6820 73
6830 73
6840 73
6850 73
6860 73
6870 73
6880 73
6890 73
6900 73
6910 73
6920 73
6930 73
6940 73
6950 73
6960 73
6970 73
6980 73
6990 73
7000 73
7010 73
7020 73
7030 73
7040 73
7050 73
7060 73
7070 73
7080 73
7090 73
7100 73
7110 73
7120 73
7130 73
7140 73
7150 73
7160 73
7170 73
7180 73
7190 73
7200 73
7210 73
7220 73
7230 73
7240 73
7250 73
7260 73
7270 73
7280 73
7290 73
7300 73
7310 73
7320 73
7330 73
7340 73
7350 73
7360 73
7370 73
7380 73
7390 73
7400 73
7410 73
7420 73
7430 73
7440 73
7450 73
7460 73
7470 73
7480 73
7490 73
7500 73
7510 73
7520 73
7530 73
7540 73
7550 73
7560 73
7570 73
7580 73
7590 73
7600 73
7610 73
7620 73
7630 73
7640 73
7650 73
7660 73
7670 73
7680 73
7690 73
7700 73
7710 73
7720 73
7730 73
7740 73
7750 73
7760 73
7770 73
7780 73
7790 73
7800 73
7810 73
7820 73
7830 73
7840 73
7850 73
7860 73
7870 73
7880 73
7890 73
7900 73
7910 73
7920 73
7930 73
7940 73
7950 73
7960 73
7970 73
7980 73
7990 73
8000 73
8010 73
8020 73
8030 73
8040 73
8050 73
8060 73
8070 73
8080 73
8090 73
8100 73
8110 73
8120 73
8130 73
8140 73
8150 73
8160 73
8170 73
8180 73
8190 73
8200 73
8210 73
8220 73
8230 73
8240 73
8250 73
8260 73
8270 73
8280 73
8290 73
8300 73
8310 73
8320 73
8330 73
8340 73
8350 73
8360 73
8370 73
8380 73
8390 73
8400 73
8410 73
8420 73
8430 73
8440 73
8450 73
8460 73
8470 73
8480 73
8490 73
8500 73
8510 73
8520 73
8530 73
8540 73
8550 73
8560 73
8570 73
8580 73
8590 73
8600 73
8610 73
8620 73
8630 73
8640 73
8650 73
8660 73
8670 73
8680 73
8690 73
8700 73
8710 73
8720 73
8730 73
8740 73
8750 73
8760 73
8770 73
8780 73
8790 73
8800 73
8810 73
8820 73
8830 73
8840 73
8850 73
8860 73
8870 73
8880 73
8890 73
8900 73
8910 73
8920 73
8930 73
8940 73
8950 73
8960 73
8970 73
8980 73
8990 73
9000 73
9010 73
9020 73
9030 73
9040 73
9050 73
9060 73
9070 73
9080 73
9090 73
9100 73
9110 73
9120 73
9130 73
9140 73
9150 73
9160 73
9170 73
9180 73
9190 73
9200 73
9210 73
9220 73
9230 73
9240 73
9250 73
9260 73
9270 73
9280 73
9290 73
9300 73
9310 73
9320 73
9330 73
9340 73
9350 73
9360 73
9370 73
9380 73
9390 73
9400 73
9410 73
9420 73
9430 73
9440 73
9450 73
9460 73
9470 73
9480 73
9490 73
9500 73
9510 73
9520 73
9530 73
9540 73
9550 73
9560 73
9570 73
9580 73
9590 73
9600 73
9610 73
9620 73
9630 73
9640 73
9650 73
9660 73
9670 73
9680 73
9690 73
9700 73
9710 73
9720 73
9730 73
9740 73
9750 73
9760 73
9770 73
9780 73
9790 73
9800 73
9810 73
9820 73
9830 73
9840 73
9850 73
9860 73
9870 73
9880 73
9890 73
9900 73
9910 73
9920 73
9930 73
9940 73
9950 73
9960 73
9970 73
9980 73
9990 73
10000 73
10010 73
10020 73
10030 73
10040 73
10050 73
10060 73
10070 73
10080 73
10090 73
10100 73
10110 73
10120 73
10130 73
10140 73
10150 73
10160 73
10170 73
10180 73
10190 73
10200 73
10210 73
10220 73
10230 73
10240 73
10250 73
10260 73
10270 73
10280 73
10290 73
10300 73
10310 73
10320 73
10330 73
10340 73
10350 73
10360 73
10370 73
10380 73
10390 73
10400 73
10410 73
10420 73
10430 73
10440 73
10450 73
10460 73
10470 73
10480 73
10490 73
10500 73
10510 73
10520 73
10530 73
10540 73
10550 73
10560 73
10570 73
10580 73
10590 73
10600 73
10610 73
10620 73
10630 73
10640 73
10650 73
10660 73
10670 73
10680 73
10690 73
10700 73
10710 73
10720 73
10730 73
10740 73
10750 73
10760 73
10770 73
