200 152
400 138
600 145
800 145
1000 174
1200 139
1400 124
1600 157
1800 147
2000 125
2200 142
2400 145
2600 146
2800 149
3000 142
3200 128
3400 141
3600 145
3800 155
4000 148
4200 151
4400 156
4600 131
4800 143
5000 134
5200 161
5400 171
5600 146
5800 151
6000 157
6200 163
6400 153
6600 163
6800 139
7000 164
7200 152
7400 155
7600 121
7800 159
8000 150
8200 144
8400 147
8600 132
8800 139
9000 146
9200 146
9400 129
9600 156
9800 142
10000 146
10200 148
10400 159
10600 133
10800 129
11000 146
11200 158
11400 124
11600 172
11800 144
12000 132
12200 139
12400 135
12600 138
12800 119
13000 153
13200 160
13400 157
13600 154
13800 153
14000 166
14200 165
14400 161
14600 159
14800 141
15000 157
15200 138
15400 150
15600 138
15800 136
16000 152
16200 147
16400 149
16600 134
16800 134
17000 148
17200 150
17400 141
17600 157
17800 145
18000 156
18200 143
18400 158
18600 151
18800 162
19000 133
19200 172
19400 155
19600 155
19800 128
20000 157
20200 148
20400 161
20600 164
20800 134
21000 152
21200 161
21400 165
21600 128
21800 149
22000 154
22200 171
22400 144
22600 155
22800 148
23000 153
23200 186
23400 146
23600 146
23800 159
24000 148
24200 132
24400 154
24600 166
24800 143
25000 147
25200 147
25400 126
25600 155
25800 137
26000 176
26200 133
26400 147
26600 155
26800 171
27000 139
27200 118
27400 149
27600 143
27800 153
28000 132
28200 158
28400 171
28600 131
28800 151
29000 155
29200 135
29400 145
29600 156
29800 139
30000 140
30200 146
30400 148
30600 149
30800 155
31000 148
31200 172
31400 148
31600 150
31800 139
32000 147
32200 176
32400 143
32600 144
32800 151
33000 147
33200 148
33400 124
33600 154
33800 147
34000 159
34200 163
34400 158
34600 139
34800 149
35000 131
35200 154
35400 171
35600 147
35800 161
36000 145
36200 155
36400 150
36600 150
36800 149
37000 138
37200 144
37400 169
37600 157
37800 132
38000 147
38200 163
38400 118
38600 150
38800 148
39000 144
39200 157
39400 143
39600 130
39800 150
40000 178
40200 154
40400 154
40600 157
40800 146
41000 132
41200 153
41400 155
41600 154
41800 140
42000 145
42200 169
42400 155
42600 161
42800 166
43000 158
43200 133
43400 148
43600 145
43800 170
44000 156
44200 136
44400 138
44600 148
44800 156
45000 163
45200 148
45400 162
45600 145
45800 157
46000 154
46200 163
46400 153
46600 126
46800 162
47000 160
47200 153
47400 166
47600 120
47800 142
48000 147
48200 148
48400 163
48600 137
48800 150
49000 141
49200 135
49400 156
49600 143
49800 153
50000 130
50200 141
50400 134
50600 164
50800 160
51000 133
51200 150
51400 148
51600 148
51800 135
52000 151
52200 157
52400 160
52600 159
52800 162
53000 143
53200 154
53400 146
53600 147
53800 147
54000 146
54200 149
54400 130
54600 149
54800 152
55000 132
55200 147
55400 153
55600 168
55800 146
56000 159
56200 165
56400 153
56600 150
56800 142
57000 144
57200 137
57400 154
57600 156
57800 164
58000 145
58200 163
58400 155
58600 163
58800 145
59000 150
59200 148
59400 148
59600 151
59800 142
60000 153
60200 160
60400 129
60600 135
60800 151
61000 152
61200 148
61400 165
61600 152
61800 135
62000 138
62200 156
62400 142
62600 163
62800 168
63000 153
63200 135
63400 164
63600 151
63800 129
64000 142
64200 152
64400 152
64600 169
64800 139
65000 155
65200 149
65400 170
65600 137
65800 155
66000 140
66200 140
66400 154
66600 150
66800 139
67000 139
67200 155
67400 145
67600 162
67800 151
68000 152
68200 137
68400 132
68600 170
68800 130
69000 131
69200 148
69400 161
69600 163
69800 156
70000 149
70200 149
70400 133
70600 147
70800 163
71000 146
71200 150
71400 152
71600 157
71800 143
72000 162
72200 159
72400 150
72600 129
72800 159
73000 132
73200 144
73400 149
73600 139
73800 144
74000 160
74200 139
74400 129
74600 147
74800 149
75000 160
75200 145
75400 165
75600 131
75800 160
76000 163
76200 133
76400 154
76600 138
76800 164
77000 168
77200 154
77400 152
77600 155
77800 122
78000 157
78200 152
78400 158
78600 159
78800 135
79000 146
79200 151
79400 155
79600 134
79800 140
80000 141
80200 157
80400 139
80600 169
80800 151
81000 151
81200 146
81400 134
81600 160
81800 158
82000 149
82200 168
82400 147
82600 160
82800 149
83000 152
83200 173
83400 142
83600 160
83800 134
84000 136
84200 141
84400 153
84600 148
84800 158
85000 149
85200 155
85400 154
85600 156
85800 154
86000 152
86200 155
86400 145
86600 135
86800 166
87000 140
87200 143
87400 145
87600 138
87800 147
88000 132
88200 144
88400 153
88600 151
88800 156
89000 150
89200 152
89400 146
89600 137
89800 145
90000 128
90200 138
90400 153
90600 128
90800 139
91000 153
91200 161
91400 159
91600 155
91800 146
92000 168
92200 154
92400 144
92600 158
92800 133
93000 146
93200 150
93400 150
93600 158
93800 128
94000 164
94200 132
94400 143
94600 158
94800 151
95000 149
95200 149
95400 146
95600 147
95800 145
96000 148
96200 151
96400 138
96600 137
96800 139
97000 158
97200 138
97400 151
97600 126
97800 166
98000 152
98200 140
98400 151
98600 168
98800 154
99000 156
99200 157
99400 170
99600 144
99800 159
100000 135
100200 149
100400 156
100600 159
100800 152
101000 150
101200 159
101400 161
101600 178
101800 162
102000 155
102200 138
102400 117
102600 141
102800 161
103000 144
103200 146
103400 133
103600 166
103800 155
104000 171
104200 137
104400 122
104600 163
104800 153
105000 135
105200 137
105400 152
105600 142
105800 154
106000 145
106200 154
106400 137
106600 159
106800 142
107000 155
107200 160
107400 154
107600 146
107800 159
108000 137
108200 155
108400 136
108600 130
108800 157
109000 161
109200 127
109400 120
109600 156
109800 166
110000 150
110200 165
110400 139
110600 127
110800 161
111000 151
111200 151
111400 132
111600 157
111800 131
112000 148
112200 146
112400 147
112600 137
112800 145
113000 143
113200 161
113400 140
113600 154
113800 143
114000 140
114200 158
114400 124
114600 167
114800 130
115000 154
115200 150
115400 145
115600 135
115800 158
116000 159
116200 134
116400 154
116600 150
116800 157
117000 147
117200 164
117400 160
117600 159
117800 122
118000 145
118200 134
118400 158
118600 141
118800 147
119000 155
119200 154
119400 138
119600 155
119800 134
120000 145
120200 158
120400 162
120600 159
120800 144
121000 163
121200 135
121400 157
121600 172
121800 121
122000 154
122200 140
122400 162
122600 160
122800 131
123000 151
123200 160
123400 165
123600 147
123800 154
124000 161
124200 152
124400 154
124600 154
124800 133
125000 157
125200 159
125400 157
125600 153
125800 146
126000 143
126200 141
126400 139
126600 164
126800 140
127000 131
127200 164
127400 142
127600 165
127800 140
128000 160
128200 145
128400 139
128600 161
128800 124
129000 166
129200 151
129400 154
129600 146
129800 130
130000 123
130200 148
130400 150
130600 161
130800 145
131000 171
131200 142
131400 160
131600 153
131800 159
132000 161
132200 162
132400 153
132600 162
132800 149
133000 168
133200 167
133400 154
133600 159
133800 146
134000 130
134200 154
134400 161
134600 158
134800 149
135000 150
135200 148
135400 149
135600 155
135800 145
136000 154
136200 135
136400 155
136600 150
136800 142
137000 119
137200 159
137400 142
137600 155
137800 159
138000 161
138200 137
138400 147
138600 136
138800 143
139000 144
139200 163
139400 156
139600 154
139800 163
140000 149
140200 157
140400 143
140600 136
140800 164
141000 162
141200 170
141400 154
141600 146
141800 157
142000 154
142200 151
142400 159
142600 169
142800 165
143000 157
143200 154
143400 154
143600 140
143800 145
144000 130
144200 148
144400 159
144600 140
144800 144
145000 134
145200 152
145400 161
145600 149
145800 178
146000 153
146200 142
146400 146
146600 154
146800 134
147000 157
147200 160
147400 163
147600 142
147800 144
148000 131
148200 139
148400 152
148600 157
148800 155
149000 161
149200 145
149400 135
149600 161
149800 149
150000 129
150200 157
150400 158
150600 162
150800 147
151000 119
151200 147
151400 158
151600 137
151800 142
152000 159
152200 159
152400 161
152600 147
152800 131
153000 143
153200 165
153400 153
153600 161
153800 163
154000 150
154200 151
154400 139
154600 153
154800 168
155000 147
155200 155
155400 164
155600 171
155800 149
156000 151
156200 146
156400 147
156600 146
156800 146
157000 129
157200 150
157400 173
157600 164
157800 145
158000 163
158200 153
158400 138
158600 160
158800 160
159000 162
159200 161
159400 151
159600 155
159800 132
160000 146
160200 147
160400 147
160600 145
160800 154
161000 162
161200 148
161400 151
161600 138
161800 150
162000 150
162200 143
162400 140
162600 149
162800 154
163000 160
163200 148
163400 146
163600 139
163800 145
164000 140
164200 153
164400 156
164600 142
164800 155
165000 169
165200 150
165400 142
165600 145
165800 154
166000 150
166200 164
166400 145
166600 136
166800 163
167000 154
167200 157
167400 139
167600 134
167800 146
168000 140
168200 142
168400 160
168600 149
168800 144
169000 153
169200 127
169400 141
169600 159
169800 138
170000 140
170200 136
170400 157
170600 148
170800 138
171000 147
171200 148
171400 147
171600 152
171800 156
172000 167
172200 161
172400 153
172600 142
172800 159
173000 161
173200 151
173400 159
173600 160
173800 160
174000 162
174200 153
174400 142
174600 164
174800 150
175000 158
175200 151
175400 139
175600 157
175800 147
176000 137
176200 141
176400 144
176600 142
176800 155
177000 158
177200 132
177400 151
177600 150
177800 149
178000 142
178200 135
178400 148
178600 136
178800 155
179000 136
179200 146
179400 144
179600 139
179800 146
180000 147
180200 150
180400 144
180600 165
180800 146
181000 146
181200 154
181400 161
181600 140
181800 131
182000 137
182200 162
182400 155
182600 158
182800 135
183000 160
183200 151
183400 155
183600 136
183800 143
184000 159
184200 150
184400 130
184600 148
184800 156
185000 144
185200 151
185400 160
185600 151
185800 150
186000 161
186200 155
186400 161
186600 138
186800 132
187000 145
187200 154
187400 151
187600 132
187800 132
188000 145
188200 139
188400 155
188600 151
188800 155
189000 160
189200 154
189400 141
189600 158
189800 157
190000 155
190200 159
190400 153
190600 145
190800 173
191000 135
191200 145
191400 151
191600 149
191800 140
192000 135
192200 140
192400 155
192600 146
192800 147
193000 149
193200 165
193400 142
193600 161
193800 156
194000 163
194200 150
194400 140
194600 130
194800 165
195000 148
195200 170
195400 156
195600 146
195800 148
196000 152
196200 149
196400 159
196600 139
196800 141
197000 145
197200 141
197400 173
197600 135
197800 144
198000 145
198200 175
198400 156
198600 158
198800 154
199000 128
199200 148
199400 160
199600 145
199800 131
200000 158
200200 169
200400 146
200600 151
200800 146
201000 159
201200 151
201400 175
201600 166
201800 143
202000 162
202200 135
202400 160
202600 147
202800 146
203000 145
203200 163
203400 142
203600 155
203800 145
204000 133
204200 155
204400 156
204600 149
204800 141
205000 146
205200 156
205400 150
205600 139
205800 158
206000 147
206200 159
206400 165
206600 156
206800 130
207000 142
207200 152
207400 151
207600 137
207800 153
208000 149
208200 149
208400 132
208600 166
208800 149
209000 152
209200 160
209400 156
209600 143
209800 156
210000 138
210200 165
210400 162
210600 159
210800 159
211000 168
211200 146
211400 150
211600 117
211800 158
212000 150
212200 148
212400 160
212600 151
212800 154
213000 158
213200 147
213400 162
213600 146
213800 144
214000 163
214200 153
214400 149
214600 156
214800 168
215000 145
215200 147
215400 152
215600 144
215800 134
216000 140
216200 153
216400 134
216600 167
216800 143
217000 143
217200 142
217400 154
217600 161
217800 140
218000 144
218200 168
218400 152
218600 140
218800 151
219000 151
219200 145
219400 144
219600 142
219800 159
220000 141
220200 154
220400 145
220600 149
220800 144
221000 138
221200 158
221400 158
221600 176
221800 171
222000 141
222200 148
222400 167
222600 133
222800 161
223000 136
223200 160
223400 163
223600 138
223800 171
224000 161
224200 153
224400 172
224600 157
224800 145
225000 147
225200 147
225400 131
225600 156
225800 151
226000 130
226200 132
226400 154
226600 163
226800 145
227000 142
227200 147
227400 123
227600 164
227800 144
228000 133
228200 143
228400 154
228600 152
228800 149
229000 170
229200 150
229400 146
229600 150
229800 171
230000 153
230200 155
230400 144
230600 144
230800 131
231000 166
231200 153
231400 150
231600 153
231800 155
232000 167
232200 148
232400 147
232600 152
232800 143
233000 130
233200 141
233400 166
233600 140
233800 156
234000 152
234200 144
234400 147
234600 138
234800 171
235000 178
235200 139
235400 126
235600 160
235800 144
236000 145
236200 152
236400 156
236600 172
236800 146
237000 165
237200 139
237400 147
237600 162
237800 154
238000 165
238200 150
238400 140
238600 151
238800 151
239000 158
239200 162
239400 147
239600 141
239800 150
240000 166
240200 151
240400 150
240600 156
240800 140
241000 147
241200 142
241400 168
241600 163
241800 142
242000 157
242200 150
242400 164
242600 168
242800 151
243000 131
243200 153
243400 156
243600 141
243800 154
244000 138
244200 139
244400 133
244600 169
244800 142
245000 166
245200 154
245400 132
245600 154
245800 150
246000 132
246200 136
246400 158
246600 165
246800 152
247000 158
247200 138
247400 167
247600 155
247800 144
248000 159
248200 138
248400 158
248600 163
248800 162
249000 165
249200 142
249400 143
249600 140
249800 148
250000 141
250200 155
250400 148
250600 149
250800 147
251000 155
251200 140
251400 154
251600 145
251800 157
252000 141
252200 146
252400 162
252600 154
252800 156
253000 165
253200 156
253400 118
253600 159
253800 125
254000 161
254200 164
254400 160
254600 143
254800 147
255000 149
255200 165
255400 140
255600 163
255800 148
256000 166
256200 154
256400 156
256600 141
256800 149
257000 156
257200 159
257400 134
257600 159
257800 155
258000 137
258200 146
258400 148
258600 170
258800 160
259000 156
259200 164
259400 154
259600 153
259800 149
260000 148
260200 148
260400 164
260600 146
260800 149
261000 146
261200 163
261400 147
261600 161
261800 146
262000 161
262200 144
262400 141
262600 155
262800 148
263000 160
263200 161
263400 135
263600 158
263800 139
264000 143
264200 146
264400 162
264600 155
264800 170
265000 139
265200 148
265400 151
265600 143
265800 154
266000 154
266200 150
266400 141
266600 159
266800 140
267000 161
267200 139
267400 139
267600 143
267800 146
268000 144
268200 152
268400 153
268600 156
268800 143
269000 155
269200 177
269400 154
269600 147
269800 156
270000 158
270200 145
270400 157
270600 152
270800 166
271000 144
271200 143
271400 135
271600 116
271800 145
272000 136
272200 152
272400 134
272600 156
272800 144
273000 152
273200 144
273400 151
273600 154
273800 136
274000 168
274200 161
274400 124
274600 162
274800 172
275000 138
275200 157
275400 129
275600 133
275800 138
276000 151
276200 152
276400 153
276600 158
276800 159
277000 141
277200 141
277400 138
277600 143
277800 145
278000 143
278200 134
278400 149
278600 141
278800 171
279000 146
279200 162
279400 147
279600 155
279800 136
280000 160
280200 140
280400 149
280600 136
280800 155
281000 158
281200 137
281400 153
281600 153
281800 141
282000 141
282200 140
282400 146
282600 145
282800 162
283000 144
283200 124
283400 127
283600 148
283800 151
284000 166
284200 137
284400 148
284600 138
284800 138
285000 147
285200 159
285400 156
285600 156
285800 129
286000 167
286200 139
286400 150
286600 141
286800 147
287000 156
287200 159
287400 159
287600 149
287800 157
288000 140
288200 154
288400 148
288600 153
288800 143
289000 154
289200 140
289400 148
289600 134
289800 143
290000 135
290200 147
290400 147
290600 152
290800 135
291000 142
291200 159
291400 168
291600 156
291800 149
292000 166
292200 151
292400 139
292600 159
292800 157
293000 146
293200 146
293400 156
293600 145
293800 160
294000 151
294200 149
294400 145
294600 144
294800 155
295000 144
295200 143
295400 163
295600 130
295800 160
296000 170
296200 162
296400 135
296600 149
296800 150
297000 135
297200 127
297400 151
297600 125
297800 133
298000 129
298200 150
298400 139
298600 161
298800 156
299000 163
299200 146
299400 149
299600 158
299800 158
300000 137
300200 185
300400 165
300600 149
300800 141
301000 141
301200 164
301400 156
301600 153
301800 136
302000 156
302200 152
302400 141
302600 165
302800 133
303000 156
303200 146
303400 146
303600 155
303800 109
304000 149
304200 163
304400 149
304600 172
304800 137
305000 153
305200 152
305400 150
305600 150
305800 134
306000 128
306200 150
306400 155
306600 137
306800 148
307000 167
307200 137
307400 151
307600 163
307800 155
308000 158
308200 145
308400 154
308600 150
308800 153
309000 154
309200 155
309400 148
309600 141
309800 157
310000 148
310200 148
310400 149
310600 166
310800 148
311000 149
311200 148
311400 137
311600 139
311800 152
312000 152
312200 161
312400 144
312600 167
312800 144
313000 146
313200 160
313400 155
313600 137
313800 145
314000 161
314200 151
314400 130
314600 140
314800 156
315000 136
315200 139
315400 151
315600 118
315800 155
316000 150
316200 142
316400 150
316600 159
316800 166
317000 152
317200 151
317400 148
317600 129
317800 135
318000 125
318200 158
318400 136
318600 141
318800 138
319000 162
319200 149
319400 154
319600 137
319800 150
320000 157
320200 155
320400 173
320600 144
320800 134
321000 141
321200 160
321400 134
321600 140
321800 168
322000 141
322200 149
322400 163
322600 147
322800 148
323000 144
323200 149
323400 159
323600 152
323800 165
324000 135
324200 128
324400 158
324600 156
324800 151
325000 155
325200 144
325400 154
325600 118
325800 141
326000 152
326200 148
326400 152
326600 136
326800 133
327000 172
327200 154
327400 155
327600 149
327800 130
328000 143
328200 156
328400 149
328600 151
328800 169
329000 172
329200 152
329400 154
329600 132
329800 153
330000 126
330200 147
330400 135
330600 152
330800 153
331000 158
331200 141
331400 126
331600 139
331800 155
332000 154
332200 138
332400 143
332600 146
332800 150
333000 157
333200 152
333400 158
333600 137
333800 153
334000 141
334200 150
334400 167
334600 147
334800 146
335000 131
335200 161
335400 151
335600 149
335800 151
336000 145
336200 160
336400 160
336600 144
336800 138
337000 156
337200 150
337400 153
337600 151
337800 166
338000 136
338200 156
338400 172
338600 134
338800 137
339000 165
339200 156
339400 134
339600 158
339800 152
340000 165
340200 165
340400 147
340600 142
340800 162
341000 138
341200 149
341400 145
341600 144
341800 137
342000 139
342200 154
342400 159
342600 149
342800 127
343000 150
343200 150
343400 143
343600 153
343800 140
344000 143
344200 121
344400 157
344600 131
344800 142
345000 139
345200 165
345400 154
345600 145
345800 151
346000 136
346200 164
346400 154
346600 154
346800 150
347000 148
347200 162
347400 150
347600 183
347800 165
348000 158
348200 135
348400 164
348600 135
348800 171
349000 147
349200 148
349400 164
349600 137
349800 155
350000 159
350200 137
350400 165
350600 150
350800 127
351000 143
351200 152
351400 149
351600 145
351800 144
352000 153
352200 146
352400 134
352600 143
352800 141
353000 147
353200 138
353400 172
353600 152
353800 153
354000 155
354200 149
354400 152
354600 150
354800 132
355000 160
355200 151
355400 150
355600 150
355800 159
356000 159
356200 149
356400 160
356600 150
356800 161
357000 171
357200 143
357400 146
357600 148
357800 154
358000 151
358200 143
358400 157
358600 146
358800 134
359000 150
359200 147
359400 155
359600 146
359800 132
360000 158
360200 154
360400 141
360600 152
360800 159
361000 129
361200 171
361400 154
361600 149
361800 162
362000 132
362200 147
362400 136
362600 154
362800 160
363000 152
363200 118
363400 144
363600 157
363800 131
364000 143
364200 134
364400 144
364600 137
364800 153
365000 165
365200 148
365400 122
365600 148
365800 143
366000 160
366200 153
366400 137
366600 139
366800 151
367000 164
367200 142
367400 151
367600 151
367800 139
368000 146
368200 123
368400 159
368600 167
368800 138
369000 129
369200 157
369400 147
369600 151
369800 145
370000 145
370200 131
370400 127
370600 129
370800 146
371000 124
371200 159
371400 153
371600 153
371800 161
372000 147
372200 150
372400 151
372600 133
372800 153
373000 149
373200 143
373400 150
373600 148
373800 148
374000 166
374200 150
374400 147
374600 160
374800 155
375000 158
375200 156
375400 147
375600 136
375800 152
376000 149
376200 168
376400 152
376600 148
376800 149
377000 131
377200 132
377400 126
377600 165
377800 121
378000 150
378200 138
378400 145
378600 143
378800 141
379000 152
379200 157
379400 142
379600 154
379800 152
380000 153
380200 155
380400 147
380600 158
380800 149
381000 156
381200 153
381400 150
381600 144
381800 156
382000 147
382200 148
382400 162
382600 142
382800 154
383000 153
383200 160
383400 135
383600 147
383800 174
384000 159
384200 146
384400 138
384600 166
384800 156
385000 147
385200 147
385400 137
385600 161
385800 159
386000 149
386200 162
386400 134
386600 156
386800 154
387000 163
387200 155
387400 155
387600 139
387800 146
388000 150
388200 151
388400 144
388600 143
388800 156
389000 134
389200 147
389400 165
389600 159
389800 153
390000 160
390200 145
390400 153
390600 141
390800 147
391000 156
391200 128
391400 159
391600 160
391800 151
392000 145
392200 146
392400 152
392600 153
392800 168
393000 151
393200 152
393400 148
393600 141
393800 143
394000 142
394200 159
394400 157
394600 139
394800 143
395000 161
395200 137
395400 147
395600 150
395800 167
396000 160
396200 167
396400 137
396600 147
396800 140
397000 168
397200 131
397400 147
397600 132
397800 151
398000 148
398200 151
398400 164
398600 152
398800 159
399000 162
399200 152
399400 150
399600 141
399800 149
400000 145
400200 158
400400 146
400600 149
400800 145
401000 140
401200 145
401400 147
401600 148
401800 155
402000 132
402200 152
402400 128
402600 158
402800 135
403000 150
403200 153
403400 142
403600 169
403800 130
404000 153
404200 150
404400 166
404600 137
404800 140
405000 154
405200 162
405400 131
405600 148
405800 165
406000 144
406200 147
406400 159
406600 159
406800 143
407000 144
407200 140
407400 152
407600 152
407800 134
408000 148
408200 165
408400 149
408600 155
408800 145
409000 161
409200 149
409400 140
409600 157
409800 147
410000 151
410200 161
410400 144
410600 153
410800 156
411000 156
411200 167
411400 142
411600 145
411800 144
412000 147
412200 151
412400 152
412600 158
412800 154
413000 153
413200 147
413400 142
413600 139
413800 150
414000 146
414200 135
414400 135
414600 155
414800 131
415000 167
415200 143
415400 153
415600 158
415800 144
416000 148
416200 160
416400 150
416600 158
416800 168
417000 126
417200 141
417400 150
417600 133
417800 155
418000 140
418200 158
418400 150
418600 139
418800 152
419000 136
419200 171
419400 156
419600 139
419800 166
420000 151
420200 150
420400 143
420600 147
420800 152
421000 143
421200 158
421400 159
421600 135
421800 140
422000 158
422200 129
422400 143
422600 131
422800 166
423000 142
423200 149
423400 151
423600 150
423800 143
424000 150
424200 170
424400 128
424600 146
424800 144
425000 121
425200 145
425400 148
425600 136
425800 163
426000 147
426200 155
426400 148
426600 172
426800 166
427000 141
427200 145
427400 145
427600 158
427800 160
428000 164
428200 140
428400 152
428600 150
428800 160
429000 140
429200 159
429400 152
429600 150
429800 149
430000 149
430200 131
430400 152
430600 143
430800 159
431000 149
431200 150
431400 146
431600 147
431800 156
432000 136
432200 163
432400 144
432600 170
432800 159
433000 168
433200 157
433400 137
433600 133
433800 150
434000 138
434200 152
434400 148
434600 150
434800 158
435000 151
435200 157
435400 160
435600 156
435800 161
436000 124
436200 161
436400 151
436600 148
436800 141
437000 141
437200 140
437400 153
437600 148
437800 145
438000 158
438200 154
438400 143
438600 150
438800 152
439000 141
439200 157
439400 159
439600 144
439800 152
440000 158
440200 137
440400 143
440600 159
440800 147
441000 153
441200 132
441400 157
441600 125
441800 131
442000 165
442200 140
442400 147
442600 142
442800 167
443000 133
443200 147
443400 150
443600 166
443800 147
444000 157
444200 145
444400 165
444600 158
444800 131
445000 144
445200 157
445400 157
445600 150
445800 166
446000 161
446200 157
446400 159
446600 141
446800 129
447000 123
447200 148
447400 140
447600 149
447800 142
448000 136
448200 130
448400 161
448600 139
448800 125
449000 144
449200 151
449400 164
449600 159
449800 153
450000 143
450200 129
450400 164
450600 168
450800 148
451000 156
451200 175
451400 150
451600 147
451800 149
452000 141
452200 153
452400 170
452600 132
452800 145
453000 152
453200 144
453400 170
453600 167
453800 150
454000 144
454200 157
454400 148
454600 141
454800 139
455000 139
455200 139
455400 128
455600 162
455800 164
456000 137
456200 166
456400 157
456600 153
456800 169
457000 160
457200 166
457400 134
457600 137
457800 157
458000 128
458200 139
458400 161
458600 160
458800 144
459000 149
459200 159
459400 149
459600 142
459800 151
460000 168
460200 162
460400 134
460600 135
460800 139
461000 158
461200 172
461400 180
461600 136
461800 152
462000 143
462200 175
462400 147
462600 160
462800 160
463000 140
463200 146
463400 147
463600 138
463800 146
464000 162
464200 163
464400 163
464600 145
464800 137
465000 152
465200 134
465400 157
465600 160
465800 154
466000 138
466200 151
466400 159
466600 169
466800 159
467000 126
467200 134
467400 148
467600 153
467800 131
468000 161
468200 156
468400 144
468600 158
468800 153
469000 133
469200 139
469400 147
469600 145
469800 141
470000 171
470200 137
470400 151
470600 147
470800 162
471000 150
471200 158
471400 151
471600 149
471800 159
472000 148
472200 159
472400 149
472600 147
472800 164
473000 142
473200 165
473400 131
473600 142
473800 150
474000 131
474200 161
474400 134
474600 162
474800 153
475000 150
475200 169
475400 162
475600 153
475800 155
476000 154
476200 158
476400 152
476600 135
476800 148
477000 157
477200 152
477400 153
477600 150
477800 144
478000 161
478200 145
478400 171
478600 160
478800 137
479000 167
479200 153
479400 149
479600 129
479800 146
480000 160
480200 153
480400 145
480600 156
480800 137
481000 139
481200 142
481400 149
481600 138
481800 144
482000 162
482200 174
482400 169
482600 162
482800 136
483000 165
483200 135
483400 156
483600 142
483800 155
484000 152
484200 151
484400 162
484600 136
484800 136
485000 156
485200 145
485400 156
485600 161
485800 154
486000 143
486200 139
486400 142
486600 154
486800 140
487000 139
487200 169
487400 150
487600 152
487800 173
488000 166
488200 164
488400 131
488600 143
488800 168
489000 133
489200 146
489400 153
489600 160
489800 147
490000 160
490200 154
490400 143
490600 147
490800 144
491000 147
491200 154
491400 147
491600 143
491800 144
492000 150
492200 160
492400 148
492600 156
492800 155
493000 149
493200 150
493400 143
493600 151
493800 153
494000 136
494200 131
494400 153
494600 150
494800 150
495000 166
495200 163
495400 148
495600 153
495800 146
496000 135
496200 160
496400 139
496600 148
496800 145
497000 127
497200 143
497400 156
497600 144
497800 154
498000 149
498200 149
498400 155
498600 171
498800 148
499000 160
499200 156
499400 157
499600 147
499800 163
500000 137
500200 168
500400 164
500600 134
500800 132
501000 157
501200 123
501400 134
501600 146
501800 164
502000 153
502200 136
502400 119
502600 141
502800 144
503000 145
503200 134
503400 158
503600 162
503800 157
504000 154
504200 148
504400 154
504600 156
504800 162
505000 158
505200 137
505400 160
505600 155
505800 165
506000 163
506200 163
506400 161
506600 165
506800 135
507000 162
507200 159
507400 133
507600 158
507800 147
508000 146
508200 147
508400 148
508600 133
508800 154
509000 152
509200 144
509400 136
509600 160
509800 149
510000 155
510200 152
510400 128
510600 128
510800 140
511000 165
511200 162
511400 145
511600 151
511800 150
512000 168
512200 162
512400 158
512600 145
512800 148
513000 150
513200 147
513400 128
513600 145
513800 152
514000 148
514200 168
514400 140
514600 155
514800 156
515000 132
515200 125
515400 155
515600 159
515800 142
516000 161
516200 137
516400 146
516600 153
516800 147
517000 151
517200 162
517400 168
517600 162
517800 152
518000 163
518200 141
518400 142
518600 139
518800 152
519000 125
519200 139
519400 135
519600 137
519800 151
520000 158
520200 177
520400 145
520600 165
520800 140
521000 164
521200 131
521400 161
521600 164
521800 148
522000 166
522200 137
522400 139
522600 134
522800 149
523000 151
523200 152
523400 131
523600 155
523800 158
524000 156
524200 141
524400 149
524600 133
524800 135
525000 118
525200 160
525400 157
525600 141
525800 145
526000 152
526200 154
526400 153
526600 148
526800 160
527000 146
527200 150
527400 145
527600 158
527800 148
528000 130
528200 149
528400 137
528600 151
528800 150
529000 137
529200 159
529400 135
529600 147
529800 145
530000 146
530200 153
530400 154
530600 137
530800 151
531000 144
531200 137
531400 165
531600 149
531800 144
532000 156
532200 152
532400 155
532600 156
532800 167
533000 167
533200 153
533400 150
533600 114
533800 150
534000 133
534200 147
534400 144
534600 164
534800 151
535000 137
535200 163
535400 156
535600 146
535800 149
536000 161
536200 142
536400 162
536600 148
536800 151
537000 159
537200 164
537400 146
537600 123
537800 156
538000 153
538200 150
538400 146
538600 147
538800 125
539000 153
539200 143
539400 168
539600 155
539800 147
540000 164
540200 150
540400 154
540600 164
540800 153
541000 139
541200 128
541400 176
541600 163
541800 135
542000 156
542200 153
542400 145
542600 146
542800 162
543000 152
543200 158
543400 166
543600 137
543800 127
544000 125
544200 136
544400 143
544600 140
544800 147
545000 158
545200 141
545400 143
545600 143
545800 143
546000 147
546200 162
546400 141
546600 156
546800 162
547000 159
547200 155
547400 169
547600 143
547800 146
548000 149
548200 132
548400 160
548600 161
548800 152
549000 148
549200 158
549400 155
549600 156
549800 170
550000 166
550200 153
550400 165
550600 143
550800 155
551000 143
551200 146
551400 150
551600 165
551800 124
552000 164
552200 151
552400 148
552600 154
552800 140
553000 131
553200 152
553400 154
553600 150
553800 140
554000 144
554200 142
554400 140
554600 163
554800 151
555000 161
555200 137
555400 135
555600 161
555800 141
556000 164
556200 156
556400 118
556600 154
556800 152
557000 150
557200 157
557400 147
557600 157
557800 142
558000 154
558200 154
558400 150
558600 149
558800 156
559000 169
559200 138
559400 134
559600 162
559800 125
560000 152
560200 122
560400 172
560600 163
560800 143
561000 138
561200 161
561400 161
561600 155
561800 158
562000 155
562200 151
562400 156
562600 160
562800 144
563000 141
563200 167
563400 143
563600 170
563800 145
564000 144
564200 151
564400 145
564600 168
564800 138
565000 153
565200 147
565400 139
565600 141
565800 143
566000 125
566200 147
566400 125
566600 156
566800 135
567000 164
567200 152
567400 143
567600 139
567800 152
568000 162
568200 153
568400 153
568600 146
568800 162
569000 145
569200 138
569400 128
569600 151
569800 155
570000 155
570200 160
570400 159
570600 145
570800 156
571000 145
571200 133
571400 130
571600 151
571800 158
572000 133
572200 149
572400 152
572600 141
572800 149
573000 139
573200 149
573400 132
573600 150
573800 159
574000 159
574200 146
574400 145
574600 151
574800 182
575000 172
575200 124
575400 141
575600 161
575800 147
576000 152
576200 132
576400 155
576600 150
576800 154
577000 151
577200 154
577400 144
577600 140
577800 156
578000 144
578200 140
578400 147
578600 159
578800 131
579000 144
579200 156
579400 145
579600 152
579800 147
580000 142
580200 160
580400 137
580600 162
580800 155
581000 147
581200 151
581400 156
581600 171
581800 165
582000 143
582200 146
582400 145
582600 147
582800 156
583000 137
583200 151
583400 155
583600 130
583800 157
584000 140
584200 148
584400 160
584600 172
584800 139
585000 113
585200 137
585400 170
585600 161
585800 144
586000 160
586200 169
586400 169
586600 164
586800 145
587000 150
587200 153
587400 163
587600 164
587800 143
588000 139
588200 173
588400 141
588600 143
588800 159
589000 144
589200 149
589400 142
589600 146
589800 137
590000 141
590200 149
590400 167
590600 142
590800 161
591000 150
591200 168
591400 148
591600 165
591800 144
592000 132
592200 168
592400 160
592600 153
592800 158
593000 149
593200 141
593400 164
593600 155
593800 147
594000 158
594200 142
594400 158
594600 153
594800 162
595000 158
595200 170
595400 169
595600 151
595800 153
596000 129
596200 138
596400 147
596600 163
596800 147
597000 144
597200 142
597400 146
597600 129
597800 154
598000 141
598200 158
598400 135
598600 166
598800 158
599000 131
599200 155
599400 159
599600 160
599800 156
600000 163
600200 149
600400 166
600600 157
600800 149
601000 144
601200 144
601400 148
601600 171
601800 137
602000 142
602200 138
602400 138
602600 143
602800 154
603000 161
603200 146
603400 160
603600 141
603800 144
604000 156
604200 173
604400 143
604600 159
604800 143
605000 150
605200 148
605400 146
605600 155
605800 138
606000 149
606200 129
606400 152
606600 144
606800 151
607000 163
607200 136
607400 146
607600 175
607800 152
608000 158
608200 144
608400 162
608600 148
608800 139
609000 148
609200 147
609400 153
609600 154
609800 162
610000 132
610200 149
610400 161
610600 161
610800 151
611000 159
611200 158
611400 162
611600 160
611800 146
612000 138
612200 123
612400 130
612600 150
612800 142
613000 155
613200 150
613400 140
613600 144
613800 137
614000 168
614200 164
614400 143
614600 156
614800 139
615000 143
615200 157
615400 148
615600 155
615800 152
616000 150
616200 136
616400 151
616600 143
616800 138
617000 156
617200 171
617400 147
617600 163
617800 143
618000 163
618200 143
618400 151
618600 130
618800 143
619000 143
619200 146
619400 129
619600 138
619800 148
620000 158
620200 168
620400 153
620600 150
620800 158
621000 150
621200 154
621400 155
621600 153
621800 148
622000 142
622200 141
622400 153
622600 142
622800 129
623000 149
623200 148
623400 158
623600 165
623800 138
624000 160
624200 131
624400 160
624600 161
624800 158
625000 142
625200 143
625400 162
625600 168
625800 146
626000 144
626200 158
626400 154
626600 147
626800 163
627000 148
627200 144
627400 140
627600 137
627800 179
628000 146
628200 142
628400 147
628600 172
628800 153
629000 158
629200 143
629400 149
629600 150
629800 123
630000 148
630200 155
630400 154
630600 167
630800 136
631000 177
631200 166
631400 149
631600 145
631800 162
632000 137
632200 142
632400 160
632600 145
632800 145
633000 135
633200 164
633400 157
633600 135
633800 146
634000 164
634200 145
634400 152
634600 155
634800 132
635000 152
635200 143
635400 163
635600 167
635800 141
636000 151
636200 165
636400 144
636600 162
636800 148
637000 136
637200 144
637400 155
637600 150
637800 146
638000 141
638200 151
638400 160
638600 156
638800 146
639000 142
639200 137
639400 131
639600 153
639800 146
640000 143
640200 166
640400 160
640600 123
640800 160
641000 143
641200 137
641400 128
641600 146
641800 145
642000 148
642200 163
642400 146
642600 132
642800 159
643000 127
643200 154
643400 145
643600 157
643800 141
644000 145
644200 144
644400 154
644600 144
644800 149
645000 156
645200 171
645400 148
645600 159
645800 154
646000 144
646200 151
646400 149
646600 154
646800 157
647000 154
647200 160
647400 159
647600 127
647800 172
648000 156
648200 158
648400 148
648600 162
648800 168
649000 141
649200 136
649400 137
649600 135
649800 155
650000 136
650200 149
650400 149
650600 153
650800 140
651000 147
651200 148
651400 160
651600 163
651800 133
652000 171
652200 144
652400 140
652600 149
652800 159
653000 157
653200 153
653400 133
653600 139
653800 155
654000 154
654200 165
654400 147
654600 132
654800 145
655000 155
655200 158
655400 157
655600 138
655800 158
656000 161
656200 164
656400 157
656600 172
656800 147
657000 135
657200 141
657400 142
657600 151
657800 146
658000 160
658200 159
658400 153
658600 144
658800 162
659000 161
659200 140
659400 156
659600 155
659800 157
660000 146
660200 135
660400 159
660600 145
660800 134
661000 159
661200 144
661400 142
661600 152
661800 155
662000 171
662200 135
662400 116
662600 155
662800 173
663000 142
663200 152
663400 154
663600 136
663800 135
664000 131
664200 137
664400 162
664600 154
664800 165
665000 156
665200 173
665400 137
665600 145
665800 156
666000 145
666200 133
666400 167
666600 137
666800 143
667000 152
667200 163
667400 144
667600 153
667800 160
668000 157
668200 133
668400 155
668600 148
668800 163
669000 163
669200 149
669400 175
669600 146
669800 149
670000 149
670200 151
670400 152
670600 146
670800 143
671000 120
671200 159
671400 138
671600 156
671800 128
672000 158
672200 159
672400 135
672600 130
672800 155
673000 153
673200 137
673400 155
673600 135
673800 146
674000 134
674200 149
674400 161
674600 133
674800 141
675000 142
675200 155
675400 149
675600 158
675800 145
676000 141
676200 159
676400 145
676600 162
676800 158
677000 146
677200 143
677400 152
677600 139
677800 143
678000 164
678200 148
678400 138
678600 147
678800 134
679000 162
679200 143
679400 141
679600 164
679800 162
680000 166
680200 151
680400 162
680600 160
680800 141
681000 153
681200 152
681400 141
681600 135
681800 139
682000 161
682200 154
682400 169
682600 157
682800 160
683000 151
683200 138
683400 156
683600 164
683800 128
684000 146
684200 155
684400 136
684600 157
684800 145
685000 147
685200 156
685400 152
685600 141
685800 153
686000 144
686200 135
686400 140
686600 149
686800 158
687000 155
687200 151
687400 146
687600 142
687800 141
688000 151
688200 150
688400 156
688600 160
688800 153
689000 155
689200 173
689400 152
689600 164
689800 155
690000 176
690200 158
690400 135
690600 152
690800 137
691000 165
691200 147
691400 118
691600 141
691800 143
692000 146
692200 161
692400 155
692600 159
692800 150
693000 169
693200 146
693400 124
693600 150
693800 155
694000 158
694200 150
694400 168
694600 162
694800 137
695000 140
695200 147
695400 164
695600 145
695800 158
696000 150
696200 137
696400 134
696600 154
696800 131
697000 169
697200 145
697400 158
697600 153
697800 163
698000 139
698200 163
698400 169
698600 135
698800 149
699000 158
699200 146
699400 149
699600 142
699800 152
700000 160
700200 150
700400 137
700600 141
700800 136
701000 145
701200 156
701400 168
701600 134
701800 169
702000 141
702200 149
702400 155
702600 143
702800 159
703000 163
703200 159
703400 146
703600 158
703800 157
704000 157
704200 156
704400 149
704600 147
704800 142
705000 149
705200 167
705400 166
705600 137
705800 173
706000 166
706200 144
706400 149
706600 138
706800 143
707000 139
707200 147
707400 155
707600 152
707800 147
708000 170
708200 147
708400 139
708600 149
708800 155
709000 140
709200 134
709400 154
709600 152
709800 126
710000 139
710200 152
710400 131
710600 150
710800 155
711000 154
711200 147
711400 162
711600 140
711800 132
712000 141
712200 155
712400 160
712600 153
712800 144
713000 137
713200 144
713400 137
713600 152
713800 156
714000 147
714200 156
714400 144
714600 166
714800 142
715000 147
715200 160
715400 150
715600 117
715800 136
716000 149
716200 152
716400 170
716600 154
716800 150
717000 134
717200 163
717400 151
717600 169
717800 158
718000 140
718200 136
718400 138
718600 134
718800 163
719000 169
719200 166
719400 146
719600 153
719800 150
720000 162
720200 152
720400 169
720600 141
720800 144
721000 159
721200 159
721400 163
721600 164
721800 139
722000 136
722200 130
722400 166
722600 145
722800 137
723000 131
723200 158
723400 147
723600 152
723800 138
724000 166
724200 159
724400 128
724600 153
724800 137
725000 142
725200 143
725400 152
725600 136
725800 135
726000 144
726200 132
726400 144
726600 143
726800 160
727000 146
727200 164
727400 144
727600 137
727800 157
728000 139
728200 143
728400 147
728600 158
728800 153
729000 139
729200 161
729400 146
729600 153
729800 130
730000 157
730200 162
730400 144
730600 131
730800 155
731000 151
731200 158
731400 140
731600 128
731800 168
732000 169
732200 140
732400 168
732600 120
732800 146
733000 128
733200 140
733400 148
733600 163
733800 153
734000 180
734200 138
734400 148
734600 147
734800 169
735000 166
735200 153
735400 170
735600 145
735800 144
736000 148
736200 164
736400 150
736600 160
736800 140
737000 127
737200 126
737400 128
737600 143
737800 161
738000 154
738200 152
738400 178
738600 149
738800 167
739000 152
739200 160
739400 154
739600 153
739800 139
740000 190
740200 152
740400 165
740600 138
740800 150
741000 140
741200 153
741400 159
741600 141
741800 139
742000 158
742200 141
742400 158
742600 147
742800 136
743000 133
743200 158
743400 146
743600 137
743800 152
744000 173
744200 160
744400 137
744600 158
744800 165
745000 144
745200 170
745400 132
745600 159
745800 135
746000 144
746200 143
746400 144
746600 146
746800 151
747000 134
747200 158
747400 148
747600 146
747800 157
748000 135
748200 138
748400 152
748600 160
748800 140
749000 147
749200 148
749400 151
749600 150
749800 154
750000 166
750200 149
750400 130
750600 150
750800 159
751000 154
751200 148
751400 149
751600 141
751800 152
752000 150
752200 149
752400 147
752600 155
752800 138
753000 158
753200 163
753400 140
753600 143
753800 156
754000 158
754200 129
754400 152
754600 144
754800 157
755000 138
755200 147
755400 154
755600 168
755800 154
756000 137
756200 142
756400 149
756600 167
756800 151
757000 157
757200 164
757400 152
757600 146
757800 147
758000 147
758200 130
758400 171
758600 140
758800 158
759000 141
759200 149
759400 161
759600 148
759800 159
760000 160
760200 158
760400 164
760600 141
760800 155
761000 155
761200 152
761400 149
761600 145
761800 151
762000 173
762200 168
762400 143
762600 113
762800 145
763000 164
763200 145
763400 154
763600 141
763800 158
764000 149
764200 149
764400 148
764600 144
764800 152
765000 154
765200 145
765400 166
765600 156
765800 157
766000 143
766200 142
766400 155
766600 158
766800 158
767000 144
767200 146
767400 149
767600 146
767800 166
768000 155
768200 142
768400 121
768600 143
768800 166
769000 150
769200 158
769400 169
769600 139
769800 136
770000 148
770200 139
770400 165
770600 152
770800 154
771000 148
771200 167
771400 120
771600 149
771800 136
772000 134
772200 142
772400 165
772600 156
772800 157
773000 135
773200 154
773400 131
773600 131
773800 136
774000 144
774200 148
774400 159
774600 149
774800 159
775000 126
775200 150
775400 149
775600 146
775800 152
776000 158
776200 138
776400 160
776600 164
776800 148
777000 165
777200 135
777400 128
777600 142
777800 160
778000 166
778200 166
778400 147
778600 170
778800 128
779000 167
779200 139
779400 162
779600 131
779800 168
780000 139
780200 140
780400 144
780600 145
780800 152
781000 155
781200 142
781400 154
781600 147
781800 168
782000 158
782200 140
782400 133
782600 159
782800 150
783000 161
783200 155
783400 147
783600 148
783800 160
784000 157
784200 168
784400 161
784600 158
784800 158
785000 172
785200 162
785400 165
785600 134
785800 139
786000 149
786200 144
786400 151
786600 140
786800 141
787000 150
787200 144
787400 160
787600 125
787800 130
788000 150
788200 166
788400 164
788600 144
788800 159
789000 140
789200 137
789400 135
789600 158
789800 180
790000 154
790200 156
790400 152
790600 158
790800 124
791000 173
791200 150
791400 144
791600 156
791800 142
792000 155
792200 166
792400 155
792600 147
792800 145
793000 149
793200 142
793400 158
793600 133
793800 156
794000 156
794200 149
794400 141
794600 166
794800 155
795000 155
795200 150
795400 143
795600 143
795800 140
796000 138
796200 156
796400 165
796600 168
796800 133
797000 147
797200 156
797400 167
797600 141
797800 158
798000 163
798200 160
798400 160
798600 143
798800 155
799000 151
799200 152
799400 151
799600 141
799800 165
800000 167
800200 149
800400 139
800600 174
800800 141
801000 158
801200 161
801400 163
801600 152
801800 147
802000 144
802200 136
802400 153
802600 159
802800 163
803000 155
803200 153
803400 144
803600 139
803800 146
804000 157
804200 152
804400 173
804600 138
804800 151
805000 147
805200 147
805400 141
805600 152
805800 147
806000 153
806200 146
806400 129
806600 140
806800 139
807000 138
807200 160
807400 151
807600 164
807800 164
808000 148
808200 142
808400 146
808600 156
808800 160
809000 147
809200 152
809400 149
809600 166
809800 155
810000 152
810200 149
810400 155
810600 153
810800 154
811000 147
811200 159
811400 141
811600 155
811800 153
812000 162
812200 139
812400 148
812600 164
812800 156
813000 155
813200 148
813400 163
813600 158
813800 153
814000 149
814200 169
814400 126
814600 144
814800 145
815000 123
815200 140
815400 167
815600 134
815800 160
816000 146
816200 153
816400 140
816600 148
816800 170
817000 142
817200 124
817400 161
817600 160
817800 154
818000 146
818200 162
818400 135
818600 146
818800 155
819000 129
819200 162
819400 144
819600 141
819800 145
820000 140
820200 168
820400 127
820600 142
820800 162
821000 152
821200 167
821400 146
821600 152
821800 135
822000 173
822200 149
822400 152
822600 159
822800 143
823000 128
823200 170
823400 147
823600 139
823800 154
824000 160
824200 159
824400 152
824600 134
824800 137
825000 147
825200 137
825400 161
825600 138
825800 160
826000 137
826200 143
826400 141
826600 152
826800 148
827000 153
827200 157
827400 147
827600 155
827800 152
828000 138
828200 153
828400 160
828600 143
828800 142
829000 132
829200 136
829400 145
829600 138
829800 144
830000 124
830200 158
830400 131
830600 140
830800 149
831000 137
831200 153
831400 161
831600 157
831800 160
832000 129
832200 151
832400 141
832600 141
832800 143
833000 157
833200 163
833400 144
833600 154
833800 159
834000 121
834200 160
834400 161
834600 154
834800 154
835000 146
835200 160
835400 132
835600 150
835800 164
836000 145
836200 153
836400 155
836600 160
836800 171
837000 159
837200 139
837400 123
837600 155
837800 145
838000 149
838200 148
838400 162
838600 148
838800 160
839000 142
839200 158
839400 169
839600 158
839800 151
840000 157
840200 155
840400 135
840600 166
840800 149
841000 140
841200 154
841400 161
841600 147
841800 130
842000 136
842200 161
842400 154
842600 139
842800 145
843000 142
843200 147
843400 172
843600 154
843800 133
844000 125
844200 147
844400 123
844600 160
844800 165
845000 167
845200 159
845400 135
845600 151
845800 158
846000 146
846200 152
846400 155
846600 116
846800 149
847000 175
847200 163
847400 135
847600 144
847800 143
848000 164
848200 157
848400 146
848600 165
848800 141
849000 167
849200 144
849400 150
849600 159
849800 152
850000 150
850200 141
850400 138
850600 159
850800 141
851000 159
851200 136
851400 154
851600 128
851800 155
852000 126
852200 154
852400 149
852600 143
852800 132
853000 166
853200 154
853400 161
853600 129
853800 126
854000 138
854200 150
854400 151
854600 165
854800 139
855000 171
855200 154
855400 161
855600 149
855800 149
856000 155
856200 167
856400 152
856600 145
856800 180
857000 135
857200 145
857400 149
857600 150
857800 135
858000 159
858200 133
858400 148
858600 156
858800 151
859000 136
859200 151
859400 155
859600 154
859800 157
860000 135
860200 156
860400 162
860600 157
860800 154
861000 170
861200 141
861400 140
861600 141
861800 159
862000 135
862200 149
862400 119
862600 168
862800 140
863000 147
863200 161
863400 163
863600 137
863800 173
864000 157
864200 118
864400 141
864600 146
864800 155
865000 123
865200 149
865400 162
865600 146
865800 142
866000 177
866200 153
866400 169
866600 155
866800 145
867000 147
867200 161
867400 166
867600 146
867800 163
868000 156
868200 150
868400 159
868600 155
868800 135
869000 151
869200 147
869400 166
869600 161
869800 150
870000 146
870200 157
870400 157
870600 144
870800 136
871000 166
871200 157
871400 165
871600 152
871800 144
872000 142
872200 167
872400 149
872600 157
872800 149
873000 162
873200 165
873400 141
873600 146
873800 161
874000 146
874200 153
874400 158
874600 137
874800 139
875000 133
875200 121
875400 158
875600 165
875800 149
876000 162
876200 135
876400 133
876600 150
876800 140
877000 160
877200 162
877400 150
877600 160
877800 155
878000 146
878200 138
878400 142
878600 150
878800 156
879000 126
879200 147
879400 154
879600 153
879800 130
880000 140
880200 155
880400 129
880600 144
880800 150
881000 143
881200 144
881400 154
881600 141
881800 129
882000 138
882200 178
882400 139
882600 153
882800 146
883000 158
883200 153
883400 143
883600 140
883800 167
884000 142
884200 133
884400 155
884600 155
884800 159
885000 160
885200 139
885400 159
885600 162
885800 161
886000 157
886200 152
886400 146
886600 162
886800 146
887000 169
887200 162
887400 148
887600 152
887800 135
888000 147
888200 155
888400 148
888600 138
888800 160
889000 140
889200 122
889400 144
889600 155
889800 143
890000 146
890200 153
890400 132
890600 140
890800 143
891000 137
891200 136
891400 157
891600 164
891800 153
892000 169
892200 158
892400 136
892600 133
892800 140
893000 125
893200 154
893400 139
893600 149
893800 133
894000 163
894200 141
894400 157
894600 146
894800 148
895000 143
895200 153
895400 136
895600 120
895800 122
896000 156
896200 141
896400 154
896600 139
896800 127
897000 159
897200 169
897400 161
897600 162
897800 155
898000 170
898200 141
898400 144
898600 136
898800 156
899000 160
899200 175
899400 143
899600 154
899800 145
900000 162
900200 137
900400 146
900600 148
900800 138
901000 124
901200 138
901400 164
901600 146
901800 167
902000 149
902200 150
902400 142
902600 156
902800 152
903000 162
903200 152
903400 151
903600 136
903800 150
904000 160
904200 149
904400 141
904600 157
904800 147
905000 137
905200 136
905400 142
905600 153
905800 142
906000 152
906200 148
906400 146
906600 165
906800 155
907000 149
907200 167
907400 137
907600 154
907800 150
908000 156
908200 146
908400 144
908600 139
908800 144
909000 157
909200 146
909400 145
909600 150
909800 137
910000 155
910200 169
910400 143
910600 143
910800 129
911000 143
911200 171
911400 139
911600 150
911800 155
912000 159
912200 145
912400 152
912600 150
912800 173
913000 135
913200 156
913400 144
913600 143
913800 143
914000 150
914200 154
914400 157
914600 177
914800 155
915000 142
915200 139
915400 124
915600 154
915800 177
916000 153
916200 164
916400 143
916600 147
916800 129
917000 158
917200 143
917400 141
917600 155
917800 162
918000 129
918200 168
918400 155
918600 157
918800 123
919000 149
919200 140
919400 157
919600 124
919800 151
920000 154
920200 145
920400 129
920600 163
920800 143
921000 167
921200 147
921400 147
921600 145
921800 143
922000 166
922200 134
922400 143
922600 171
922800 154
923000 147
923200 142
923400 152
923600 151
923800 162
924000 157
924200 154
924400 158
924600 133
924800 167
925000 153
925200 141
925400 143
925600 138
925800 153
926000 164
926200 154
926400 138
926600 150
926800 126
927000 125
927200 134
927400 139
927600 139
927800 156
928000 150
928200 145
928400 154
928600 157
928800 152
929000 145
929200 145
929400 138
929600 164
929800 149
930000 145
930200 167
930400 168
930600 151
930800 161
931000 162
931200 155
931400 150
931600 171
931800 160
932000 165
932200 146
932400 148
932600 131
932800 155
933000 145
933200 158
933400 150
933600 153
933800 154
934000 145
934200 148
934400 159
934600 160
934800 154
935000 158
935200 161
935400 161
935600 154
935800 123
936000 141
936200 154
936400 136
936600 139
936800 156
937000 165
937200 149
937400 162
937600 139
937800 158
938000 164
938200 135
938400 167
938600 143
938800 155
939000 166
939200 139
939400 147
939600 147
939800 157
940000 145
940200 155
940400 166
940600 135
940800 135
941000 149
941200 159
941400 149
941600 154
941800 160
942000 138
942200 164
942400 149
942600 157
942800 154
943000 158
943200 133
943400 148
943600 167
943800 141
944000 128
944200 161
944400 174
944600 127
944800 144
945000 152
945200 144
945400 143
945600 158
945800 161
946000 145
946200 151
946400 145
946600 141
946800 155
947000 151
947200 155
947400 157
947600 150
947800 154
948000 149
948200 130
948400 160
948600 148
948800 156
949000 150
949200 154
949400 148
949600 142
949800 150
950000 160
950200 139
950400 142
950600 152
950800 146
951000 136
951200 156
951400 153
951600 132
951800 149
952000 152
952200 151
952400 139
952600 145
952800 149
953000 128
953200 136
953400 163
953600 150
953800 141
954000 136
954200 140
954400 139
954600 125
954800 138
955000 140
955200 132
955400 166
955600 153
955800 140
956000 130
956200 141
956400 156
956600 153
956800 151
957000 147
957200 145
957400 144
957600 154
957800 154
958000 148
958200 165
958400 151
958600 142
958800 130
959000 163
959200 156
959400 149
959600 156
959800 160
960000 151
960200 152
960400 162
960600 129
960800 152
961000 133
961200 139
961400 146
961600 137
961800 143
962000 140
962200 151
962400 160
962600 161
962800 162
963000 145
963200 151
963400 155
963600 140
963800 138
964000 160
964200 155
964400 150
964600 169
964800 145
965000 153
965200 157
965400 153
965600 146
965800 150
966000 136
966200 150
966400 173
966600 158
966800 154
967000 144
967200 153
967400 152
967600 160
967800 151
968000 150
968200 139
968400 151
968600 163
968800 142
969000 155
969200 166
969400 114
969600 151
969800 136
970000 149
970200 153
970400 148
970600 144
970800 154
971000 142
971200 141
971400 133
971600 137
971800 148
972000 151
972200 150
972400 144
972600 159
972800 139
973000 144
973200 133
973400 130
973600 137
973800 142
974000 160
974200 150
974400 148
974600 135
974800 145
975000 161
975200 144
975400 140
975600 156
975800 154
976000 148
976200 150
976400 156
976600 154
976800 133
977000 159
977200 154
977400 128
977600 151
977800 151
978000 171
978200 131
978400 136
978600 159
978800 140
979000 175
979200 156
979400 142
979600 162
979800 150
980000 153
980200 141
980400 147
980600 142
980800 165
981000 150
981200 153
981400 169
981600 144
981800 149
982000 159
982200 137
982400 148
982600 143
982800 152
983000 143
983200 171
983400 154
983600 131
983800 149
984000 140
984200 153
984400 149
984600 147
984800 140
985000 169
985200 151
985400 157
985600 153
985800 151
986000 160
986200 166
986400 155
986600 153
986800 150
987000 144
987200 170
987400 147
987600 120
987800 167
988000 128
988200 147
988400 152
988600 157
988800 167
989000 147
989200 164
989400 160
989600 172
989800 149
990000 145
990200 151
990400 144
990600 156
990800 164
991000 158
991200 146
991400 151
991600 128
991800 138
992000 150
992200 158
992400 172
992600 165
992800 155
993000 150
993200 153
993400 143
993600 148
993800 155
994000 145
994200 159
994400 151
994600 149
994800 165
995000 150
995200 164
995400 157
995600 157
995800 153
996000 128
996200 161
996400 148
996600 135
996800 156
997000 129
997200 146
997400 154
997600 151
997800 146
998000 149
998200 140
998400 157
998600 148
998800 143
999000 130
999200 154
999400 149
999600 180
999800 132
1000000 132
