500 148
1000 151
1500 163
2000 138
2500 145
3000 160
3500 151
4000 134
4500 163
5000 147
5500 137
6000 143
6500 172
7000 146
7500 153
8000 144
8500 148
9000 137
9500 136
10000 152
10500 148
11000 154
11500 143
12000 162
12500 132
13000 155
13500 138
14000 159
14500 152
15000 161
15500 152
16000 146
16500 134
17000 152
17500 164
18000 162
18500 149
19000 167
19500 151
20000 138
20500 157
21000 153
21500 151
22000 142
22500 144
23000 143
23500 162
24000 137
24500 153
25000 144
25500 145
26000 142
26500 146
27000 145
27500 144
28000 144
28500 151
29000 158
29500 152
30000 145
30500 134
31000 130
31500 145
32000 164
32500 154
33000 130
33500 168
34000 130
34500 147
35000 137
35500 150
36000 140
36500 150
37000 156
37500 157
38000 153
38500 170
39000 153
39500 138
40000 145
40500 159
41000 131
41500 129
42000 137
42500 155
43000 134
43500 137
44000 138
44500 131
45000 146
45500 132
46000 133
46500 133
47000 138
47500 147
48000 167
48500 151
49000 149
49500 147
50000 144
50500 137
51000 165
51500 143
52000 144
52500 136
53000 166
53500 153
54000 139
54500 154
55000 127
55500 138
56000 152
56500 144
57000 143
57500 145
58000 145
58500 152
59000 144
59500 134
60000 141
60500 148
61000 143
61500 157
62000 133
62500 135
63000 133
63500 143
64000 138
64500 156
65000 162
65500 144
66000 161
66500 145
67000 157
67500 110
68000 127
68500 168
69000 126
69500 148
70000 149
70500 140
71000 140
71500 145
72000 147
72500 156
73000 154
73500 146
74000 132
74500 143
75000 147
75500 168
76000 141
76500 138
77000 149
77500 151
78000 161
78500 156
79000 159
79500 151
80000 135
80500 156
81000 151
81500 157
82000 150
82500 141
83000 123
83500 142
84000 132
84500 147
85000 139
85500 145
86000 152
86500 145
87000 152
87500 162
88000 156
88500 158
89000 151
89500 153
90000 148
90500 151
91000 130
91500 168
92000 153
92500 149
93000 143
93500 137
94000 118
94500 132
95000 149
95500 152
96000 140
96500 157
97000 152
97500 157
98000 138
98500 138
99000 162
99500 149
100000 133
100500 144
101000 157
101500 135
102000 138
102500 153
103000 148
103500 152
104000 145
104500 145
105000 163
105500 137
106000 150
106500 160
107000 130
107500 168
108000 141
108500 146
109000 156
109500 144
110000 143
110500 127
111000 165
111500 152
112000 139
112500 162
113000 138
113500 139
114000 144
114500 154
115000 156
115500 160
116000 151
116500 149
117000 151
117500 144
118000 135
118500 148
119000 140
119500 145
120000 131
120500 141
121000 150
121500 137
122000 115
122500 128
123000 134
123500 141
124000 124
124500 139
125000 131
125500 152
126000 154
126500 143
127000 155
127500 139
128000 158
128500 137
129000 152
129500 143
130000 168
130500 150
131000 169
131500 145
132000 152
132500 162
133000 126
133500 146
134000 147
134500 146
135000 144
135500 134
136000 137
136500 135
137000 158
137500 145
138000 153
138500 134
139000 130
139500 146
140000 173
140500 144
141000 158
141500 155
142000 135
142500 144
143000 157
143500 149
144000 136
144500 136
145000 146
145500 152
146000 165
146500 123
147000 140
147500 141
148000 138
148500 139
149000 140
149500 142
150000 131
150500 160
151000 141
151500 153
152000 150
152500 153
153000 146
153500 150
154000 127
154500 137
155000 147
155500 152
156000 128
156500 138
157000 144
157500 141
158000 149
158500 146
159000 150
159500 154
160000 144
160500 151
161000 146
161500 159
162000 135
162500 153
163000 134
163500 138
164000 150
164500 132
165000 148
165500 156
166000 126
166500 139
167000 136
167500 129
168000 138
168500 144
169000 159
169500 139
170000 144
170500 151
171000 146
171500 152
172000 162
172500 145
173000 153
173500 134
174000 160
174500 144
175000 127
175500 138
176000 139
176500 143
177000 155
177500 137
178000 147
178500 136
179000 136
179500 148
180000 121
180500 135
181000 150
181500 151
182000 162
182500 137
183000 147
183500 144
184000 135
184500 146
185000 136
185500 141
186000 138
186500 134
187000 139
187500 150
188000 159
188500 141
189000 143
189500 135
190000 143
190500 162
191000 156
191500 159
192000 148
192500 162
193000 143
193500 137
194000 136
194500 128
195000 125
195500 125
196000 148
196500 157
197000 127
197500 162
198000 140
198500 134
199000 146
199500 136
200000 146
200500 163
201000 125
201500 126
202000 151
202500 134
203000 143
203500 135
204000 134
204500 158
205000 129
205500 131
206000 152
206500 142
207000 136
207500 140
208000 143
208500 135
209000 118
209500 126
210000 139
210500 154
211000 133
211500 117
212000 154
212500 154
213000 142
213500 154
214000 144
214500 130
215000 135
215500 148
216000 130
216500 130
217000 153
217500 145
218000 133
218500 126
219000 142
219500 138
220000 132
220500 144
221000 140
221500 135
222000 135
222500 147
223000 144
223500 145
224000 132
224500 160
225000 142
225500 131
226000 144
226500 129
227000 162
227500 151
228000 137
228500 140
229000 142
229500 127
230000 150
230500 144
231000 156
231500 126
232000 144
232500 143
233000 134
233500 122
234000 124
234500 122
235000 137
235500 159
236000 127
236500 139
237000 137
237500 141
238000 141
238500 114
239000 153
239500 140
240000 152
240500 136
241000 140
241500 147
242000 137
242500 131
243000 143
243500 129
244000 141
244500 150
245000 146
245500 150
246000 135
246500 130
247000 141
247500 121
248000 146
248500 138
249000 124
249500 130
250000 159
250500 152
251000 147
251500 118
252000 134
252500 143
253000 135
253500 138
254000 131
254500 135
255000 144
255500 129
256000 148
256500 141
257000 139
257500 140
258000 159
258500 132
259000 140
259500 136
260000 146
260500 148
261000 147
261500 144
262000 129
262500 120
263000 139
263500 153
264000 142
264500 146
265000 118
265500 139
266000 154
266500 153
267000 128
267500 132
268000 157
268500 134
269000 129
269500 123
270000 149
270500 142
271000 122
271500 146
272000 121
272500 129
273000 131
273500 116
274000 142
274500 118
275000 124
275500 142
276000 136
276500 121
277000 156
277500 154
278000 132
278500 147
279000 139
279500 150
280000 144
280500 135
281000 115
281500 126
282000 137
282500 116
283000 129
283500 141
284000 134
284500 130
285000 151
285500 125
286000 142
286500 122
287000 153
287500 125
288000 135
288500 141
289000 145
289500 141
290000 154
290500 127
291000 132
291500 135
292000 140
292500 148
293000 135
293500 123
294000 149
294500 151
295000 138
295500 135
296000 131
296500 134
297000 116
297500 151
298000 142
298500 156
299000 156
299500 142
300000 111
300500 134
301000 129
301500 134
302000 127
302500 129
303000 135
303500 127
304000 119
304500 148
305000 141
305500 129
306000 144
306500 142
307000 129
307500 129
308000 150
308500 125
309000 165
309500 118
310000 138
310500 121
311000 128
311500 154
312000 127
312500 123
313000 151
313500 126
314000 147
314500 141
315000 114
315500 122
316000 139
316500 135
317000 125
317500 149
318000 132
318500 139
319000 120
319500 127
320000 130
320500 116
321000 140
321500 99
322000 143
322500 141
323000 127
323500 135
324000 126
324500 130
325000 120
325500 138
326000 127
326500 133
327000 122
327500 137
328000 130
328500 146
329000 127
329500 114
330000 144
330500 146
331000 138
331500 129
332000 125
332500 139
333000 133
333500 141
334000 152
334500 127
335000 133
335500 115
336000 155
336500 138
337000 137
337500 127
338000 129
338500 129
339000 103
339500 128
340000 118
340500 156
341000 116
341500 142
342000 127
342500 149
343000 131
343500 136
344000 96
344500 141
345000 148
345500 121
346000 120
346500 128
347000 131
347500 109
348000 133
348500 130
349000 118
349500 112
350000 124
350500 120
351000 108
351500 127
352000 117
352500 124
353000 128
353500 136
354000 134
354500 125
355000 139
355500 147
356000 124
356500 123
357000 135
357500 137
358000 114
358500 128
359000 126
359500 127
360000 135
360500 124
361000 133
361500 130
362000 115
362500 125
363000 127
363500 118
364000 157
364500 100
365000 124
365500 136
366000 126
366500 125
367000 123
367500 129
368000 148
368500 127
369000 134
369500 130
370000 128
370500 123
371000 121
371500 131
372000 140
372500 132
373000 131
373500 121
374000 133
374500 129
375000 142
375500 125
376000 138
376500 125
377000 132
377500 139
378000 118
378500 120
379000 140
379500 128
380000 131
380500 119
381000 119
381500 129
382000 127
382500 143
383000 119
383500 129
384000 122
384500 130
385000 110
385500 113
386000 117
386500 120
387000 138
387500 144
388000 144
388500 121
389000 134
389500 124
390000 119
390500 121
391000 120
391500 120
392000 141
392500 131
393000 143
393500 118
394000 107
394500 120
395000 127
395500 148
396000 124
396500 137
397000 121
397500 123
398000 115
398500 100
399000 113
399500 125
400000 100
400500 163
401000 142
401500 102
402000 136
402500 123
403000 111
403500 121
404000 122
404500 118
405000 83
405500 145
406000 111
406500 124
407000 126
407500 138
408000 120
408500 118
409000 133
409500 114
410000 116
410500 132
411000 114
411500 106
412000 114
412500 122
413000 142
413500 123
414000 113
414500 118
415000 118
415500 117
416000 137
416500 120
417000 108
417500 126
418000 97
418500 111
419000 125
419500 105
420000 136
420500 119
421000 130
421500 112
422000 123
422500 115
423000 131
423500 142
424000 120
424500 114
425000 105
425500 129
426000 104
426500 107
427000 142
427500 108
428000 117
428500 128
429000 102
429500 99
430000 117
430500 114
431000 125
431500 132
432000 123
432500 137
433000 109
433500 123
434000 122
434500 117
435000 137
435500 125
436000 114
436500 120
437000 116
437500 112
438000 114
438500 109
439000 137
439500 113
440000 126
440500 103
441000 103
441500 107
442000 99
442500 133
443000 115
443500 121
444000 101
444500 113
445000 107
445500 113
446000 105
446500 105
447000 122
447500 103
448000 148
448500 112
449000 126
449500 124
450000 108
450500 119
451000 113
451500 123
452000 122
452500 126
453000 97
453500 117
454000 113
454500 112
455000 118
455500 108
456000 128
456500 116
457000 99
457500 117
458000 109
458500 105
459000 111
459500 116
460000 108
460500 118
461000 110
461500 130
462000 134
462500 121
463000 111
463500 110
464000 126
464500 101
465000 128
465500 118
466000 126
466500 120
467000 112
467500 106
468000 107
468500 99
469000 100
469500 91
470000 118
470500 121
471000 117
471500 103
472000 101
472500 108
473000 102
473500 90
474000 110
474500 105
475000 111
475500 89
476000 113
476500 105
477000 103
477500 100
478000 90
478500 116
479000 125
479500 119
480000 109
480500 119
481000 90
481500 94
482000 112
482500 102
483000 92
483500 119
484000 94
484500 111
485000 90
485500 95
486000 95
486500 112
487000 99
487500 101
488000 102
488500 103
489000 109
489500 95
490000 127
490500 101
491000 112
491500 122
492000 99
492500 107
493000 124
493500 101
494000 121
494500 86
495000 108
495500 113
496000 99
496500 102
497000 109
497500 105
498000 105
498500 133
499000 118
499500 117
500000 112
500500 104
501000 108
501500 113
502000 97
502500 126
503000 102
503500 97
504000 100
504500 96
505000 105
505500 94
506000 129
506500 155
507000 97
507500 91
508000 109
508500 96
509000 108
509500 100
510000 104
510500 107
511000 98
511500 92
512000 96
512500 111
513000 92
513500 119
514000 102
514500 97
515000 90
515500 89
516000 110
516500 91
517000 96
517500 102
518000 89
518500 92
519000 98
519500 99
520000 94
520500 110
521000 96
521500 83
522000 92
522500 87
523000 101
523500 84
524000 119
524500 90
525000 109
525500 111
526000 89
526500 97
527000 101
527500 112
528000 108
528500 104
529000 119
529500 102
530000 105
530500 91
531000 109
531500 99
532000 112
532500 100
533000 112
533500 82
534000 94
534500 84
535000 124
535500 96
536000 99
536500 94
537000 105
537500 94
538000 104
538500 134
539000 115
539500 99
540000 93
540500 108
541000 113
541500 109
542000 121
542500 96
543000 84
543500 97
544000 107
544500 97
545000 126
545500 86
546000 108
546500 86
547000 94
547500 105
548000 117
548500 85
549000 96
549500 94
550000 101
550500 97
551000 120
551500 109
552000 81
552500 93
553000 108
553500 99
554000 90
554500 118
555000 109
555500 102
556000 101
556500 103
557000 89
557500 84
558000 75
558500 87
559000 94
559500 99
560000 91
560500 84
561000 93
561500 108
562000 110
562500 110
563000 97
563500 98
564000 95
564500 107
565000 97
565500 100
566000 97
566500 100
567000 86
567500 95
568000 102
568500 98
569000 92
569500 126
570000 99
570500 122
571000 92
571500 91
572000 108
572500 85
573000 82
573500 94
574000 127
574500 93
575000 121
575500 97
576000 86
576500 91
577000 85
577500 76
578000 116
578500 86
579000 86
579500 105
580000 79
580500 88
581000 104
581500 115
582000 86
582500 89
583000 91
583500 88
584000 93
584500 90
585000 84
585500 92
586000 80
586500 86
587000 88
587500 102
588000 77
588500 82
589000 89
589500 74
590000 81
590500 84
591000 81
591500 82
592000 78
592500 85
593000 78
593500 85
594000 83
594500 106
595000 88
595500 90
596000 86
596500 128
597000 84
597500 78
598000 80
598500 108
599000 86
599500 126
600000 82
600500 114
601000 88
601500 100
602000 78
602500 83
603000 104
603500 93
604000 111
604500 91
605000 90
605500 85
606000 108
606500 106
607000 87
607500 75
608000 125
608500 95
609000 110
609500 78
610000 87
610500 74
611000 77
611500 78
612000 86
612500 77
613000 78
613500 74
614000 78
614500 69
615000 75
615500 78
616000 106
616500 77
617000 73
617500 103
618000 82
618500 98
619000 116
619500 91
620000 82
620500 86
621000 77
621500 117
622000 108
622500 123
623000 106
623500 82
624000 87
624500 80
625000 83
625500 79
626000 82
626500 77
627000 92
627500 75
628000 76
628500 73
629000 74
629500 67
630000 74
630500 74
631000 76
631500 75
632000 70
632500 72
633000 76
633500 81
634000 79
634500 115
635000 88
635500 77
636000 75
636500 82
637000 78
637500 80
638000 75
638500 85
639000 79
639500 98
640000 80
640500 75
641000 95
641500 132
642000 90
642500 119
643000 103
643500 81
644000 91
644500 112
645000 74
645500 78
646000 77
646500 76
647000 76
647500 78
648000 75
648500 79
649000 74
649500 102
650000 94
650500 75
651000 81
651500 83
652000 71
652500 82
653000 82
653500 72
654000 87
654500 75
655000 80
655500 74
656000 75
656500 74
657000 76
657500 76
658000 75
658500 80
659000 124
659500 79
660000 83
660500 81
661000 82
661500 75
662000 71
662500 70
663000 72
663500 77
664000 84
664500 72
665000 70
665500 70
666000 71
666500 76
667000 74
667500 71
668000 71
668500 71
669000 85
669500 71
670000 75
670500 71
671000 69
671500 71
672000 73
672500 72
673000 72
673500 70
674000 74
674500 74
675000 78
675500 73
676000 74
676500 71
677000 73
677500 71
678000 72
678500 70
679000 72
679500 71
680000 73
680500 74
681000 71
681500 69
682000 71
682500 69
683000 70
683500 70
684000 72
684500 69
685000 71
685500 70
686000 71
686500 74
687000 73
687500 80
688000 76
688500 74
689000 73
689500 72
690000 69
690500 72
691000 70
691500 70
692000 71
692500 72
693000 70
693500 69
694000 71
694500 125
695000 88
695500 83
696000 79
696500 73
697000 72
697500 71
698000 70
698500 70
699000 73
699500 71
700000 71
700500 69
701000 71
701500 69
702000 69
702500 71
703000 73
703500 70
704000 70
704500 71
705000 69
705500 70
706000 71
706500 71
707000 72
707500 71
708000 71
708500 71
709000 69
709500 72
710000 74
710500 71
711000 69
711500 73
712000 72
712500 71
713000 69
713500 70
714000 69
714500 69
715000 77
715500 73
716000 73
716500 78
717000 132
717500 77
718000 77
718500 88
719000 84
719500 74
720000 70
720500 71
721000 70
721500 74
722000 72
722500 72
723000 72
723500 70
724000 72
724500 75
725000 76
725500 74
726000 76
726500 67
727000 68
727500 67
728000 67
728500 70
729000 67
729500 70
730000 68
730500 69
731000 68
731500 67
732000 67
732500 67
733000 66
733500 67
734000 66
734500 66
735000 66
735500 67
736000 67
736500 67
737000 67
737500 67
738000 69
738500 69
739000 68
739500 69
740000 69
740500 70
741000 69
741500 69
742000 66
742500 66
743000 66
743500 68
744000 67
744500 69
745000 66
745500 66
746000 67
746500 66
747000 66
747500 66
748000 66
748500 67
749000 65
749500 66
750000 69
750500 69
751000 67
751500 65
752000 66
752500 65
753000 65
753500 65
754000 65
754500 66
755000 66
755500 65
756000 65
756500 67
757000 66
757500 66
758000 65
758500 65
759000 65
759500 65
760000 65
760500 65
761000 66
761500 67
762000 65
762500 65
763000 65
763500 65
764000 65
764500 65
765000 66
765500 65
766000 67
766500 65
767000 65
767500 65
768000 66
768500 66
769000 66
769500 65
770000 66
770500 65
771000 67
771500 65
772000 65
772500 65
773000 65
773500 66
774000 67
774500 67
775000 65
775500 66
776000 66
776500 67
777000 66
777500 68
778000 66
778500 66
779000 66
779500 66
780000 65
780500 65
781000 67
781500 67
782000 65
782500 65
783000 66
783500 65
784000 65
784500 65
785000 65
785500 65
786000 66
786500 65
787000 65
787500 66
788000 65
788500 65
789000 65
789500 66
790000 66
790500 65
791000 65
791500 65
792000 65
792500 65
793000 66
793500 66
794000 65
794500 66
795000 66
795500 65
796000 65
796500 65
797000 65
797500 65
798000 66
798500 66
799000 66
799500 66
800000 67
800500 66
801000 65
801500 65
802000 65
802500 65
803000 65
803500 65
804000 65
804500 65
805000 65
805500 65
806000 66
806500 65
807000 66
807500 66
808000 65
808500 65
809000 65
809500 65
810000 65
810500 65
811000 65
811500 66
812000 66
812500 66
813000 66
813500 66
814000 66
814500 65
815000 65
815500 65
816000 65
816500 65
817000 65
817500 65
818000 65
818500 65
819000 65
819500 65
820000 65
820500 65
821000 65
821500 65
822000 65
822500 65
823000 66
823500 66
824000 66
824500 66
825000 65
825500 65
826000 65
826500 65
827000 65
827500 66
828000 66
828500 66
829000 66
829500 66
830000 66
830500 66
831000 66
831500 66
832000 66
832500 66
833000 66
833500 66
834000 66
834500 66
835000 65
835500 65
836000 65
836500 65
837000 65
837500 65
838000 66
838500 66
839000 66
839500 66
840000 66
840500 66
841000 66
841500 65
842000 65
842500 65
843000 65
843500 65
844000 65
844500 65
845000 65
845500 65
846000 65
846500 65
847000 65
847500 65
848000 65
848500 65
849000 65
849500 65
850000 65
850500 65
851000 65
851500 65
852000 65
852500 65
853000 65
853500 65
854000 65
854500 65
855000 65
855500 65
856000 65
856500 65
857000 65
857500 65
858000 65
858500 65
859000 65
859500 65
860000 65
860500 65
861000 65
861500 66
862000 66
862500 66
863000 65
863500 65
864000 65
864500 65
865000 65
865500 65
866000 65
866500 65
867000 65
867500 65
868000 65
868500 65
869000 65
869500 65
870000 65
870500 65
871000 65
871500 65
872000 65
872500 65
873000 65
873500 65
874000 65
874500 65
875000 65
875500 65
876000 65
876500 65
877000 65
877500 65
878000 65
878500 65
879000 65
879500 65
880000 65
880500 65
881000 65
881500 65
882000 65
882500 65
883000 65
883500 65
884000 65
884500 65
885000 65
885500 65
886000 65
886500 65
887000 65
887500 65
888000 65
888500 65
889000 65
889500 65
890000 65
890500 65
891000 65
891500 65
892000 65
892500 65
893000 65
893500 65
894000 65
894500 65
895000 65
895500 65
896000 65
896500 65
897000 65
897500 65
898000 65
898500 65
899000 65
899500 65
900000 65
900500 65
901000 65
901500 65
902000 65
902500 65
903000 65
903500 65
904000 65
904500 65
905000 65
905500 65
906000 65
906500 65
907000 65
907500 65
908000 65
908500 65
909000 65
909500 65
910000 65
910500 65
911000 65
911500 65
912000 65
912500 65
913000 65
913500 65
914000 65
914500 65
915000 65
915500 65
916000 65
916500 65
917000 65
917500 65
918000 65
918500 65
919000 65
919500 65
920000 65
920500 65
921000 65
921500 65
922000 65
922500 65
923000 65
923500 65
924000 65
924500 65
925000 65
925500 65
926000 65
926500 65
927000 65
927500 65
928000 65
928500 65
929000 65
929500 65
930000 65
930500 65
931000 65
931500 65
932000 65
932500 65
933000 65
933500 65
934000 65
934500 65
935000 65
935500 65
936000 65
936500 65
937000 65
937500 65
938000 65
938500 65
939000 65
939500 65
940000 65
940500 65
941000 65
941500 65
942000 65
942500 65
943000 65
943500 65
944000 65
944500 65
945000 65
945500 65
946000 65
946500 65
947000 65
947500 65
948000 65
948500 65
949000 65
949500 65
950000 65
950500 65
951000 65
951500 65
952000 65
952500 65
953000 65
953500 65
954000 65
954500 65
955000 65
955500 65
956000 65
956500 65
957000 65
957500 65
958000 65
958500 65
959000 65
959500 65
960000 65
960500 65
961000 65
961500 65
962000 65
962500 65
963000 65
963500 65
964000 65
964500 65
965000 65
965500 65
966000 65
966500 65
967000 65
967500 65
968000 65
968500 65
969000 65
969500 65
970000 65
970500 65
971000 65
971500 65
972000 65
972500 65
973000 65
973500 65
974000 65
974500 65
975000 65
975500 65
976000 65
976500 65
977000 65
977500 65
978000 65
978500 65
979000 65
979500 65
980000 65
980500 65
981000 65
981500 65
982000 65
982500 65
983000 65
983500 65
984000 65
984500 65
985000 65
985500 65
986000 65
986500 65
987000 65
987500 65
988000 65
988500 65
989000 65
989500 65
990000 65
990500 65
991000 65
991500 65
992000 65
992500 65
993000 65
993500 65
994000 65
994500 65
995000 65
995500 65
996000 65
996500 65
997000 65
997500 65
998000 65
998500 65
999000 65
999500 65
1000000 65
1000500 65
1001000 65
1001500 65
1002000 65
1002500 65
1003000 65
1003500 65
1004000 65
1004500 65
1005000 65
1005500 65
1006000 65
1006500 65
1007000 65
1007500 65
1008000 65
1008500 65
1009000 65
1009500 65
1010000 65
1010500 65
1011000 65
1011500 65
1012000 65
1012500 65
1013000 65
1013500 65
1014000 65
1014500 65
1015000 65
1015500 65
1016000 65
1016500 65
1017000 65
1017500 65
1018000 65
1018500 65
1019000 65
1019500 65
1020000 65
1020500 65
1021000 65
1021500 65
1022000 65
1022500 65
1023000 65
1023500 65
1024000 65
1024500 65
1025000 65
1025500 65
1026000 65
1026500 65
1027000 65
1027500 65
1028000 65
1028500 65
1029000 65
1029500 65
1030000 65
1030500 65
1031000 65
1031500 65
1032000 65
1032500 65
1033000 65
1033500 65
1034000 65
1034500 65
1035000 65
1035500 65
1036000 65
1036500 65
1037000 65
1037500 65
1038000 65
1038500 65
1039000 65
1039500 65
1040000 65
1040500 65
1041000 65
1041500 65
1042000 65
1042500 65
1043000 65
1043500 65
1044000 65
1044500 65
1045000 65
1045500 65
1046000 65
1046500 65
1047000 65
1047500 65
1048000 65
1048500 65
1049000 65
1049500 65
1050000 65
1050500 65
1051000 65
1051500 65
1052000 65
1052500 65
1053000 65
1053500 65
1054000 65
1054500 65
1055000 65
1055500 65
1056000 65
1056500 65
1057000 65
1057500 65
1058000 65
1058500 65
1059000 65
1059500 65
1060000 65
1060500 65
1061000 65
1061500 65
1062000 65
1062500 65
1063000 65
1063500 65
1064000 65
1064500 65
1065000 65
1065500 65
1066000 65
1066500 65
1067000 65
1067500 65
1068000 65
1068500 65
1069000 65
1069500 65
1070000 65
1070500 65
1071000 65
1071500 65
1072000 65
1072500 65
1073000 65
1073500 65
1074000 65
1074500 65
1075000 65
1075500 65
1076000 65
1076500 65
1077000 65
1077500 65
1078000 65
1078500 65
1079000 65
1079500 65
1080000 65
1080500 65
1081000 65
1081500 65
1082000 65
1082500 65
1083000 65
1083500 65
1084000 65
1084500 65
1085000 65
1085500 65
1086000 65
1086500 65
1087000 65
1087500 65
1088000 65
1088500 65
1089000 65
1089500 65
1090000 65
1090500 65
1091000 65
1091500 65
1092000 65
1092500 65
1093000 65
1093500 65
1094000 65
1094500 65
1095000 65
1095500 65
1096000 65
1096500 65
1097000 65
1097500 65
1098000 65
1098500 65
1099000 65
1099500 65
1100000 65
1100500 65
1101000 65
1101500 65
1102000 65
1102500 65
1103000 65
1103500 65
1104000 65
1104500 65
1105000 65
1105500 65
1106000 65
1106500 65
1107000 65
1107500 65
1108000 65
1108500 65
1109000 65
1109500 65
1110000 65
1110500 65
1111000 65
1111500 65
1112000 65
1112500 65
1113000 65
1113500 65
1114000 65
1114500 65
1115000 65
1115500 65
1116000 65
1116500 65
1117000 65
1117500 65
1118000 65
1118500 65
1119000 65
1119500 65
1120000 65
1120500 65
1121000 65
1121500 65
1122000 65
1122500 65
1123000 65
1123500 65
1124000 65
1124500 65
1125000 65
1125500 65
1126000 65
1126500 65
1127000 65
1127500 65
1128000 65
1128500 65
1129000 65
1129500 65
1130000 65
1130500 65
1131000 65
1131500 65
1132000 65
1132500 65
1133000 65
1133500 65
1134000 65
1134500 65
1135000 65
1135500 65
1136000 65
1136500 65
1137000 65
1137500 65
1138000 65
1138500 65
1139000 65
1139500 65
1140000 65
1140500 65
1141000 65
1141500 65
1142000 65
1142500 65
1143000 65
1143500 65
1144000 65
1144500 65
1145000 65
1145500 65
1146000 65
1146500 65
1147000 65
1147500 65
1148000 65
1148500 65
1149000 65
1149500 65
1150000 65
1150500 65
1151000 65
1151500 65
1152000 65
1152500 65
1153000 65
1153500 65
1154000 65
1154500 65
1155000 65
1155500 65
1156000 65
1156500 65
1157000 65
1157500 65
1158000 65
1158500 65
1159000 65
1159500 65
1160000 65
1160500 65
1161000 65
1161500 65
1162000 65
1162500 65
1163000 65
1163500 65
1164000 65
1164500 65
1165000 65
1165500 65
1166000 65
1166500 65
1167000 65
1167500 65
1168000 65
1168500 65
1169000 65
1169500 65
1170000 65
1170500 65
1171000 65
1171500 65
1172000 65
1172500 65
1173000 65
1173500 65
1174000 65
1174500 65
1175000 65
1175500 65
1176000 65
1176500 65
1177000 65
1177500 65
1178000 65
1178500 65
1179000 65
1179500 65
1180000 65
1180500 65
1181000 65
1181500 65
1182000 65
1182500 65
1183000 65
1183500 65
1184000 65
1184500 65
1185000 65
1185500 65
1186000 65
1186500 65
1187000 65
1187500 65
1188000 65
1188500 65
1189000 65
1189500 65
1190000 65
1190500 65
1191000 65
1191500 65
1192000 65
1192500 65
1193000 65
1193500 65
1194000 65
1194500 65
1195000 65
1195500 65
1196000 65
1196500 65
1197000 65
1197500 65
1198000 65
1198500 65
1199000 65
1199500 65
1200000 65
1200500 65
1201000 65
1201500 65
1202000 65
1202500 65
1203000 65
1203500 65
1204000 65
1204500 65
1205000 65
1205500 65
1206000 65
1206500 65
1207000 65
1207500 65
1208000 65
1208500 65
1209000 65
1209500 65
1210000 65
1210500 65
1211000 65
1211500 65
1212000 65
1212500 65
1213000 65
1213500 65
1214000 65
1214500 65
1215000 65
1215500 65
1216000 65
1216500 65
1217000 65
1217500 65
1218000 65
1218500 65
1219000 65
1219500 65
1220000 65
1220500 65
1221000 65
1221500 65
1222000 65
1222500 65
1223000 65
1223500 65
1224000 65
1224500 65
1225000 65
1225500 65
1226000 65
1226500 65
1227000 65
1227500 65
1228000 65
1228500 65
1229000 65
1229500 65
1230000 65
1230500 65
1231000 65
1231500 65
1232000 65
1232500 65
1233000 65
1233500 65
1234000 65
1234500 65
1235000 65
1235500 65
1236000 65
1236500 65
1237000 65
1237500 65
1238000 65
1238500 65
1239000 65
1239500 65
1240000 65
1240500 65
1241000 65
1241500 65
1242000 65
1242500 65
1243000 65
1243500 65
1244000 65
1244500 65
1245000 65
1245500 65
1246000 65
1246500 65
1247000 65
1247500 65
1248000 65
1248500 65
1249000 65
1249500 65
1250000 65
1250500 65
1251000 65
1251500 65
1252000 65
1252500 65
1253000 65
1253500 65
1254000 65
1254500 65
1255000 65
1255500 65
1256000 65
1256500 65
1257000 65
1257500 65
1258000 65
1258500 65
1259000 65
1259500 65
1260000 65
1260500 65
1261000 65
1261500 65
1262000 65
1262500 65
1263000 65
1263500 65
1264000 65
1264500 65
1265000 65
1265500 65
1266000 65
1266500 65
1267000 65
1267500 65
1268000 65
1268500 65
1269000 65
1269500 65
1270000 65
1270500 65
1271000 65
1271500 65
1272000 65
1272500 65
1273000 65
1273500 65
1274000 65
1274500 65
1275000 65
1275500 65
1276000 65
1276500 65
1277000 65
1277500 65
1278000 65
1278500 65
1279000 65
1279500 65
1280000 65
1280500 65
1281000 65
1281500 65
1282000 65
1282500 65
1283000 65
1283500 65
1284000 65
1284500 65
1285000 65
1285500 65
1286000 65
1286500 65
1287000 65
1287500 65
1288000 65
1288500 65
1289000 65
1289500 65
1290000 65
1290500 65
1291000 65
1291500 65
1292000 65
1292500 65
1293000 65
1293500 65
1294000 65
1294500 65
1295000 65
1295500 65
1296000 65
1296500 65
1297000 65
1297500 65
1298000 65
1298500 65
1299000 65
1299500 65
1300000 65
1300500 65
1301000 65
1301500 65
1302000 65
1302500 65
1303000 65
1303500 65
1304000 65
1304500 65
1305000 65
1305500 65
1306000 65
1306500 65
1307000 65
1307500 65
1308000 65
1308500 65
1309000 65
1309500 65
1310000 65
1310500 65
1311000 65
1311500 65
1312000 65
1312500 65
1313000 65
1313500 65
1314000 65
1314500 65
1315000 65
1315500 65
1316000 65
1316500 65
1317000 65
1317500 65
1318000 65
1318500 65
1319000 65
1319500 65
1320000 65
1320500 65
1321000 65
1321500 65
1322000 65
1322500 65
1323000 65
1323500 65
1324000 65
1324500 65
1325000 65
1325500 65
1326000 65
1326500 65
1327000 65
1327500 65
1328000 65
1328500 65
1329000 65
1329500 65
1330000 65
1330500 65
1331000 65
1331500 65
1332000 65
1332500 65
1333000 65
1333500 65
1334000 65
1334500 65
1335000 65
1335500 65
1336000 65
1336500 65
1337000 65
1337500 65
1338000 65
1338500 65
1339000 65
1339500 65
1340000 65
1340500 65
1341000 65
1341500 65
1342000 65
1342500 65
1343000 65
1343500 65
1344000 65
1344500 65
1345000 65
1345500 65
1346000 65
1346500 65
1347000 65
1347500 65
1348000 65
1348500 65
1349000 65
1349500 65
1350000 65
1350500 65
1351000 65
1351500 65
1352000 65
1352500 65
1353000 65
1353500 65
1354000 65
1354500 65
1355000 65
1355500 65
1356000 65
1356500 65
1357000 65
1357500 65
1358000 65
1358500 65
1359000 65
1359500 65
1360000 65
1360500 65
1361000 65
1361500 65
1362000 65
1362500 65
1363000 65
1363500 65
1364000 65
1364500 65
1365000 65
1365500 65
1366000 65
1366500 65
1367000 65
1367500 65
1368000 65
1368500 65
1369000 65
1369500 65
1370000 65
1370500 65
1371000 65
1371500 65
1372000 65
1372500 65
1373000 65
1373500 65
1374000 65
1374500 65
1375000 65
1375500 65
1376000 65
1376500 65
1377000 65
1377500 65
1378000 65
1378500 65
1379000 65
1379500 65
1380000 65
1380500 65
1381000 65
1381500 65
1382000 65
1382500 65
1383000 65
1383500 65
1384000 65
1384500 65
1385000 65
1385500 65
1386000 65
1386500 65
1387000 65
1387500 65
1388000 65
1388500 65
1389000 65
1389500 65
1390000 65
1390500 65
1391000 65
1391500 65
1392000 65
1392500 65
1393000 65
1393500 65
1394000 65
1394500 65
1395000 65
1395500 65
1396000 65
1396500 65
1397000 65
1397500 65
1398000 65
1398500 65
1399000 65
1399500 65
1400000 65
1400500 65
1401000 65
1401500 65
1402000 65
1402500 65
1403000 65
1403500 65
1404000 65
1404500 65
1405000 65
1405500 65
1406000 65
1406500 65
1407000 65
1407500 65
1408000 65
1408500 65
1409000 65
1409500 65
1410000 65
1410500 65
1411000 65
1411500 65
1412000 65
1412500 65
1413000 65
1413500 65
1414000 65
1414500 65
1415000 65
1415500 65
1416000 65
1416500 65
1417000 65
1417500 65
1418000 65
1418500 65
1419000 65
1419500 65
1420000 65
1420500 65
1421000 65
1421500 65
1422000 65
1422500 65
1423000 65
1423500 65
1424000 65
1424500 65
1425000 65
1425500 65
1426000 65
1426500 65
1427000 65
1427500 65
1428000 65
1428500 65
1429000 65
1429500 65
1430000 65
1430500 65
1431000 65
1431500 65
1432000 65
1432500 65
1433000 65
1433500 65
1434000 65
1434500 65
1435000 65
1435500 65
1436000 65
1436500 65
1437000 65
1437500 65
1438000 65
1438500 65
1439000 65
1439500 65
1440000 65
1440500 65
1441000 65
1441500 65
1442000 65
1442500 65
1443000 65
1443500 65
1444000 65
1444500 65
1445000 65
1445500 65
1446000 65
1446500 65
1447000 65
1447500 65
1448000 65
1448500 65
1449000 65
1449500 65
1450000 65
1450500 65
1451000 65
1451500 65
1452000 65
1452500 65
1453000 65
1453500 65
1454000 65
1454500 65
1455000 65
1455500 65
1456000 65
1456500 65
1457000 65
1457500 65
1458000 65
1458500 65
1459000 65
1459500 65
1460000 65
1460500 65
1461000 65
1461500 65
1462000 65
1462500 65
1463000 65
1463500 65
1464000 65
1464500 65
1465000 65
1465500 65
1466000 65
1466500 65
1467000 65
1467500 65
1468000 65
1468500 65
1469000 65
1469500 65
1470000 65
1470500 65
1471000 65
1471500 65
1472000 65
1472500 65
1473000 65
1473500 65
1474000 65
1474500 65
1475000 65
1475500 65
1476000 65
1476500 65
1477000 65
1477500 65
1478000 65
1478500 65
1479000 65
1479500 65
1480000 65
1480500 65
1481000 65
1481500 65
1482000 65
1482500 65
1483000 65
1483500 65
1484000 65
1484500 65
1485000 65
1485500 65
1486000 65
1486500 65
1487000 65
1487500 65
1488000 65
1488500 65
1489000 65
1489500 65
1490000 65
1490500 65
1491000 65
1491500 65
1492000 65
1492500 65
1493000 65
1493500 65
1494000 65
1494500 65
1495000 65
1495500 65
1496000 65
1496500 65
1497000 65
1497500 65
1498000 65
1498500 65
1499000 65
1499500 65
1500000 65
1500500 65
1501000 65
1501500 65
1502000 65
1502500 65
1503000 65
1503500 65
1504000 65
1504500 65
1505000 65
1505500 65
1506000 65
1506500 65
1507000 65
1507500 65
1508000 65
1508500 65
1509000 65
1509500 65
1510000 65
1510500 65
1511000 65
1511500 65
1512000 65
1512500 65
1513000 65
1513500 65
1514000 65
1514500 65
1515000 65
1515500 65
1516000 65
1516500 65
1517000 65
1517500 65
1518000 65
1518500 65
1519000 65
1519500 65
1520000 65
1520500 65
1521000 65
1521500 65
1522000 65
1522500 65
1523000 65
1523500 65
1524000 65
1524500 65
1525000 65
1525500 65
1526000 65
1526500 65
1527000 65
1527500 65
1528000 65
1528500 65
1529000 65
1529500 65
1530000 65
1530500 65
1531000 65
1531500 65
1532000 65
1532500 65
1533000 65
1533500 65
1534000 65
1534500 65
1535000 65
1535500 65
1536000 65
1536500 65
1537000 65
1537500 65
1538000 65
1538500 65
1539000 65
1539500 65
1540000 65
1540500 65
1541000 65
1541500 65
1542000 65
1542500 65
1543000 65
1543500 65
1544000 65
1544500 65
1545000 65
1545500 65
1546000 65
1546500 65
1547000 65
1547500 65
1548000 65
1548500 65
1549000 65
1549500 65
1550000 65
1550500 65
1551000 65
1551500 65
1552000 65
1552500 65
1553000 65
1553500 65
1554000 65
1554500 65
1555000 65
1555500 65
1556000 65
1556500 65
1557000 65
1557500 65
1558000 65
1558500 65
1559000 65
1559500 65
1560000 65
1560500 65
1561000 65
1561500 65
1562000 65
1562500 65
1563000 65
1563500 65
1564000 65
1564500 65
1565000 65
1565500 65
1566000 65
1566500 65
1567000 65
1567500 65
1568000 65
1568500 65
1569000 65
1569500 65
1570000 65
1570500 65
1571000 65
1571500 65
1572000 65
1572500 65
1573000 65
1573500 65
1574000 65
1574500 65
1575000 65
1575500 65
1576000 65
1576500 65
1577000 65
1577500 65
1578000 65
1578500 65
1579000 65
1579500 65
1580000 65
1580500 65
1581000 65
1581500 65
1582000 65
1582500 65
1583000 65
1583500 65
1584000 65
1584500 65
1585000 65
1585500 65
1586000 65
1586500 65
1587000 65
1587500 65
1588000 65
1588500 65
1589000 65
1589500 65
1590000 65
1590500 65
1591000 65
1591500 65
1592000 65
1592500 65
1593000 65
1593500 65
1594000 65
1594500 65
1595000 65
1595500 65
1596000 65
1596500 65
1597000 65
1597500 65
1598000 65
1598500 65
1599000 65
1599500 65
1600000 65
1600500 65
1601000 65
1601500 65
1602000 65
1602500 65
1603000 65
1603500 65
1604000 65
1604500 65
1605000 65
1605500 65
1606000 65
1606500 65
1607000 65
1607500 65
1608000 65
1608500 65
1609000 65
1609500 65
1610000 65
1610500 65
1611000 65
1611500 65
1612000 65
1612500 65
1613000 65
1613500 65
1614000 65
1614500 65
1615000 65
1615500 65
1616000 65
1616500 65
1617000 65
1617500 65
1618000 65
1618500 65
1619000 65
1619500 65
1620000 65
1620500 65
1621000 65
1621500 65
1622000 65
1622500 65
1623000 65
1623500 65
1624000 65
1624500 65
1625000 65
1625500 65
1626000 65
1626500 65
1627000 65
1627500 65
1628000 65
1628500 65
1629000 65
1629500 65
1630000 65
1630500 65
1631000 65
1631500 65
1632000 65
1632500 65
1633000 65
1633500 65
1634000 65
1634500 65
1635000 65
1635500 65
1636000 65
1636500 65
1637000 65
1637500 65
1638000 65
1638500 65
1639000 65
1639500 65
1640000 65
1640500 65
1641000 65
1641500 65
1642000 65
1642500 65
1643000 65
1643500 65
1644000 65
1644500 65
1645000 65
1645500 65
1646000 65
1646500 65
1647000 65
1647500 65
1648000 65
1648500 65
1649000 65
1649500 65
1650000 65
1650500 65
1651000 65
1651500 65
1652000 65
1652500 65
1653000 65
1653500 65
1654000 65
1654500 65
1655000 65
1655500 65
1656000 65
1656500 65
1657000 65
1657500 65
1658000 65
1658500 65
1659000 65
1659500 65
1660000 65
1660500 65
1661000 65
1661500 65
1662000 65
1662500 65
1663000 65
1663500 65
1664000 65
1664500 65
1665000 65
1665500 65
1666000 65
1666500 65
1667000 65
1667500 65
1668000 65
1668500 65
1669000 65
1669500 65
1670000 65
1670500 65
1671000 65
1671500 65
1672000 65
1672500 65
1673000 65
1673500 65
1674000 65
1674500 65
1675000 65
1675500 65
1676000 65
1676500 65
1677000 65
1677500 65
1678000 65
1678500 65
1679000 65
1679500 65
1680000 65
1680500 65
1681000 65
1681500 65
1682000 65
1682500 65
1683000 65
1683500 65
1684000 65
1684500 65
1685000 65
1685500 65
1686000 65
1686500 65
1687000 65
1687500 65
1688000 65
1688500 65
1689000 65
1689500 65
1690000 65
1690500 65
1691000 65
1691500 65
1692000 65
1692500 65
1693000 65
1693500 65
1694000 65
1694500 65
1695000 65
1695500 65
1696000 65
1696500 65
1697000 65
1697500 65
1698000 65
1698500 65
1699000 65
1699500 65
1700000 65
1700500 65
1701000 65
1701500 65
1702000 65
1702500 65
1703000 65
1703500 65
1704000 65
1704500 65
1705000 65
1705500 65
1706000 65
1706500 65
1707000 65
1707500 65
1708000 65
1708500 65
1709000 65
1709500 65
1710000 65
1710500 65
1711000 65
1711500 65
1712000 65
1712500 65
1713000 65
1713500 65
1714000 65
1714500 65
1715000 65
1715500 65
1716000 65
1716500 65
1717000 65
1717500 65
1718000 65
1718500 65
1719000 65
1719500 65
1720000 65
1720500 65
1721000 65
1721500 65
1722000 65
1722500 65
1723000 65
1723500 65
1724000 65
1724500 65
1725000 65
1725500 65
1726000 65
1726500 65
1727000 65
1727500 65
1728000 65
1728500 65
1729000 65
1729500 65
1730000 65
1730500 65
1731000 65
1731500 65
1732000 65
1732500 65
1733000 65
1733500 65
1734000 65
1734500 65
1735000 65
1735500 65
1736000 65
1736500 65
1737000 65
1737500 65
1738000 65
1738500 65
1739000 65
1739500 65
1740000 65
1740500 65
1741000 65
1741500 65
1742000 65
1742500 65
1743000 65
1743500 65
1744000 65
1744500 65
1745000 65
1745500 65
1746000 65
1746500 65
1747000 65
1747500 65
1748000 65
1748500 65
1749000 65
1749500 65
1750000 65
1750500 65
1751000 65
1751500 65
1752000 65
1752500 65
1753000 65
1753500 65
1754000 65
1754500 65
1755000 65
1755500 65
1756000 65
1756500 65
1757000 65
1757500 65
1758000 65
1758500 65
1759000 65
1759500 65
1760000 65
1760500 65
1761000 65
1761500 65
1762000 65
1762500 65
1763000 65
1763500 65
1764000 65
1764500 65
1765000 65
1765500 65
1766000 65
1766500 65
1767000 65
1767500 65
1768000 65
1768500 65
1769000 65
1769500 65
1770000 65
1770500 65
1771000 65
1771500 65
1772000 65
1772500 65
1773000 65
1773500 65
1774000 65
1774500 65
1775000 65
1775500 65
1776000 65
1776500 65
1777000 65
1777500 65
1778000 65
1778500 65
1779000 65
1779500 65
1780000 65
1780500 65
1781000 65
1781500 65
1782000 65
1782500 65
1783000 65
1783500 65
1784000 65
1784500 65
1785000 65
1785500 65
1786000 65
1786500 65
1787000 65
1787500 65
1788000 65
1788500 65
1789000 65
1789500 65
1790000 65
1790500 65
1791000 65
1791500 65
1792000 65
1792500 65
1793000 65
1793500 65
1794000 65
1794500 65
1795000 65
1795500 65
1796000 65
1796500 65
1797000 65
1797500 65
1798000 65
1798500 65
1799000 65
1799500 65
1800000 65
1800500 65
1801000 65
1801500 65
1802000 65
1802500 65
1803000 65
1803500 65
1804000 65
1804500 65
1805000 65
1805500 65
1806000 65
1806500 65
1807000 65
1807500 65
1808000 65
1808500 65
1809000 65
1809500 65
1810000 65
1810500 65
1811000 65
1811500 65
1812000 65
1812500 65
1813000 65
1813500 65
1814000 65
1814500 65
1815000 65
1815500 65
1816000 65
1816500 65
1817000 65
1817500 65
1818000 65
1818500 65
1819000 65
1819500 65
1820000 65
1820500 65
1821000 65
1821500 65
1822000 65
1822500 65
1823000 65
1823500 65
1824000 65
1824500 65
1825000 65
1825500 65
1826000 65
1826500 65
1827000 65
1827500 65
1828000 65
1828500 65
1829000 65
1829500 65
1830000 65
1830500 65
1831000 65
1831500 65
1832000 65
1832500 65
1833000 65
1833500 65
1834000 65
1834500 65
1835000 65
1835500 65
1836000 65
1836500 65
