500 48
1000 48
1500 48
2000 48
2500 48
3000 48
3500 48
4000 48
4500 48
5000 48
5500 48
6000 48
6500 48
7000 48
7500 48
8000 48
8500 48
9000 48
9500 48
10000 48
10500 48
11000 48
11500 48
12000 48
12500 48
13000 48
13500 48
14000 48
14500 48
15000 48
15500 48
16000 48
16500 48
17000 48
17500 48
18000 48
18500 48
19000 48
19500 48
20000 48
20500 48
21000 48
21500 48
22000 48
22500 48
23000 48
23500 48
24000 48
24500 48
25000 48
25500 48
26000 48
26500 48
27000 48
27500 48
28000 48
28500 48
29000 48
29500 48
30000 48
30500 48
31000 48
31500 48
32000 48
32500 48
33000 48
33500 48
34000 48
34500 48
35000 48
35500 48
36000 48
36500 48
37000 48
37500 48
38000 48
38500 48
39000 48
39500 48
40000 48
40500 48
41000 48
41500 48
42000 48
42500 48
43000 48
43500 48
44000 48
44500 48
45000 48
45500 48
46000 48
46500 48
47000 48
47500 48
48000 48
48500 48
49000 48
49500 48
50000 48
50500 48
51000 48
51500 48
52000 48
52500 48
53000 48
53500 48
54000 48
54500 48
55000 48
55500 48
56000 48
56500 48
57000 48
57500 48
58000 48
58500 48
59000 48
59500 48
60000 48
60500 48
61000 48
61500 48
62000 48
62500 48
63000 48
63500 48
64000 48
64500 48
65000 48
65500 48
66000 48
66500 48
67000 48
67500 48
68000 48
68500 48
69000 48
69500 48
70000 48
70500 48
71000 48
71500 48
72000 48
72500 48
73000 48
73500 48
74000 48
74500 48
75000 48
75500 48
76000 48
76500 48
77000 48
77500 48
78000 48
78500 48
79000 48
79500 48
80000 48
80500 48
81000 48
81500 48
82000 48
82500 48
83000 48
83500 48
84000 48
84500 48
85000 48
85500 48
86000 48
86500 48
87000 48
87500 48
88000 48
88500 48
89000 48
89500 48
90000 48
90500 48
91000 48
91500 48
92000 48
92500 48
93000 48
93500 48
94000 48
94500 48
95000 48
95500 48
96000 48
96500 48
97000 48
97500 48
98000 48
98500 48
99000 48
99500 48
100000 48
100500 48
101000 48
101500 48
102000 48
102500 48
103000 48
103500 48
104000 48
104500 48
105000 48
105500 48
106000 48
106500 48
107000 48
107500 48
108000 48
108500 48
109000 48
109500 48
110000 48
110500 48
111000 48
111500 48
112000 48
112500 48
113000 48
113500 48
114000 48
114500 48
115000 48
115500 48
116000 48
116500 48
117000 48
117500 48
118000 48
118500 48
119000 48
119500 48
120000 48
120500 48
121000 48
121500 48
122000 48
122500 48
123000 48
123500 48
124000 48
124500 48
125000 48
125500 48
126000 48
126500 48
127000 48
127500 48
128000 48
128500 48
129000 48
129500 48
130000 48
130500 48
131000 48
131500 48
132000 48
132500 48
133000 48
133500 48
134000 48
134500 48
135000 48
135500 48
136000 48
136500 48
137000 48
137500 48
138000 48
138500 48
139000 48
139500 48
140000 48
140500 48
141000 48
141500 48
142000 48
142500 48
143000 48
143500 48
144000 48
144500 48
145000 48
145500 48
146000 48
146500 48
147000 48
147500 48
148000 48
148500 48
149000 48
149500 48
150000 48
150500 48
151000 48
151500 48
152000 48
152500 48
153000 48
153500 48
154000 48
154500 48
155000 48
155500 48
156000 48
156500 48
157000 48
157500 48
158000 48
158500 48
159000 48
159500 48
160000 48
160500 48
161000 48
161500 48
162000 48
162500 48
163000 48
163500 48
164000 48
164500 48
165000 48
165500 48
166000 48
166500 48
167000 48
167500 48
168000 48
168500 48
169000 48
169500 48
170000 48
170500 48
171000 48
171500 48
172000 48
172500 48
173000 48
173500 48
174000 48
174500 48
175000 48
175500 48
176000 48
176500 48
177000 48
177500 48
178000 48
178500 48
179000 48
179500 48
180000 48
180500 48
181000 48
181500 48
182000 48
182500 48
183000 48
183500 48
184000 48
184500 48
185000 48
185500 48
186000 48
186500 48
187000 48
187500 48
188000 48
188500 48
189000 48
189500 48
190000 48
190500 48
191000 48
191500 48
192000 48
192500 48
193000 48
193500 48
194000 48
194500 48
195000 48
195500 48
196000 48
196500 48
197000 48
197500 48
198000 48
198500 48
199000 48
199500 48
200000 48
200500 48
201000 48
201500 48
202000 48
202500 48
203000 48
203500 48
204000 48
204500 48
205000 48
205500 48
206000 48
206500 48
207000 48
207500 48
208000 48
208500 48
209000 48
209500 48
210000 48
210500 48
211000 48
211500 48
212000 48
212500 48
213000 48
213500 48
214000 48
214500 48
215000 48
215500 48
216000 48
216500 48
217000 48
217500 48
218000 48
218500 48
219000 48
219500 48
220000 48
220500 48
221000 48
221500 48
222000 48
222500 48
223000 48
223500 48
224000 48
224500 48
225000 48
225500 48
226000 48
226500 48
227000 48
227500 48
228000 48
228500 48
229000 48
229500 48
230000 48
230500 48
231000 48
231500 48
232000 48
232500 48
233000 48
233500 48
234000 48
234500 48
235000 48
235500 48
236000 48
236500 48
237000 48
237500 48
238000 48
238500 48
239000 48
239500 48
240000 48
240500 48
241000 48
241500 48
242000 48
242500 48
243000 48
243500 48
244000 48
244500 48
245000 48
245500 48
246000 48
246500 48
247000 48
247500 48
248000 48
248500 48
249000 48
249500 48
250000 48
250500 48
251000 48
251500 48
252000 48
252500 48
253000 48
253500 48
254000 48
254500 48
255000 48
255500 48
256000 48
256500 48
257000 48
257500 48
258000 48
258500 48
259000 48
259500 48
260000 48
260500 48
261000 48
261500 48
262000 48
262500 48
263000 48
263500 48
264000 48
264500 48
265000 48
265500 48
266000 48
266500 48
267000 48
267500 48
268000 48
268500 48
269000 48
269500 48
270000 48
270500 48
271000 48
271500 48
272000 48
272500 48
273000 48
273500 48
274000 48
274500 48
275000 48
275500 48
276000 48
276500 48
277000 48
277500 48
278000 48
278500 48
279000 48
279500 48
280000 48
280500 48
281000 48
281500 48
282000 48
282500 48
283000 48
283500 48
284000 48
284500 48
285000 48
285500 48
286000 48
286500 48
287000 48
287500 48
288000 48
288500 48
289000 48
289500 48
290000 48
290500 48
291000 48
291500 48
292000 48
292500 48
293000 48
293500 48
294000 48
294500 48
295000 48
295500 48
296000 48
296500 48
297000 48
297500 48
298000 48
298500 48
299000 48
299500 48
300000 48
300500 48
301000 48
301500 48
302000 48
302500 48
303000 48
303500 48
304000 48
304500 48
305000 48
305500 48
306000 48
306500 48
307000 48
307500 48
308000 48
308500 48
309000 48
309500 48
310000 48
310500 48
311000 48
311500 48
312000 48
312500 48
313000 48
313500 48
314000 48
314500 48
315000 48
315500 48
316000 48
316500 48
317000 48
317500 48
318000 48
318500 48
319000 48
319500 48
320000 48
320500 48
321000 48
321500 48
322000 48
322500 48
323000 48
323500 48
324000 48
324500 48
325000 48
325500 48
326000 48
326500 48
327000 48
327500 48
328000 48
328500 48
329000 48
329500 48
330000 48
330500 48
331000 48
331500 48
332000 48
332500 48
333000 48
333500 48
334000 48
334500 48
335000 48
335500 48
336000 48
336500 48
337000 48
337500 48
338000 48
338500 48
339000 48
339500 48
340000 48
340500 48
341000 48
341500 48
342000 48
342500 48
343000 48
343500 48
344000 48
344500 48
345000 48
345500 48
346000 48
346500 48
347000 48
347500 48
348000 48
348500 48
349000 48
349500 48
350000 48
350500 48
351000 48
351500 48
352000 48
352500 48
353000 48
353500 48
354000 48
354500 48
355000 48
355500 48
356000 48
356500 48
357000 48
357500 48
358000 48
358500 48
359000 48
359500 48
360000 48
360500 48
361000 48
361500 48
362000 48
362500 48
363000 48
363500 48
364000 48
364500 48
365000 48
365500 48
366000 48
366500 48
367000 48
367500 48
368000 48
368500 48
369000 48
369500 48
370000 48
370500 48
371000 48
371500 48
372000 48
372500 48
373000 48
373500 48
374000 48
374500 48
375000 48
375500 48
376000 48
376500 48
377000 48
377500 48
378000 48
378500 48
379000 48
379500 48
380000 48
380500 48
381000 48
381500 48
382000 48
382500 48
383000 48
383500 48
384000 48
384500 48
385000 48
385500 48
386000 48
386500 48
387000 48
387500 48
388000 48
388500 48
389000 48
389500 48
390000 48
390500 48
391000 48
391500 48
392000 48
392500 48
393000 48
393500 48
394000 48
394500 48
395000 48
395500 48
396000 48
396500 48
397000 48
397500 48
398000 48
398500 48
399000 48
399500 48
400000 48
400500 48
401000 48
401500 48
402000 48
402500 48
403000 48
403500 48
404000 48
404500 48
405000 48
405500 48
406000 48
406500 48
407000 48
407500 48
408000 48
408500 48
409000 48
409500 48
410000 48
410500 48
411000 48
411500 48
412000 48
412500 48
413000 48
413500 48
414000 48
414500 48
415000 48
415500 48
416000 48
416500 48
417000 48
417500 48
418000 48
418500 48
419000 48
419500 48
420000 48
420500 48
421000 48
421500 48
422000 48
422500 48
423000 48
423500 48
424000 48
424500 48
425000 48
425500 48
426000 48
426500 48
427000 48
427500 48
428000 48
428500 48
429000 48
429500 48
430000 48
430500 48
431000 48
431500 48
432000 48
432500 48
433000 48
433500 48
434000 48
434500 48
435000 48
435500 48
436000 48
436500 48
437000 48
437500 48
438000 48
438500 48
439000 48
439500 48
440000 48
440500 48
441000 48
441500 48
442000 48
442500 48
443000 48
443500 48
444000 48
444500 48
445000 48
445500 48
446000 48
446500 48
447000 48
447500 48
448000 48
448500 48
449000 48
449500 48
450000 48
450500 48
451000 48
451500 48
452000 48
452500 48
453000 48
453500 48
454000 48
454500 48
455000 48
455500 48
456000 48
456500 48
457000 48
457500 48
458000 48
458500 48
459000 48
459500 48
460000 48
460500 48
461000 48
461500 48
462000 48
462500 48
463000 48
463500 48
464000 48
464500 48
465000 48
465500 48
466000 48
466500 48
467000 48
467500 48
468000 48
468500 48
469000 48
469500 48
470000 48
470500 48
471000 48
471500 48
472000 48
472500 48
473000 48
473500 48
474000 48
474500 48
475000 48
475500 48
476000 48
476500 48
477000 48
477500 48
478000 48
478500 48
479000 48
479500 48
480000 48
480500 48
481000 48
481500 48
482000 48
482500 48
483000 48
483500 48
484000 48
484500 48
485000 48
485500 48
486000 48
486500 48
487000 48
487500 48
488000 48
488500 48
489000 48
489500 48
490000 48
490500 48
491000 48
491500 48
492000 48
492500 48
493000 48
493500 48
494000 48
494500 48
495000 48
495500 48
496000 48
496500 48
497000 48
497500 48
498000 48
498500 48
499000 48
499500 48
500000 48
500500 48
501000 48
501500 48
502000 48
502500 48
503000 48
503500 48
504000 48
504500 48
505000 48
505500 48
506000 48
506500 48
507000 48
507500 48
508000 48
508500 48
509000 48
509500 48
510000 48
510500 48
511000 48
511500 48
512000 48
512500 48
513000 48
513500 48
514000 48
514500 48
515000 48
515500 48
516000 48
516500 48
517000 48
517500 48
518000 48
518500 48
519000 48
519500 48
520000 48
520500 48
521000 48
521500 48
522000 48
522500 48
523000 48
523500 48
524000 48
524500 48
525000 48
525500 46
526000 46
526500 46
527000 46
527500 46
528000 46
528500 46
529000 46
529500 46
530000 46
530500 46
531000 46
531500 46
532000 46
532500 46
533000 46
533500 46
534000 46
534500 46
535000 46
535500 46
536000 46
536500 46
537000 46
537500 46
538000 46
538500 46
539000 46
539500 46
540000 46
540500 46
541000 46
541500 46
542000 46
542500 46
543000 46
543500 46
544000 46
544500 46
545000 46
545500 46
546000 46
546500 46
547000 46
547500 46
548000 46
548500 44
549000 44
549500 44
550000 44
550500 44
551000 44
551500 44
552000 44
552500 44
553000 44
553500 44
554000 44
554500 44
555000 44
555500 44
556000 44
556500 44
557000 44
557500 44
558000 44
558500 44
559000 44
559500 44
560000 42
560500 42
561000 42
561500 42
562000 42
562500 42
563000 42
563500 42
564000 42
564500 42
565000 42
565500 42
566000 42
566500 42
567000 42
567500 42
568000 42
568500 42
569000 42
569500 42
570000 42
570500 42
571000 42
571500 42
572000 42
572500 42
573000 42
573500 42
574000 42
574500 42
575000 42
575500 42
576000 42
576500 42
577000 42
577500 42
578000 42
578500 42
579000 42
579500 42
580000 42
580500 42
581000 42
581500 42
582000 42
582500 42
583000 42
583500 42
584000 42
584500 42
585000 42
585500 42
586000 42
586500 42
587000 42
587500 42
588000 42
588500 42
589000 42
589500 42
590000 42
590500 42
591000 42
591500 42
592000 42
592500 42
593000 42
593500 42
594000 42
594500 42
595000 42
595500 42
596000 42
596500 42
597000 42
597500 42
598000 42
598500 42
599000 40
599500 40
600000 40
600500 40
601000 40
601500 40
602000 40
602500 40
603000 40
603500 40
604000 40
604500 40
605000 40
605500 40
606000 38
606500 38
607000 38
607500 38
608000 38
608500 38
609000 38
609500 38
610000 38
610500 38
611000 38
611500 38
612000 38
612500 38
613000 38
613500 38
614000 38
614500 38
615000 38
615500 38
616000 38
616500 38
617000 38
617500 38
618000 38
618500 38
619000 38
619500 38
620000 38
620500 38
621000 38
621500 38
622000 38
622500 38
623000 38
623500 38
624000 38
624500 38
625000 38
625500 38
626000 38
626500 38
627000 38
627500 38
628000 38
628500 38
629000 38
629500 38
630000 38
630500 38
631000 38
631500 38
632000 38
632500 38
633000 38
633500 38
634000 38
634500 38
635000 38
635500 38
636000 38
636500 38
637000 38
637500 38
638000 38
638500 38
639000 38
639500 38
640000 38
640500 38
641000 38
641500 38
642000 38
642500 38
643000 38
643500 38
644000 38
644500 38
645000 38
645500 36
646000 36
646500 36
647000 36
647500 36
648000 36
648500 36
649000 36
649500 36
650000 36
650500 36
651000 36
651500 36
652000 36
652500 36
653000 36
653500 36
654000 36
654500 36
655000 36
655500 36
656000 36
656500 36
657000 36
657500 36
658000 36
658500 36
659000 36
659500 36
660000 36
660500 36
661000 36
661500 36
662000 36
662500 36
663000 36
663500 36
664000 36
664500 36
665000 36
665500 36
666000 36
666500 36
667000 36
667500 36
668000 36
668500 36
669000 36
669500 36
670000 36
670500 36
671000 36
671500 36
672000 36
672500 36
673000 36
673500 36
674000 36
674500 36
675000 36
675500 36
676000 36
676500 36
677000 36
677500 36
678000 36
678500 36
679000 36
679500 36
680000 36
680500 36
681000 36
681500 36
682000 36
682500 36
683000 36
683500 36
684000 36
684500 36
685000 36
685500 36
686000 36
686500 36
687000 36
687500 36
688000 36
688500 36
689000 36
689500 36
690000 36
690500 36
691000 36
691500 36
692000 36
692500 36
693000 36
693500 36
694000 36
694500 36
695000 36
695500 36
696000 36
696500 36
697000 36
697500 36
698000 36
698500 36
699000 36
699500 36
700000 36
700500 36
701000 36
701500 36
702000 36
702500 36
703000 36
703500 36
704000 36
704500 36
705000 36
705500 36
706000 36
706500 36
707000 36
707500 36
708000 36
708500 36
709000 36
709500 36
710000 36
710500 36
711000 36
711500 36
712000 36
712500 36
713000 36
713500 36
714000 36
714500 36
715000 36
715500 36
716000 36
716500 36
717000 36
717500 36
718000 36
718500 36
719000 36
719500 36
720000 36
720500 36
721000 36
721500 36
722000 36
722500 36
723000 36
723500 36
724000 36
724500 36
725000 36
725500 36
726000 36
726500 36
727000 36
727500 36
728000 36
728500 36
729000 36
729500 36
730000 36
730500 36
731000 36
731500 36
732000 36
732500 36
733000 36
733500 36
734000 36
734500 36
735000 36
735500 36
736000 36
736500 36
737000 36
737500 36
738000 36
738500 36
739000 36
739500 36
740000 36
740500 36
741000 36
741500 36
742000 36
742500 36
743000 36
743500 36
744000 36
744500 36
745000 36
745500 36
746000 36
746500 36
747000 36
747500 36
748000 36
748500 36
749000 36
749500 36
750000 36
750500 36
751000 36
751500 36
752000 36
752500 36
753000 36
753500 36
754000 36
754500 36
755000 36
755500 36
756000 36
756500 36
757000 36
757500 36
758000 36
758500 36
759000 36
759500 36
760000 36
760500 36
761000 36
761500 36
762000 36
762500 36
763000 36
763500 36
764000 36
764500 36
765000 36
765500 36
766000 36
766500 36
767000 36
767500 36
768000 36
768500 36
769000 36
769500 36
770000 36
770500 36
771000 36
771500 36
772000 36
772500 36
773000 36
773500 36
774000 36
774500 36
775000 36
775500 36
776000 36
776500 36
777000 36
777500 36
778000 36
778500 36
779000 36
779500 36
780000 36
780500 36
781000 36
781500 36
782000 36
782500 36
783000 36
783500 36
784000 36
784500 36
785000 36
785500 36
786000 36
786500 36
787000 36
787500 36
788000 36
788500 36
789000 36
789500 36
790000 36
790500 36
791000 36
791500 36
792000 36
792500 36
793000 36
793500 36
794000 36
794500 36
795000 36
795500 36
796000 36
796500 36
797000 36
797500 36
798000 36
798500 36
799000 36
799500 36
800000 36
800500 36
801000 36
801500 36
802000 36
802500 36
803000 36
803500 36
804000 36
804500 36
805000 36
805500 36
806000 36
806500 36
807000 36
807500 36
808000 36
808500 36
809000 36
809500 36
810000 36
810500 36
811000 36
811500 36
812000 36
812500 36
813000 36
813500 36
814000 36
814500 36
815000 36
815500 36
816000 36
816500 36
817000 36
817500 36
818000 36
818500 36
819000 36
819500 36
820000 36
820500 36
821000 36
821500 36
822000 36
822500 36
823000 36
823500 36
824000 36
824500 36
825000 36
825500 36
826000 36
826500 36
827000 36
827500 36
828000 36
828500 36
829000 36
829500 36
830000 36
830500 36
831000 36
831500 36
832000 36
832500 36
833000 36
833500 36
834000 36
834500 36
835000 36
835500 36
836000 36
836500 36
837000 36
837500 36
838000 36
838500 36
839000 36
839500 36
840000 36
840500 36
841000 36
841500 36
842000 36
842500 36
843000 36
843500 36
844000 36
844500 36
845000 36
845500 36
846000 36
846500 36
847000 36
847500 36
848000 36
848500 36
849000 36
849500 36
850000 36
850500 36
851000 36
851500 36
852000 36
852500 36
853000 36
853500 36
854000 36
854500 36
855000 36
855500 36
856000 36
856500 36
857000 36
857500 36
858000 36
858500 36
859000 36
859500 36
860000 36
860500 36
861000 36
861500 36
862000 36
862500 36
863000 36
863500 36
864000 36
864500 36
865000 36
865500 36
866000 36
866500 36
867000 36
867500 36
868000 36
868500 36
869000 36
869500 36
870000 36
870500 36
871000 36
871500 36
872000 36
872500 36
873000 36
873500 36
874000 36
874500 36
875000 36
875500 36
876000 36
876500 36
877000 36
877500 36
878000 36
878500 36
879000 36
879500 36
880000 36
880500 36
881000 36
881500 36
882000 36
882500 36
883000 36
883500 36
884000 36
884500 36
885000 36
885500 36
886000 36
886500 36
887000 36
887500 36
888000 36
888500 36
889000 36
889500 36
890000 36
890500 36
891000 36
891500 36
892000 36
892500 36
893000 36
893500 36
894000 36
894500 36
895000 36
895500 36
896000 36
896500 36
897000 36
897500 36
898000 36
898500 36
899000 36
899500 36
900000 36
900500 36
901000 36
901500 36
902000 36
902500 36
903000 36
903500 36
904000 36
904500 36
905000 36
905500 36
906000 36
906500 36
907000 36
907500 36
908000 36
908500 36
909000 36
909500 36
910000 36
910500 36
911000 36
911500 36
912000 36
912500 36
913000 36
913500 36
914000 36
914500 36
915000 36
915500 36
916000 36
916500 36
917000 36
917500 36
918000 36
918500 36
919000 36
919500 36
920000 36
920500 36
921000 36
921500 36
922000 36
922500 36
923000 36
923500 36
924000 36
924500 36
925000 36
925500 36
926000 36
926500 36
927000 36
927500 36
928000 36
928500 36
929000 36
929500 36
930000 36
930500 36
931000 36
931500 36
932000 36
932500 36
933000 36
933500 36
934000 36
934500 36
935000 36
935500 36
936000 36
936500 36
937000 36
937500 36
938000 36
938500 36
939000 36
939500 36
940000 36
940500 36
941000 36
941500 36
942000 36
942500 36
943000 36
943500 36
944000 36
944500 36
945000 36
945500 36
946000 36
946500 36
947000 36
947500 36
948000 36
948500 36
949000 36
949500 36
950000 36
950500 36
951000 36
951500 36
952000 36
952500 36
953000 36
953500 36
954000 36
954500 36
955000 36
955500 36
956000 36
956500 36
957000 36
957500 36
958000 36
958500 36
959000 36
959500 36
960000 36
960500 36
961000 36
961500 36
962000 36
962500 36
963000 36
963500 36
964000 36
964500 36
965000 36
965500 36
966000 36
966500 36
967000 36
967500 36
968000 36
968500 36
969000 36
969500 36
970000 36
970500 36
971000 36
971500 36
972000 36
972500 36
973000 36
973500 36
974000 36
974500 36
975000 36
975500 36
976000 36
976500 36
977000 36
977500 36
978000 36
978500 36
979000 36
979500 36
980000 36
980500 36
981000 36
981500 36
982000 36
982500 36
983000 36
983500 36
984000 36
984500 36
985000 36
985500 36
986000 36
986500 36
987000 36
987500 36
988000 36
988500 36
989000 36
989500 36
990000 36
990500 36
991000 36
991500 36
992000 36
992500 36
993000 36
993500 36
994000 36
994500 36
995000 36
995500 36
996000 36
996500 36
997000 36
997500 36
998000 36
998500 36
999000 36
999500 36
1000000 36
1000500 36
1001000 36
1001500 36
1002000 36
1002500 36
1003000 36
1003500 36
1004000 36
1004500 36
1005000 36
1005500 36
1006000 36
1006500 36
1007000 36
1007500 36
1008000 36
1008500 36
1009000 36
1009500 36
1010000 36
1010500 36
1011000 36
1011500 36
1012000 36
1012500 36
1013000 36
1013500 36
1014000 36
1014500 36
1015000 36
1015500 36
1016000 36
1016500 36
1017000 36
1017500 36
1018000 36
1018500 36
1019000 36
1019500 36
1020000 36
1020500 36
1021000 36
1021500 36
1022000 36
1022500 36
1023000 36
1023500 36
1024000 36
1024500 36
1025000 36
1025500 36
1026000 36
1026500 36
1027000 36
1027500 36
1028000 36
1028500 36
1029000 36
1029500 36
1030000 36
1030500 36
1031000 36
1031500 36
1032000 36
1032500 36
1033000 36
1033500 36
1034000 36
1034500 36
1035000 36
1035500 36
1036000 36
1036500 36
1037000 36
1037500 36
1038000 36
1038500 36
1039000 36
1039500 36
1040000 36
1040500 36
1041000 36
1041500 36
1042000 36
1042500 36
1043000 36
1043500 36
1044000 36
1044500 36
1045000 36
1045500 36
1046000 36
1046500 36
1047000 36
1047500 36
1048000 36
1048500 36
1049000 36
1049500 36
1050000 36
1050500 36
1051000 36
1051500 36
1052000 36
1052500 36
1053000 36
1053500 36
1054000 36
1054500 36
1055000 36
1055500 36
1056000 36
1056500 36
1057000 36
1057500 36
1058000 36
1058500 36
1059000 36
1059500 36
1060000 36
1060500 36
1061000 36
1061500 36
1062000 36
1062500 36
1063000 36
1063500 36
1064000 36
1064500 36
1065000 36
1065500 36
1066000 36
1066500 36
1067000 36
1067500 36
1068000 36
1068500 36
1069000 36
1069500 36
1070000 36
1070500 36
1071000 36
1071500 36
1072000 36
1072500 36
1073000 36
1073500 36
1074000 36
1074500 36
1075000 36
1075500 36
1076000 36
1076500 36
1077000 36
1077500 36
1078000 36
1078500 36
1079000 36
1079500 36
1080000 36
1080500 36
1081000 36
1081500 36
1082000 36
1082500 36
1083000 36
1083500 36
1084000 36
1084500 36
1085000 36
1085500 36
1086000 36
1086500 36
1087000 36
1087500 36
1088000 36
1088500 36
1089000 36
1089500 36
1090000 36
1090500 36
1091000 36
1091500 36
1092000 36
1092500 36
1093000 36
1093500 36
1094000 36
1094500 36
1095000 36
1095500 36
1096000 36
1096500 36
1097000 36
1097500 36
1098000 36
1098500 36
1099000 36
1099500 36
1100000 36
1100500 36
1101000 36
1101500 36
1102000 36
1102500 36
1103000 36
1103500 36
1104000 36
1104500 36
1105000 36
1105500 36
1106000 36
1106500 36
1107000 36
1107500 36
1108000 36
1108500 36
1109000 36
1109500 36
1110000 36
1110500 36
1111000 36
1111500 36
1112000 36
1112500 36
1113000 36
1113500 36
1114000 36
1114500 36
1115000 36
1115500 36
1116000 36
1116500 36
1117000 36
1117500 36
1118000 36
1118500 36
1119000 36
1119500 36
1120000 36
1120500 36
1121000 36
1121500 36
1122000 36
1122500 36
1123000 36
1123500 36
1124000 36
1124500 36
1125000 36
1125500 36
1126000 36
1126500 36
1127000 36
1127500 36
1128000 36
1128500 36
1129000 36
1129500 36
1130000 36
1130500 36
1131000 36
1131500 36
1132000 36
1132500 36
1133000 36
1133500 36
1134000 36
1134500 36
1135000 36
1135500 36
1136000 36
1136500 36
1137000 36
1137500 36
1138000 36
1138500 36
1139000 36
1139500 36
1140000 36
1140500 36
1141000 36
1141500 36
1142000 36
1142500 36
1143000 36
1143500 36
1144000 36
1144500 36
1145000 36
1145500 36
1146000 36
1146500 36
1147000 36
1147500 36
1148000 36
1148500 36
1149000 36
1149500 36
1150000 36
1150500 36
1151000 36
1151500 36
1152000 36
1152500 36
1153000 36
1153500 36
1154000 36
1154500 36
1155000 36
1155500 36
1156000 36
1156500 36
1157000 36
1157500 36
1158000 36
1158500 36
1159000 36
1159500 36
1160000 36
1160500 36
1161000 36
1161500 36
1162000 36
1162500 36
1163000 36
1163500 36
1164000 36
1164500 36
1165000 36
1165500 36
1166000 36
1166500 36
1167000 36
1167500 36
1168000 36
1168500 36
1169000 36
1169500 36
1170000 36
1170500 36
1171000 36
1171500 36
1172000 36
1172500 36
1173000 36
1173500 36
1174000 36
1174500 36
1175000 36
1175500 36
1176000 36
1176500 36
1177000 36
1177500 36
1178000 36
1178500 36
1179000 36
1179500 36
1180000 36
1180500 36
1181000 36
1181500 36
1182000 36
1182500 36
1183000 36
1183500 36
1184000 36
1184500 36
1185000 36
1185500 36
1186000 36
1186500 36
1187000 36
1187500 36
1188000 36
1188500 36
1189000 36
1189500 36
1190000 36
1190500 36
1191000 36
1191500 36
1192000 36
1192500 36
1193000 36
1193500 36
1194000 36
1194500 36
1195000 36
1195500 36
1196000 36
1196500 36
1197000 36
1197500 36
1198000 36
1198500 36
1199000 36
1199500 36
1200000 36
1200500 36
1201000 36
1201500 36
1202000 36
1202500 36
1203000 36
1203500 36
1204000 36
1204500 36
1205000 36
1205500 36
1206000 36
1206500 36
1207000 36
1207500 36
1208000 36
1208500 36
1209000 36
1209500 36
1210000 36
1210500 36
1211000 36
1211500 36
1212000 36
1212500 36
1213000 36
1213500 36
1214000 36
1214500 36
1215000 36
1215500 36
1216000 36
1216500 36
1217000 36
1217500 36
1218000 36
1218500 36
1219000 36
1219500 36
1220000 36
1220500 36
1221000 36
1221500 36
1222000 36
1222500 36
1223000 36
1223500 36
1224000 36
1224500 36
1225000 36
1225500 36
1226000 36
1226500 36
1227000 36
1227500 36
1228000 36
1228500 36
1229000 36
1229500 36
1230000 36
1230500 36
1231000 36
1231500 36
1232000 36
1232500 36
1233000 36
1233500 36
1234000 36
1234500 36
1235000 36
1235500 36
1236000 36
1236500 36
1237000 36
1237500 36
1238000 36
1238500 36
1239000 36
1239500 36
1240000 36
1240500 36
1241000 36
1241500 36
1242000 36
1242500 36
1243000 36
1243500 36
1244000 36
1244500 36
1245000 36
1245500 36
1246000 36
1246500 36
1247000 36
1247500 36
1248000 36
1248500 36
1249000 36
1249500 36
1250000 36
1250500 36
1251000 36
1251500 36
1252000 36
1252500 36
1253000 36
1253500 36
1254000 36
1254500 36
1255000 36
1255500 36
1256000 36
1256500 36
1257000 36
1257500 36
1258000 36
1258500 36
1259000 36
1259500 36
1260000 36
1260500 36
1261000 36
1261500 36
1262000 36
1262500 36
1263000 36
1263500 36
1264000 36
1264500 36
1265000 36
1265500 36
1266000 36
1266500 36
1267000 36
1267500 36
1268000 36
1268500 36
1269000 36
1269500 36
1270000 36
1270500 36
1271000 36
1271500 36
1272000 36
1272500 36
1273000 36
1273500 36
1274000 36
1274500 36
1275000 36
1275500 36
1276000 36
1276500 36
1277000 36
1277500 36
1278000 36
1278500 36
1279000 36
1279500 36
1280000 36
1280500 36
1281000 36
1281500 36
1282000 36
1282500 36
1283000 36
1283500 36
1284000 36
1284500 36
1285000 36
1285500 36
1286000 36
1286500 36
1287000 36
1287500 36
1288000 36
1288500 36
1289000 36
1289500 36
1290000 36
1290500 36
1291000 36
1291500 36
1292000 36
1292500 36
1293000 36
1293500 36
1294000 36
1294500 36
1295000 36
1295500 36
1296000 36
1296500 36
1297000 36
1297500 36
1298000 36
1298500 36
1299000 36
1299500 36
1300000 36
1300500 36
1301000 36
1301500 36
1302000 36
1302500 36
1303000 36
1303500 36
1304000 36
1304500 36
1305000 36
1305500 36
1306000 36
1306500 36
1307000 36
1307500 36
1308000 36
1308500 36
1309000 36
1309500 36
1310000 36
1310500 36
1311000 36
1311500 36
1312000 36
1312500 36
1313000 36
1313500 36
1314000 36
1314500 36
1315000 36
1315500 36
1316000 36
1316500 36
1317000 36
1317500 36
1318000 36
1318500 36
1319000 36
1319500 36
1320000 36
1320500 36
1321000 36
1321500 36
1322000 36
1322500 36
1323000 36
1323500 36
1324000 36
1324500 36
1325000 36
1325500 36
1326000 36
1326500 36
1327000 36
1327500 36
1328000 36
1328500 36
1329000 36
1329500 36
1330000 36
1330500 36
1331000 36
1331500 36
1332000 36
1332500 36
1333000 36
1333500 36
1334000 36
1334500 36
1335000 36
1335500 36
1336000 36
1336500 36
1337000 36
1337500 36
1338000 36
1338500 36
1339000 36
1339500 36
1340000 36
1340500 36
1341000 36
1341500 36
1342000 36
1342500 36
1343000 36
1343500 36
1344000 36
1344500 36
1345000 36
1345500 36
1346000 36
1346500 36
1347000 36
1347500 36
1348000 36
1348500 36
1349000 36
1349500 36
1350000 36
1350500 36
1351000 36
1351500 36
1352000 36
1352500 36
1353000 36
1353500 36
1354000 36
1354500 36
1355000 36
1355500 36
1356000 36
1356500 36
1357000 36
1357500 36
1358000 36
1358500 36
1359000 36
1359500 36
1360000 36
1360500 36
1361000 36
1361500 36
1362000 36
1362500 36
1363000 36
1363500 36
1364000 36
1364500 36
1365000 36
1365500 36
1366000 36
1366500 36
1367000 36
1367500 36
1368000 36
1368500 36
1369000 36
1369500 36
1370000 36
1370500 36
1371000 36
1371500 36
1372000 36
1372500 36
1373000 36
1373500 36
1374000 36
1374500 36
1375000 36
1375500 36
1376000 36
1376500 36
1377000 36
1377500 36
1378000 36
1378500 36
1379000 36
1379500 36
1380000 36
1380500 36
1381000 36
1381500 36
1382000 36
1382500 36
1383000 36
1383500 36
1384000 36
1384500 36
1385000 36
1385500 36
1386000 36
1386500 36
1387000 36
1387500 36
1388000 36
1388500 36
1389000 36
1389500 36
1390000 36
1390500 36
1391000 36
1391500 36
1392000 36
1392500 36
1393000 36
1393500 36
1394000 36
1394500 36
1395000 36
1395500 36
1396000 36
1396500 36
1397000 36
1397500 36
1398000 36
1398500 36
1399000 36
1399500 36
1400000 36
1400500 36
1401000 36
1401500 36
1402000 36
1402500 36
1403000 36
1403500 36
1404000 36
1404500 36
1405000 36
1405500 36
1406000 36
1406500 36
1407000 36
1407500 36
1408000 36
1408500 36
1409000 36
1409500 36
1410000 36
1410500 36
1411000 36
1411500 36
1412000 36
1412500 36
1413000 36
1413500 36
1414000 36
1414500 36
1415000 36
1415500 36
1416000 36
1416500 36
1417000 36
1417500 36
1418000 36
1418500 36
1419000 36
1419500 36
1420000 36
1420500 36
1421000 36
1421500 36
1422000 36
1422500 36
1423000 36
1423500 36
1424000 36
1424500 36
1425000 36
1425500 36
1426000 36
1426500 36
1427000 36
1427500 36
1428000 36
1428500 36
1429000 36
1429500 36
1430000 36
1430500 36
1431000 36
1431500 36
1432000 36
1432500 36
1433000 36
1433500 36
1434000 36
1434500 36
1435000 36
1435500 36
1436000 36
1436500 36
1437000 36
1437500 36
1438000 36
1438500 36
1439000 36
1439500 36
1440000 36
1440500 36
1441000 36
1441500 36
1442000 36
1442500 36
1443000 36
1443500 36
1444000 36
1444500 36
1445000 36
1445500 36
1446000 36
1446500 36
1447000 36
1447500 36
1448000 36
1448500 36
1449000 36
1449500 36
1450000 36
1450500 36
1451000 36
1451500 36
1452000 36
1452500 36
1453000 36
1453500 36
1454000 36
1454500 36
1455000 36
1455500 36
1456000 36
1456500 36
1457000 36
1457500 36
1458000 36
1458500 36
1459000 36
1459500 36
1460000 36
1460500 36
1461000 36
1461500 36
1462000 36
1462500 36
1463000 36
1463500 36
1464000 36
1464500 36
1465000 36
1465500 36
1466000 36
1466500 36
1467000 36
1467500 36
1468000 36
1468500 36
1469000 36
1469500 36
1470000 36
1470500 36
1471000 36
1471500 36
1472000 36
1472500 36
1473000 36
1473500 36
1474000 36
1474500 36
1475000 36
1475500 36
1476000 36
1476500 36
1477000 36
1477500 36
1478000 36
1478500 36
1479000 36
1479500 36
1480000 36
1480500 36
1481000 36
1481500 36
1482000 36
1482500 36
1483000 36
1483500 36
1484000 36
1484500 36
1485000 36
1485500 36
1486000 36
1486500 36
1487000 36
1487500 36
1488000 36
1488500 36
1489000 36
1489500 36
1490000 36
1490500 36
1491000 36
1491500 36
1492000 36
1492500 36
1493000 36
1493500 36
1494000 36
1494500 36
1495000 36
1495500 36
1496000 36
1496500 36
1497000 36
1497500 36
1498000 36
1498500 36
1499000 36
1499500 36
1500000 36
1500500 36
1501000 36
1501500 36
1502000 36
1502500 36
1503000 36
1503500 36
1504000 36
1504500 36
1505000 36
1505500 36
1506000 36
1506500 36
1507000 36
1507500 36
1508000 36
1508500 36
1509000 36
1509500 36
1510000 36
1510500 36
1511000 36
1511500 36
1512000 36
1512500 36
1513000 36
1513500 36
1514000 36
1514500 36
1515000 36
1515500 36
1516000 36
1516500 36
1517000 36
1517500 36
1518000 36
1518500 36
1519000 36
1519500 36
1520000 36
1520500 36
1521000 36
1521500 36
1522000 36
1522500 36
1523000 36
1523500 36
1524000 36
1524500 36
1525000 36
1525500 36
1526000 36
1526500 36
1527000 36
1527500 36
1528000 36
1528500 36
1529000 36
1529500 36
1530000 36
1530500 36
1531000 36
1531500 36
1532000 36
1532500 36
1533000 36
1533500 36
1534000 36
1534500 36
1535000 36
1535500 36
1536000 36
1536500 36
1537000 36
1537500 36
1538000 36
1538500 36
1539000 36
1539500 36
1540000 36
1540500 36
1541000 36
1541500 36
1542000 36
1542500 36
1543000 36
1543500 36
1544000 36
1544500 36
1545000 36
1545500 36
1546000 36
1546500 36
1547000 36
1547500 36
1548000 36
1548500 36
1549000 36
1549500 36
1550000 36
1550500 36
1551000 36
1551500 36
1552000 36
1552500 36
1553000 36
1553500 36
1554000 36
1554500 36
1555000 36
1555500 36
1556000 36
1556500 36
1557000 36
1557500 36
1558000 36
1558500 36
1559000 36
1559500 36
1560000 36
1560500 36
1561000 36
1561500 36
1562000 36
1562500 36
1563000 36
1563500 36
1564000 36
1564500 36
1565000 36
1565500 36
1566000 36
1566500 36
1567000 36
1567500 36
1568000 36
1568500 36
1569000 36
1569500 36
1570000 36
1570500 36
1571000 36
1571500 36
1572000 36
1572500 36
1573000 36
1573500 36
1574000 36
1574500 36
1575000 36
1575500 36
1576000 36
1576500 36
1577000 36
1577500 36
1578000 36
1578500 36
1579000 36
1579500 36
1580000 36
1580500 36
1581000 36
1581500 36
1582000 36
1582500 36
1583000 36
1583500 36
1584000 36
1584500 36
1585000 36
1585500 36
1586000 36
1586500 36
1587000 36
1587500 36
1588000 36
1588500 36
1589000 36
1589500 36
1590000 36
1590500 36
1591000 36
1591500 36
1592000 36
1592500 36
1593000 36
1593500 36
1594000 36
1594500 36
1595000 36
1595500 36
1596000 36
1596500 36
1597000 36
1597500 36
1598000 36
1598500 36
1599000 36
1599500 36
1600000 36
1600500 36
1601000 36
1601500 36
1602000 36
1602500 36
1603000 36
1603500 36
1604000 36
1604500 36
1605000 36
1605500 36
1606000 36
1606500 36
1607000 36
1607500 36
1608000 36
1608500 36
1609000 36
1609500 36
1610000 36
1610500 36
1611000 36
1611500 36
1612000 36
1612500 36
1613000 36
1613500 36
1614000 36
1614500 36
1615000 36
1615500 36
1616000 36
1616500 36
1617000 36
1617500 36
1618000 36
1618500 36
1619000 36
1619500 36
1620000 36
1620500 36
1621000 36
1621500 36
1622000 36
1622500 36
1623000 36
1623500 36
1624000 36
1624500 36
1625000 36
1625500 36
1626000 36
1626500 36
1627000 36
1627500 36
1628000 36
1628500 36
1629000 36
1629500 36
1630000 36
1630500 36
1631000 36
1631500 36
1632000 36
1632500 36
1633000 36
1633500 36
1634000 36
1634500 36
1635000 36
1635500 36
1636000 36
1636500 36
1637000 36
1637500 36
1638000 36
1638500 36
1639000 36
1639500 36
1640000 36
1640500 36
1641000 36
1641500 36
1642000 36
1642500 36
1643000 36
1643500 36
1644000 36
1644500 36
1645000 36
1645500 36
1646000 36
1646500 36
1647000 36
1647500 36
1648000 36
1648500 36
1649000 36
1649500 36
1650000 36
1650500 36
1651000 36
1651500 36
1652000 36
1652500 36
1653000 36
1653500 36
1654000 36
1654500 36
1655000 36
1655500 36
1656000 36
1656500 36
1657000 36
1657500 36
1658000 36
1658500 36
1659000 36
1659500 36
1660000 36
1660500 36
1661000 36
1661500 36
1662000 36
1662500 36
1663000 36
1663500 36
1664000 36
1664500 36
1665000 36
1665500 36
1666000 36
1666500 36
1667000 36
1667500 36
1668000 36
1668500 36
1669000 36
1669500 36
1670000 36
1670500 36
1671000 36
1671500 36
1672000 36
1672500 36
1673000 36
1673500 36
1674000 36
1674500 36
1675000 36
1675500 36
1676000 36
1676500 36
1677000 36
1677500 36
1678000 36
1678500 36
1679000 36
1679500 36
1680000 36
1680500 36
1681000 36
1681500 36
1682000 36
1682500 36
1683000 36
1683500 36
1684000 36
1684500 36
1685000 36
1685500 36
1686000 36
1686500 36
1687000 36
1687500 36
1688000 36
1688500 36
1689000 36
1689500 36
1690000 36
1690500 36
1691000 36
1691500 36
1692000 36
1692500 36
1693000 36
1693500 36
1694000 36
1694500 36
1695000 36
1695500 36
1696000 36
1696500 36
1697000 36
1697500 36
1698000 36
1698500 36
1699000 36
1699500 36
1700000 36
1700500 36
1701000 36
1701500 36
1702000 36
1702500 36
1703000 36
1703500 36
1704000 36
1704500 36
1705000 36
1705500 36
1706000 36
1706500 36
1707000 36
1707500 36
1708000 36
1708500 36
1709000 36
1709500 36
1710000 36
1710500 36
1711000 36
1711500 36
1712000 36
1712500 36
1713000 36
1713500 36
1714000 36
1714500 36
1715000 36
1715500 36
1716000 36
1716500 36
1717000 36
1717500 36
1718000 36
1718500 36
1719000 36
1719500 36
1720000 36
1720500 36
1721000 36
1721500 36
1722000 36
1722500 36
1723000 36
1723500 36
1724000 36
1724500 36
1725000 36
1725500 36
1726000 36
1726500 36
1727000 36
1727500 36
1728000 36
1728500 36
1729000 36
1729500 36
1730000 36
1730500 36
1731000 36
1731500 36
1732000 36
1732500 36
1733000 36
1733500 36
1734000 36
1734500 36
1735000 36
1735500 36
1736000 36
1736500 36
1737000 36
1737500 36
1738000 36
1738500 36
1739000 36
1739500 36
1740000 36
1740500 36
1741000 36
1741500 36
1742000 36
1742500 36
1743000 36
1743500 36
1744000 36
1744500 36
1745000 36
1745500 36
1746000 36
1746500 36
1747000 36
1747500 36
1748000 36
1748500 36
1749000 36
1749500 36
1750000 36
1750500 36
1751000 36
1751500 36
1752000 36
1752500 36
1753000 36
1753500 36
1754000 36
1754500 36
1755000 36
1755500 36
1756000 36
1756500 36
1757000 36
1757500 36
1758000 36
1758500 36
1759000 36
1759500 36
1760000 36
1760500 36
1761000 36
1761500 36
1762000 36
1762500 36
1763000 36
1763500 36
1764000 36
1764500 36
1765000 36
1765500 36
1766000 36
1766500 36
1767000 36
1767500 36
1768000 36
1768500 36
1769000 36
1769500 36
