500 100
1000 102
1500 108
2000 104
2500 92
3000 110
3500 92
4000 114
4500 94
5000 98
5500 92
6000 110
6500 98
7000 98
7500 94
8000 114
8500 94
9000 104
9500 88
10000 100
10500 98
11000 102
11500 104
12000 108
12500 96
13000 90
13500 98
14000 108
14500 102
15000 94
15500 96
16000 110
16500 90
17000 102
17500 80
18000 104
18500 110
19000 96
19500 110
20000 106
20500 98
21000 100
21500 102
22000 108
22500 110
23000 112
23500 106
24000 90
24500 104
25000 106
25500 98
26000 100
26500 112
27000 104
27500 104
28000 94
28500 100
29000 110
29500 102
30000 98
30500 96
31000 100
31500 108
32000 86
32500 108
33000 98
33500 108
34000 98
34500 102
35000 120
35500 92
36000 94
36500 104
37000 114
37500 112
38000 102
38500 82
39000 96
39500 98
40000 108
40500 92
41000 96
41500 90
42000 102
42500 108
43000 84
43500 94
44000 102
44500 108
45000 92
45500 104
46000 92
46500 100
47000 90
47500 106
48000 104
48500 120
49000 94
49500 100
50000 110
50500 92
51000 94
51500 84
52000 94
52500 100
53000 98
53500 120
54000 94
54500 84
55000 100
55500 90
56000 102
56500 114
57000 94
57500 98
58000 92
58500 96
59000 92
59500 92
60000 96
60500 96
61000 96
61500 104
62000 106
62500 94
63000 94
63500 110
64000 108
64500 100
65000 92
65500 102
66000 84
66500 92
67000 80
67500 88
68000 106
68500 84
69000 104
69500 94
70000 90
70500 90
71000 98
71500 98
72000 102
72500 96
73000 104
73500 112
74000 98
74500 92
75000 104
75500 96
76000 104
76500 88
77000 112
77500 104
78000 86
78500 92
79000 102
79500 94
80000 112
80500 108
81000 84
81500 116
82000 102
82500 98
83000 82
83500 102
84000 104
84500 100
85000 108
85500 92
86000 92
86500 92
87000 94
87500 100
88000 92
88500 92
89000 92
89500 94
90000 100
90500 86
91000 90
91500 98
92000 92
92500 96
93000 88
93500 86
94000 98
94500 92
95000 86
95500 106
96000 96
96500 104
97000 108
97500 86
98000 102
98500 92
99000 90
99500 96
100000 104
100500 100
101000 68
101500 98
102000 110
102500 94
103000 96
103500 104
104000 108
104500 82
105000 82
105500 84
106000 108
106500 98
107000 96
107500 90
108000 100
108500 90
109000 90
109500 98
110000 114
110500 92
111000 100
111500 94
112000 112
112500 102
113000 90
113500 88
114000 110
114500 80
115000 100
115500 108
116000 98
116500 94
117000 100
117500 86
118000 76
118500 90
119000 96
119500 96
120000 128
120500 92
121000 94
121500 102
122000 88
122500 108
123000 86
123500 90
124000 86
124500 100
125000 90
125500 102
126000 82
126500 108
127000 100
127500 88
128000 96
128500 88
129000 88
129500 94
130000 92
130500 110
131000 112
131500 100
132000 104
132500 90
133000 90
133500 88
134000 92
134500 100
135000 112
135500 92
136000 116
136500 88
137000 82
137500 94
138000 80
138500 78
139000 80
139500 92
140000 74
140500 102
141000 96
141500 98
142000 100
142500 110
143000 84
143500 94
144000 76
144500 104
145000 98
145500 82
146000 94
146500 98
147000 96
147500 96
148000 92
148500 108
149000 84
149500 118
150000 96
150500 82
151000 102
151500 96
152000 86
152500 90
153000 90
153500 88
154000 92
154500 90
155000 88
155500 102
156000 106
156500 94
157000 86
157500 102
158000 86
158500 94
159000 98
159500 104
160000 94
160500 100
161000 98
161500 88
162000 96
162500 108
163000 96
163500 88
164000 96
164500 90
165000 110
165500 100
166000 88
166500 100
167000 92
167500 74
168000 94
168500 92
169000 88
169500 100
170000 92
170500 100
171000 88
171500 86
172000 112
172500 102
173000 96
173500 90
174000 94
174500 96
175000 102
175500 90
176000 102
176500 98
177000 108
177500 112
178000 80
178500 98
179000 84
179500 98
180000 92
180500 80
181000 74
181500 94
182000 90
182500 96
183000 88
183500 98
184000 88
184500 98
185000 86
185500 78
186000 92
186500 90
187000 90
187500 88
188000 84
188500 86
189000 90
189500 88
190000 78
190500 90
191000 110
191500 82
192000 92
192500 98
193000 108
193500 80
194000 102
194500 88
195000 94
195500 94
196000 100
196500 84
197000 90
197500 108
198000 86
198500 86
199000 104
199500 92
200000 88
200500 110
201000 102
201500 106
202000 88
202500 106
203000 90
203500 98
204000 86
204500 80
205000 104
205500 90
206000 84
206500 98
207000 88
207500 82
208000 94
208500 96
209000 102
209500 92
210000 108
210500 84
211000 100
211500 98
212000 92
212500 94
213000 96
213500 102
214000 82
214500 82
215000 96
215500 104
216000 84
216500 104
217000 92
217500 94
218000 74
218500 88
219000 98
219500 82
220000 96
220500 106
221000 100
221500 98
222000 92
222500 76
223000 90
223500 96
224000 102
224500 96
225000 104
225500 94
226000 100
226500 84
227000 86
227500 90
228000 92
228500 98
229000 96
229500 94
230000 90
230500 86
231000 82
231500 84
232000 82
232500 98
233000 98
233500 92
234000 92
234500 92
235000 88
235500 92
236000 104
236500 92
237000 94
237500 92
238000 90
238500 86
239000 82
239500 92
240000 100
240500 96
241000 94
241500 110
242000 100
242500 90
243000 98
243500 88
244000 90
244500 86
245000 90
245500 84
246000 110
246500 86
247000 92
247500 98
248000 86
248500 82
249000 92
249500 90
250000 90
250500 82
251000 96
251500 84
252000 92
252500 80
253000 104
253500 86
254000 110
254500 100
255000 88
255500 86
256000 90
256500 86
257000 108
257500 90
258000 92
258500 86
259000 84
259500 102
260000 92
260500 84
261000 90
261500 104
262000 104
262500 94
263000 96
263500 98
264000 88
264500 104
265000 80
265500 90
266000 84
266500 100
267000 82
267500 84
268000 90
268500 108
269000 94
269500 98
270000 92
270500 86
271000 88
271500 90
272000 80
272500 84
273000 70
273500 74
274000 110
274500 92
275000 92
275500 106
276000 72
276500 96
277000 90
277500 104
278000 90
278500 92
279000 90
279500 88
280000 86
280500 78
281000 96
281500 94
282000 86
282500 78
283000 86
283500 86
284000 92
284500 94
285000 80
285500 90
286000 90
286500 90
287000 94
287500 80
288000 80
288500 96
289000 90
289500 78
290000 88
290500 78
291000 108
291500 104
292000 88
292500 100
293000 94
293500 88
294000 98
294500 84
295000 84
295500 88
296000 92
296500 90
297000 92
297500 96
298000 82
298500 94
299000 86
299500 74
300000 98
300500 78
301000 82
301500 80
302000 74
302500 90
303000 80
303500 62
304000 76
304500 82
305000 82
305500 84
306000 86
306500 82
307000 90
307500 84
308000 92
308500 98
309000 92
309500 94
310000 84
310500 94
311000 86
311500 98
312000 76
312500 72
313000 94
313500 76
314000 94
314500 80
315000 92
315500 100
316000 82
316500 94
317000 82
317500 72
318000 72
318500 76
319000 94
319500 76
320000 80
320500 82
321000 84
321500 86
322000 80
322500 88
323000 100
323500 100
324000 76
324500 90
325000 104
325500 102
326000 86
326500 76
327000 86
327500 74
328000 98
328500 82
329000 102
329500 86
330000 88
330500 90
331000 70
331500 98
332000 78
332500 82
333000 104
333500 78
334000 66
334500 96
335000 88
335500 88
336000 90
336500 86
337000 90
337500 72
338000 92
338500 86
339000 70
339500 90
340000 78
340500 76
341000 84
341500 86
342000 88
342500 78
343000 90
343500 74
344000 94
344500 94
345000 80
345500 82
346000 90
346500 88
347000 84
347500 86
348000 70
348500 72
349000 80
349500 92
350000 76
350500 74
351000 76
351500 90
352000 86
352500 90
353000 88
353500 74
354000 86
354500 74
355000 66
355500 66
356000 92
356500 78
357000 92
357500 80
358000 76
358500 90
359000 86
359500 86
360000 54
360500 84
361000 80
361500 86
362000 84
362500 86
363000 78
363500 88
364000 74
364500 86
365000 98
365500 86
366000 84
366500 90
367000 72
367500 84
368000 86
368500 68
369000 74
369500 80
370000 84
370500 86
371000 94
371500 80
372000 86
372500 84
373000 70
373500 88
374000 68
374500 80
375000 82
375500 82
376000 88
376500 76
377000 88
377500 80
378000 78
378500 78
379000 80
379500 90
380000 80
380500 78
381000 88
381500 78
382000 76
382500 88
383000 84
383500 94
384000 74
384500 70
385000 72
385500 80
386000 84
386500 68
387000 78
387500 62
388000 78
388500 88
389000 68
389500 72
390000 80
390500 96
391000 88
391500 64
392000 84
392500 84
393000 80
393500 78
394000 72
394500 80
395000 78
395500 86
396000 70
396500 80
397000 90
397500 84
398000 86
398500 78
399000 86
399500 80
400000 72
400500 84
401000 86
401500 72
402000 82
402500 66
403000 86
403500 82
404000 82
404500 60
405000 68
405500 80
406000 60
406500 88
407000 66
407500 70
408000 88
408500 68
409000 68
409500 70
410000 74
410500 82
411000 76
411500 74
412000 70
412500 74
413000 76
413500 90
414000 94
414500 70
415000 70
415500 72
416000 60
416500 68
417000 74
417500 80
418000 78
418500 78
419000 90
419500 86
420000 78
420500 66
421000 68
421500 60
422000 76
422500 72
423000 80
423500 78
424000 74
424500 86
425000 72
425500 72
426000 68
426500 64
427000 78
427500 68
428000 82
428500 82
429000 82
429500 64
430000 76
430500 72
431000 78
431500 74
432000 72
432500 68
433000 84
433500 78
434000 82
434500 76
435000 82
435500 66
436000 78
436500 64
437000 72
437500 74
438000 70
438500 66
439000 72
439500 66
440000 78
440500 70
441000 60
441500 78
442000 82
442500 82
443000 58
443500 68
444000 84
444500 74
445000 62
445500 82
446000 80
446500 72
447000 78
447500 80
448000 76
448500 66
449000 72
449500 56
450000 78
450500 66
451000 82
451500 76
452000 60
452500 70
453000 72
453500 86
454000 86
454500 86
455000 70
455500 64
456000 76
456500 64
457000 82
457500 64
458000 74
458500 66
459000 64
459500 62
460000 68
460500 58
461000 68
461500 76
462000 76
462500 62
463000 74
463500 64
464000 80
464500 76
465000 62
465500 76
466000 74
466500 86
467000 68
467500 72
468000 86
468500 70
469000 82
469500 84
470000 72
470500 64
471000 76
471500 54
472000 68
472500 64
473000 74
473500 52
474000 72
474500 76
475000 66
475500 78
476000 68
476500 66
477000 70
477500 68
478000 74
478500 58
479000 74
479500 74
480000 60
480500 56
481000 76
481500 82
482000 74
482500 76
483000 70
483500 54
484000 68
484500 72
485000 62
485500 68
486000 68
486500 62
487000 60
487500 62
488000 60
488500 66
489000 72
489500 64
490000 68
490500 64
491000 72
491500 82
492000 60
492500 78
493000 78
493500 66
494000 70
494500 64
495000 74
495500 74
496000 64
496500 76
497000 76
497500 70
498000 64
498500 78
499000 64
499500 62
500000 66
500500 66
501000 68
501500 60
502000 64
502500 78
503000 66
503500 70
504000 62
504500 64
505000 64
505500 66
506000 66
506500 70
507000 60
507500 60
508000 84
508500 58
509000 68
509500 74
510000 64
510500 68
511000 66
511500 70
512000 64
512500 58
513000 62
513500 62
514000 82
514500 64
515000 68
515500 68
516000 62
516500 64
517000 66
517500 70
518000 72
518500 70
519000 76
519500 66
520000 60
520500 64
521000 60
521500 76
522000 62
522500 62
523000 60
523500 48
524000 62
524500 68
525000 62
525500 60
526000 50
526500 66
527000 62
527500 70
528000 64
528500 58
529000 64
529500 54
530000 64
530500 66
531000 56
531500 66
532000 72
532500 52
533000 66
533500 66
534000 56
534500 60
535000 60
535500 62
536000 68
536500 74
537000 62
537500 70
538000 56
538500 56
539000 64
539500 50
540000 60
540500 58
541000 64
541500 62
542000 72
542500 62
543000 70
543500 70
544000 60
544500 72
545000 66
545500 56
546000 66
546500 56
547000 60
547500 64
548000 60
548500 46
549000 60
549500 64
550000 48
550500 50
551000 52
551500 60
552000 56
552500 54
553000 54
553500 54
554000 52
554500 56
555000 56
555500 60
556000 70
556500 74
557000 56
557500 54
558000 56
558500 62
559000 60
559500 54
560000 66
560500 62
561000 52
561500 68
562000 54
562500 62
563000 58
563500 58
564000 48
564500 56
565000 58
565500 58
566000 50
566500 48
567000 44
567500 56
568000 58
568500 60
569000 60
569500 50
570000 52
570500 62
571000 56
571500 54
572000 50
572500 72
573000 60
573500 56
574000 50
574500 48
575000 66
575500 48
576000 52
576500 48
577000 58
577500 58
578000 60
578500 58
579000 48
579500 54
580000 46
580500 46
581000 58
581500 46
582000 60
582500 56
583000 60
583500 52
584000 62
584500 58
585000 60
585500 48
586000 54
586500 48
587000 66
587500 64
588000 50
588500 46
589000 52
589500 52
590000 52
590500 50
591000 54
591500 54
592000 50
592500 56
593000 58
593500 46
594000 46
594500 44
595000 58
595500 44
596000 56
596500 56
597000 56
597500 56
598000 56
598500 46
599000 48
599500 42
600000 50
600500 60
601000 44
601500 44
602000 50
602500 44
603000 50
603500 48
604000 42
604500 50
605000 46
605500 44
606000 38
606500 50
607000 46
607500 56
608000 52
608500 46
609000 48
609500 54
610000 54
610500 58
611000 46
611500 48
612000 50
612500 48
613000 44
613500 46
614000 44
614500 50
615000 46
615500 46
616000 44
616500 48
617000 48
617500 46
618000 50
618500 50
619000 48
619500 44
620000 52
620500 42
621000 50
621500 48
622000 46
622500 44
623000 42
623500 38
624000 42
624500 50
625000 50
625500 54
626000 46
626500 48
627000 48
627500 50
628000 50
628500 44
629000 42
629500 44
630000 40
630500 38
631000 50
631500 42
632000 46
632500 42
633000 40
633500 44
634000 50
634500 46
635000 48
635500 40
636000 44
636500 48
637000 44
637500 40
638000 48
638500 44
639000 46
639500 50
640000 44
640500 46
641000 48
641500 48
642000 48
642500 52
643000 44
643500 48
644000 48
644500 48
645000 46
645500 36
646000 46
646500 48
647000 40
647500 44
648000 42
648500 42
649000 40
649500 40
650000 38
650500 44
651000 40
651500 42
652000 42
652500 38
653000 42
653500 42
654000 46
654500 40
655000 44
655500 44
656000 42
656500 44
657000 40
657500 38
658000 38
658500 38
659000 38
659500 38
660000 42
660500 42
661000 40
661500 40
662000 36
662500 42
663000 42
663500 46
664000 40
664500 46
665000 46
665500 38
666000 46
666500 40
667000 40
667500 38
668000 36
668500 36
669000 38
669500 40
670000 48
670500 40
671000 44
671500 44
672000 46
672500 40
673000 36
673500 46
674000 44
674500 38
675000 40
675500 42
676000 44
676500 42
677000 44
677500 42
678000 42
678500 40
679000 40
679500 36
680000 36
680500 36
681000 36
681500 38
682000 36
682500 38
683000 36
683500 36
684000 40
684500 38
685000 40
685500 40
686000 36
686500 36
687000 38
687500 36
688000 36
688500 36
689000 36
689500 38
690000 38
690500 40
691000 40
691500 38
692000 36
692500 36
693000 38
693500 36
694000 36
694500 42
695000 42
695500 40
696000 44
696500 42
697000 40
697500 38
698000 36
698500 36
699000 38
699500 36
700000 36
700500 36
701000 36
701500 36
702000 38
702500 36
703000 38
703500 38
704000 36
704500 36
705000 40
705500 42
706000 40
706500 40
707000 38
707500 40
708000 42
708500 40
709000 40
709500 44
710000 38
710500 38
711000 38
711500 38
712000 38
712500 38
713000 36
713500 36
714000 36
714500 40
715000 40
715500 36
716000 36
716500 38
717000 38
717500 36
718000 36
718500 36
719000 36
719500 36
720000 36
720500 36
721000 36
721500 36
722000 36
722500 38
723000 38
723500 38
724000 38
724500 40
725000 36
725500 38
726000 36
726500 36
727000 36
727500 36
728000 36
728500 36
729000 36
729500 36
730000 36
730500 36
731000 36
731500 36
732000 38
732500 36
733000 36
733500 36
734000 36
734500 36
735000 36
735500 38
736000 36
736500 36
737000 36
737500 36
738000 36
738500 36
739000 36
739500 36
740000 36
740500 36
741000 36
741500 36
742000 36
742500 36
743000 36
743500 36
744000 36
744500 36
745000 36
745500 38
746000 36
746500 38
747000 38
747500 36
748000 36
748500 36
749000 36
749500 36
750000 36
750500 36
751000 36
751500 40
752000 40
752500 40
753000 40
753500 40
754000 40
754500 40
755000 40
755500 40
756000 40
756500 40
757000 40
757500 40
758000 42
758500 40
759000 40
759500 38
760000 38
760500 38
761000 38
761500 38
762000 38
762500 38
763000 38
763500 38
764000 36
764500 36
765000 36
765500 36
766000 36
766500 38
767000 36
767500 36
768000 36
768500 36
769000 36
769500 36
770000 36
770500 36
771000 36
771500 36
772000 36
772500 36
773000 36
773500 36
774000 36
774500 36
775000 36
775500 36
776000 36
776500 36
777000 36
777500 36
778000 36
778500 36
779000 36
779500 36
780000 36
780500 36
781000 36
781500 36
782000 36
782500 36
783000 36
783500 36
784000 36
784500 38
785000 36
785500 38
786000 38
786500 36
787000 36
787500 36
788000 36
788500 36
789000 36
789500 36
790000 36
790500 36
791000 36
791500 36
792000 36
792500 36
793000 36
793500 36
794000 36
794500 36
795000 36
795500 36
796000 36
796500 36
797000 36
797500 36
798000 36
798500 36
799000 36
799500 36
800000 36
800500 36
801000 36
801500 36
802000 36
802500 36
803000 36
803500 36
804000 36
804500 36
805000 36
805500 36
806000 36
806500 36
807000 36
807500 36
808000 36
808500 36
809000 36
809500 36
810000 36
810500 36
811000 36
811500 36
812000 36
812500 36
813000 36
813500 36
814000 36
814500 36
815000 36
815500 36
816000 36
816500 36
817000 36
817500 36
818000 36
818500 36
819000 36
819500 36
820000 36
820500 36
821000 36
821500 36
822000 36
822500 36
823000 36
823500 36
824000 36
824500 36
825000 36
825500 36
826000 36
826500 36
827000 36
827500 36
828000 36
828500 36
829000 36
829500 36
830000 36
830500 36
831000 36
831500 36
832000 36
832500 36
833000 36
833500 36
834000 36
834500 36
835000 36
835500 36
836000 36
836500 36
837000 36
837500 36
838000 36
838500 36
839000 36
839500 36
840000 36
840500 36
841000 36
841500 36
842000 36
842500 36
843000 36
843500 36
844000 36
844500 36
845000 36
845500 36
846000 36
846500 36
847000 36
847500 36
848000 36
848500 36
849000 36
849500 36
850000 36
850500 36
851000 36
851500 36
852000 36
852500 36
853000 36
853500 36
854000 36
854500 36
855000 36
855500 36
856000 36
856500 36
857000 36
857500 36
858000 36
858500 36
859000 36
859500 36
860000 36
860500 36
861000 36
861500 36
862000 36
862500 36
863000 36
863500 36
864000 36
864500 36
865000 36
865500 36
866000 36
866500 36
867000 36
867500 36
868000 36
868500 36
869000 36
869500 36
870000 36
870500 36
871000 36
871500 36
872000 36
872500 36
873000 36
873500 36
874000 36
874500 36
875000 36
875500 36
876000 36
876500 36
877000 36
877500 36
878000 36
878500 36
879000 36
879500 36
880000 36
880500 36
881000 36
881500 36
882000 36
882500 36
883000 36
883500 36
884000 36
884500 36
885000 36
885500 36
886000 36
886500 36
887000 36
887500 36
888000 36
888500 36
889000 36
889500 36
890000 36
890500 36
891000 36
891500 36
892000 36
892500 36
893000 36
893500 36
894000 36
894500 36
895000 36
895500 36
896000 36
896500 36
897000 36
897500 36
898000 36
898500 36
899000 36
899500 36
900000 36
900500 36
901000 36
901500 36
902000 36
902500 36
903000 36
903500 36
904000 36
904500 36
905000 36
905500 36
906000 36
906500 36
907000 36
907500 36
908000 36
908500 36
909000 36
909500 36
910000 36
910500 36
911000 36
911500 36
912000 36
912500 36
913000 36
913500 36
914000 36
914500 36
915000 36
915500 36
916000 36
916500 36
917000 36
917500 36
918000 36
918500 36
919000 36
919500 36
920000 36
920500 36
921000 36
921500 36
922000 36
922500 36
923000 36
923500 36
924000 36
924500 36
925000 36
925500 36
926000 36
926500 36
927000 36
927500 36
928000 36
928500 36
929000 36
929500 36
930000 36
930500 36
931000 36
931500 36
932000 36
932500 36
933000 36
933500 36
934000 36
934500 36
935000 36
935500 36
936000 36
936500 36
937000 36
937500 36
938000 36
938500 36
939000 36
939500 36
940000 36
940500 36
941000 36
941500 36
942000 36
942500 36
943000 36
943500 36
944000 36
944500 36
945000 36
945500 36
946000 36
946500 36
947000 36
947500 36
948000 36
948500 36
949000 36
949500 36
950000 36
950500 36
951000 36
951500 36
952000 36
952500 36
953000 36
953500 36
954000 36
954500 36
955000 36
955500 36
956000 36
956500 36
957000 36
957500 36
958000 36
958500 36
959000 36
959500 36
960000 36
960500 36
961000 36
961500 36
962000 36
962500 36
963000 36
963500 36
964000 36
964500 36
965000 36
965500 36
966000 36
966500 36
967000 36
967500 36
968000 36
968500 36
969000 36
969500 36
970000 36
970500 36
971000 36
971500 36
972000 36
972500 36
973000 36
973500 36
974000 36
974500 36
975000 36
975500 36
976000 36
976500 36
977000 36
977500 36
978000 36
978500 36
979000 36
979500 36
980000 36
980500 36
981000 36
981500 36
982000 36
982500 36
983000 36
983500 36
984000 36
984500 36
985000 36
985500 36
986000 36
986500 36
987000 36
987500 36
988000 36
988500 36
989000 36
989500 36
990000 36
990500 36
991000 36
991500 36
992000 36
992500 36
993000 36
993500 36
994000 36
994500 36
995000 36
995500 36
996000 36
996500 36
997000 36
997500 36
998000 36
998500 36
999000 36
999500 36
1000000 36
1000500 36
1001000 36
1001500 36
1002000 36
1002500 36
1003000 36
1003500 36
1004000 36
1004500 36
1005000 36
1005500 36
1006000 36
1006500 36
1007000 36
1007500 36
1008000 36
1008500 36
1009000 36
1009500 36
1010000 36
1010500 36
1011000 36
1011500 36
1012000 36
1012500 36
1013000 36
1013500 36
1014000 36
1014500 36
1015000 36
1015500 36
1016000 36
1016500 36
1017000 36
1017500 36
1018000 36
1018500 36
1019000 36
1019500 36
1020000 36
1020500 36
1021000 36
1021500 36
1022000 36
1022500 36
1023000 36
1023500 36
1024000 36
1024500 36
1025000 36
1025500 36
1026000 36
1026500 36
1027000 36
1027500 36
1028000 36
1028500 36
1029000 36
1029500 36
1030000 36
1030500 36
1031000 36
1031500 36
1032000 36
1032500 36
1033000 36
1033500 36
1034000 36
1034500 36
1035000 36
1035500 36
1036000 36
1036500 36
1037000 36
1037500 36
1038000 36
1038500 36
1039000 36
1039500 36
1040000 36
1040500 36
1041000 36
1041500 36
1042000 36
1042500 36
1043000 36
1043500 36
1044000 36
1044500 36
1045000 36
1045500 36
1046000 36
1046500 36
1047000 36
1047500 36
1048000 36
1048500 36
1049000 36
1049500 36
1050000 36
1050500 36
1051000 36
1051500 36
1052000 36
1052500 36
1053000 36
1053500 36
1054000 36
1054500 36
1055000 36
1055500 36
1056000 36
1056500 36
1057000 36
1057500 36
1058000 36
1058500 36
1059000 36
1059500 36
1060000 36
1060500 36
1061000 36
1061500 36
1062000 36
1062500 36
1063000 36
1063500 36
1064000 36
1064500 36
1065000 36
1065500 36
1066000 36
1066500 36
1067000 36
1067500 36
1068000 36
1068500 36
1069000 36
1069500 36
1070000 36
1070500 36
1071000 36
1071500 36
1072000 36
1072500 36
1073000 36
1073500 36
1074000 36
1074500 36
1075000 36
1075500 36
1076000 36
1076500 36
1077000 36
1077500 36
1078000 36
1078500 36
1079000 36
1079500 36
1080000 36
1080500 36
1081000 36
1081500 36
1082000 36
1082500 36
1083000 36
1083500 36
1084000 36
1084500 36
1085000 36
1085500 36
1086000 36
1086500 36
1087000 36
1087500 36
1088000 36
1088500 36
1089000 36
1089500 36
1090000 36
1090500 36
1091000 36
1091500 36
1092000 36
1092500 36
1093000 36
1093500 36
1094000 36
1094500 36
1095000 36
1095500 36
1096000 36
1096500 36
1097000 36
1097500 36
1098000 36
1098500 36
1099000 36
1099500 36
1100000 36
1100500 36
1101000 36
1101500 36
1102000 36
1102500 36
1103000 36
1103500 36
1104000 36
1104500 36
1105000 36
1105500 36
1106000 36
1106500 36
1107000 36
1107500 36
1108000 36
1108500 36
1109000 36
1109500 36
1110000 36
1110500 36
1111000 36
1111500 36
1112000 36
1112500 36
1113000 36
1113500 36
1114000 36
1114500 36
1115000 36
1115500 36
1116000 36
1116500 36
1117000 36
1117500 36
1118000 36
1118500 36
1119000 36
1119500 36
1120000 36
1120500 36
1121000 36
1121500 36
1122000 36
1122500 36
1123000 36
1123500 36
1124000 36
1124500 36
1125000 36
1125500 36
1126000 36
1126500 36
1127000 36
1127500 36
1128000 36
1128500 36
1129000 36
1129500 36
1130000 36
1130500 36
1131000 36
1131500 36
1132000 36
1132500 36
1133000 36
1133500 36
1134000 36
1134500 36
1135000 36
1135500 36
1136000 36
1136500 36
1137000 36
1137500 36
1138000 36
1138500 36
1139000 36
1139500 36
1140000 36
1140500 36
1141000 36
1141500 36
1142000 36
1142500 36
1143000 36
1143500 36
1144000 36
1144500 36
1145000 36
1145500 36
1146000 36
1146500 36
1147000 36
1147500 36
1148000 36
1148500 36
1149000 36
1149500 36
1150000 36
1150500 36
1151000 36
1151500 36
1152000 36
1152500 36
1153000 36
1153500 36
1154000 36
1154500 36
1155000 36
1155500 36
1156000 36
1156500 36
1157000 36
1157500 36
1158000 36
1158500 36
1159000 36
1159500 36
1160000 36
1160500 36
1161000 36
1161500 36
1162000 36
1162500 36
1163000 36
1163500 36
1164000 36
1164500 36
1165000 36
1165500 36
1166000 36
1166500 36
1167000 36
1167500 36
1168000 36
1168500 36
1169000 36
1169500 36
1170000 36
1170500 36
1171000 36
1171500 36
1172000 36
1172500 36
1173000 36
1173500 36
1174000 36
1174500 36
1175000 36
1175500 36
1176000 36
1176500 36
1177000 36
1177500 36
1178000 36
1178500 36
1179000 36
1179500 36
1180000 36
1180500 36
1181000 36
1181500 36
1182000 36
1182500 36
1183000 36
1183500 36
1184000 36
1184500 36
1185000 36
1185500 36
1186000 36
1186500 36
1187000 36
1187500 36
1188000 36
1188500 36
1189000 36
1189500 36
1190000 36
1190500 36
1191000 36
1191500 36
1192000 36
1192500 36
1193000 36
1193500 36
1194000 36
1194500 36
1195000 36
1195500 36
1196000 36
1196500 36
1197000 36
1197500 36
1198000 36
1198500 36
1199000 36
1199500 36
1200000 36
1200500 36
1201000 36
1201500 36
1202000 36
1202500 36
1203000 36
1203500 36
1204000 36
1204500 36
1205000 36
1205500 36
1206000 36
1206500 36
1207000 36
1207500 36
1208000 36
1208500 36
1209000 36
1209500 36
1210000 36
1210500 36
1211000 36
1211500 36
1212000 36
1212500 36
1213000 36
1213500 36
1214000 36
1214500 36
1215000 36
1215500 36
1216000 36
1216500 36
1217000 36
1217500 36
1218000 36
1218500 36
1219000 36
1219500 36
1220000 36
1220500 36
1221000 36
1221500 36
1222000 36
1222500 36
1223000 36
1223500 36
1224000 36
1224500 36
1225000 36
1225500 36
1226000 36
1226500 36
1227000 36
1227500 36
1228000 36
1228500 36
1229000 36
1229500 36
1230000 36
1230500 36
1231000 36
1231500 36
1232000 36
1232500 36
1233000 36
1233500 36
1234000 36
1234500 36
1235000 36
1235500 36
1236000 36
1236500 36
1237000 36
1237500 36
1238000 36
1238500 36
1239000 36
1239500 36
1240000 36
1240500 36
1241000 36
1241500 36
1242000 36
1242500 36
1243000 36
1243500 36
1244000 36
1244500 36
1245000 36
1245500 36
1246000 36
1246500 36
1247000 36
1247500 36
1248000 36
1248500 36
1249000 36
1249500 36
1250000 36
1250500 36
1251000 36
1251500 36
1252000 36
1252500 36
1253000 36
1253500 36
1254000 36
1254500 36
1255000 36
1255500 36
1256000 36
1256500 36
1257000 36
1257500 36
1258000 36
1258500 36
1259000 36
1259500 36
1260000 36
1260500 36
1261000 36
1261500 36
1262000 36
1262500 36
1263000 36
1263500 36
1264000 36
1264500 36
1265000 36
1265500 36
1266000 36
1266500 36
1267000 36
1267500 36
1268000 36
1268500 36
1269000 36
1269500 36
1270000 36
1270500 36
1271000 36
1271500 36
1272000 36
1272500 36
1273000 36
1273500 36
1274000 36
1274500 36
1275000 36
1275500 36
1276000 36
1276500 36
1277000 36
1277500 36
1278000 36
1278500 36
1279000 36
1279500 36
1280000 36
1280500 36
1281000 36
1281500 36
1282000 36
1282500 36
1283000 36
1283500 36
1284000 36
1284500 36
1285000 36
1285500 36
1286000 36
1286500 36
1287000 36
1287500 36
1288000 36
1288500 36
1289000 36
1289500 36
1290000 36
1290500 36
1291000 36
1291500 36
1292000 36
1292500 36
1293000 36
1293500 36
1294000 36
1294500 36
1295000 36
1295500 36
1296000 36
1296500 36
1297000 36
1297500 36
1298000 36
1298500 36
1299000 36
1299500 36
1300000 36
1300500 36
1301000 36
1301500 36
1302000 36
1302500 36
1303000 36
1303500 36
1304000 36
1304500 36
1305000 36
1305500 36
1306000 36
1306500 36
1307000 36
1307500 36
1308000 36
1308500 36
1309000 36
1309500 36
1310000 36
1310500 36
1311000 36
1311500 36
1312000 36
1312500 36
1313000 36
1313500 36
1314000 36
1314500 36
1315000 36
1315500 36
1316000 36
1316500 36
1317000 36
1317500 36
1318000 36
1318500 36
1319000 36
1319500 36
1320000 36
1320500 36
1321000 36
1321500 36
1322000 36
1322500 36
1323000 36
1323500 36
1324000 36
1324500 36
1325000 36
1325500 36
1326000 36
1326500 36
1327000 36
1327500 36
1328000 36
1328500 36
1329000 36
1329500 36
1330000 36
1330500 36
1331000 36
1331500 36
1332000 36
1332500 36
1333000 36
1333500 36
1334000 36
1334500 36
1335000 36
1335500 36
1336000 36
1336500 36
1337000 36
1337500 36
1338000 36
1338500 36
1339000 36
1339500 36
1340000 36
1340500 36
1341000 36
1341500 36
1342000 36
1342500 36
1343000 36
1343500 36
1344000 36
1344500 36
1345000 36
1345500 36
1346000 36
1346500 36
1347000 36
1347500 36
1348000 36
1348500 36
1349000 36
1349500 36
1350000 36
1350500 36
1351000 36
1351500 36
1352000 36
1352500 36
1353000 36
1353500 36
1354000 36
1354500 36
1355000 36
1355500 36
1356000 36
1356500 36
1357000 36
1357500 36
1358000 36
1358500 36
1359000 36
1359500 36
1360000 36
1360500 36
1361000 36
1361500 36
1362000 36
1362500 36
1363000 36
1363500 36
1364000 36
1364500 36
1365000 36
1365500 36
1366000 36
1366500 36
1367000 36
1367500 36
1368000 36
1368500 36
1369000 36
1369500 36
1370000 36
1370500 36
1371000 36
1371500 36
1372000 36
1372500 36
1373000 36
1373500 36
1374000 36
1374500 36
1375000 36
1375500 36
1376000 36
1376500 36
1377000 36
1377500 36
1378000 36
1378500 36
1379000 36
1379500 36
1380000 36
1380500 36
1381000 36
1381500 36
1382000 36
1382500 36
1383000 36
1383500 36
1384000 36
1384500 36
1385000 36
1385500 36
1386000 36
1386500 36
1387000 36
1387500 36
1388000 36
1388500 36
1389000 36
1389500 36
1390000 36
1390500 36
1391000 36
1391500 36
1392000 36
1392500 36
1393000 36
1393500 36
1394000 36
1394500 36
1395000 36
1395500 36
1396000 36
1396500 36
1397000 36
1397500 36
1398000 36
1398500 36
1399000 36
1399500 36
1400000 36
1400500 36
1401000 36
1401500 36
1402000 36
1402500 36
1403000 36
1403500 36
1404000 36
1404500 36
1405000 36
1405500 36
1406000 36
1406500 36
1407000 36
1407500 36
1408000 36
1408500 36
1409000 36
1409500 36
1410000 36
1410500 36
1411000 36
1411500 36
1412000 36
1412500 36
1413000 36
1413500 36
1414000 36
1414500 36
1415000 36
1415500 36
1416000 36
1416500 36
1417000 36
1417500 36
1418000 36
1418500 36
1419000 36
1419500 36
1420000 36
1420500 36
1421000 36
1421500 36
1422000 36
1422500 36
1423000 36
1423500 36
1424000 36
1424500 36
1425000 36
1425500 36
1426000 36
1426500 36
1427000 36
1427500 36
1428000 36
1428500 36
1429000 36
1429500 36
1430000 36
1430500 36
1431000 36
1431500 36
1432000 36
1432500 36
1433000 36
1433500 36
1434000 36
1434500 36
1435000 36
1435500 36
1436000 36
1436500 36
1437000 36
1437500 36
1438000 36
1438500 36
1439000 36
1439500 36
1440000 36
1440500 36
1441000 36
1441500 36
1442000 36
1442500 36
1443000 36
1443500 36
1444000 36
1444500 36
1445000 36
1445500 36
1446000 36
1446500 36
1447000 36
1447500 36
1448000 36
1448500 36
1449000 36
1449500 36
1450000 36
1450500 36
1451000 36
1451500 36
1452000 36
1452500 36
1453000 36
1453500 36
1454000 36
1454500 36
1455000 36
1455500 36
1456000 36
1456500 36
1457000 36
1457500 36
1458000 36
1458500 36
1459000 36
1459500 36
1460000 36
1460500 36
1461000 36
1461500 36
1462000 36
1462500 36
1463000 36
1463500 36
1464000 36
1464500 36
1465000 36
1465500 36
1466000 36
1466500 36
1467000 36
1467500 36
1468000 36
1468500 36
1469000 36
1469500 36
1470000 36
1470500 36
1471000 36
1471500 36
1472000 36
1472500 36
1473000 36
1473500 36
1474000 36
1474500 36
1475000 36
1475500 36
1476000 36
1476500 36
1477000 36
1477500 36
1478000 36
1478500 36
1479000 36
1479500 36
1480000 36
1480500 36
1481000 36
1481500 36
1482000 36
1482500 36
1483000 36
1483500 36
1484000 36
1484500 36
1485000 36
1485500 36
1486000 36
1486500 36
1487000 36
1487500 36
1488000 36
1488500 36
1489000 36
1489500 36
1490000 36
1490500 36
1491000 36
1491500 36
1492000 36
1492500 36
1493000 36
1493500 36
1494000 36
1494500 36
1495000 36
1495500 36
1496000 36
1496500 36
1497000 36
1497500 36
1498000 36
1498500 36
1499000 36
1499500 36
1500000 36
1500500 36
1501000 36
1501500 36
1502000 36
1502500 36
1503000 36
1503500 36
1504000 36
1504500 36
1505000 36
1505500 36
1506000 36
1506500 36
1507000 36
1507500 36
1508000 36
1508500 36
1509000 36
1509500 36
1510000 36
1510500 36
1511000 36
1511500 36
1512000 36
1512500 36
1513000 36
1513500 36
1514000 36
1514500 36
1515000 36
1515500 36
1516000 36
1516500 36
1517000 36
1517500 36
1518000 36
1518500 36
1519000 36
1519500 36
1520000 36
1520500 36
1521000 36
1521500 36
1522000 36
1522500 36
1523000 36
1523500 36
1524000 36
1524500 36
1525000 36
1525500 36
1526000 36
1526500 36
1527000 36
1527500 36
1528000 36
1528500 36
1529000 36
1529500 36
1530000 36
1530500 36
1531000 36
1531500 36
1532000 36
1532500 36
1533000 36
1533500 36
1534000 36
1534500 36
1535000 36
1535500 36
1536000 36
1536500 36
1537000 36
1537500 36
1538000 36
1538500 36
1539000 36
1539500 36
1540000 36
1540500 36
1541000 36
1541500 36
1542000 36
1542500 36
1543000 36
1543500 36
1544000 36
1544500 36
1545000 36
1545500 36
1546000 36
1546500 36
1547000 36
1547500 36
1548000 36
1548500 36
1549000 36
1549500 36
1550000 36
1550500 36
1551000 36
1551500 36
1552000 36
1552500 36
1553000 36
1553500 36
1554000 36
1554500 36
1555000 36
1555500 36
1556000 36
1556500 36
1557000 36
1557500 36
1558000 36
1558500 36
1559000 36
1559500 36
1560000 36
1560500 36
1561000 36
1561500 36
1562000 36
1562500 36
1563000 36
1563500 36
1564000 36
1564500 36
1565000 36
1565500 36
1566000 36
1566500 36
1567000 36
1567500 36
1568000 36
1568500 36
1569000 36
1569500 36
1570000 36
1570500 36
1571000 36
1571500 36
1572000 36
1572500 36
1573000 36
1573500 36
1574000 36
1574500 36
1575000 36
1575500 36
1576000 36
1576500 36
1577000 36
1577500 36
1578000 36
1578500 36
1579000 36
1579500 36
1580000 36
1580500 36
1581000 36
1581500 36
1582000 36
1582500 36
1583000 36
1583500 36
1584000 36
1584500 36
1585000 36
1585500 36
1586000 36
1586500 36
1587000 36
1587500 36
1588000 36
1588500 36
1589000 36
1589500 36
1590000 36
1590500 36
1591000 36
1591500 36
1592000 36
1592500 36
1593000 36
1593500 36
1594000 36
1594500 36
1595000 36
1595500 36
1596000 36
1596500 36
1597000 36
1597500 36
1598000 36
1598500 36
1599000 36
1599500 36
1600000 36
1600500 36
1601000 36
1601500 36
1602000 36
1602500 36
1603000 36
1603500 36
1604000 36
1604500 36
1605000 36
1605500 36
1606000 36
1606500 36
1607000 36
1607500 36
1608000 36
1608500 36
1609000 36
1609500 36
1610000 36
1610500 36
1611000 36
1611500 36
1612000 36
1612500 36
1613000 36
1613500 36
1614000 36
1614500 36
1615000 36
1615500 36
1616000 36
1616500 36
1617000 36
1617500 36
1618000 36
1618500 36
1619000 36
1619500 36
1620000 36
1620500 36
1621000 36
1621500 36
1622000 36
1622500 36
1623000 36
1623500 36
1624000 36
1624500 36
1625000 36
1625500 36
1626000 36
1626500 36
1627000 36
1627500 36
1628000 36
1628500 36
1629000 36
1629500 36
1630000 36
1630500 36
1631000 36
1631500 36
1632000 36
1632500 36
1633000 36
1633500 36
1634000 36
1634500 36
1635000 36
1635500 36
1636000 36
1636500 36
1637000 36
1637500 36
1638000 36
1638500 36
1639000 36
1639500 36
1640000 36
1640500 36
1641000 36
1641500 36
1642000 36
1642500 36
1643000 36
1643500 36
1644000 36
1644500 36
1645000 36
1645500 36
1646000 36
1646500 36
1647000 36
1647500 36
1648000 36
1648500 36
1649000 36
1649500 36
1650000 36
1650500 36
1651000 36
1651500 36
1652000 36
1652500 36
1653000 36
1653500 36
1654000 36
1654500 36
1655000 36
1655500 36
1656000 36
1656500 36
1657000 36
1657500 36
1658000 36
1658500 36
1659000 36
1659500 36
1660000 36
1660500 36
1661000 36
1661500 36
1662000 36
1662500 36
1663000 36
1663500 36
1664000 36
1664500 36
1665000 36
1665500 36
1666000 36
1666500 36
1667000 36
1667500 36
1668000 36
1668500 36
1669000 36
1669500 36
1670000 36
1670500 36
1671000 36
1671500 36
1672000 36
1672500 36
1673000 36
1673500 36
1674000 36
1674500 36
1675000 36
1675500 36
1676000 36
1676500 36
1677000 36
1677500 36
1678000 36
1678500 36
1679000 36
1679500 36
1680000 36
1680500 36
1681000 36
1681500 36
1682000 36
1682500 36
1683000 36
1683500 36
1684000 36
1684500 36
1685000 36
1685500 36
1686000 36
1686500 36
1687000 36
1687500 36
1688000 36
1688500 36
1689000 36
1689500 36
1690000 36
1690500 36
1691000 36
1691500 36
1692000 36
1692500 36
1693000 36
1693500 36
1694000 36
1694500 36
1695000 36
1695500 36
1696000 36
1696500 36
1697000 36
1697500 36
1698000 36
1698500 36
1699000 36
1699500 36
1700000 36
1700500 36
1701000 36
1701500 36
1702000 36
1702500 36
1703000 36
1703500 36
1704000 36
1704500 36
1705000 36
1705500 36
1706000 36
1706500 36
1707000 36
1707500 36
1708000 36
1708500 36
1709000 36
1709500 36
1710000 36
1710500 36
1711000 36
1711500 36
1712000 36
1712500 36
1713000 36
1713500 36
1714000 36
1714500 36
1715000 36
1715500 36
1716000 36
1716500 36
1717000 36
1717500 36
1718000 36
1718500 36
1719000 36
1719500 36
1720000 36
1720500 36
1721000 36
1721500 36
1722000 36
1722500 36
1723000 36
1723500 36
1724000 36
1724500 36
1725000 36
1725500 36
1726000 36
1726500 36
1727000 36
1727500 36
1728000 36
1728500 36
1729000 36
1729500 36
1730000 36
1730500 36
1731000 36
1731500 36
1732000 36
1732500 36
1733000 36
1733500 36
1734000 36
1734500 36
1735000 36
1735500 36
1736000 36
1736500 36
1737000 36
1737500 36
1738000 36
1738500 36
1739000 36
1739500 36
1740000 36
1740500 36
1741000 36
1741500 36
1742000 36
1742500 36
1743000 36
1743500 36
1744000 36
1744500 36
1745000 36
1745500 36
1746000 36
1746500 36
1747000 36
1747500 36
1748000 36
1748500 36
1749000 36
1749500 36
1750000 36
1750500 36
1751000 36
1751500 36
1752000 36
1752500 36
1753000 36
1753500 36
1754000 36
1754500 36
1755000 36
1755500 36
1756000 36
1756500 36
1757000 36
1757500 36
1758000 36
1758500 36
1759000 36
1759500 36
1760000 36
1760500 36
1761000 36
1761500 36
1762000 36
1762500 36
1763000 36
1763500 36
1764000 36
1764500 36
1765000 36
1765500 36
1766000 36
1766500 36
1767000 36
1767500 36
1768000 36
1768500 36
1769000 36
1769500 36
