500 152
1000 142
1500 148
2000 136
2500 143
3000 149
3500 130
4000 147
4500 151
5000 131
5500 142
6000 170
6500 153
7000 147
7500 136
8000 137
8500 145
9000 147
9500 163
10000 140
10500 150
11000 138
11500 149
12000 151
12500 128
13000 151
13500 150
14000 159
14500 149
15000 138
15500 146
16000 160
16500 130
17000 119
17500 139
18000 143
18500 132
19000 153
19500 134
20000 164
20500 149
21000 142
21500 151
22000 154
22500 141
23000 148
23500 148
24000 136
24500 148
25000 154
25500 154
26000 150
26500 156
27000 153
27500 158
28000 159
28500 158
29000 149
29500 153
30000 149
30500 159
31000 144
31500 162
32000 136
32500 141
33000 167
33500 147
34000 149
34500 149
35000 150
35500 141
36000 123
36500 153
37000 146
37500 135
38000 159
38500 165
39000 136
39500 139
40000 163
40500 139
41000 157
41500 149
42000 128
42500 144
43000 128
43500 138
44000 152
44500 143
45000 152
45500 141
46000 155
46500 137
47000 132
47500 134
48000 151
48500 149
49000 148
49500 168
50000 161
50500 142
51000 136
51500 151
52000 152
52500 127
53000 144
53500 144
54000 175
54500 156
55000 150
55500 137
56000 145
56500 154
57000 153
57500 142
58000 156
58500 142
59000 141
59500 151
60000 149
60500 133
61000 144
61500 139
62000 164
62500 152
63000 147
63500 147
64000 146
64500 139
65000 136
65500 150
66000 154
66500 148
67000 138
67500 133
68000 151
68500 142
69000 155
69500 158
70000 154
70500 139
71000 160
71500 158
72000 149
72500 156
73000 140
73500 147
74000 164
74500 147
75000 161
75500 157
76000 154
76500 139
77000 167
77500 140
78000 144
78500 148
79000 121
79500 155
80000 143
80500 163
81000 152
81500 149
82000 138
82500 152
83000 146
83500 150
84000 156
84500 164
85000 142
85500 151
86000 146
86500 153
87000 121
87500 152
88000 151
88500 164
89000 134
89500 163
90000 154
90500 168
91000 166
91500 162
92000 156
92500 156
93000 126
93500 152
94000 125
94500 145
95000 128
95500 122
96000 140
96500 167
97000 157
97500 152
98000 156
98500 149
99000 129
99500 151
100000 137
100500 128
101000 128
101500 121
102000 137
102500 158
103000 149
103500 139
104000 140
104500 128
105000 145
105500 139
106000 136
106500 129
107000 156
107500 152
108000 122
108500 148
109000 146
109500 143
110000 129
110500 122
111000 167
111500 138
112000 150
112500 150
113000 139
113500 147
114000 132
114500 157
115000 139
115500 139
116000 127
116500 134
117000 142
117500 120
118000 120
118500 164
119000 126
119500 130
120000 139
120500 158
121000 104
121500 123
122000 120
122500 143
123000 137
123500 140
124000 124
124500 143
125000 133
125500 119
126000 145
126500 138
127000 147
127500 139
128000 137
128500 156
129000 152
129500 139
130000 151
130500 133
131000 151
131500 151
132000 139
132500 140
133000 142
133500 142
134000 137
134500 142
135000 154
135500 144
136000 141
136500 124
137000 139
137500 143
138000 142
138500 128
139000 120
139500 139
140000 150
140500 150
141000 149
141500 146
142000 106
142500 152
143000 144
143500 152
144000 133
144500 138
145000 138
145500 135
146000 142
146500 148
147000 141
147500 146
148000 140
148500 154
149000 136
149500 160
150000 120
150500 137
151000 126
151500 155
152000 125
152500 146
153000 152
153500 131
154000 152
154500 133
155000 145
155500 131
156000 150
156500 121
157000 130
157500 131
158000 172
158500 139
159000 136
159500 150
160000 144
160500 143
161000 134
161500 129
162000 129
162500 157
163000 142
163500 141
164000 138
164500 113
165000 132
165500 126
166000 138
166500 148
167000 147
167500 145
168000 148
168500 143
169000 150
169500 166
170000 145
170500 140
171000 159
171500 137
172000 158
172500 125
173000 155
173500 133
174000 151
174500 151
175000 139
175500 136
176000 159
176500 140
177000 135
177500 157
178000 138
178500 135
179000 142
179500 145
180000 163
180500 134
181000 164
181500 160
182000 162
182500 142
183000 150
183500 127
184000 130
184500 143
185000 114
185500 140
186000 132
186500 165
187000 154
187500 163
188000 115
188500 121
189000 144
189500 139
190000 162
190500 150
191000 166
191500 151
192000 133
192500 108
193000 124
193500 151
194000 151
194500 142
195000 137
195500 151
196000 149
196500 136
197000 127
197500 124
198000 131
198500 130
199000 127
199500 136
200000 135
200500 120
201000 127
201500 97
202000 129
202500 117
203000 107
203500 130
204000 127
204500 119
205000 108
205500 105
206000 111
206500 119
207000 147
207500 106
208000 118
208500 109
209000 138
209500 112
210000 119
210500 107
211000 111
211500 111
212000 121
212500 125
213000 136
213500 88
214000 123
214500 132
215000 119
215500 103
216000 112
216500 140
217000 97
217500 118
218000 100
218500 103
219000 127
219500 116
220000 114
220500 122
221000 136
221500 136
222000 138
222500 108
223000 109
223500 115
224000 94
224500 121
225000 136
225500 122
226000 119
226500 97
227000 101
227500 88
228000 110
228500 115
229000 110
229500 121
230000 104
230500 114
231000 125
231500 128
232000 130
232500 122
233000 116
233500 102
234000 101
234500 134
235000 112
235500 113
236000 122
236500 115
237000 112
237500 115
238000 110
238500 93
239000 111
239500 114
240000 133
240500 134
241000 124
241500 112
242000 126
242500 98
243000 129
243500 121
244000 96
244500 111
245000 126
245500 102
246000 129
246500 112
247000 129
247500 119
248000 126
248500 117
249000 109
249500 104
250000 115
250500 125
251000 100
251500 127
252000 90
252500 119
253000 121
253500 103
254000 127
254500 145
255000 101
255500 119
256000 145
256500 134
257000 117
257500 100
258000 121
258500 136
259000 104
259500 132
260000 105
260500 141
261000 122
261500 125
262000 97
262500 108
263000 112
263500 130
264000 125
264500 134
265000 118
265500 113
266000 119
266500 99
267000 119
267500 113
268000 118
268500 153
269000 89
269500 110
270000 142
270500 113
271000 140
271500 110
272000 109
272500 133
273000 124
273500 106
274000 118
274500 103
275000 129
275500 136
276000 115
276500 102
277000 100
277500 109
278000 119
278500 128
279000 111
279500 107
280000 116
280500 110
281000 131
281500 103
282000 126
282500 115
283000 109
283500 119
284000 122
284500 124
285000 134
285500 119
286000 122
286500 124
287000 102
287500 129
288000 118
288500 110
289000 114
289500 114
290000 112
290500 121
291000 117
291500 119
292000 120
292500 127
293000 103
293500 110
294000 151
294500 106
295000 126
295500 135
296000 123
296500 100
297000 109
297500 102
298000 115
298500 125
299000 117
299500 97
300000 102
300500 81
301000 72
301500 76
302000 79
302500 76
303000 77
303500 76
304000 80
304500 72
305000 89
305500 72
306000 71
306500 75
307000 69
307500 72
308000 71
308500 72
309000 70
309500 71
310000 72
310500 71
311000 71
311500 73
312000 69
312500 72
313000 71
313500 71
314000 71
314500 71
315000 69
315500 71
316000 74
316500 74
317000 79
317500 75
318000 78
318500 73
319000 77
319500 73
320000 79
320500 71
321000 70
321500 69
322000 74
322500 70
323000 70
323500 79
324000 115
324500 74
325000 79
325500 69
326000 71
326500 72
327000 70
327500 77
328000 69
328500 70
329000 72
329500 72
330000 75
330500 71
331000 71
331500 104
332000 81
332500 79
333000 72
333500 71
334000 71
334500 124
335000 88
335500 80
336000 82
336500 82
337000 77
337500 75
338000 73
338500 112
339000 94
339500 78
340000 76
340500 78
341000 76
341500 74
342000 120
342500 74
343000 73
343500 71
344000 72
344500 72
345000 77
345500 73
346000 73
346500 75
347000 72
347500 70
348000 72
348500 72
349000 71
349500 71
350000 71
350500 86
351000 74
351500 72
352000 84
352500 96
353000 85
353500 80
354000 77
354500 74
355000 76
355500 77
356000 81
356500 75
357000 74
357500 79
358000 128
358500 80
359000 99
359500 72
360000 69
360500 69
361000 69
361500 67
362000 69
362500 68
363000 68
363500 73
364000 70
364500 73
365000 67
365500 71
366000 71
366500 75
367000 70
367500 70
368000 74
368500 71
369000 70
369500 73
370000 71
370500 110
371000 77
371500 82
372000 114
372500 86
373000 75
373500 70
374000 79
374500 77
375000 81
375500 110
376000 86
376500 79
377000 75
377500 79
378000 78
378500 93
379000 85
379500 119
380000 91
380500 86
381000 77
381500 75
382000 73
382500 90
383000 79
383500 91
384000 73
384500 69
385000 69
385500 73
386000 69
386500 68
387000 68
387500 73
388000 78
388500 75
389000 75
389500 93
390000 79
390500 86
391000 78
391500 73
392000 75
392500 97
393000 88
393500 81
394000 95
394500 85
395000 81
395500 80
396000 75
396500 71
397000 70
397500 70
398000 72
398500 70
399000 73
399500 75
400000 69
400500 69
401000 69
401500 69
402000 69
402500 69
403000 69
403500 69
404000 69
404500 69
405000 69
405500 69
406000 69
406500 69
407000 69
407500 81
408000 78
408500 78
409000 73
409500 71
410000 70
410500 70
411000 70
411500 69
412000 69
412500 69
413000 69
413500 69
414000 69
414500 69
415000 69
415500 69
416000 82
416500 73
417000 70
417500 69
418000 69
418500 66
419000 66
419500 66
420000 66
420500 66
421000 66
421500 66
422000 66
422500 66
423000 66
423500 66
424000 65
424500 65
425000 65
425500 65
426000 65
426500 65
427000 65
427500 65
428000 65
428500 65
429000 65
429500 65
430000 65
430500 65
431000 65
431500 65
432000 65
432500 65
433000 65
433500 65
434000 65
434500 65
435000 65
435500 65
436000 65
436500 65
437000 65
437500 65
438000 65
438500 65
439000 65
439500 65
440000 65
440500 65
441000 65
441500 65
442000 65
442500 65
443000 65
443500 65
444000 65
444500 65
445000 65
445500 65
446000 65
446500 65
447000 65
447500 65
448000 65
448500 65
449000 65
449500 65
450000 65
450500 65
451000 65
451500 65
452000 65
452500 65
453000 65
453500 65
454000 65
454500 65
455000 65
455500 65
456000 65
456500 65
457000 65
457500 65
458000 65
458500 65
459000 65
459500 65
460000 65
460500 65
461000 65
461500 65
462000 65
462500 65
463000 65
463500 65
464000 65
464500 65
465000 65
465500 65
466000 65
466500 65
467000 65
467500 65
468000 65
468500 65
469000 65
469500 65
470000 65
470500 65
471000 65
471500 65
472000 65
472500 65
473000 65
473500 65
474000 65
474500 65
475000 65
475500 65
476000 65
476500 65
477000 65
477500 65
478000 65
478500 65
479000 65
479500 65
480000 65
480500 65
481000 65
481500 65
482000 65
482500 65
483000 65
483500 65
484000 65
484500 65
485000 65
485500 65
486000 65
486500 65
487000 65
487500 65
488000 65
488500 65
489000 65
489500 65
490000 65
490500 65
491000 65
491500 65
492000 65
492500 65
493000 65
493500 65
494000 65
494500 65
495000 65
495500 65
496000 65
496500 65
497000 65
497500 65
498000 65
498500 65
499000 65
499500 65
500000 65
500500 65
501000 65
501500 65
502000 65
502500 65
503000 65
503500 65
504000 65
504500 65
505000 65
505500 65
506000 65
506500 65
507000 65
507500 65
508000 65
508500 65
509000 65
509500 65
510000 65
510500 65
511000 65
511500 65
512000 65
512500 65
513000 65
513500 65
514000 65
514500 65
515000 65
515500 65
516000 65
516500 65
517000 65
517500 65
518000 65
518500 65
519000 65
519500 65
520000 65
520500 65
521000 65
521500 65
522000 65
522500 65
523000 65
523500 65
524000 65
524500 65
525000 65
525500 65
526000 65
526500 65
527000 65
527500 65
528000 65
528500 65
529000 65
529500 65
530000 65
530500 65
531000 65
531500 65
532000 65
532500 65
533000 65
533500 65
534000 65
534500 65
535000 65
535500 65
536000 65
536500 65
537000 65
537500 65
538000 65
538500 65
539000 65
539500 65
540000 65
540500 65
541000 65
541500 65
542000 65
542500 65
543000 65
543500 65
544000 65
544500 65
545000 65
545500 65
546000 65
546500 65
547000 65
547500 65
548000 65
548500 65
549000 65
549500 65
550000 65
550500 65
551000 65
551500 65
552000 65
552500 65
553000 65
553500 65
554000 65
554500 65
555000 65
555500 65
556000 65
556500 65
557000 65
557500 65
558000 65
558500 65
559000 65
559500 65
560000 65
560500 65
561000 65
561500 65
562000 65
562500 65
563000 65
563500 65
564000 65
564500 65
565000 65
565500 65
566000 65
566500 65
567000 65
567500 65
568000 65
568500 65
569000 65
569500 65
570000 65
570500 65
571000 65
571500 65
572000 65
572500 65
573000 65
573500 65
574000 65
574500 65
575000 65
575500 65
576000 65
576500 65
577000 65
577500 65
578000 65
578500 65
579000 65
579500 65
580000 65
580500 65
581000 65
581500 65
582000 65
582500 65
583000 65
583500 65
584000 65
584500 65
585000 65
585500 65
586000 65
586500 65
587000 65
587500 65
588000 65
588500 65
589000 65
589500 65
590000 65
590500 65
591000 65
591500 65
592000 65
592500 65
593000 65
593500 65
594000 65
594500 65
595000 65
595500 65
596000 65
596500 65
597000 65
597500 65
598000 65
598500 65
599000 65
599500 65
600000 65
600500 65
601000 65
601500 65
602000 65
602500 65
603000 65
603500 65
604000 65
604500 65
605000 65
605500 65
606000 65
606500 65
607000 65
607500 65
608000 65
608500 65
609000 65
609500 65
610000 65
610500 65
611000 65
611500 65
612000 65
612500 65
613000 65
613500 65
614000 65
614500 65
615000 65
615500 65
616000 65
616500 65
617000 65
617500 65
618000 65
618500 65
619000 65
619500 65
620000 65
620500 65
621000 65
621500 65
622000 65
622500 65
623000 65
623500 65
624000 65
624500 65
625000 65
625500 65
626000 65
626500 65
627000 65
627500 65
628000 65
628500 65
629000 65
629500 65
630000 65
630500 65
631000 65
631500 65
632000 65
632500 65
633000 65
633500 65
634000 65
634500 65
635000 65
635500 65
636000 65
636500 65
637000 65
637500 65
638000 65
638500 65
639000 65
639500 65
640000 65
640500 65
641000 65
641500 65
642000 65
642500 65
643000 65
643500 65
644000 65
644500 65
645000 65
645500 65
646000 65
646500 65
647000 65
647500 65
648000 65
648500 65
649000 65
649500 65
650000 65
650500 65
651000 65
651500 65
652000 65
652500 65
653000 65
653500 65
654000 65
654500 65
655000 65
655500 65
656000 65
656500 65
657000 65
657500 65
658000 65
658500 65
659000 65
659500 65
660000 65
660500 65
661000 65
661500 65
662000 65
662500 65
663000 65
663500 65
664000 65
664500 65
665000 65
665500 65
666000 65
666500 65
667000 65
667500 65
668000 65
668500 65
669000 65
669500 65
670000 65
670500 65
671000 65
671500 65
672000 65
672500 65
673000 65
673500 65
674000 65
674500 65
675000 65
675500 65
676000 65
676500 65
677000 65
677500 65
678000 65
678500 65
679000 65
679500 65
680000 65
680500 65
681000 65
681500 65
682000 65
682500 65
683000 65
683500 65
684000 65
684500 65
685000 65
685500 65
686000 65
686500 65
687000 65
687500 65
688000 65
688500 65
689000 65
689500 65
690000 65
690500 65
691000 65
691500 65
692000 65
692500 65
693000 65
693500 65
694000 65
694500 65
695000 65
695500 65
696000 65
696500 65
697000 65
697500 65
698000 65
698500 65
699000 65
699500 65
700000 65
