50 9950.100
100 9900.449
150 9851.045
200 9801.889
250 9752.977
300 9704.310
350 9655.885
400 9607.702
450 9559.760
500 9512.056
550 9464.591
600 9417.363
650 9370.370
700 9323.612
750 9277.087
800 9230.794
850 9184.732
900 9138.900
950 9093.297
1000 9047.921
1050 9002.772
1100 8957.848
1150 8913.149
1200 8868.672
1250 8824.417
1300 8780.383
1350 8736.569
1400 8692.973
1450 8649.595
1500 8606.434
1550 8563.488
1600 8520.756
1650 8478.237
1700 8435.931
1750 8393.835
1800 8351.950
1850 8310.274
1900 8268.805
1950 8227.544
2000 8186.488
2050 8145.638
2100 8104.991
2150 8064.547
2200 8024.305
2250 7984.263
2300 7944.422
2350 7904.779
2400 7865.334
2450 7826.086
2500 7787.034
2550 7748.176
2600 7709.513
2650 7671.042
2700 7632.764
2750 7594.676
2800 7556.779
2850 7519.070
2900 7481.550
2950 7444.217
3000 7407.070
3050 7370.109
3100 7333.332
3150 7296.739
3200 7260.328
3250 7224.099
3300 7188.050
3350 7152.182
3400 7116.493
3450 7080.981
3500 7045.647
3550 7010.489
3600 6975.507
3650 6940.699
3700 6906.065
3750 6871.603
3800 6837.314
3850 6803.196
3900 6769.248
3950 6735.469
4000 6701.859
4050 6668.417
4100 6635.141
4150 6602.032
4200 6569.088
4250 6536.308
4300 6503.692
4350 6471.238
4400 6438.947
4450 6406.816
4500 6374.846
4550 6343.036
4600 6311.384
4650 6279.890
4700 6248.553
4750 6217.373
4800 6186.348
4850 6155.478
4900 6124.762
4950 6094.200
5000 6063.789
5050 6033.531
5100 6003.424
5150 5973.467
5200 5943.659
5250 5914.000
5300 5884.489
5350 5855.125
5400 5825.908
5450 5796.837
5500 5767.911
5550 5739.129
5600 5710.490
5650 5681.995
5700 5653.642
5750 5625.430
5800 5597.359
5850 5569.428
5900 5541.637
5950 5513.984
6000 5486.469
6050 5459.092
6100 5431.851
6150 5404.746
6200 5377.776
6250 5350.941
6300 5324.239
6350 5297.671
6400 5271.236
6450 5244.933
6500 5218.760
6550 5192.719
6600 5166.807
6650 5141.024
6700 5115.371
6750 5089.845
6800 5064.447
6850 5039.175
6900 5014.029
6950 4989.009
7000 4964.114
7050 4939.343
7100 4914.696
7150 4890.171
7200 4865.769
7250 4841.489
7300 4817.330
7350 4793.292
7400 4769.373
7450 4745.574
7500 4721.893
7550 4698.331
7600 4674.886
7650 4651.559
7700 4628.347
7750 4605.252
7800 4582.271
7850 4559.406
7900 4536.654
7950 4514.016
8000 4491.491
8050 4469.079
8100 4446.778
8150 4424.589
8200 4402.510
8250 4380.541
8300 4358.682
8350 4336.933
8400 4315.291
8450 4293.758
8500 4272.332
8550 4251.013
8600 4229.800
8650 4208.694
8700 4187.692
8750 4166.796
8800 4146.003
8850 4125.315
8900 4104.729
8950 4084.247
9000 4063.866
9050 4043.587
9100 4023.410
9150 4003.333
9200 3983.356
9250 3963.479
9300 3943.702
9350 3924.023
9400 3904.442
9450 3884.958
9500 3865.572
9550 3846.283
9600 3827.090
9650 3807.993
9700 3788.991
9750 3770.084
9800 3751.271
9850 3732.552
9900 3713.927
9950 3695.394
10000 3676.954
10050 3658.606
10100 3640.350
10150 3622.184
10200 3604.110
10250 3586.125
10300 3568.230
10350 3550.425
10400 3532.708
10450 3515.080
10500 3497.540
10550 3480.087
10600 3462.721
10650 3445.442
10700 3428.249
10750 3411.142
10800 3394.121
10850 3377.184
10900 3360.332
10950 3343.564
11000 3326.879
11050 3310.278
11100 3293.760
11150 3277.324
11200 3260.970
11250 3244.698
11300 3228.507
11350 3212.396
11400 3196.367
11450 3180.417
11500 3164.546
11550 3148.755
11600 3133.043
11650 3117.409
11700 3101.853
11750 3086.375
11800 3070.974
11850 3055.650
11900 3040.402
11950 3025.230
12000 3010.134
12050 2995.114
12100 2980.168
12150 2965.297
12200 2950.500
12250 2935.777
12300 2921.128
12350 2906.551
12400 2892.047
12450 2877.616
12500 2863.257
12550 2848.969
12600 2834.753
12650 2820.607
12700 2806.532
12750 2792.528
12800 2778.593
12850 2764.728
12900 2750.932
12950 2737.205
13000 2723.546
13050 2709.955
13100 2696.433
13150 2682.977
13200 2669.589
13250 2656.268
13300 2643.013
13350 2629.825
13400 2616.702
13450 2603.644
13500 2590.652
13550 2577.725
13600 2564.862
13650 2552.063
13700 2539.328
13750 2526.657
13800 2514.049
13850 2501.504
13900 2489.021
13950 2476.601
14000 2464.243
14050 2451.946
14100 2439.711
14150 2427.537
14200 2415.423
14250 2403.370
14300 2391.378
14350 2379.445
14400 2367.571
14450 2355.757
14500 2344.002
14550 2332.305
14600 2320.667
14650 2309.087
14700 2297.564
14750 2286.100
14800 2274.692
14850 2263.341
14900 2252.047
14950 2240.809
15000 2229.628
15050 2218.502
15100 2207.431
15150 2196.416
15200 2185.456
15250 2174.551
15300 2163.700
15350 2152.903
15400 2142.160
15450 2131.470
15500 2120.834
15550 2110.251
15600 2099.721
15650 2089.244
15700 2078.818
15750 2068.445
15800 2058.123
15850 2047.853
15900 2037.634
15950 2027.467
16000 2017.350
16050 2007.283
16100 1997.267
16150 1987.300
16200 1977.384
16250 1967.516
16300 1957.699
16350 1947.930
16400 1938.209
16450 1928.538
16500 1918.914
16550 1909.339
16600 1899.811
16650 1890.331
16700 1880.898
16750 1871.513
16800 1862.174
16850 1852.882
16900 1843.636
16950 1834.436
17000 1825.282
17050 1816.174
17100 1807.111
17150 1798.094
17200 1789.121
17250 1780.193
17300 1771.310
17350 1762.471
17400 1753.677
17450 1744.926
17500 1736.219
17550 1727.555
17600 1718.934
17650 1710.357
17700 1701.822
17750 1693.330
17800 1684.880
17850 1676.473
17900 1668.107
17950 1659.783
18000 1651.501
18050 1643.260
18100 1635.060
18150 1626.901
18200 1618.783
18250 1610.705
18300 1602.668
18350 1594.670
18400 1586.713
18450 1578.795
18500 1570.917
18550 1563.078
18600 1555.278
18650 1547.517
18700 1539.795
18750 1532.112
18800 1524.466
18850 1516.859
18900 1509.290
18950 1501.759
19000 1494.265
19050 1486.809
19100 1479.389
19150 1472.007
19200 1464.662
19250 1457.353
19300 1450.081
19350 1442.845
19400 1435.645
19450 1428.481
19500 1421.353
19550 1414.261
19600 1407.204
19650 1400.182
19700 1393.195
19750 1386.243
19800 1379.325
19850 1372.442
19900 1365.594
19950 1358.780
20000 1351.999
20050 1345.253
20100 1338.540
20150 1331.861
20200 1325.215
20250 1318.602
20300 1312.022
20350 1305.475
20400 1298.961
20450 1292.479
20500 1286.029
20550 1279.612
20600 1273.227
20650 1266.873
20700 1260.552
20750 1254.261
20800 1248.003
20850 1241.775
20900 1235.579
20950 1229.413
21000 1223.278
21050 1217.174
21100 1211.100
21150 1205.057
21200 1199.044
21250 1193.061
21300 1187.107
21350 1181.183
21400 1175.289
21450 1169.425
21500 1163.589
21550 1157.783
21600 1152.006
21650 1146.257
21700 1140.537
21750 1134.846
21800 1129.183
21850 1123.548
21900 1117.942
21950 1112.363
22000 1106.813
22050 1101.290
22100 1095.794
22150 1090.326
22200 1084.885
22250 1079.472
22300 1074.085
22350 1068.726
22400 1063.393
22450 1058.086
22500 1052.806
22550 1047.553
22600 1042.326
22650 1037.124
22700 1031.949
22750 1026.800
22800 1021.676
22850 1016.578
22900 1011.505
22950 1006.458
23000 1001.435
23050 996.438
23100 991.466
23150 986.519
23200 981.596
23250 976.698
23300 971.824
23350 966.974
23400 962.149
23450 957.348
23500 952.571
23550 947.818
23600 943.088
23650 938.382
23700 933.699
23750 929.040
23800 924.404
23850 919.792
23900 915.202
23950 910.635
24000 906.091
24050 901.569
24100 897.071
24150 892.594
24200 888.140
24250 883.708
24300 879.299
24350 874.911
24400 870.545
24450 866.201
24500 861.879
24550 857.578
24600 853.299
24650 849.041
24700 844.804
24750 840.588
24800 836.394
24850 832.220
24900 828.067
24950 823.935
25000 819.824
25050 815.733
25100 811.662
25150 807.612
25200 803.582
25250 799.572
25300 795.582
25350 791.613
25400 787.662
25450 783.732
25500 779.821
25550 775.930
25600 772.058
25650 768.205
25700 764.372
25750 760.558
25800 756.763
25850 752.986
25900 749.229
25950 745.490
26000 741.770
26050 738.069
26100 734.386
26150 730.721
26200 727.075
26250 723.447
26300 719.837
26350 716.245
26400 712.671
26450 709.114
26500 705.576
26550 702.055
26600 698.552
26650 695.066
26700 691.598
26750 688.147
26800 684.713
26850 681.296
26900 677.896
26950 674.514
27000 671.148
27050 667.799
27100 664.467
27150 661.151
27200 657.852
27250 654.569
27300 651.303
27350 648.053
27400 644.819
27450 641.601
27500 638.400
27550 635.214
27600 632.044
27650 628.890
27700 625.752
27750 622.630
27800 619.523
27850 616.431
27900 613.355
27950 610.295
28000 607.249
28050 604.219
28100 601.204
28150 598.204
28200 595.219
28250 592.249
28300 589.294
28350 586.353
28400 583.427
28450 580.516
28500 577.619
28550 574.737
28600 571.869
28650 569.015
28700 566.176
28750 563.350
28800 560.539
28850 557.742
28900 554.959
28950 552.190
29000 549.434
29050 546.693
29100 543.965
29150 541.250
29200 538.549
29250 535.862
29300 533.188
29350 530.528
29400 527.880
29450 525.246
29500 522.625
29550 520.017
29600 517.422
29650 514.840
29700 512.271
29750 509.715
29800 507.172
29850 504.641
29900 502.123
29950 499.617
30000 497.124
30050 494.643
30100 492.175
30150 489.719
30200 487.275
30250 484.844
30300 482.424
30350 480.017
30400 477.622
30450 475.239
30500 472.867
30550 470.507
30600 468.160
30650 465.824
30700 463.499
30750 461.186
30800 458.885
30850 456.595
30900 454.317
30950 452.050
31000 449.794
31050 447.549
31100 445.316
31150 443.094
31200 440.883
31250 438.683
31300 436.494
31350 434.316
31400 432.149
31450 429.992
31500 427.846
31550 425.711
31600 423.587
31650 421.473
31700 419.370
31750 417.278
31800 415.195
31850 413.124
31900 411.062
31950 409.011
32000 406.970
32050 404.939
32100 402.918
32150 400.908
32200 398.907
32250 396.917
32300 394.936
32350 392.965
32400 391.005
32450 389.053
32500 387.112
32550 385.180
32600 383.258
32650 381.346
32700 379.443
32750 377.550
32800 375.666
32850 373.791
32900 371.926
32950 370.070
33000 368.223
33050 366.386
33100 364.557
33150 362.738
33200 360.928
33250 359.127
33300 357.335
33350 355.552
33400 353.778
33450 352.013
33500 350.256
33550 348.508
33600 346.769
33650 345.039
33700 343.317
33750 341.604
33800 339.899
33850 338.203
33900 336.516
33950 334.836
34000 333.165
34050 331.503
34100 329.849
34150 328.203
34200 326.565
34250 324.936
34300 323.314
34350 321.701
34400 320.095
34450 318.498
34500 316.909
34550 315.327
34600 313.754
34650 312.188
34700 310.631
34750 309.080
34800 307.538
34850 306.004
34900 304.477
34950 302.957
35000 301.445
35050 299.941
35100 298.445
35150 296.955
35200 295.474
35250 293.999
35300 292.532
35350 291.072
35400 289.620
35450 288.175
35500 286.737
35550 285.306
35600 283.882
35650 282.466
35700 281.056
35750 279.654
35800 278.258
35850 276.870
35900 275.488
35950 274.113
36000 272.746
36050 271.385
36100 270.030
36150 268.683
36200 267.342
36250 266.008
36300 264.681
36350 263.360
36400 262.046
36450 260.738
36500 259.437
36550 258.142
36600 256.854
36650 255.573
36700 254.297
36750 253.028
36800 251.766
36850 250.509
36900 249.259
36950 248.016
37000 246.778
37050 245.547
37100 244.321
37150 243.102
37200 241.889
37250 240.682
37300 239.481
37350 238.286
37400 237.097
37450 235.914
37500 234.737
37550 233.565
37600 232.400
37650 231.240
37700 230.086
37750 228.938
37800 227.796
37850 226.659
37900 225.528
37950 224.403
38000 223.283
38050 222.169
38100 221.060
38150 219.957
38200 218.859
38250 217.767
38300 216.681
38350 215.599
38400 214.523
38450 213.453
38500 212.388
38550 211.328
38600 210.274
38650 209.224
38700 208.180
38750 207.141
38800 206.108
38850 205.079
38900 204.056
38950 203.038
39000 202.025
39050 201.016
39100 200.013
39150 199.015
39200 198.022
39250 197.034
39300 196.051
39350 195.073
39400 194.099
39450 193.131
39500 192.167
39550 191.208
39600 190.254
39650 189.304
39700 188.360
39750 187.420
39800 186.485
39850 185.554
39900 184.628
39950 183.707
40000 182.790
40050 181.878
40100 180.970
40150 180.067
40200 179.169
40250 178.275
40300 177.385
40350 176.500
40400 175.619
40450 174.743
40500 173.871
40550 173.003
40600 172.140
40650 171.281
40700 170.426
40750 169.576
40800 168.730
40850 167.888
40900 167.050
40950 166.217
41000 165.387
41050 164.562
41100 163.741
41150 162.924
41200 162.111
41250 161.302
41300 160.497
41350 159.696
41400 158.899
41450 158.106
41500 157.317
41550 156.532
41600 155.751
41650 154.974
41700 154.201
41750 153.431
41800 152.665
41850 151.904
41900 151.146
41950 150.391
42000 149.641
42050 148.894
42100 148.151
42150 147.412
42200 146.676
42250 145.945
42300 145.216
42350 144.492
42400 143.771
42450 143.053
42500 142.339
42550 141.629
42600 140.922
42650 140.219
42700 139.519
42750 138.823
42800 138.131
42850 137.441
42900 136.755
42950 136.073
43000 135.394
43050 134.718
43100 134.046
43150 133.377
43200 132.712
43250 132.049
43300 131.391
43350 130.735
43400 130.083
43450 129.433
43500 128.788
43550 128.145
43600 127.505
43650 126.869
43700 126.236
43750 125.606
43800 124.979
43850 124.356
43900 123.735
43950 123.118
44000 122.503
44050 121.892
44100 121.284
44150 120.679
44200 120.076
44250 119.477
44300 118.881
44350 118.288
44400 117.698
44450 117.110
44500 116.526
44550 115.944
44600 115.366
44650 114.790
44700 114.217
44750 113.647
44800 113.080
44850 112.516
44900 111.955
44950 111.396
45000 110.840
45050 110.287
45100 109.737
45150 109.189
45200 108.644
45250 108.102
45300 107.563
45350 107.026
45400 106.492
45450 105.960
45500 105.432
45550 104.906
45600 104.382
45650 103.861
45700 103.343
45750 102.827
45800 102.314
45850 101.804
45900 101.296
45950 100.790
46000 100.287
46050 99.787
46100 99.289
46150 98.793
46200 98.300
46250 97.810
46300 97.322
46350 96.836
46400 96.353
46450 95.872
46500 95.394
46550 94.918
46600 94.444
46650 93.973
46700 93.504
46750 93.037
46800 92.573
46850 92.111
46900 91.652
46950 91.194
47000 90.739
47050 90.286
47100 89.836
47150 89.388
47200 88.941
47250 88.498
47300 88.056
47350 87.617
47400 87.179
47450 86.744
47500 86.312
47550 85.881
47600 85.452
47650 85.026
47700 84.602
47750 84.179
47800 83.759
47850 83.341
47900 82.926
47950 82.512
48000 82.100
48050 81.690
48100 81.283
48150 80.877
48200 80.474
48250 80.072
48300 79.672
48350 79.275
48400 78.879
48450 78.486
48500 78.094
48550 77.704
48600 77.317
48650 76.931
48700 76.547
48750 76.165
48800 75.785
48850 75.407
48900 75.030
48950 74.656
49000 74.283
49050 73.913
49100 73.544
49150 73.177
49200 72.812
49250 72.449
49300 72.087
49350 71.727
49400 71.369
49450 71.013
49500 70.659
49550 70.306
49600 69.955
49650 69.606
49700 69.259
49750 68.913
49800 68.570
49850 68.227
49900 67.887
49950 67.548
50000 67.211
50050 66.876
50100 66.542
50150 66.210
50200 65.880
50250 65.551
50300 65.224
50350 64.898
50400 64.574
50450 64.252
50500 63.932
50550 63.613
50600 63.295
50650 62.979
50700 62.665
50750 62.352
50800 62.041
50850 61.732
50900 61.424
50950 61.117
51000 60.812
51050 60.509
51100 60.207
51150 59.906
51200 59.607
51250 59.310
51300 59.014
51350 58.719
51400 58.426
51450 58.135
51500 57.845
51550 57.556
51600 57.269
51650 56.983
51700 56.699
51750 56.416
51800 56.134
51850 55.854
51900 55.576
51950 55.298
52000 55.022
52050 54.748
52100 54.475
52150 54.203
52200 53.932
52250 53.663
52300 53.395
52350 53.129
52400 52.864
52450 52.600
52500 52.338
52550 52.076
52600 51.816
52650 51.558
52700 51.301
52750 51.045
52800 50.790
52850 50.537
52900 50.284
52950 50.033
53000 49.784
53050 49.535
53100 49.288
53150 49.042
53200 48.797
53250 48.554
53300 48.312
53350 48.071
53400 47.831
53450 47.592
53500 47.355
53550 47.118
53600 46.883
53650 46.649
53700 46.416
53750 46.185
53800 45.954
53850 45.725
53900 45.497
53950 45.270
54000 45.044
54050 44.819
54100 44.596
54150 44.373
54200 44.152
54250 43.931
54300 43.712
54350 43.494
54400 43.277
54450 43.061
54500 42.846
54550 42.632
54600 42.420
54650 42.208
54700 41.997
54750 41.788
54800 41.579
54850 41.372
54900 41.165
54950 40.960
55000 40.755
55050 40.552
55100 40.350
55150 40.148
55200 39.948
55250 39.749
55300 39.550
55350 39.353
55400 39.157
55450 38.961
55500 38.767
55550 38.573
55600 38.381
55650 38.189
55700 37.999
55750 37.809
55800 37.620
55850 37.433
55900 37.246
55950 37.060
56000 36.875
56050 36.691
56100 36.508
56150 36.326
56200 36.145
56250 35.964
56300 35.785
56350 35.606
56400 35.429
56450 35.252
56500 35.076
56550 34.901
56600 34.727
56650 34.553
56700 34.381
56750 34.209
56800 34.039
56850 33.869
56900 33.700
56950 33.532
57000 33.364
57050 33.198
57100 33.032
57150 32.867
57200 32.703
57250 32.540
57300 32.378
57350 32.216
57400 32.055
57450 31.896
57500 31.736
57550 31.578
57600 31.420
57650 31.264
57700 31.108
57750 30.952
57800 30.798
57850 30.644
57900 30.491
57950 30.339
58000 30.188
58050 30.037
58100 29.887
58150 29.738
58200 29.590
58250 29.442
58300 29.295
58350 29.149
58400 29.004
58450 28.859
58500 28.715
58550 28.572
58600 28.429
58650 28.287
58700 28.146
58750 28.005
58800 27.866
58850 27.727
58900 27.588
58950 27.451
59000 27.314
59050 27.177
59100 27.042
59150 26.907
59200 26.773
59250 26.639
59300 26.506
59350 26.374
59400 26.242
59450 26.111
59500 25.981
59550 25.851
59600 25.722
59650 25.594
59700 25.466
59750 25.339
59800 25.213
59850 25.087
59900 24.962
59950 24.837
60000 24.713
60050 24.590
60100 24.467
60150 24.345
60200 24.224
60250 24.103
60300 23.982
60350 23.863
60400 23.744
60450 23.625
60500 23.507
60550 23.390
60600 23.273
60650 23.157
60700 23.042
60750 22.927
60800 22.812
60850 22.698
60900 22.585
60950 22.472
61000 22.360
61050 22.249
61100 22.138
61150 22.027
61200 21.917
61250 21.808
61300 21.699
61350 21.591
61400 21.483
61450 21.376
61500 21.269
61550 21.163
61600 21.058
61650 20.952
61700 20.848
61750 20.744
61800 20.640
61850 20.537
61900 20.435
61950 20.333
62000 20.231
62050 20.130
62100 20.030
62150 19.930
62200 19.831
62250 19.732
62300 19.633
62350 19.535
62400 19.438
62450 19.341
62500 19.244
62550 19.148
62600 19.053
62650 18.958
62700 18.863
62750 18.769
62800 18.675
62850 18.582
62900 18.489
62950 18.397
63000 18.305
63050 18.214
63100 18.123
63150 18.033
63200 17.943
63250 17.853
63300 17.764
63350 17.675
63400 17.587
63450 17.499
63500 17.412
63550 17.325
63600 17.239
63650 17.153
63700 17.067
63750 16.982
63800 16.897
63850 16.813
63900 16.729
63950 16.646
64000 16.562
64050 16.480
64100 16.398
64150 16.316
64200 16.234
64250 16.153
64300 16.073
64350 15.993
64400 15.913
64450 15.833
64500 15.754
64550 15.676
64600 15.597
64650 15.520
64700 15.442
64750 15.365
64800 15.288
64850 15.212
64900 15.136
64950 15.061
65000 14.986
65050 14.911
65100 14.836
65150 14.762
65200 14.689
65250 14.615
65300 14.542
65350 14.470
65400 14.398
65450 14.326
65500 14.254
65550 14.183
65600 14.112
65650 14.042
65700 13.972
65750 13.902
65800 13.833
65850 13.764
65900 13.695
65950 13.627
66000 13.559
66050 13.491
66100 13.424
66150 13.357
66200 13.290
66250 13.224
66300 13.158
66350 13.092
66400 13.027
66450 12.962
66500 12.897
66550 12.833
66600 12.769
66650 12.705
66700 12.642
66750 12.579
66800 12.516
66850 12.453
66900 12.391
66950 12.329
67000 12.268
67050 12.207
67100 12.146
67150 12.085
67200 12.025
67250 11.965
67300 11.905
67350 11.846
67400 11.787
67450 11.728
67500 11.669
67550 11.611
67600 11.553
67650 11.495
67700 11.438
67750 11.381
67800 11.324
67850 11.268
67900 11.212
67950 11.156
68000 11.100
68050 11.045
68100 10.989
68150 10.935
68200 10.880
68250 10.826
68300 10.772
68350 10.718
68400 10.664
68450 10.611
68500 10.558
68550 10.506
68600 10.453
68650 10.401
68700 10.349
68750 10.297
68800 10.246
68850 10.195
68900 10.144
68950 10.093
69000 10.043
69050 9.993
69100 9.943
69150 9.894
69200 9.844
69250 9.795
69300 9.746
69350 9.698
69400 9.649
69450 9.601
69500 9.553
69550 9.505
69600 9.458
69650 9.411
69700 9.364
69750 9.317
69800 9.271
69850 9.224
69900 9.178
69950 9.133
70000 9.087
70050 9.042
70100 8.996
70150 8.952
70200 8.907
70250 8.862
70300 8.818
70350 8.774
70400 8.730
70450 8.687
70500 8.644
70550 8.600
70600 8.557
70650 8.515
70700 8.472
70750 8.430
70800 8.388
70850 8.346
70900 8.304
70950 8.263
71000 8.222
71050 8.181
71100 8.140
71150 8.099
71200 8.059
71250 8.019
71300 7.979
71350 7.939
71400 7.899
71450 7.860
71500 7.821
71550 7.782
71600 7.743
71650 7.704
71700 7.666
71750 7.627
71800 7.589
71850 7.551
71900 7.514
71950 7.476
72000 7.439
72050 7.402
72100 7.365
72150 7.328
72200 7.292
72250 7.255
72300 7.219
72350 7.183
72400 7.147
72450 7.112
72500 7.076
72550 7.041
72600 7.006
72650 6.971
72700 6.936
72750 6.901
72800 6.867
72850 6.833
72900 6.798
72950 6.765
73000 6.731
73050 6.697
73100 6.664
73150 6.631
73200 6.597
73250 6.564
73300 6.532
73350 6.499
73400 6.467
73450 6.434
73500 6.402
73550 6.370
73600 6.339
73650 6.307
73700 6.275
73750 6.244
73800 6.213
73850 6.182
73900 6.151
73950 6.120
74000 6.090
74050 6.060
74100 6.029
74150 5.999
74200 5.969
74250 5.940
74300 5.910
74350 5.880
74400 5.851
74450 5.822
74500 5.793
74550 5.764
74600 5.735
74650 5.706
74700 5.678
74750 5.650
74800 5.621
74850 5.593
74900 5.566
74950 5.538
75000 5.510
75050 5.483
75100 5.455
75150 5.428
75200 5.401
75250 5.374
75300 5.347
75350 5.321
75400 5.294
75450 5.268
75500 5.241
75550 5.215
75600 5.189
75650 5.163
75700 5.137
75750 5.112
75800 5.086
75850 5.061
75900 5.036
75950 5.011
76000 4.986
76050 4.961
76100 4.936
76150 4.911
76200 4.887
76250 4.862
76300 4.838
76350 4.814
76400 4.790
76450 4.766
76500 4.742
76550 4.719
76600 4.695
76650 4.672
76700 4.648
76750 4.625
76800 4.602
76850 4.579
76900 4.556
76950 4.533
77000 4.511
77050 4.488
77100 4.466
77150 4.444
77200 4.421
77250 4.399
77300 4.377
77350 4.356
77400 4.334
77450 4.312
77500 4.291
77550 4.269
77600 4.248
77650 4.227
77700 4.206
77750 4.185
77800 4.164
77850 4.143
77900 4.122
77950 4.102
78000 4.081
78050 4.061
78100 4.041
78150 4.021
78200 4.001
78250 3.981
78300 3.961
78350 3.941
78400 3.921
78450 3.902
78500 3.882
78550 3.863
78600 3.844
78650 3.824
78700 3.805
78750 3.786
78800 3.767
78850 3.749
78900 3.730
78950 3.711
79000 3.693
79050 3.674
79100 3.656
79150 3.638
79200 3.620
79250 3.602
79300 3.584
79350 3.566
79400 3.548
79450 3.530
79500 3.513
79550 3.495
79600 3.478
79650 3.460
79700 3.443
79750 3.426
79800 3.409
79850 3.392
79900 3.375
79950 3.358
80000 3.341
80050 3.325
80100 3.308
80150 3.291
80200 3.275
80250 3.259
80300 3.242
80350 3.226
80400 3.210
80450 3.194
80500 3.178
80550 3.162
80600 3.147
80650 3.131
80700 3.115
80750 3.100
80800 3.084
80850 3.069
80900 3.054
80950 3.038
81000 3.023
81050 3.008
81100 2.993
81150 2.978
81200 2.963
81250 2.948
81300 2.934
81350 2.919
81400 2.905
81450 2.890
81500 2.876
81550 2.861
81600 2.847
81650 2.833
81700 2.819
81750 2.805
81800 2.791
81850 2.777
81900 2.763
81950 2.749
82000 2.735
82050 2.722
82100 2.708
82150 2.695
82200 2.681
82250 2.668
82300 2.654
82350 2.641
82400 2.628
82450 2.615
82500 2.602
82550 2.589
82600 2.576
82650 2.563
82700 2.550
82750 2.538
82800 2.525
82850 2.512
82900 2.500
82950 2.487
83000 2.475
83050 2.463
83100 2.450
83150 2.438
83200 2.426
83250 2.414
83300 2.402
83350 2.390
83400 2.378
83450 2.366
83500 2.354
83550 2.342
83600 2.331
83650 2.319
83700 2.307
83750 2.296
83800 2.285
83850 2.273
83900 2.262
83950 2.250
84000 2.239
84050 2.228
84100 2.217
84150 2.206
84200 2.195
84250 2.184
84300 2.173
84350 2.162
84400 2.151
84450 2.141
84500 2.130
84550 2.119
84600 2.109
84650 2.098
84700 2.088
84750 2.077
84800 2.067
84850 2.057
84900 2.046
84950 2.036
85000 2.026
85050 2.016
85100 2.006
85150 1.996
85200 1.986
85250 1.976
85300 1.966
85350 1.956
85400 1.947
85450 1.937
85500 1.927
85550 1.918
85600 1.908
85650 1.898
85700 1.889
85750 1.880
85800 1.870
85850 1.861
85900 1.852
85950 1.842
86000 1.833
86050 1.824
86100 1.815
86150 1.806
86200 1.797
86250 1.788
86300 1.779
86350 1.770
86400 1.761
86450 1.752
86500 1.744
86550 1.735
86600 1.726
86650 1.718
86700 1.709
86750 1.701
86800 1.692
86850 1.684
86900 1.675
86950 1.667
87000 1.659
87050 1.650
87100 1.642
87150 1.634
87200 1.626
87250 1.618
87300 1.610
87350 1.602
87400 1.594
87450 1.586
87500 1.578
87550 1.570
87600 1.562
87650 1.554
87700 1.546
87750 1.539
87800 1.531
87850 1.523
87900 1.516
87950 1.508
88000 1.501
88050 1.493
88100 1.486
88150 1.478
88200 1.471
88250 1.464
88300 1.456
88350 1.449
88400 1.442
88450 1.435
88500 1.427
88550 1.420
88600 1.413
88650 1.406
88700 1.399
88750 1.392
88800 1.385
88850 1.378
88900 1.371
88950 1.365
89000 1.358
89050 1.351
89100 1.344
89150 1.338
89200 1.331
89250 1.324
89300 1.318
89350 1.311
89400 1.305
89450 1.298
89500 1.292
89550 1.285
89600 1.279
89650 1.272
89700 1.266
89750 1.260
89800 1.253
89850 1.247
89900 1.241
89950 1.235
90000 1.229
90050 1.222
90100 1.216
90150 1.210
90200 1.204
90250 1.198
90300 1.192
90350 1.186
90400 1.180
90450 1.174
90500 1.169
90550 1.163
90600 1.157
90650 1.151
90700 1.145
90750 1.140
90800 1.134
90850 1.128
90900 1.123
90950 1.117
91000 1.112
91050 1.106
91100 1.101
91150 1.095
91200 1.090
91250 1.084
91300 1.079
91350 1.073
91400 1.068
91450 1.063
91500 1.057
91550 1.052
91600 1.047
91650 1.042
91700 1.036
91750 1.031
91800 1.026
91850 1.021
91900 1.016
91950 1.011
92000 1.006
92050 1.001
92100 0.996
92150 0.991
92200 0.986
92250 0.981
92300 0.976
92350 0.971
92400 0.966
92450 0.961
92500 0.957
92550 0.952
92600 0.947
92650 0.942
92700 0.938
92750 0.933
92800 0.928
92850 0.924
92900 0.919
92950 0.915
93000 0.910
93050 0.905
93100 0.901
93150 0.896
93200 0.892
93250 0.888
93300 0.883
93350 0.879
93400 0.874
93450 0.870
93500 0.866
93550 0.861
93600 0.857
93650 0.853
93700 0.848
93750 0.844
93800 0.840
93850 0.836
93900 0.832
93950 0.827
94000 0.823
94050 0.819
94100 0.815
94150 0.811
94200 0.807
94250 0.803
94300 0.799
94350 0.795
94400 0.791
94450 0.787
94500 0.783
94550 0.779
94600 0.775
94650 0.772
94700 0.768
94750 0.764
94800 0.760
94850 0.756
94900 0.752
94950 0.749
95000 0.745
95050 0.741
95100 0.738
95150 0.734
95200 0.730
95250 0.727
95300 0.723
95350 0.719
95400 0.716
95450 0.712
95500 0.709
95550 0.705
95600 0.702
95650 0.698
95700 0.695
95750 0.691
95800 0.688
95850 0.684
95900 0.681
95950 0.677
96000 0.674
96050 0.671
96100 0.667
96150 0.664
96200 0.661
96250 0.657
96300 0.654
96350 0.651
96400 0.648
96450 0.644
96500 0.641
96550 0.638
96600 0.635
96650 0.632
96700 0.628
96750 0.625
96800 0.622
96850 0.619
96900 0.616
96950 0.613
97000 0.610
97050 0.607
97100 0.604
97150 0.601
97200 0.598
97250 0.595
97300 0.592
97350 0.589
97400 0.586
97450 0.583
97500 0.580
97550 0.577
97600 0.574
97650 0.571
97700 0.569
97750 0.566
97800 0.563
97850 0.560
97900 0.557
97950 0.555
98000 0.552
98050 0.549
98100 0.546
98150 0.544
98200 0.541
98250 0.538
98300 0.535
98350 0.533
98400 0.530
98450 0.528
98500 0.525
98550 0.522
98600 0.520
98650 0.517
98700 0.514
98750 0.512
98800 0.509
98850 0.507
98900 0.504
98950 0.502
99000 0.499
99050 0.497
99100 0.494
99150 0.492
99200 0.489
99250 0.487
99300 0.485
99350 0.482
99400 0.480
99450 0.477
99500 0.475
99550 0.473
99600 0.470
99650 0.468
99700 0.465
99750 0.463
99800 0.461
99850 0.459
99900 0.456
99950 0.454
100000 0.452
100050 0.449
100100 0.447
100150 0.445
100200 0.443
100250 0.441
100300 0.438
100350 0.436
100400 0.434
100450 0.432
100500 0.430
100550 0.428
100600 0.425
100650 0.423
100700 0.421
100750 0.419
100800 0.417
100850 0.415
100900 0.413
100950 0.411
101000 0.409
101050 0.407
101100 0.405
101150 0.403
101200 0.401
101250 0.399
101300 0.397
101350 0.395
101400 0.393
101450 0.391
101500 0.389
101550 0.387
101600 0.385
101650 0.383
101700 0.381
101750 0.379
101800 0.377
101850 0.375
101900 0.374
101950 0.372
102000 0.370
102050 0.368
102100 0.366
102150 0.364
102200 0.362
102250 0.361
102300 0.359
102350 0.357
102400 0.355
102450 0.354
102500 0.352
102550 0.350
102600 0.348
102650 0.347
102700 0.345
102750 0.343
102800 0.341
102850 0.340
102900 0.338
102950 0.336
103000 0.335
103050 0.333
103100 0.331
103150 0.330
103200 0.328
103250 0.326
103300 0.325
103350 0.323
103400 0.321
103450 0.320
103500 0.318
103550 0.317
103600 0.315
103650 0.314
103700 0.312
103750 0.310
103800 0.309
103850 0.307
103900 0.306
103950 0.304
104000 0.303
104050 0.301
104100 0.300
104150 0.298
104200 0.297
104250 0.295
104300 0.294
104350 0.292
104400 0.291
104450 0.289
104500 0.288
104550 0.287
104600 0.285
104650 0.284
104700 0.282
104750 0.281
104800 0.279
104850 0.278
104900 0.277
104950 0.275
105000 0.274
105050 0.273
105100 0.271
105150 0.270
105200 0.268
105250 0.267
105300 0.266
105350 0.264
105400 0.263
105450 0.262
105500 0.261
105550 0.259
105600 0.258
105650 0.257
105700 0.255
105750 0.254
105800 0.253
105850 0.252
105900 0.250
105950 0.249
106000 0.248
106050 0.247
106100 0.245
106150 0.244
106200 0.243
106250 0.242
106300 0.241
106350 0.239
106400 0.238
106450 0.237
106500 0.236
106550 0.235
106600 0.233
106650 0.232
106700 0.231
106750 0.230
106800 0.229
106850 0.228
106900 0.227
106950 0.225
107000 0.224
107050 0.223
107100 0.222
107150 0.221
107200 0.220
107250 0.219
107300 0.218
107350 0.217
107400 0.215
107450 0.214
107500 0.213
107550 0.212
107600 0.211
107650 0.210
107700 0.209
107750 0.208
107800 0.207
107850 0.206
107900 0.205
107950 0.204
108000 0.203
108050 0.202
108100 0.201
108150 0.200
108200 0.199
108250 0.198
108300 0.197
108350 0.196
108400 0.195
108450 0.194
108500 0.193
108550 0.192
108600 0.191
108650 0.190
108700 0.189
108750 0.188
108800 0.187
108850 0.186
108900 0.185
108950 0.184
109000 0.184
109050 0.183
109100 0.182
109150 0.181
109200 0.180
109250 0.179
109300 0.178
109350 0.177
109400 0.176
109450 0.175
109500 0.175
109550 0.174
109600 0.173
109650 0.172
109700 0.171
109750 0.170
109800 0.169
109850 0.169
109900 0.168
109950 0.167
110000 0.166
110050 0.165
110100 0.164
110150 0.164
110200 0.163
110250 0.162
110300 0.161
110350 0.160
110400 0.160
110450 0.159
110500 0.158
110550 0.157
110600 0.156
110650 0.156
110700 0.155
110750 0.154
110800 0.153
110850 0.153
110900 0.152
110950 0.151
111000 0.150
111050 0.150
111100 0.149
111150 0.148
111200 0.147
111250 0.147
111300 0.146
111350 0.145
111400 0.144
111450 0.144
111500 0.143
111550 0.142
111600 0.142
111650 0.141
111700 0.140
111750 0.139
111800 0.139
111850 0.138
111900 0.137
111950 0.137
112000 0.136
112050 0.135
112100 0.135
112150 0.134
112200 0.133
112250 0.133
112300 0.132
112350 0.131
112400 0.131
112450 0.130
112500 0.129
112550 0.129
112600 0.128
112650 0.127
112700 0.127
112750 0.126
112800 0.126
112850 0.125
112900 0.124
112950 0.124
113000 0.123
113050 0.122
113100 0.122
113150 0.121
113200 0.121
113250 0.120
113300 0.119
113350 0.119
113400 0.118
113450 0.118
113500 0.117
113550 0.116
113600 0.116
113650 0.115
113700 0.115
113750 0.114
113800 0.114
113850 0.113
113900 0.112
113950 0.112
114000 0.111
114050 0.111
114100 0.110
114150 0.110
114200 0.109
114250 0.109
114300 0.108
114350 0.107
114400 0.107
114450 0.106
114500 0.106
114550 0.105
114600 0.105
114650 0.104
114700 0.104
114750 0.103
114800 0.103
114850 0.102
114900 0.102
114950 0.101
115000 0.101
115050 0.100
