50 136
100 157
150 132
200 129
250 161
300 170
350 168
400 158
450 150
500 153
550 150
600 143
650 155
700 153
750 163
800 151
850 148
900 155
950 161
1000 171
1050 168
1100 157
1150 147
1200 148
1250 138
1300 156
1350 161
1400 157
1450 153
1500 157
1550 156
1600 152
1650 164
1700 154
1750 161
1800 153
1850 139
1900 135
1950 129
2000 142
2050 130
2100 125
2150 140
2200 148
2250 160
2300 150
2350 150
2400 156
2450 159
2500 161
2550 140
2600 154
2650 156
2700 140
2750 149
2800 135
2850 139
2900 160
2950 148
3000 162
3050 152
3100 156
3150 155
3200 152
3250 157
3300 156
3350 161
3400 149
3450 151
3500 154
3550 131
3600 140
3650 142
3700 138
3750 135
3800 134
3850 139
3900 147
3950 148
4000 161
4050 167
4100 156
4150 159
4200 154
4250 139
4300 152
4350 147
4400 161
4450 165
4500 160
4550 155
4600 144
4650 145
4700 138
4750 148
4800 151
4850 150
4900 166
4950 138
5000 157
5050 157
5100 156
5150 145
5200 136
5250 148
5300 147
5350 152
5400 143
5450 142
5500 150
5550 135
5600 143
5650 140
5700 143
5750 136
5800 151
5850 156
5900 162
5950 164
6000 162
6050 158
6100 154
6150 159
6200 126
6250 133
6300 130
6350 147
6400 155
6450 160
6500 163
6550 159
6600 134
6650 136
6700 166
6750 169
6800 164
6850 153
6900 129
6950 139
7000 156
7050 151
7100 148
7150 145
7200 142
7250 146
7300 147
7350 151
7400 149
7450 148
7500 151
7550 150
7600 151
7650 153
7700 160
7750 162
7800 169
7850 172
7900 157
7950 145
8000 155
8050 155
8100 151
8150 161
8200 149
8250 149
8300 152
8350 158
8400 140
8450 143
8500 158
8550 161
8600 139
8650 144
8700 145
8750 136
8800 148
8850 168
8900 171
8950 157
9000 153
9050 153
9100 151
9150 144
9200 142
9250 153
9300 148
9350 164
9400 164
9450 161
9500 152
9550 133
9600 139
9650 147
9700 129
9750 139
9800 127
9850 136
9900 166
9950 157
10000 155
10050 153
10100 165
10150 149
10200 145
10250 163
10300 162
10350 162
10400 155
10450 149
10500 145
10550 157
10600 142
10650 141
10700 152
10750 154
10800 135
10850 146
10900 147
10950 149
11000 138
11050 143
11100 154
11150 164
11200 156
11250 153
11300 156
11350 160
11400 165
11450 155
11500 152
11550 152
11600 165
11650 160
11700 146
11750 135
11800 136
11850 153
11900 173
11950 150
12000 138
12050 156
12100 152
12150 169
12200 159
12250 146
12300 159
12350 150
12400 165
12450 155
12500 156
12550 166
12600 158
12650 149
12700 147
12750 149
12800 151
12850 135
12900 133
12950 152
13000 165
13050 167
13100 152
13150 152
13200 149
13250 142
13300 154
13350 155
13400 150
13450 164
13500 181
13550 175
13600 174
13650 173
13700 162
13750 147
13800 153
13850 124
13900 167
13950 153
14000 153
14050 150
14100 145
14150 147
14200 143
14250 153
14300 140
14350 151
14400 164
14450 155
14500 156
14550 147
14600 157
14650 152
14700 161
14750 150
14800 139
14850 138
14900 153
14950 145
15000 156
15050 154
15100 161
15150 139
15200 140
15250 151
15300 157
15350 149
15400 156
15450 166
15500 146
15550 163
15600 152
15650 144
15700 158
15750 153
15800 151
15850 166
15900 158
15950 164
16000 173
16050 161
16100 145
16150 144
16200 144
16250 145
16300 142
16350 133
16400 135
16450 147
16500 143
16550 151
16600 162
16650 156
16700 161
16750 157
16800 131
16850 147
16900 135
16950 155
17000 151
17050 162
17100 137
17150 147
17200 158
17250 136
17300 154
17350 144
17400 131
17450 129
17500 157
17550 157
17600 157
17650 163
17700 139
17750 143
17800 145
17850 157
17900 154
17950 163
18000 170
18050 186
18100 147
18150 155
18200 140
18250 151
18300 136
18350 156
18400 152
18450 153
18500 138
18550 132
18600 138
18650 129
18700 148
18750 160
18800 152
18850 146
18900 153
18950 145
19000 135
19050 141
19100 131
19150 146
19200 149
19250 155
19300 159
19350 144
19400 145
19450 151
19500 145
19550 141
19600 136
19650 153
19700 139
19750 132
19800 123
19850 145
19900 140
19950 125
20000 127
20050 146
20100 150
20150 162
20200 167
20250 159
20300 164
20350 144
20400 161
20450 165
20500 136
20550 139
20600 141
20650 148
20700 151
20750 146
20800 161
20850 161
20900 159
20950 172
21000 159
21050 143
21100 141
21150 151
21200 151
21250 152
21300 158
21350 147
21400 143
21450 163
21500 163
21550 157
21600 152
21650 151
21700 175
21750 170
21800 166
21850 151
21900 160
21950 136
22000 134
22050 115
22100 133
22150 151
22200 166
22250 169
22300 155
22350 138
22400 142
22450 129
22500 156
22550 143
22600 134
22650 142
22700 129
22750 153
22800 156
22850 144
22900 141
22950 146
23000 150
23050 157
23100 148
23150 137
23200 142
23250 146
23300 154
23350 144
23400 149
23450 141
23500 151
23550 156
23600 145
23650 148
23700 154
23750 153
23800 138
23850 152
23900 155
23950 154
24000 151
24050 163
24100 155
24150 162
24200 165
24250 141
24300 156
24350 163
24400 178
24450 163
24500 159
24550 175
24600 147
24650 153
24700 143
24750 167
24800 155
24850 146
24900 156
24950 153
25000 159
25050 151
25100 147
25150 149
25200 147
25250 147
25300 149
25350 144
25400 150
25450 160
25500 160
25550 178
25600 149
25650 153
25700 151
25750 150
25800 141
25850 151
25900 133
25950 143
26000 151
26050 145
26100 160
26150 159
26200 169
26250 154
26300 164
26350 172
26400 154
26450 162
26500 160
26550 148
26600 139
26650 142
26700 140
26750 144
26800 151
26850 159
26900 164
26950 165
27000 162
27050 164
27100 169
27150 159
27200 161
27250 154
27300 148
27350 147
27400 150
27450 142
27500 142
27550 138
27600 131
27650 142
27700 122
27750 127
27800 116
27850 115
27900 130
27950 133
28000 154
28050 148
28100 160
28150 147
28200 153
28250 162
28300 152
28350 123
28400 120
28450 145
28500 159
28550 137
28600 142
28650 144
28700 157
28750 151
28800 169
28850 162
28900 151
28950 158
29000 143
29050 144
29100 153
29150 165
29200 152
29250 151
29300 157
29350 151
29400 166
29450 161
29500 153
29550 153
29600 150
29650 149
29700 157
29750 158
29800 154
29850 158
29900 148
29950 143
30000 128
30050 109
30100 135
30150 137
30200 159
30250 146
30300 156
30350 147
30400 164
30450 169
30500 149
30550 142
30600 153
30650 147
30700 146
30750 149
30800 157
30850 151
30900 129
30950 162
31000 162
31050 153
31100 153
31150 152
31200 153
31250 160
31300 144
31350 156
31400 145
31450 168
31500 152
31550 152
31600 129
31650 150
31700 169
31750 164
31800 152
31850 153
31900 165
31950 146
32000 140
32050 155
32100 152
32150 139
32200 145
32250 151
32300 155
32350 158
32400 147
32450 142
32500 146
32550 151
32600 143
32650 160
32700 153
32750 152
32800 139
32850 145
32900 124
32950 144
33000 145
33050 163
33100 165
33150 150
33200 146
33250 150
33300 153
33350 161
33400 148
33450 155
33500 157
33550 140
33600 141
33650 145
33700 124
33750 129
33800 148
33850 115
33900 129
33950 148
34000 160
34050 159
34100 154
34150 136
34200 136
34250 156
34300 169
34350 153
34400 142
34450 162
34500 181
34550 162
34600 150
34650 145
34700 141
34750 146
34800 153
34850 152
34900 151
34950 135
35000 131
35050 147
35100 151
35150 152
35200 162
35250 159
35300 150
35350 110
35400 119
35450 122
35500 156
35550 168
35600 170
35650 149
35700 163
35750 131
35800 125
35850 138
35900 142
35950 143
36000 154
36050 149
36100 153
36150 150
36200 150
36250 149
36300 137
36350 145
36400 143
36450 162
36500 153
36550 152
36600 152
36650 158
36700 158
36750 160
36800 166
36850 155
36900 138
36950 162
37000 148
37050 141
37100 142
37150 147
37200 145
37250 152
37300 151
37350 151
37400 161
37450 157
37500 166
37550 158
37600 156
37650 140
37700 151
37750 146
37800 149
37850 165
37900 168
37950 171
38000 166
38050 173
38100 156
38150 144
38200 150
38250 165
38300 163
38350 157
38400 162
38450 173
38500 150
38550 159
38600 154
38650 164
38700 161
38750 166
38800 159
38850 145
38900 141
38950 149
39000 155
39050 154
39100 160
39150 166
39200 150
39250 160
39300 144
39350 141
39400 146
39450 132
39500 141
39550 157
39600 163
39650 154
39700 156
39750 156
39800 149
39850 159
39900 159
39950 153
40000 146
40050 136
40100 149
40150 155
40200 155
40250 163
40300 163
40350 166
40400 158
40450 154
40500 158
40550 136
40600 146
40650 144
40700 155
40750 150
40800 158
40850 178
40900 159
40950 149
41000 153
41050 142
41100 137
41150 144
41200 144
41250 147
41300 155
41350 158
41400 152
41450 138
41500 169
41550 153
41600 160
41650 162
41700 149
41750 157
41800 164
41850 160
41900 161
41950 154
42000 155
42050 140
42100 147
42150 152
42200 153
42250 148
42300 137
42350 162
42400 143
42450 132
42500 132
42550 124
42600 135
42650 148
42700 158
42750 156
42800 151
42850 155
42900 150
42950 148
43000 154
43050 141
43100 135
43150 141
43200 141
43250 136
43300 142
43350 155
43400 139
43450 131
43500 147
43550 144
43600 148
43650 143
43700 131
43750 135
43800 136
43850 112
43900 155
43950 155
44000 140
44050 135
44100 160
44150 153
44200 163
44250 155
44300 147
44350 161
44400 135
44450 148
44500 136
44550 156
44600 158
44650 144
44700 149
44750 161
44800 158
44850 153
44900 160
44950 169
45000 166
45050 169
45100 161
45150 146
45200 142
45250 155
45300 155
45350 152
45400 150
45450 148
45500 142
45550 146
45600 159
45650 144
45700 144
45750 164
45800 166
45850 153
45900 158
45950 156
46000 157
46050 135
46100 147
46150 157
46200 154
46250 158
46300 148
46350 167
46400 153
46450 149
46500 148
46550 141
46600 137
46650 146
46700 154
46750 158
46800 155
46850 158
46900 147
46950 147
47000 150
47050 160
47100 162
47150 153
47200 150
47250 146
47300 136
47350 145
47400 143
47450 155
47500 140
47550 151
47600 157
47650 160
47700 143
47750 137
47800 148
47850 146
47900 149
47950 147
48000 136
48050 149
48100 154
48150 171
48200 167
48250 157
48300 156
48350 124
48400 152
48450 153
48500 161
48550 157
48600 156
48650 133
48700 141
48750 149
48800 149
48850 141
48900 133
48950 151
49000 158
49050 154
49100 152
49150 143
49200 167
49250 162
49300 144
49350 154
49400 150
49450 150
49500 157
49550 156
49600 149
49650 144
49700 153
49750 149
49800 145
49850 151
49900 156
49950 157
50000 155
50050 133
50100 147
50150 155
50200 167
50250 165
50300 169
50350 177
50400 165
50450 154
50500 146
50550 137
50600 146
50650 143
50700 142
50750 166
50800 146
50850 157
50900 153
50950 143
51000 149
51050 147
51100 164
51150 150
51200 153
51250 170
51300 174
51350 165
51400 162
51450 139
51500 139
51550 147
51600 150
51650 147
51700 159
51750 161
51800 162
51850 157
51900 145
51950 144
52000 145
52050 137
52100 155
52150 152
52200 156
52250 139
52300 137
52350 158
52400 159
52450 149
52500 157
52550 150
52600 155
52650 148
52700 148
52750 149
52800 146
52850 164
52900 146
52950 148
53000 148
53050 148
53100 143
53150 172
53200 175
53250 177
53300 166
53350 142
53400 142
53450 164
53500 156
53550 158
53600 155
53650 154
53700 155
53750 130
53800 132
53850 142
53900 159
53950 165
54000 162
54050 157
54100 173
54150 160
54200 152
54250 154
54300 145
54350 133
54400 145
54450 141
54500 136
54550 150
54600 151
54650 134
54700 163
54750 157
54800 132
54850 153
54900 148
54950 147
55000 141
55050 144
55100 139
55150 126
55200 142
55250 151
55300 148
55350 168
55400 170
55450 169
55500 164
55550 140
55600 145
55650 156
55700 162
55750 158
55800 143
55850 152
55900 154
55950 147
56000 148
56050 140
56100 162
56150 163
56200 158
56250 153
56300 157
56350 142
56400 142
56450 160
56500 159
56550 142
56600 149
56650 135
56700 141
56750 150
56800 153
56850 155
56900 163
56950 137
57000 137
57050 146
57100 150
57150 147
57200 156
57250 162
57300 150
57350 143
57400 139
57450 145
57500 140
57550 150
57600 146
57650 161
57700 158
57750 160
57800 145
57850 128
57900 131
57950 152
58000 144
58050 149
58100 156
58150 173
58200 170
58250 151
58300 120
58350 140
58400 136
58450 168
58500 153
58550 164
58600 167
58650 148
58700 139
58750 145
58800 132
58850 138
58900 142
58950 149
59000 156
59050 162
59100 165
59150 135
59200 144
59250 152
59300 143
59350 134
59400 160
59450 154
59500 155
59550 139
59600 159
59650 167
59700 164
59750 154
59800 137
59850 161
59900 160
59950 156
60000 144
60050 142
60100 154
60150 165
60200 161
60250 158
60300 137
60350 149
60400 142
60450 144
60500 145
60550 157
60600 132
60650 143
60700 155
60750 144
60800 152
60850 153
60900 152
60950 142
61000 157
61050 153
61100 155
61150 161
61200 159
61250 149
61300 153
61350 167
61400 167
61450 160
61500 162
61550 151
61600 148
61650 143
61700 139
61750 137
61800 146
61850 170
61900 168
61950 166
62000 166
62050 151
62100 150
62150 161
62200 156
62250 148
62300 144
62350 154
62400 136
62450 134
62500 153
62550 164
62600 153
62650 148
62700 138
62750 147
62800 149
62850 152
62900 152
62950 165
63000 154
63050 145
63100 152
63150 143
63200 159
63250 150
63300 155
63350 157
63400 156
63450 160
63500 156
63550 162
63600 168
63650 140
63700 155
63750 153
63800 154
63850 157
63900 148
63950 162
64000 151
64050 161
64100 139
64150 140
64200 142
64250 150
64300 163
64350 138
64400 136
64450 144
64500 130
64550 150
64600 160
64650 152
64700 149
64750 178
64800 171
64850 174
64900 175
64950 157
65000 134
65050 144
65100 151
65150 147
65200 135
65250 136
65300 141
65350 154
65400 135
65450 145
65500 131
65550 134
65600 140
65650 141
65700 135
65750 151
65800 154
65850 140
65900 146
65950 138
66000 143
66050 137
66100 160
66150 162
66200 160
66250 143
66300 139
66350 152
66400 163
66450 159
66500 145
66550 142
66600 140
66650 139
66700 147
66750 159
66800 170
66850 173
66900 156
66950 146
67000 135
67050 143
67100 155
67150 150
67200 150
67250 155
67300 162
67350 156
67400 155
67450 157
67500 151
67550 153
67600 161
67650 150
67700 154
67750 150
67800 146
67850 147
67900 158
67950 157
68000 154
68050 150
68100 131
68150 155
68200 148
68250 143
68300 148
68350 149
68400 145
68450 155
68500 153
68550 154
68600 163
68650 149
68700 148
68750 163
68800 154
68850 145
68900 144
68950 149
69000 147
69050 149
69100 138
69150 139
69200 145
69250 148
69300 151
69350 158
69400 152
69450 151
69500 150
69550 145
69600 139
69650 145
69700 141
69750 160
69800 167
69850 139
69900 147
69950 134
70000 143
70050 157
70100 141
70150 144
70200 143
70250 146
70300 153
70350 158
70400 166
70450 160
70500 143
70550 150
70600 143
70650 144
70700 131
70750 147
70800 150
70850 152
70900 163
70950 161
71000 163
71050 148
71100 141
71150 156
71200 162
71250 156
71300 141
71350 145
71400 122
71450 141
71500 152
71550 145
71600 167
71650 168
71700 161
71750 150
71800 136
71850 146
71900 155
71950 160
72000 156
72050 162
72100 162
72150 157
72200 165
72250 160
72300 153
72350 151
72400 157
72450 148
72500 143
72550 157
72600 164
72650 157
72700 161
72750 144
72800 142
72850 136
72900 136
72950 150
73000 150
73050 151
73100 141
73150 145
73200 143
73250 153
73300 146
73350 143
73400 153
73450 165
73500 168
73550 166
73600 162
73650 153
73700 159
73750 143
73800 153
73850 150
73900 157
73950 161
74000 151
74050 150
74100 139
74150 178
74200 144
74250 139
74300 146
74350 147
74400 150
74450 155
74500 158
74550 168
74600 144
74650 154
74700 147
74750 148
74800 157
74850 158
74900 166
74950 156
75000 148
75050 149
75100 145
75150 152
75200 144
75250 147
75300 155
75350 167
75400 138
75450 143
75500 144
75550 141
75600 138
75650 142
75700 147
75750 152
75800 158
75850 148
75900 149
75950 162
76000 164
76050 170
76100 166
76150 147
76200 155
76250 167
76300 166
76350 155
76400 152
76450 144
76500 139
76550 136
76600 144
76650 152
76700 168
76750 161
76800 153
76850 167
76900 146
76950 166
77000 153
77050 164
77100 156
77150 146
77200 155
77250 160
77300 153
77350 159
77400 155
77450 156
77500 165
77550 178
77600 160
77650 148
77700 156
77750 161
77800 170
77850 164
77900 153
77950 145
78000 144
78050 162
78100 162
78150 142
78200 143
78250 145
78300 147
78350 149
78400 144
78450 146
78500 151
78550 169
78600 149
78650 145
78700 157
78750 148
78800 132
78850 149
78900 166
78950 155
79000 138
79050 147
79100 147
79150 162
79200 147
79250 152
79300 137
79350 141
79400 138
79450 149
79500 154
79550 121
79600 155
79650 138
79700 150
79750 156
79800 154
79850 165
79900 148
79950 156
80000 165
80050 158
80100 132
80150 131
80200 142
80250 156
80300 162
80350 171
80400 160
80450 169
80500 155
80550 148
80600 150
80650 158
80700 156
80750 136
80800 165
80850 153
80900 146
80950 158
81000 156
81050 150
81100 150
81150 150
81200 141
81250 142
81300 150
81350 150
81400 144
81450 146
81500 154
81550 145
81600 142
81650 133
81700 139
81750 138
81800 144
81850 155
81900 165
81950 151
82000 154
82050 159
82100 158
82150 167
82200 162
82250 161
82300 161
82350 147
82400 130
82450 152
82500 154
82550 157
82600 147
82650 155
82700 133
82750 135
82800 136
82850 152
82900 158
82950 155
83000 146
83050 158
83100 172
83150 167
83200 156
83250 153
83300 158
83350 156
83400 147
83450 172
83500 161
83550 154
83600 150
83650 144
83700 132
83750 124
83800 137
83850 148
83900 137
83950 147
84000 146
84050 146
84100 130
84150 139
84200 165
84250 159
84300 163
84350 160
84400 163
84450 156
84500 158
84550 155
84600 163
84650 162
84700 174
84750 165
84800 159
84850 166
84900 148
84950 162
85000 157
85050 140
85100 147
85150 149
85200 135
85250 138
85300 141
85350 127
85400 149
85450 151
85500 161
85550 154
85600 141
85650 152
85700 154
85750 148
85800 150
85850 143
85900 147
85950 157
86000 162
86050 151
86100 149
86150 148
86200 163
86250 165
86300 152
86350 147
86400 161
86450 154
86500 160
86550 145
86600 144
86650 142
86700 158
86750 151
86800 146
86850 139
86900 130
86950 133
87000 144
87050 132
87100 143
87150 161
87200 155
87250 150
87300 143
87350 148
87400 156
87450 166
87500 152
87550 151
87600 142
87650 145
87700 153
87750 139
87800 135
87850 150
87900 131
87950 125
88000 152
88050 153
88100 148
88150 140
88200 147
88250 144
88300 132
88350 159
88400 156
88450 145
88500 144
88550 167
88600 148
88650 150
88700 152
88750 149
88800 151
88850 149
88900 148
88950 137
89000 141
89050 148
89100 146
89150 154
89200 154
89250 140
89300 152
89350 169
89400 163
89450 155
89500 153
89550 149
89600 147
89650 161
89700 152
89750 156
89800 156
89850 151
89900 144
89950 148
90000 159
90050 160
90100 149
90150 167
90200 170
90250 156
90300 155
90350 167
90400 141
90450 150
90500 154
90550 158
90600 142
90650 143
90700 142
90750 152
90800 151
90850 133
90900 149
90950 141
91000 143
91050 140
91100 157
91150 142
91200 146
91250 130
91300 147
91350 155
91400 151
91450 164
91500 145
91550 147
91600 159
91650 158
91700 165
91750 144
91800 153
91850 146
91900 144
91950 150
92000 138
92050 133
92100 142
92150 159
92200 141
92250 142
92300 140
92350 138
92400 165
92450 148
92500 149
92550 154
92600 171
92650 148
92700 137
92750 143
92800 139
92850 144
92900 145
92950 157
93000 155
93050 152
93100 152
93150 148
93200 145
93250 142
93300 159
93350 164
93400 137
93450 129
93500 143
93550 164
93600 160
93650 137
93700 134
93750 140
93800 169
93850 161
93900 147
93950 155
94000 168
94050 150
94100 151
94150 153
94200 163
94250 158
94300 141
94350 140
94400 148
94450 155
94500 160
94550 145
94600 157
94650 158
94700 160
94750 152
94800 148
94850 139
94900 145
94950 152
95000 151
95050 141
95100 142
95150 144
95200 154
95250 140
95300 122
95350 122
95400 121
95450 142
95500 150
95550 139
95600 151
95650 157
95700 154
95750 142
95800 143
95850 144
95900 149
95950 154
96000 163
96050 157
96100 166
96150 172
96200 167
96250 153
96300 140
96350 150
96400 149
96450 149
96500 147
96550 156
96600 159
96650 151
96700 142
96750 151
96800 154
96850 156
96900 157
96950 171
97000 162
97050 152
97100 147
97150 158
97200 167
97250 158
97300 145
97350 139
97400 144
97450 153
97500 145
97550 143
97600 138
97650 127
97700 147
97750 153
97800 148
97850 155
97900 152
97950 149
98000 144
98050 150
98100 149
98150 145
98200 135
98250 144
98300 165
98350 159
98400 160
98450 152
98500 158
98550 141
98600 152
98650 147
98700 169
98750 147
98800 138
98850 150
98900 147
98950 151
99000 139
99050 135
99100 118
99150 129
99200 130
99250 135
99300 135
99350 149
99400 152
99450 148
99500 151
99550 162
99600 151
99650 155
99700 138
99750 162
99800 170
99850 156
99900 148
99950 132
100000 140
