500 79
1000 79
1500 79
2000 79
2500 79
3000 79
3500 79
4000 79
4500 79
5000 79
5500 79
6000 79
6500 79
7000 79
7500 79
8000 79
8500 79
9000 79
9500 79
10000 79
10500 79
11000 79
11500 79
12000 79
12500 79
13000 79
13500 79
14000 79
14500 79
15000 79
15500 79
16000 79
16500 79
17000 79
17500 79
18000 79
18500 79
19000 79
19500 79
20000 79
20500 79
21000 79
21500 79
22000 79
22500 79
23000 79
23500 79
24000 79
24500 79
25000 79
25500 79
26000 79
26500 79
27000 79
27500 79
28000 79
28500 79
29000 79
29500 79
30000 79
30500 79
31000 79
31500 79
32000 79
32500 79
33000 79
33500 79
34000 79
34500 79
35000 79
35500 79
36000 79
36500 79
37000 79
37500 79
38000 79
38500 79
39000 79
39500 79
40000 79
40500 79
41000 79
41500 79
42000 79
42500 79
43000 79
43500 79
44000 79
44500 79
45000 79
45500 79
46000 79
46500 79
47000 79
47500 79
48000 79
48500 79
49000 79
49500 79
50000 79
50500 79
51000 79
51500 79
52000 79
52500 79
53000 79
53500 79
54000 79
54500 79
55000 79
55500 79
56000 79
56500 79
57000 79
57500 79
58000 79
58500 79
59000 79
59500 79
60000 79
60500 79
61000 79
61500 79
62000 79
62500 79
63000 79
63500 79
64000 79
64500 79
65000 79
65500 79
66000 79
66500 79
67000 79
67500 79
68000 79
68500 79
69000 79
69500 79
70000 79
70500 79
71000 79
71500 79
72000 79
72500 79
73000 79
73500 79
74000 79
74500 79
75000 79
75500 79
76000 79
76500 79
77000 79
77500 79
78000 79
78500 79
79000 79
79500 79
80000 79
80500 79
81000 79
81500 79
82000 79
82500 79
83000 79
83500 79
84000 79
84500 79
85000 79
85500 79
86000 79
86500 79
87000 79
87500 79
88000 79
88500 79
89000 79
89500 79
90000 79
90500 79
91000 79
91500 79
92000 79
92500 79
93000 79
93500 79
94000 79
94500 79
95000 79
95500 79
96000 79
96500 79
97000 79
97500 79
98000 79
98500 79
99000 79
99500 79
100000 79
100500 79
101000 79
101500 79
102000 79
102500 79
103000 79
103500 79
104000 79
104500 79
105000 79
105500 79
106000 79
106500 79
107000 79
107500 79
108000 79
108500 79
109000 79
109500 79
110000 79
110500 79
111000 79
111500 79
112000 79
112500 79
113000 79
113500 79
114000 79
114500 79
115000 79
115500 79
116000 79
116500 79
117000 79
117500 79
118000 79
118500 79
119000 79
119500 79
120000 79
120500 79
121000 79
121500 79
122000 79
122500 79
123000 79
123500 79
124000 79
124500 79
125000 79
125500 79
126000 79
126500 79
127000 79
127500 79
128000 79
128500 79
129000 79
129500 79
130000 79
130500 79
131000 79
131500 79
132000 79
132500 79
133000 79
133500 79
134000 79
134500 79
135000 79
135500 79
136000 79
136500 79
137000 79
137500 79
138000 79
138500 79
139000 79
139500 79
140000 79
140500 79
141000 79
141500 79
142000 79
142500 79
143000 79
143500 79
144000 79
144500 79
145000 79
145500 79
146000 79
146500 79
147000 79
147500 79
148000 79
148500 79
149000 79
149500 79
150000 79
150500 79
151000 79
151500 79
152000 79
152500 79
153000 79
153500 79
154000 79
154500 79
155000 79
155500 79
156000 79
156500 79
157000 79
157500 79
158000 79
158500 79
159000 79
159500 79
160000 79
160500 79
161000 79
161500 79
162000 79
162500 79
163000 79
163500 79
164000 79
164500 79
165000 79
165500 79
166000 79
166500 79
167000 79
167500 79
168000 79
168500 79
169000 79
169500 79
170000 79
170500 79
171000 79
171500 79
172000 79
172500 79
173000 79
173500 79
174000 79
174500 79
175000 79
175500 79
176000 79
176500 79
177000 79
177500 79
178000 79
178500 79
179000 79
179500 79
180000 79
180500 79
181000 79
181500 79
182000 79
182500 79
183000 79
183500 79
184000 79
184500 79
185000 79
185500 79
186000 79
186500 79
187000 79
187500 79
188000 79
188500 79
189000 79
189500 79
190000 79
190500 79
191000 79
191500 79
192000 79
192500 79
193000 79
193500 79
194000 79
194500 79
195000 79
195500 79
196000 79
196500 79
197000 79
197500 79
198000 79
198500 79
199000 79
199500 79
200000 79
200500 79
201000 79
201500 79
202000 79
202500 79
203000 79
203500 79
204000 79
204500 79
205000 79
205500 79
206000 79
206500 79
207000 79
207500 79
208000 79
208500 79
209000 79
209500 79
210000 79
210500 79
211000 79
211500 79
212000 79
212500 79
213000 79
213500 79
214000 79
214500 79
215000 79
215500 79
216000 79
216500 79
217000 79
217500 79
218000 79
218500 79
219000 79
219500 79
220000 79
220500 79
221000 79
221500 79
222000 79
222500 79
223000 79
223500 79
224000 79
224500 79
225000 79
225500 79
226000 79
226500 79
227000 79
227500 79
228000 79
228500 79
229000 79
229500 79
230000 79
230500 79
231000 79
231500 79
232000 79
232500 79
233000 79
233500 79
234000 79
234500 79
235000 79
235500 79
236000 79
236500 79
237000 79
237500 79
238000 79
238500 79
239000 79
239500 79
240000 79
240500 79
241000 79
241500 79
242000 79
242500 79
243000 79
243500 79
244000 79
244500 79
245000 79
245500 79
246000 79
246500 79
247000 79
247500 79
248000 79
248500 79
249000 79
249500 79
250000 79
250500 79
251000 79
251500 79
252000 79
252500 79
253000 79
253500 79
254000 79
254500 79
255000 79
255500 79
256000 79
256500 79
257000 79
257500 79
258000 79
258500 79
259000 79
259500 79
260000 79
260500 79
261000 79
261500 79
262000 79
262500 79
263000 79
263500 79
264000 79
264500 79
265000 79
265500 79
266000 79
266500 79
267000 79
267500 79
268000 79
268500 79
269000 79
269500 79
270000 79
270500 79
271000 79
271500 79
272000 79
272500 79
273000 79
273500 79
274000 79
274500 79
275000 79
275500 79
276000 79
276500 79
277000 79
277500 79
278000 79
278500 79
279000 79
279500 79
280000 79
280500 79
281000 79
281500 79
282000 79
282500 79
283000 79
283500 79
284000 79
284500 79
285000 79
285500 79
286000 79
286500 79
287000 79
287500 79
288000 79
288500 79
289000 79
289500 79
290000 79
290500 79
291000 79
291500 79
292000 79
292500 79
293000 79
293500 79
294000 79
294500 79
295000 79
295500 79
296000 79
296500 79
297000 79
297500 79
298000 79
298500 79
299000 79
299500 79
300000 79
300500 79
301000 79
301500 79
302000 79
302500 79
303000 79
303500 79
304000 79
304500 79
305000 79
305500 79
306000 79
306500 79
307000 79
307500 79
308000 79
308500 79
309000 79
309500 79
310000 79
310500 79
311000 79
311500 79
312000 79
312500 79
313000 79
313500 79
314000 79
314500 79
315000 79
315500 79
316000 79
316500 79
317000 79
317500 79
318000 79
318500 79
319000 79
319500 79
320000 79
320500 79
321000 79
321500 79
322000 79
322500 79
323000 79
323500 79
324000 79
324500 79
325000 79
325500 79
326000 79
326500 79
327000 79
327500 79
328000 79
328500 79
329000 79
329500 79
330000 79
330500 79
331000 79
331500 79
332000 79
332500 79
333000 79
333500 79
334000 79
334500 79
335000 79
335500 79
336000 79
336500 79
337000 79
337500 79
338000 79
338500 79
339000 79
339500 79
340000 79
340500 79
341000 79
341500 79
342000 79
342500 79
343000 79
343500 79
344000 79
344500 79
345000 79
345500 79
346000 79
346500 79
347000 79
347500 79
348000 79
348500 79
349000 79
349500 79
350000 79
350500 79
351000 79
351500 79
352000 79
352500 79
353000 79
353500 79
354000 79
354500 79
355000 79
355500 79
356000 79
356500 79
357000 79
357500 79
358000 79
358500 79
359000 79
359500 79
360000 79
360500 79
361000 79
361500 79
362000 79
362500 79
363000 79
363500 79
364000 79
364500 79
365000 79
365500 79
366000 79
366500 79
367000 79
367500 79
368000 79
368500 79
369000 79
369500 79
370000 79
370500 79
371000 79
371500 79
372000 79
372500 79
373000 79
373500 79
374000 79
374500 79
375000 79
375500 79
376000 79
376500 79
377000 79
377500 79
378000 79
378500 79
379000 79
379500 79
380000 79
380500 79
381000 79
381500 79
382000 79
382500 79
383000 79
383500 79
384000 79
384500 79
385000 79
385500 79
386000 79
386500 79
387000 79
387500 79
388000 79
388500 79
389000 79
389500 79
390000 79
390500 79
391000 79
391500 79
392000 79
392500 79
393000 79
393500 79
394000 79
394500 79
395000 79
395500 79
396000 79
396500 79
397000 79
397500 79
398000 79
398500 79
399000 79
399500 79
400000 79
400500 79
401000 79
401500 79
402000 79
402500 79
403000 79
403500 79
404000 79
404500 79
405000 79
405500 79
406000 79
406500 79
407000 79
407500 79
408000 79
408500 79
409000 79
409500 79
410000 79
410500 79
411000 79
411500 79
412000 79
412500 79
413000 79
413500 79
414000 79
414500 79
415000 79
415500 79
416000 79
416500 79
417000 79
417500 79
418000 79
418500 79
419000 79
419500 79
420000 79
420500 79
421000 79
421500 79
422000 79
422500 79
423000 79
423500 79
424000 79
424500 79
425000 79
425500 79
426000 79
426500 79
427000 79
427500 79
428000 79
428500 79
429000 79
429500 79
430000 79
430500 79
431000 79
431500 79
432000 79
432500 79
433000 79
433500 79
434000 79
434500 79
435000 79
435500 79
436000 79
436500 79
437000 79
437500 79
438000 79
438500 79
439000 79
439500 79
440000 79
440500 79
441000 79
441500 79
442000 79
442500 79
443000 79
443500 79
444000 79
444500 79
445000 79
445500 79
446000 79
446500 79
447000 79
447500 79
448000 79
448500 79
449000 79
449500 79
450000 79
450500 79
451000 79
451500 79
452000 79
452500 79
453000 79
453500 79
454000 79
454500 79
455000 79
455500 79
456000 79
456500 79
457000 79
457500 79
458000 79
458500 79
459000 79
459500 79
460000 79
460500 79
461000 79
461500 79
462000 79
462500 79
463000 79
463500 79
464000 79
464500 79
465000 79
465500 79
466000 79
466500 79
467000 79
467500 79
468000 79
468500 79
469000 79
469500 79
470000 79
470500 79
471000 79
471500 79
472000 79
472500 79
473000 79
473500 79
474000 79
474500 79
475000 79
475500 79
476000 79
476500 79
477000 79
477500 79
478000 79
478500 79
479000 79
479500 79
480000 79
480500 79
481000 79
481500 79
482000 79
482500 79
483000 79
483500 79
484000 79
484500 79
485000 79
485500 79
486000 79
486500 79
487000 79
487500 79
488000 79
488500 79
489000 79
489500 79
490000 79
490500 79
491000 79
491500 79
492000 79
492500 79
493000 79
493500 79
494000 79
494500 79
495000 79
495500 79
496000 79
496500 79
497000 79
497500 79
498000 79
498500 79
499000 79
499500 79
500000 79
500500 79
501000 79
501500 79
502000 79
502500 79
503000 79
503500 79
504000 79
504500 79
505000 79
505500 79
506000 79
506500 79
507000 79
507500 79
508000 79
508500 76
509000 76
509500 76
510000 76
510500 76
511000 76
511500 76
512000 76
512500 76
513000 76
513500 76
514000 76
514500 76
515000 76
515500 76
516000 76
516500 76
517000 76
517500 76
518000 76
518500 76
519000 76
519500 76
520000 76
520500 76
521000 76
521500 76
522000 76
522500 76
523000 76
523500 76
524000 76
524500 76
525000 76
525500 76
526000 76
526500 76
527000 76
527500 76
528000 76
528500 76
529000 76
529500 76
530000 76
530500 76
531000 76
531500 76
532000 76
532500 76
533000 76
533500 76
534000 76
534500 76
535000 76
535500 76
536000 76
536500 76
537000 76
537500 76
538000 76
538500 76
539000 76
539500 76
540000 75
540500 75
541000 75
541500 75
542000 75
542500 75
543000 75
543500 75
544000 75
544500 75
545000 75
545500 75
546000 75
546500 75
547000 75
547500 75
548000 75
548500 75
549000 75
549500 75
550000 75
550500 75
551000 75
551500 75
552000 75
552500 75
553000 75
553500 75
554000 75
554500 75
555000 72
555500 72
556000 72
556500 72
557000 72
557500 72
558000 72
558500 72
559000 72
559500 72
560000 72
560500 72
561000 72
561500 72
562000 72
562500 72
563000 72
563500 72
564000 72
564500 72
565000 72
565500 72
566000 72
566500 72
567000 72
567500 72
568000 72
568500 72
569000 72
569500 72
570000 72
570500 72
571000 72
571500 72
572000 72
572500 72
573000 72
573500 72
574000 72
574500 72
575000 72
575500 72
576000 72
576500 72
577000 72
577500 72
578000 72
578500 72
579000 72
579500 72
580000 72
580500 72
581000 72
581500 72
582000 72
582500 72
583000 72
583500 72
584000 72
584500 72
585000 72
585500 72
586000 72
586500 72
587000 72
587500 67
588000 67
588500 67
589000 67
589500 67
590000 67
590500 67
591000 67
591500 67
592000 67
592500 67
593000 67
593500 67
594000 67
594500 67
595000 67
595500 67
596000 67
596500 67
597000 67
597500 67
598000 67
598500 67
599000 67
599500 67
600000 67
600500 67
601000 67
601500 67
602000 67
602500 67
603000 67
603500 67
604000 67
604500 67
605000 67
605500 67
606000 67
606500 67
607000 67
607500 67
608000 67
608500 67
609000 67
609500 67
610000 67
610500 67
611000 67
611500 67
612000 67
612500 67
613000 67
613500 67
614000 67
614500 67
615000 67
615500 67
616000 67
616500 67
617000 67
617500 67
618000 67
618500 67
619000 67
619500 67
620000 67
620500 67
621000 67
621500 67
622000 67
622500 67
623000 67
623500 67
624000 67
624500 67
625000 67
625500 67
626000 67
626500 67
627000 67
627500 67
628000 67
628500 67
629000 67
629500 67
630000 67
630500 67
631000 67
631500 67
632000 67
632500 67
633000 67
633500 67
634000 67
634500 67
635000 67
635500 67
636000 67
636500 67
637000 67
637500 67
638000 67
638500 67
639000 67
639500 67
640000 67
640500 67
641000 67
641500 67
642000 67
642500 67
643000 67
643500 67
644000 67
644500 67
645000 67
645500 67
646000 67
646500 67
647000 67
647500 67
648000 67
648500 67
649000 67
649500 67
650000 67
650500 67
651000 67
651500 67
652000 67
652500 67
653000 67
653500 67
654000 67
654500 67
655000 67
655500 67
656000 67
656500 67
657000 67
657500 67
658000 67
658500 67
659000 67
659500 67
660000 67
660500 67
661000 67
661500 67
662000 67
662500 67
663000 67
663500 67
664000 67
664500 67
665000 67
665500 67
666000 67
666500 67
667000 67
667500 67
668000 67
668500 67
669000 67
669500 67
670000 67
670500 67
671000 67
671500 67
672000 67
672500 67
673000 67
673500 67
674000 67
674500 67
675000 67
675500 67
676000 67
676500 67
677000 67
677500 67
678000 67
678500 67
679000 67
679500 67
680000 67
680500 67
681000 67
681500 67
682000 67
682500 67
683000 67
683500 67
684000 67
684500 67
685000 67
685500 67
686000 67
686500 67
687000 67
687500 67
688000 67
688500 67
689000 67
689500 67
690000 67
690500 67
691000 67
691500 67
692000 67
692500 66
693000 66
693500 66
694000 66
694500 66
695000 66
695500 66
696000 66
696500 66
697000 66
697500 66
698000 66
698500 66
699000 66
699500 66
700000 66
700500 66
701000 66
701500 66
702000 66
702500 66
703000 66
703500 66
704000 66
704500 66
705000 66
705500 66
706000 66
706500 66
707000 66
707500 66
708000 66
708500 66
709000 66
709500 66
710000 66
710500 66
711000 66
711500 66
712000 66
712500 66
713000 66
713500 66
714000 66
714500 66
715000 66
715500 66
716000 66
716500 66
717000 66
717500 66
718000 66
718500 66
719000 66
719500 66
720000 66
720500 66
721000 66
721500 66
722000 66
722500 66
723000 66
723500 66
724000 66
724500 66
725000 66
725500 66
726000 66
726500 66
727000 66
727500 66
728000 66
728500 66
729000 66
729500 66
730000 66
730500 66
731000 66
731500 66
732000 66
732500 66
733000 66
733500 66
734000 66
734500 66
735000 66
735500 66
736000 66
736500 66
737000 66
737500 66
738000 66
738500 66
739000 66
739500 66
740000 66
740500 66
741000 66
741500 66
742000 66
742500 66
743000 66
743500 66
744000 66
744500 66
745000 66
745500 66
746000 66
746500 66
747000 66
747500 66
748000 66
748500 66
749000 66
749500 66
750000 66
750500 66
751000 66
751500 66
752000 66
752500 66
753000 66
753500 66
754000 66
754500 66
755000 66
755500 66
756000 66
756500 66
757000 66
757500 66
758000 66
758500 66
759000 66
759500 66
760000 66
760500 66
761000 66
761500 66
762000 66
762500 66
763000 66
763500 66
764000 66
764500 66
765000 66
765500 66
766000 66
766500 66
767000 66
767500 66
768000 66
768500 66
769000 66
769500 66
770000 66
770500 66
771000 66
771500 66
772000 66
772500 66
773000 66
773500 66
774000 66
774500 66
775000 66
775500 66
776000 66
776500 66
777000 66
777500 66
778000 66
778500 66
779000 66
779500 66
780000 66
780500 66
781000 66
781500 66
782000 66
782500 66
783000 66
783500 66
784000 66
784500 66
785000 66
785500 66
786000 66
786500 66
787000 66
787500 66
788000 66
788500 66
789000 66
789500 66
790000 66
790500 66
791000 66
791500 66
792000 66
792500 66
793000 66
793500 66
794000 66
794500 66
795000 66
795500 66
796000 66
796500 66
797000 66
797500 66
798000 66
798500 66
799000 66
799500 66
800000 66
800500 66
801000 66
801500 66
802000 66
802500 66
803000 66
803500 66
804000 66
804500 66
805000 66
805500 66
806000 66
806500 66
807000 66
807500 66
808000 66
808500 66
809000 66
809500 66
810000 66
810500 66
811000 66
811500 66
812000 66
812500 66
813000 66
813500 66
814000 66
814500 66
815000 66
815500 66
816000 66
816500 66
817000 66
817500 66
818000 66
818500 66
819000 66
819500 66
820000 66
820500 66
821000 66
821500 66
822000 66
822500 66
823000 66
823500 66
824000 66
824500 66
825000 66
825500 66
826000 66
826500 66
827000 66
827500 66
828000 66
828500 66
829000 66
829500 66
830000 66
830500 66
831000 66
831500 66
832000 66
832500 66
833000 66
833500 66
834000 66
834500 66
835000 66
835500 66
836000 66
836500 66
837000 66
837500 66
838000 66
838500 66
839000 66
839500 66
840000 66
840500 66
841000 66
841500 66
842000 66
842500 66
843000 66
843500 66
844000 66
844500 66
845000 66
845500 66
846000 66
846500 66
847000 66
847500 66
848000 66
848500 66
849000 66
849500 66
850000 66
850500 66
851000 66
851500 66
852000 66
852500 66
853000 66
853500 66
854000 66
854500 66
855000 66
855500 66
856000 66
856500 66
857000 66
857500 66
858000 66
858500 66
859000 66
859500 66
860000 66
860500 66
861000 66
861500 66
862000 66
862500 66
863000 66
863500 66
864000 66
864500 66
865000 66
865500 66
866000 66
866500 66
867000 66
867500 66
868000 66
868500 66
869000 66
869500 66
870000 66
870500 66
871000 66
871500 66
872000 66
872500 66
873000 66
873500 66
874000 66
874500 66
875000 66
875500 66
876000 66
876500 66
877000 66
877500 66
878000 66
878500 66
879000 66
879500 66
880000 66
880500 66
881000 66
881500 66
882000 66
882500 66
883000 66
883500 66
884000 66
884500 66
885000 66
885500 66
886000 66
886500 66
887000 66
887500 66
888000 66
888500 66
889000 66
889500 66
890000 66
890500 66
891000 66
891500 66
892000 66
892500 66
893000 66
893500 66
894000 66
894500 66
895000 66
895500 66
896000 66
896500 66
897000 66
897500 66
898000 66
898500 66
899000 66
899500 66
900000 66
900500 66
901000 66
901500 66
902000 66
902500 66
903000 66
903500 66
904000 66
904500 66
905000 66
905500 66
906000 66
906500 66
907000 66
907500 66
908000 66
908500 66
909000 66
909500 66
910000 66
910500 66
911000 66
911500 66
912000 66
912500 66
913000 66
913500 66
914000 66
914500 66
915000 66
915500 66
916000 66
916500 66
917000 66
917500 66
918000 66
918500 66
919000 66
919500 66
920000 66
920500 66
921000 66
921500 66
922000 66
922500 66
923000 66
923500 66
924000 66
924500 66
925000 66
925500 66
926000 66
926500 66
927000 66
927500 66
928000 66
928500 66
929000 66
929500 66
930000 66
930500 66
931000 66
931500 66
932000 66
932500 66
933000 66
933500 66
934000 66
934500 66
935000 66
935500 66
936000 66
936500 66
937000 66
937500 66
938000 66
938500 66
939000 66
939500 66
940000 66
940500 66
941000 66
941500 66
942000 66
942500 66
943000 66
943500 66
944000 66
944500 66
945000 66
945500 66
946000 66
946500 66
947000 66
947500 66
948000 66
948500 66
949000 66
949500 66
950000 66
950500 66
951000 66
951500 66
952000 66
952500 66
953000 66
953500 66
954000 66
954500 66
955000 66
955500 66
956000 66
956500 66
957000 66
957500 66
958000 66
958500 66
959000 66
959500 66
960000 66
960500 66
961000 66
961500 66
962000 66
962500 66
963000 66
963500 66
964000 66
964500 66
965000 66
965500 66
966000 66
966500 66
967000 66
967500 66
968000 66
968500 66
969000 66
969500 66
970000 66
970500 66
971000 66
971500 66
972000 66
972500 66
973000 66
973500 66
974000 66
974500 66
975000 66
975500 66
976000 66
976500 66
977000 66
977500 66
978000 66
978500 66
979000 66
979500 66
980000 66
980500 66
981000 66
981500 66
982000 66
982500 66
983000 66
983500 66
984000 66
984500 66
985000 66
985500 66
986000 66
986500 66
987000 66
987500 66
988000 66
988500 66
989000 66
989500 66
990000 66
990500 66
991000 66
991500 66
992000 66
992500 66
993000 66
993500 66
994000 66
994500 66
995000 66
995500 66
996000 66
996500 66
997000 66
997500 66
998000 66
998500 66
999000 66
999500 66
1000000 66
1000500 66
1001000 66
1001500 66
1002000 66
1002500 66
1003000 66
1003500 66
1004000 66
1004500 66
1005000 66
1005500 66
1006000 66
1006500 66
1007000 66
1007500 66
1008000 66
1008500 66
1009000 66
1009500 66
1010000 66
1010500 66
1011000 66
1011500 66
1012000 66
1012500 66
1013000 66
1013500 66
1014000 66
1014500 66
1015000 66
1015500 66
1016000 66
1016500 66
1017000 66
1017500 66
1018000 66
1018500 66
1019000 66
1019500 66
1020000 66
1020500 66
1021000 66
1021500 66
1022000 66
1022500 66
1023000 66
1023500 66
1024000 66
1024500 66
1025000 66
1025500 66
1026000 66
1026500 66
1027000 66
1027500 66
1028000 66
1028500 66
1029000 66
1029500 66
1030000 66
1030500 66
1031000 66
1031500 66
1032000 66
1032500 66
1033000 66
1033500 66
1034000 66
1034500 66
1035000 66
1035500 66
1036000 66
1036500 66
1037000 66
1037500 66
1038000 66
1038500 66
1039000 66
1039500 66
1040000 66
1040500 66
1041000 66
1041500 66
1042000 66
1042500 66
1043000 66
1043500 66
1044000 66
1044500 66
1045000 66
1045500 66
1046000 66
1046500 66
1047000 66
1047500 66
1048000 66
1048500 66
1049000 66
1049500 66
1050000 66
1050500 66
1051000 66
1051500 66
1052000 66
1052500 66
1053000 66
1053500 66
1054000 66
1054500 66
1055000 66
1055500 66
1056000 66
1056500 66
1057000 66
1057500 66
1058000 66
1058500 66
1059000 66
1059500 66
1060000 66
1060500 66
1061000 66
1061500 66
1062000 66
1062500 66
1063000 66
1063500 66
1064000 66
1064500 66
1065000 66
1065500 66
1066000 66
1066500 66
1067000 66
1067500 66
1068000 66
1068500 66
1069000 66
1069500 66
1070000 66
1070500 66
1071000 66
1071500 66
1072000 66
1072500 66
1073000 66
1073500 66
1074000 66
1074500 66
1075000 66
1075500 66
1076000 66
1076500 66
1077000 66
1077500 66
1078000 66
1078500 66
1079000 66
1079500 66
1080000 66
1080500 66
1081000 66
1081500 66
1082000 66
1082500 66
1083000 66
1083500 66
1084000 66
1084500 66
1085000 66
1085500 66
1086000 66
1086500 66
1087000 66
1087500 66
1088000 66
1088500 66
1089000 66
1089500 66
1090000 66
1090500 66
1091000 66
1091500 66
1092000 66
1092500 66
1093000 66
1093500 66
1094000 66
1094500 66
1095000 66
1095500 66
1096000 66
1096500 66
1097000 66
1097500 66
1098000 66
1098500 66
1099000 66
1099500 66
1100000 66
1100500 66
1101000 66
1101500 66
1102000 66
1102500 66
1103000 66
1103500 66
1104000 66
1104500 66
1105000 66
1105500 66
1106000 66
1106500 66
1107000 66
1107500 66
1108000 66
1108500 66
1109000 66
1109500 66
1110000 66
1110500 66
1111000 66
1111500 66
1112000 66
1112500 66
1113000 66
1113500 66
1114000 66
1114500 66
1115000 66
1115500 66
1116000 66
1116500 66
1117000 66
1117500 66
1118000 66
1118500 66
1119000 66
1119500 66
1120000 66
1120500 66
1121000 66
1121500 66
1122000 66
1122500 66
1123000 66
1123500 66
1124000 66
1124500 66
1125000 66
1125500 66
1126000 66
1126500 66
1127000 66
1127500 66
1128000 66
1128500 66
1129000 66
1129500 66
1130000 66
1130500 66
1131000 66
1131500 66
1132000 66
1132500 66
1133000 66
1133500 66
1134000 66
1134500 66
1135000 66
1135500 66
1136000 66
1136500 66
1137000 66
1137500 66
1138000 66
1138500 66
1139000 66
1139500 66
1140000 66
1140500 66
1141000 66
1141500 66
1142000 66
1142500 66
1143000 66
1143500 66
1144000 66
1144500 66
1145000 66
1145500 66
1146000 66
1146500 66
1147000 66
1147500 66
1148000 66
1148500 66
1149000 66
1149500 66
1150000 66
1150500 66
1151000 66
1151500 66
1152000 66
1152500 66
1153000 66
1153500 66
1154000 66
1154500 66
1155000 66
1155500 66
1156000 66
1156500 66
1157000 66
1157500 66
1158000 66
1158500 66
1159000 66
1159500 66
1160000 66
1160500 66
1161000 66
1161500 66
1162000 66
1162500 66
1163000 66
1163500 66
1164000 66
1164500 66
1165000 66
1165500 66
1166000 66
1166500 66
1167000 66
1167500 66
1168000 66
1168500 66
1169000 66
1169500 66
1170000 66
1170500 66
1171000 66
1171500 66
1172000 66
1172500 66
1173000 66
1173500 66
1174000 66
1174500 66
1175000 66
1175500 66
1176000 66
1176500 66
1177000 66
1177500 66
1178000 66
1178500 66
1179000 66
1179500 66
1180000 66
1180500 66
1181000 66
1181500 66
1182000 66
1182500 66
1183000 66
1183500 66
1184000 66
1184500 66
1185000 66
1185500 66
1186000 66
1186500 66
1187000 66
1187500 66
1188000 66
1188500 66
1189000 66
1189500 66
1190000 66
1190500 66
1191000 66
1191500 66
1192000 66
1192500 66
1193000 66
1193500 66
1194000 66
1194500 66
1195000 66
1195500 66
1196000 66
1196500 66
1197000 66
1197500 66
1198000 66
1198500 66
1199000 66
1199500 66
1200000 66
1200500 66
1201000 66
1201500 66
1202000 66
1202500 66
1203000 66
1203500 66
1204000 66
1204500 66
1205000 66
1205500 66
1206000 66
1206500 66
1207000 66
1207500 66
1208000 66
1208500 66
1209000 66
1209500 66
1210000 66
1210500 66
1211000 66
1211500 66
1212000 66
1212500 66
1213000 66
1213500 66
1214000 66
1214500 66
1215000 66
1215500 66
1216000 66
1216500 66
1217000 66
1217500 66
1218000 66
1218500 66
1219000 66
1219500 66
1220000 66
1220500 66
1221000 66
1221500 66
1222000 66
1222500 66
1223000 66
1223500 66
1224000 66
1224500 66
1225000 66
1225500 66
1226000 66
1226500 66
1227000 66
1227500 66
1228000 66
1228500 66
1229000 66
1229500 66
1230000 66
1230500 66
1231000 66
1231500 66
1232000 66
1232500 66
1233000 66
1233500 66
1234000 66
1234500 66
1235000 66
1235500 66
1236000 66
1236500 66
1237000 66
1237500 66
1238000 66
1238500 66
1239000 66
1239500 66
1240000 66
1240500 66
1241000 66
1241500 66
1242000 66
1242500 66
1243000 66
1243500 66
1244000 66
1244500 66
1245000 66
1245500 66
1246000 66
1246500 66
1247000 66
1247500 66
1248000 66
1248500 66
1249000 66
1249500 66
1250000 66
1250500 66
1251000 66
1251500 66
1252000 66
1252500 66
1253000 66
1253500 66
1254000 66
1254500 66
1255000 66
1255500 66
1256000 66
1256500 66
1257000 66
1257500 66
1258000 66
1258500 66
1259000 66
1259500 66
1260000 66
1260500 66
1261000 66
1261500 66
1262000 66
1262500 66
1263000 66
1263500 66
1264000 66
1264500 66
1265000 66
1265500 66
1266000 66
1266500 66
1267000 66
1267500 66
1268000 66
1268500 66
1269000 66
1269500 66
1270000 66
1270500 66
1271000 66
1271500 66
1272000 66
1272500 66
1273000 66
1273500 66
1274000 66
1274500 66
1275000 66
1275500 66
1276000 66
1276500 66
1277000 66
1277500 66
1278000 66
1278500 66
1279000 66
1279500 66
1280000 66
1280500 66
1281000 66
1281500 66
1282000 66
1282500 66
1283000 66
1283500 66
1284000 66
1284500 66
1285000 66
1285500 66
1286000 66
1286500 66
1287000 66
1287500 66
1288000 66
1288500 66
1289000 66
1289500 66
1290000 66
1290500 66
1291000 66
1291500 66
1292000 66
1292500 66
1293000 66
1293500 66
1294000 66
1294500 66
1295000 66
1295500 66
1296000 66
1296500 66
1297000 66
1297500 66
1298000 66
1298500 66
1299000 66
1299500 66
1300000 66
1300500 66
1301000 66
1301500 66
1302000 66
1302500 66
1303000 66
1303500 66
1304000 66
1304500 66
1305000 66
1305500 66
1306000 66
1306500 66
1307000 66
1307500 66
1308000 66
1308500 66
1309000 66
1309500 66
1310000 66
1310500 66
1311000 66
1311500 66
1312000 66
1312500 66
1313000 66
1313500 66
1314000 66
1314500 66
1315000 66
1315500 66
1316000 66
1316500 66
1317000 66
1317500 66
1318000 66
1318500 66
1319000 66
1319500 66
1320000 66
1320500 66
1321000 66
1321500 66
1322000 66
1322500 66
1323000 66
1323500 66
1324000 66
1324500 66
1325000 66
1325500 66
1326000 66
1326500 66
1327000 66
1327500 66
1328000 66
1328500 66
1329000 66
1329500 66
1330000 66
1330500 66
1331000 66
1331500 66
1332000 66
1332500 66
1333000 66
1333500 66
1334000 66
1334500 66
1335000 66
1335500 66
1336000 66
1336500 66
1337000 66
1337500 66
1338000 66
1338500 66
1339000 66
1339500 66
1340000 66
1340500 66
1341000 66
1341500 66
1342000 66
1342500 66
1343000 66
1343500 66
1344000 66
1344500 66
1345000 66
1345500 66
1346000 66
1346500 66
1347000 66
1347500 66
1348000 66
1348500 66
1349000 66
1349500 66
1350000 66
1350500 66
1351000 66
1351500 66
1352000 66
1352500 66
1353000 66
1353500 66
1354000 66
1354500 66
1355000 66
1355500 66
1356000 66
1356500 66
1357000 66
1357500 66
1358000 66
1358500 66
1359000 66
1359500 66
1360000 66
1360500 66
1361000 66
1361500 66
1362000 66
1362500 66
1363000 66
1363500 66
1364000 66
1364500 66
1365000 66
1365500 66
1366000 66
1366500 66
1367000 66
1367500 66
1368000 66
1368500 66
1369000 66
1369500 66
1370000 66
1370500 66
1371000 66
1371500 66
1372000 66
1372500 66
1373000 66
1373500 66
1374000 66
1374500 66
1375000 66
1375500 66
1376000 66
1376500 66
1377000 66
1377500 66
1378000 66
1378500 66
1379000 66
1379500 66
1380000 66
1380500 66
1381000 66
1381500 66
1382000 66
1382500 66
1383000 66
1383500 66
1384000 66
1384500 66
1385000 66
1385500 66
1386000 66
1386500 66
1387000 66
1387500 66
1388000 66
1388500 66
1389000 66
1389500 66
1390000 66
1390500 66
1391000 66
1391500 66
1392000 66
1392500 66
1393000 66
1393500 66
1394000 66
1394500 66
1395000 66
1395500 66
1396000 66
1396500 66
1397000 66
1397500 66
1398000 66
1398500 66
1399000 66
1399500 66
1400000 66
1400500 66
1401000 66
1401500 66
1402000 66
1402500 66
1403000 66
1403500 66
1404000 66
1404500 66
1405000 66
1405500 66
1406000 66
1406500 66
1407000 66
1407500 66
1408000 66
1408500 66
1409000 66
1409500 66
1410000 66
1410500 66
1411000 66
1411500 66
1412000 66
1412500 66
1413000 66
1413500 66
1414000 66
1414500 66
1415000 66
1415500 66
1416000 66
1416500 66
1417000 66
1417500 66
1418000 66
1418500 66
1419000 66
1419500 66
1420000 66
1420500 66
1421000 66
1421500 66
1422000 66
1422500 66
1423000 66
1423500 66
1424000 66
1424500 66
1425000 66
1425500 66
1426000 66
1426500 66
1427000 66
1427500 66
1428000 66
1428500 66
1429000 66
1429500 66
1430000 66
1430500 66
1431000 66
1431500 66
1432000 66
1432500 66
1433000 66
1433500 66
1434000 66
1434500 66
1435000 66
1435500 66
1436000 66
1436500 66
1437000 66
1437500 66
1438000 66
1438500 66
1439000 66
1439500 66
1440000 66
1440500 66
1441000 66
1441500 66
1442000 66
1442500 66
1443000 66
1443500 66
1444000 66
1444500 66
1445000 66
1445500 66
1446000 66
1446500 66
1447000 66
1447500 66
1448000 66
1448500 66
1449000 66
1449500 66
1450000 66
1450500 66
1451000 66
1451500 66
1452000 66
1452500 66
1453000 66
1453500 66
1454000 66
1454500 66
1455000 66
1455500 66
1456000 66
1456500 66
1457000 66
1457500 66
1458000 66
1458500 66
1459000 66
1459500 66
1460000 66
1460500 66
1461000 66
1461500 66
1462000 66
1462500 66
1463000 66
1463500 66
1464000 66
1464500 66
1465000 66
1465500 66
1466000 66
1466500 66
1467000 66
1467500 66
1468000 66
1468500 66
1469000 66
1469500 66
1470000 66
1470500 66
1471000 66
1471500 66
1472000 66
1472500 66
1473000 66
1473500 66
1474000 66
1474500 66
1475000 66
1475500 66
1476000 66
1476500 66
1477000 66
1477500 66
1478000 66
1478500 66
1479000 66
1479500 66
1480000 66
1480500 66
1481000 66
1481500 66
1482000 66
1482500 66
1483000 66
1483500 66
1484000 66
1484500 66
1485000 66
1485500 66
1486000 66
1486500 66
1487000 66
1487500 66
1488000 66
1488500 66
1489000 66
1489500 66
1490000 66
1490500 66
1491000 66
1491500 66
1492000 66
1492500 66
1493000 66
1493500 66
1494000 66
1494500 66
1495000 66
1495500 66
1496000 66
1496500 66
1497000 66
1497500 66
1498000 66
1498500 66
1499000 66
1499500 66
1500000 66
1500500 66
1501000 66
1501500 66
1502000 66
1502500 66
1503000 66
1503500 66
1504000 66
1504500 66
1505000 66
1505500 66
1506000 66
1506500 66
1507000 66
1507500 66
1508000 66
1508500 66
1509000 66
1509500 66
1510000 66
1510500 66
1511000 66
1511500 66
1512000 66
1512500 66
1513000 66
1513500 66
1514000 66
1514500 66
1515000 66
1515500 66
1516000 66
1516500 66
1517000 66
1517500 66
1518000 66
1518500 66
1519000 66
1519500 66
1520000 66
1520500 66
1521000 66
1521500 66
1522000 66
1522500 66
1523000 66
1523500 66
1524000 66
1524500 66
1525000 66
1525500 66
1526000 66
1526500 66
1527000 66
1527500 66
1528000 66
1528500 66
1529000 66
1529500 66
1530000 66
1530500 66
1531000 66
1531500 66
1532000 66
1532500 66
1533000 66
1533500 66
1534000 66
1534500 66
1535000 66
1535500 66
1536000 66
1536500 66
1537000 66
1537500 66
1538000 66
1538500 66
1539000 66
1539500 66
1540000 66
1540500 66
1541000 66
1541500 66
1542000 66
1542500 66
1543000 66
1543500 66
1544000 66
1544500 66
1545000 66
1545500 66
1546000 66
1546500 66
1547000 66
1547500 66
1548000 66
1548500 66
1549000 66
1549500 66
1550000 66
1550500 66
1551000 66
1551500 66
1552000 66
1552500 66
1553000 66
1553500 66
1554000 66
1554500 66
1555000 66
1555500 66
1556000 66
1556500 66
1557000 66
1557500 66
1558000 66
1558500 66
1559000 66
1559500 66
1560000 66
1560500 66
1561000 66
1561500 66
1562000 66
1562500 66
1563000 66
1563500 66
1564000 66
1564500 66
1565000 66
1565500 66
1566000 66
1566500 66
1567000 66
1567500 66
1568000 66
1568500 66
1569000 66
1569500 66
1570000 66
1570500 66
1571000 66
1571500 66
1572000 66
1572500 66
1573000 66
1573500 66
1574000 66
1574500 66
1575000 66
1575500 66
1576000 66
1576500 66
1577000 66
1577500 66
1578000 66
1578500 66
1579000 66
1579500 66
1580000 66
1580500 66
1581000 66
1581500 66
1582000 66
1582500 66
1583000 66
1583500 66
1584000 66
1584500 66
1585000 66
1585500 66
1586000 66
1586500 66
1587000 66
1587500 66
1588000 66
1588500 66
1589000 66
1589500 66
1590000 66
1590500 66
1591000 66
1591500 66
1592000 66
1592500 66
1593000 66
1593500 66
1594000 66
1594500 66
1595000 66
1595500 66
1596000 66
1596500 66
1597000 66
1597500 66
1598000 66
1598500 66
1599000 66
1599500 66
1600000 66
1600500 66
1601000 66
1601500 66
1602000 66
1602500 66
1603000 66
1603500 66
1604000 66
1604500 66
1605000 66
1605500 66
1606000 66
1606500 66
1607000 66
1607500 66
1608000 66
1608500 66
1609000 66
1609500 66
1610000 66
1610500 66
1611000 66
1611500 66
1612000 66
1612500 66
1613000 66
1613500 66
1614000 66
1614500 66
1615000 66
1615500 66
1616000 66
1616500 66
1617000 66
1617500 66
1618000 66
1618500 66
1619000 66
1619500 66
1620000 66
1620500 66
1621000 66
1621500 66
1622000 66
1622500 66
1623000 66
1623500 66
1624000 66
1624500 66
1625000 66
1625500 66
1626000 66
1626500 66
1627000 66
1627500 66
1628000 66
1628500 66
1629000 66
1629500 66
1630000 66
1630500 66
1631000 66
1631500 66
1632000 66
1632500 66
1633000 66
1633500 66
1634000 66
1634500 66
1635000 66
1635500 66
1636000 66
1636500 66
1637000 66
1637500 66
1638000 66
1638500 66
1639000 66
1639500 66
1640000 66
1640500 66
1641000 66
1641500 66
1642000 66
1642500 66
1643000 66
1643500 66
1644000 66
1644500 66
1645000 66
1645500 66
1646000 66
1646500 66
1647000 66
1647500 66
1648000 66
1648500 66
1649000 66
1649500 66
1650000 66
1650500 66
1651000 66
1651500 66
1652000 66
1652500 66
1653000 66
1653500 66
1654000 66
1654500 66
1655000 66
1655500 66
1656000 66
1656500 66
1657000 66
1657500 66
1658000 66
1658500 66
1659000 66
1659500 66
1660000 66
1660500 66
1661000 66
1661500 66
1662000 66
1662500 66
1663000 66
1663500 66
1664000 66
1664500 66
1665000 66
1665500 66
1666000 66
1666500 66
1667000 66
1667500 66
1668000 66
1668500 66
1669000 66
1669500 66
1670000 66
1670500 66
1671000 66
1671500 66
1672000 66
1672500 66
1673000 66
1673500 66
1674000 66
1674500 66
1675000 66
1675500 66
1676000 66
1676500 66
1677000 66
1677500 66
1678000 66
1678500 66
1679000 66
1679500 66
1680000 66
1680500 66
1681000 66
1681500 66
1682000 66
1682500 66
1683000 66
1683500 66
1684000 66
1684500 66
1685000 66
1685500 66
1686000 66
1686500 66
1687000 66
1687500 66
1688000 66
1688500 66
1689000 66
1689500 66
1690000 66
1690500 66
1691000 66
1691500 66
1692000 66
1692500 66
1693000 66
1693500 66
1694000 66
1694500 66
1695000 66
1695500 66
1696000 66
1696500 66
1697000 66
1697500 66
1698000 66
1698500 66
1699000 66
1699500 66
1700000 66
1700500 66
1701000 66
1701500 66
1702000 66
1702500 66
1703000 66
1703500 66
1704000 66
1704500 66
1705000 66
1705500 66
1706000 66
1706500 66
1707000 66
1707500 66
1708000 66
1708500 66
1709000 66
1709500 66
1710000 66
1710500 66
1711000 66
1711500 66
1712000 66
1712500 66
1713000 66
1713500 66
1714000 66
1714500 66
1715000 66
1715500 66
1716000 66
1716500 66
1717000 66
1717500 66
1718000 66
1718500 66
1719000 66
1719500 66
1720000 66
1720500 66
1721000 66
1721500 66
1722000 66
1722500 66
1723000 66
1723500 66
1724000 66
1724500 66
1725000 66
1725500 66
1726000 66
1726500 66
1727000 66
1727500 66
1728000 66
1728500 66
1729000 66
1729500 66
1730000 66
1730500 66
1731000 66
1731500 66
1732000 66
1732500 66
1733000 66
1733500 66
1734000 66
1734500 66
1735000 66
1735500 66
1736000 66
1736500 66
1737000 66
1737500 66
1738000 66
1738500 66
1739000 66
1739500 66
1740000 66
1740500 66
1741000 66
1741500 66
1742000 66
1742500 66
1743000 66
1743500 66
1744000 66
1744500 66
1745000 66
1745500 66
1746000 66
1746500 66
1747000 66
1747500 66
1748000 66
1748500 66
1749000 66
1749500 66
1750000 66
1750500 66
1751000 66
1751500 66
1752000 66
1752500 66
1753000 66
1753500 66
1754000 66
1754500 66
1755000 66
1755500 66
1756000 66
1756500 66
1757000 66
1757500 66
1758000 66
1758500 66
1759000 66
1759500 66
1760000 66
1760500 66
1761000 66
1761500 66
1762000 66
1762500 66
1763000 66
1763500 66
1764000 66
1764500 66
1765000 66
1765500 66
1766000 66
1766500 66
1767000 66
1767500 66
1768000 66
1768500 66
1769000 66
1769500 66
1770000 66
1770500 66
1771000 66
1771500 66
1772000 66
1772500 66
1773000 66
1773500 66
1774000 66
1774500 66
1775000 66
1775500 66
1776000 66
1776500 66
1777000 66
1777500 66
1778000 66
1778500 66
1779000 66
1779500 66
1780000 66
1780500 66
1781000 66
1781500 66
1782000 66
1782500 66
1783000 66
1783500 66
1784000 66
1784500 66
1785000 66
1785500 66
1786000 66
1786500 66
1787000 66
1787500 66
1788000 66
1788500 66
1789000 66
1789500 66
1790000 66
1790500 66
1791000 66
1791500 66
1792000 66
1792500 66
1793000 66
1793500 66
1794000 66
1794500 66
1795000 66
1795500 66
1796000 66
1796500 66
1797000 66
1797500 66
1798000 66
1798500 66
1799000 66
1799500 66
1800000 66
1800500 66
1801000 66
1801500 66
1802000 66
1802500 66
1803000 66
1803500 66
1804000 66
1804500 66
1805000 66
1805500 66
1806000 66
1806500 66
1807000 66
1807500 66
1808000 66
1808500 66
1809000 66
1809500 66
1810000 66
1810500 66
1811000 66
1811500 66
1812000 66
1812500 66
1813000 66
1813500 66
1814000 66
1814500 66
1815000 66
1815500 66
1816000 66
1816500 66
1817000 66
1817500 66
1818000 66
1818500 66
1819000 66
1819500 66
1820000 66
1820500 66
1821000 66
1821500 66
1822000 66
1822500 66
1823000 66
1823500 66
1824000 66
1824500 66
1825000 66
1825500 66
1826000 66
1826500 66
1827000 66
1827500 66
1828000 66
1828500 66
1829000 66
1829500 66
1830000 66
1830500 66
1831000 66
1831500 66
1832000 66
1832500 66
1833000 66
1833500 66
1834000 66
1834500 66
1835000 66
1835500 66
1836000 66
1836500 66
1837000 66
1837500 66
1838000 66
1838500 66
1839000 66
1839500 66
1840000 66
1840500 66
1841000 66
1841500 66
1842000 66
1842500 66
1843000 66
1843500 66
1844000 66
1844500 66
1845000 66
1845500 66
1846000 66
1846500 66
1847000 66
1847500 66
1848000 66
1848500 66
1849000 66
1849500 66
1850000 66
1850500 66
1851000 66
1851500 66
1852000 66
1852500 66
1853000 66
1853500 66
1854000 66
1854500 66
1855000 66
1855500 66
1856000 66
1856500 66
1857000 66
1857500 66
1858000 66
1858500 66
1859000 66
1859500 66
1860000 66
1860500 66
1861000 66
1861500 66
1862000 66
1862500 66
1863000 66
1863500 66
1864000 66
1864500 66
1865000 66
1865500 66
1866000 66
1866500 66
1867000 66
1867500 66
1868000 66
1868500 66
1869000 66
1869500 66
1870000 66
1870500 66
1871000 66
1871500 66
1872000 66
1872500 66
1873000 66
1873500 66
1874000 66
1874500 66
1875000 66
1875500 66
1876000 66
1876500 66
1877000 66
1877500 66
1878000 66
1878500 66
1879000 66
1879500 66
1880000 66
1880500 66
1881000 66
1881500 66
1882000 66
1882500 66
1883000 66
1883500 66
1884000 66
1884500 66
1885000 66
1885500 66
1886000 66
1886500 66
1887000 66
1887500 66
1888000 66
1888500 66
1889000 66
1889500 66
1890000 66
1890500 66
1891000 66
1891500 66
1892000 66
1892500 66
1893000 66
1893500 66
1894000 66
1894500 66
1895000 66
1895500 66
1896000 66
1896500 66
1897000 66
1897500 66
1898000 66
1898500 66
1899000 66
1899500 66
1900000 66
1900500 66
1901000 66
1901500 66
1902000 66
1902500 66
1903000 66
1903500 66
1904000 66
1904500 66
1905000 66
1905500 66
1906000 66
1906500 66
1907000 66
1907500 66
1908000 66
1908500 66
1909000 66
1909500 66
1910000 66
1910500 66
1911000 66
1911500 66
1912000 66
1912500 66
1913000 66
1913500 66
1914000 66
1914500 66
1915000 66
1915500 66
1916000 66
1916500 66
1917000 66
1917500 66
1918000 66
1918500 66
1919000 66
1919500 66
1920000 66
1920500 66
1921000 66
1921500 66
1922000 66
1922500 66
1923000 66
1923500 66
1924000 66
1924500 66
1925000 66
1925500 66
1926000 66
1926500 66
1927000 66
1927500 66
1928000 66
1928500 66
1929000 66
1929500 66
1930000 66
1930500 66
1931000 66
1931500 66
1932000 66
1932500 66
1933000 66
1933500 66
1934000 66
1934500 66
1935000 66
1935500 66
1936000 66
1936500 66
1937000 66
1937500 66
1938000 66
1938500 66
1939000 66
1939500 66
1940000 66
1940500 66
1941000 66
1941500 66
1942000 66
1942500 66
1943000 66
1943500 66
1944000 66
1944500 66
1945000 66
1945500 66
1946000 66
1946500 66
1947000 66
1947500 66
1948000 66
1948500 66
1949000 66
1949500 66
1950000 66
1950500 66
1951000 66
1951500 66
1952000 66
1952500 66
1953000 66
1953500 66
1954000 66
1954500 66
1955000 66
1955500 66
1956000 66
1956500 66
1957000 66
1957500 66
1958000 66
1958500 66
1959000 66
1959500 66
1960000 66
1960500 66
1961000 66
1961500 66
1962000 66
1962500 66
1963000 66
1963500 66
1964000 66
1964500 66
1965000 66
1965500 66
1966000 66
1966500 66
1967000 66
1967500 66
1968000 66
1968500 66
1969000 66
1969500 66
1970000 66
1970500 66
1971000 66
1971500 66
1972000 66
1972500 66
1973000 66
1973500 66
1974000 66
1974500 66
1975000 66
1975500 66
1976000 66
1976500 66
1977000 66
1977500 66
1978000 66
1978500 66
1979000 66
1979500 66
1980000 66
1980500 66
1981000 66
1981500 66
1982000 66
1982500 66
1983000 66
1983500 66
1984000 66
1984500 66
1985000 66
1985500 66
1986000 66
1986500 66
1987000 66
1987500 66
1988000 66
1988500 66
1989000 66
1989500 66
1990000 66
1990500 66
1991000 66
1991500 66
1992000 66
1992500 66
1993000 66
1993500 66
1994000 66
1994500 66
1995000 66
1995500 66
1996000 66
1996500 66
1997000 66
1997500 66
1998000 66
1998500 66
1999000 66
1999500 66
2000000 66
2000500 66
2001000 66
2001500 66
2002000 66
2002500 66
2003000 66
2003500 66
2004000 66
2004500 66
2005000 66
2005500 66
2006000 66
2006500 66
2007000 66
2007500 66
2008000 66
2008500 66
2009000 66
2009500 66
2010000 66
2010500 66
2011000 66
2011500 66
2012000 66
2012500 66
2013000 66
2013500 66
2014000 66
2014500 66
2015000 66
2015500 66
2016000 66
2016500 66
2017000 66
2017500 66
2018000 66
2018500 66
2019000 66
2019500 66
2020000 66
2020500 66
2021000 66
2021500 66
2022000 66
2022500 66
2023000 66
2023500 66
2024000 66
2024500 66
2025000 66
2025500 66
2026000 66
2026500 66
2027000 66
2027500 66
2028000 66
2028500 66
2029000 66
2029500 66
2030000 66
2030500 66
2031000 66
2031500 66
2032000 66
2032500 66
2033000 66
2033500 66
2034000 66
2034500 66
2035000 66
2035500 66
2036000 66
2036500 66
2037000 66
2037500 66
2038000 66
2038500 66
2039000 66
2039500 66
2040000 66
2040500 66
2041000 66
2041500 66
2042000 66
2042500 66
2043000 66
2043500 66
2044000 66
2044500 66
2045000 66
2045500 66
2046000 66
2046500 66
2047000 66
2047500 66
2048000 66
2048500 66
2049000 66
2049500 66
2050000 66
2050500 66
2051000 66
2051500 66
2052000 66
2052500 66
2053000 66
2053500 66
2054000 66
2054500 66
2055000 66
2055500 66
2056000 66
2056500 66
2057000 66
2057500 66
2058000 66
2058500 66
2059000 66
2059500 66
2060000 66
2060500 66
2061000 66
2061500 66
2062000 66
2062500 66
2063000 66
2063500 66
2064000 66
2064500 66
2065000 66
2065500 66
2066000 66
2066500 66
2067000 66
2067500 66
2068000 66
2068500 66
2069000 66
2069500 66
2070000 66
2070500 66
2071000 66
2071500 66
2072000 66
2072500 66
2073000 66
2073500 66
2074000 66
2074500 66
2075000 66
2075500 66
2076000 66
2076500 66
2077000 66
2077500 66
2078000 66
2078500 66
2079000 66
2079500 66
2080000 66
2080500 66
2081000 66
2081500 66
2082000 66
2082500 66
2083000 66
2083500 66
2084000 66
2084500 66
2085000 66
2085500 66
2086000 66
2086500 66
2087000 66
2087500 66
2088000 66
2088500 66
2089000 66
2089500 66
2090000 66
2090500 66
2091000 66
2091500 66
2092000 66
2092500 66
2093000 66
2093500 66
2094000 66
2094500 66
2095000 66
2095500 66
2096000 66
2096500 66
2097000 66
2097500 66
2098000 66
2098500 66
2099000 66
2099500 66
2100000 66
2100500 66
2101000 66
2101500 66
2102000 66
2102500 66
2103000 66
2103500 66
2104000 66
2104500 66
2105000 66
2105500 66
2106000 66
2106500 66
2107000 66
2107500 66
2108000 66
2108500 66
2109000 66
2109500 66
2110000 66
2110500 66
2111000 66
2111500 66
2112000 66
2112500 66
2113000 66
2113500 66
2114000 66
2114500 66
2115000 66
2115500 66
2116000 66
2116500 66
2117000 66
2117500 66
2118000 66
2118500 66
2119000 66
2119500 66
2120000 66
2120500 66
2121000 66
2121500 66
2122000 66
2122500 66
2123000 66
2123500 66
2124000 66
2124500 66
2125000 66
2125500 66
2126000 66
2126500 66
2127000 66
2127500 66
2128000 66
2128500 66
2129000 66
2129500 66
2130000 66
2130500 66
2131000 66
2131500 66
2132000 66
2132500 66
2133000 66
2133500 66
2134000 66
2134500 66
2135000 66
2135500 66
2136000 66
2136500 66
2137000 66
2137500 66
2138000 66
2138500 66
2139000 66
2139500 66
2140000 66
2140500 66
2141000 66
2141500 66
2142000 66
2142500 66
2143000 66
2143500 66
2144000 66
2144500 66
2145000 66
2145500 66
2146000 66
2146500 66
2147000 66
2147500 66
2148000 66
2148500 66
2149000 66
2149500 66
2150000 66
2150500 66
2151000 66
2151500 66
2152000 66
2152500 66
2153000 66
2153500 66
2154000 66
2154500 66
2155000 66
2155500 66
2156000 66
2156500 66
2157000 66
2157500 66
2158000 66
2158500 66
2159000 66
2159500 66
2160000 66
2160500 66
2161000 66
2161500 66
2162000 66
2162500 66
2163000 66
2163500 66
2164000 66
2164500 66
2165000 66
2165500 66
2166000 66
2166500 66
2167000 66
2167500 66
2168000 66
2168500 66
2169000 66
2169500 66
2170000 66
2170500 66
2171000 66
2171500 66
2172000 66
2172500 66
2173000 66
2173500 66
2174000 66
2174500 66
2175000 66
2175500 66
2176000 66
2176500 66
2177000 66
2177500 66
2178000 66
2178500 66
2179000 66
2179500 66
2180000 66
2180500 66
2181000 66
2181500 66
2182000 66
2182500 66
2183000 66
2183500 66
2184000 66
2184500 66
2185000 66
2185500 66
2186000 66
2186500 66
2187000 66
2187500 66
2188000 66
2188500 66
2189000 66
2189500 66
2190000 66
2190500 66
2191000 66
2191500 66
2192000 66
2192500 66
2193000 66
2193500 66
2194000 66
2194500 66
2195000 66
2195500 66
2196000 66
2196500 66
2197000 66
2197500 66
2198000 66
2198500 66
2199000 66
2199500 66
2200000 66
2200500 66
2201000 66
2201500 66
2202000 66
2202500 66
2203000 66
2203500 66
2204000 66
2204500 66
2205000 66
2205500 66
2206000 66
2206500 66
2207000 66
2207500 66
2208000 66
2208500 66
2209000 66
2209500 66
2210000 66
2210500 66
2211000 66
2211500 66
2212000 66
2212500 66
2213000 66
2213500 66
2214000 66
2214500 66
2215000 66
2215500 66
2216000 66
2216500 66
2217000 66
2217500 66
2218000 66
2218500 66
2219000 66
2219500 66
2220000 66
2220500 66
2221000 66
2221500 66
2222000 66
2222500 66
2223000 66
2223500 66
2224000 66
2224500 66
2225000 66
2225500 66
2226000 66
2226500 66
2227000 66
2227500 66
2228000 66
2228500 66
2229000 66
2229500 66
2230000 66
2230500 66
2231000 66
2231500 66
2232000 66
2232500 66
2233000 66
2233500 66
2234000 66
2234500 66
2235000 66
2235500 66
2236000 66
2236500 66
2237000 66
2237500 66
2238000 66
2238500 66
2239000 66
2239500 66
2240000 66
2240500 66
2241000 66
2241500 66
2242000 66
2242500 66
2243000 66
2243500 66
2244000 66
2244500 66
2245000 66
2245500 66
2246000 66
2246500 66
2247000 66
2247500 66
2248000 66
2248500 66
2249000 66
2249500 66
2250000 66
2250500 66
2251000 66
2251500 66
2252000 66
2252500 66
2253000 66
2253500 66
2254000 66
2254500 66
2255000 66
2255500 66
2256000 66
2256500 66
2257000 66
