500 136
1000 136
1500 136
2000 136
2500 136
3000 136
3500 136
4000 136
4500 136
5000 136
5500 136
6000 136
6500 136
7000 136
7500 136
8000 136
8500 136
9000 136
9500 136
10000 136
10500 136
11000 136
11500 136
12000 136
12500 136
13000 136
13500 136
14000 136
14500 136
15000 136
15500 136
16000 136
16500 136
17000 136
17500 136
18000 136
18500 136
19000 136
19500 136
20000 136
20500 136
21000 136
21500 136
22000 136
22500 136
23000 136
23500 136
24000 136
24500 136
25000 136
25500 136
26000 136
26500 136
27000 136
27500 136
28000 136
28500 136
29000 136
29500 136
30000 136
30500 136
31000 136
31500 136
32000 136
32500 136
33000 136
33500 136
34000 136
34500 136
35000 136
35500 136
36000 136
36500 136
37000 136
37500 136
38000 136
38500 136
39000 136
39500 136
40000 136
40500 136
41000 136
41500 136
42000 136
42500 136
43000 136
43500 136
44000 136
44500 136
45000 136
45500 136
46000 136
46500 136
47000 136
47500 136
48000 136
48500 136
49000 136
49500 136
50000 136
50500 136
51000 136
51500 136
52000 136
52500 136
53000 136
53500 136
54000 136
54500 136
55000 136
55500 136
56000 136
56500 136
57000 136
57500 136
58000 136
58500 136
59000 136
59500 136
60000 136
60500 136
61000 136
61500 136
62000 136
62500 136
63000 136
63500 136
64000 136
64500 136
65000 136
65500 136
66000 136
66500 136
67000 136
67500 136
68000 136
68500 136
69000 136
69500 136
70000 136
70500 136
71000 136
71500 136
72000 136
72500 136
73000 136
73500 136
74000 136
74500 136
75000 136
75500 136
76000 136
76500 136
77000 136
77500 136
78000 136
78500 136
79000 136
79500 136
80000 136
80500 136
81000 136
81500 136
82000 136
82500 136
83000 136
83500 136
84000 136
84500 136
85000 136
85500 136
86000 136
86500 136
87000 136
87500 136
88000 136
88500 136
89000 136
89500 136
90000 136
90500 136
91000 136
91500 136
92000 136
92500 136
93000 136
93500 136
94000 136
94500 136
95000 136
95500 136
96000 136
96500 136
97000 136
97500 136
98000 136
98500 136
99000 136
99500 136
100000 136
100500 136
101000 136
101500 136
102000 136
102500 136
103000 136
103500 136
104000 136
104500 136
105000 136
105500 136
106000 136
106500 136
107000 136
107500 136
108000 136
108500 136
109000 136
109500 136
110000 136
110500 136
111000 136
111500 136
112000 136
112500 136
113000 136
113500 136
114000 136
114500 136
115000 136
115500 136
116000 136
116500 136
117000 136
117500 136
118000 136
118500 136
119000 136
119500 136
120000 136
120500 136
121000 136
121500 136
122000 136
122500 136
123000 136
123500 136
124000 136
124500 136
125000 136
125500 136
126000 136
126500 136
127000 136
127500 136
128000 136
128500 136
129000 136
129500 136
130000 136
130500 136
131000 136
131500 136
132000 136
132500 136
133000 136
133500 136
134000 136
134500 136
135000 136
135500 136
136000 136
136500 136
137000 136
137500 136
138000 136
138500 136
139000 136
139500 136
140000 136
140500 136
141000 136
141500 136
142000 136
142500 136
143000 136
143500 136
144000 136
144500 136
145000 136
145500 136
146000 136
146500 136
147000 136
147500 136
148000 136
148500 136
149000 136
149500 136
150000 136
150500 136
151000 136
151500 136
152000 136
152500 136
153000 136
153500 136
154000 136
154500 136
155000 136
155500 136
156000 136
156500 136
157000 136
157500 136
158000 136
158500 136
159000 136
159500 136
160000 136
160500 136
161000 136
161500 136
162000 136
162500 136
163000 136
163500 136
164000 136
164500 136
165000 136
165500 136
166000 136
166500 136
167000 136
167500 136
168000 136
168500 136
169000 136
169500 136
170000 136
170500 136
171000 136
171500 136
172000 136
172500 136
173000 136
173500 136
174000 136
174500 136
175000 136
175500 136
176000 136
176500 136
177000 136
177500 136
178000 136
178500 136
179000 136
179500 136
180000 136
180500 136
181000 136
181500 136
182000 136
182500 136
183000 136
183500 136
184000 136
184500 136
185000 136
185500 136
186000 136
186500 136
187000 136
187500 136
188000 136
188500 136
189000 136
189500 136
190000 136
190500 136
191000 136
191500 136
192000 136
192500 136
193000 136
193500 136
194000 136
194500 136
195000 136
195500 136
196000 136
196500 136
197000 136
197500 136
198000 136
198500 136
199000 136
199500 136
200000 136
200500 136
201000 136
201500 136
202000 136
202500 136
203000 136
203500 136
204000 136
204500 136
205000 136
205500 136
206000 136
206500 136
207000 136
207500 136
208000 136
208500 136
209000 136
209500 136
210000 136
210500 136
211000 136
211500 136
212000 136
212500 136
213000 136
213500 136
214000 136
214500 136
215000 136
215500 136
216000 136
216500 136
217000 136
217500 136
218000 136
218500 136
219000 136
219500 136
220000 136
220500 136
221000 136
221500 136
222000 136
222500 136
223000 136
223500 136
224000 136
224500 136
225000 136
225500 136
226000 136
226500 136
227000 136
227500 136
228000 136
228500 136
229000 136
229500 136
230000 136
230500 136
231000 136
231500 136
232000 136
232500 136
233000 136
233500 136
234000 136
234500 136
235000 136
235500 136
236000 136
236500 136
237000 136
237500 136
238000 136
238500 136
239000 136
239500 136
240000 136
240500 136
241000 136
241500 136
242000 136
242500 136
243000 136
243500 136
244000 136
244500 136
245000 136
245500 136
246000 136
246500 136
247000 136
247500 136
248000 136
248500 136
249000 136
249500 136
250000 136
250500 136
251000 136
251500 136
252000 136
252500 136
253000 136
253500 136
254000 136
254500 136
255000 136
255500 136
256000 136
256500 136
257000 136
257500 136
258000 136
258500 136
259000 136
259500 136
260000 136
260500 136
261000 136
261500 136
262000 136
262500 136
263000 136
263500 136
264000 136
264500 136
265000 136
265500 136
266000 136
266500 136
267000 136
267500 136
268000 136
268500 136
269000 136
269500 136
270000 136
270500 136
271000 136
271500 136
272000 136
272500 136
273000 136
273500 136
274000 136
274500 136
275000 136
275500 136
276000 136
276500 136
277000 136
277500 136
278000 136
278500 136
279000 136
279500 136
280000 136
280500 136
281000 136
281500 136
282000 136
282500 136
283000 136
283500 136
284000 136
284500 136
285000 136
285500 136
286000 136
286500 136
287000 136
287500 136
288000 136
288500 136
289000 136
289500 136
290000 136
290500 136
291000 136
291500 136
292000 136
292500 136
293000 136
293500 136
294000 136
294500 136
295000 136
295500 136
296000 136
296500 136
297000 136
297500 136
298000 136
298500 136
299000 136
299500 136
300000 136
300500 136
301000 136
301500 136
302000 136
302500 136
303000 136
303500 136
304000 136
304500 136
305000 136
305500 136
306000 136
306500 136
307000 136
307500 136
308000 136
308500 136
309000 136
309500 136
310000 136
310500 136
311000 136
311500 136
312000 136
312500 136
313000 136
313500 136
314000 136
314500 136
315000 136
315500 136
316000 136
316500 136
317000 136
317500 136
318000 136
318500 136
319000 136
319500 136
320000 136
320500 136
321000 136
321500 136
322000 136
322500 136
323000 136
323500 136
324000 136
324500 136
325000 136
325500 136
326000 136
326500 136
327000 136
327500 136
328000 136
328500 136
329000 136
329500 136
330000 136
330500 136
331000 136
331500 136
332000 136
332500 136
333000 136
333500 136
334000 136
334500 136
335000 136
335500 136
336000 136
336500 136
337000 136
337500 136
338000 136
338500 136
339000 136
339500 136
340000 136
340500 136
341000 136
341500 136
342000 136
342500 136
343000 136
343500 136
344000 136
344500 136
345000 136
345500 136
346000 136
346500 136
347000 136
347500 136
348000 136
348500 136
349000 136
349500 136
350000 132
350500 132
351000 132
351500 132
352000 132
352500 132
353000 132
353500 132
354000 132
354500 132
355000 132
355500 132
356000 132
356500 132
357000 132
357500 132
358000 132
358500 132
359000 132
359500 132
360000 132
360500 132
361000 132
361500 132
362000 132
362500 132
363000 132
363500 132
364000 132
364500 132
365000 132
365500 132
366000 132
366500 132
367000 132
367500 132
368000 132
368500 132
369000 132
369500 132
370000 132
370500 132
371000 132
371500 132
372000 132
372500 132
373000 132
373500 132
374000 132
374500 132
375000 132
375500 132
376000 132
376500 132
377000 132
377500 132
378000 132
378500 132
379000 132
379500 132
380000 126
380500 126
381000 126
381500 126
382000 126
382500 126
383000 126
383500 126
384000 126
384500 126
385000 126
385500 126
386000 126
386500 126
387000 126
387500 126
388000 126
388500 126
389000 126
389500 126
390000 126
390500 126
391000 126
391500 126
392000 126
392500 126
393000 126
393500 126
394000 126
394500 126
395000 126
395500 126
396000 126
396500 126
397000 126
397500 126
398000 126
398500 126
399000 126
399500 126
400000 126
400500 126
401000 126
401500 126
402000 126
402500 126
403000 126
403500 126
404000 126
404500 126
405000 126
405500 126
406000 126
406500 126
407000 126
407500 126
408000 126
408500 126
409000 126
409500 126
410000 126
410500 126
411000 126
411500 126
412000 126
412500 126
413000 126
413500 126
414000 126
414500 126
415000 126
415500 126
416000 126
416500 126
417000 126
417500 126
418000 126
418500 126
419000 126
419500 126
420000 126
420500 126
421000 126
421500 126
422000 126
422500 126
423000 126
423500 126
424000 126
424500 126
425000 126
425500 126
426000 126
426500 126
427000 126
427500 126
428000 126
428500 126
429000 126
429500 126
430000 126
430500 126
431000 126
431500 126
432000 126
432500 126
433000 126
433500 126
434000 126
434500 126
435000 126
435500 126
436000 126
436500 126
437000 126
437500 126
438000 126
438500 126
439000 126
439500 126
440000 126
440500 126
441000 126
441500 126
442000 126
442500 126
443000 126
443500 126
444000 126
444500 126
445000 126
445500 126
446000 126
446500 126
447000 126
447500 126
448000 126
448500 126
449000 126
449500 126
450000 126
450500 126
451000 126
451500 126
452000 126
452500 126
453000 126
453500 126
454000 126
454500 126
455000 126
455500 126
456000 126
456500 126
457000 126
457500 126
458000 126
458500 126
459000 126
459500 126
460000 126
460500 126
461000 126
461500 126
462000 126
462500 126
463000 126
463500 126
464000 126
464500 126
465000 126
465500 126
466000 126
466500 126
467000 126
467500 126
468000 126
468500 126
469000 126
469500 126
470000 126
470500 126
471000 126
471500 126
472000 126
472500 126
473000 126
473500 126
474000 126
474500 126
475000 126
475500 126
476000 126
476500 126
477000 126
477500 126
478000 126
478500 126
479000 126
479500 126
480000 126
480500 126
481000 126
481500 126
482000 126
482500 126
483000 126
483500 126
484000 126
484500 124
485000 124
485500 124
486000 124
486500 120
487000 120
487500 120
488000 120
488500 120
489000 120
489500 120
490000 120
490500 120
491000 120
491500 120
492000 120
492500 120
493000 120
493500 120
494000 120
494500 120
495000 120
495500 120
496000 120
496500 120
497000 120
497500 120
498000 120
498500 120
499000 120
499500 120
500000 120
500500 120
501000 120
501500 120
502000 120
502500 120
503000 120
503500 120
504000 120
504500 120
505000 120
505500 120
506000 120
506500 120
507000 120
507500 120
508000 120
508500 120
509000 120
509500 120
510000 120
510500 120
511000 120
511500 120
512000 120
512500 120
513000 120
513500 120
514000 120
514500 120
515000 120
515500 120
516000 120
516500 120
517000 120
517500 120
518000 120
518500 120
519000 120
519500 120
520000 120
520500 120
521000 120
521500 120
522000 120
522500 120
523000 120
523500 120
524000 120
524500 120
525000 120
525500 120
526000 120
526500 120
527000 120
527500 120
528000 120
528500 120
529000 120
529500 120
530000 120
530500 120
531000 120
531500 120
532000 120
532500 120
533000 120
533500 120
534000 120
534500 120
535000 120
535500 120
536000 120
536500 120
537000 120
537500 120
538000 120
538500 120
539000 120
539500 120
540000 120
540500 120
541000 120
541500 120
542000 120
542500 120
543000 120
543500 120
544000 120
544500 120
545000 120
545500 120
546000 120
546500 120
547000 120
547500 120
548000 120
548500 120
549000 120
549500 120
550000 120
550500 120
551000 120
551500 120
552000 120
552500 120
553000 120
553500 120
554000 120
554500 120
555000 118
555500 118
556000 118
556500 118
557000 118
557500 116
558000 116
558500 116
559000 116
559500 116
560000 116
560500 116
561000 116
561500 116
562000 116
562500 116
563000 116
563500 116
564000 116
564500 116
565000 116
565500 116
566000 116
566500 116
567000 116
567500 116
568000 116
568500 116
569000 116
569500 116
570000 116
570500 116
571000 116
571500 116
572000 116
572500 116
573000 116
573500 116
574000 116
574500 116
575000 116
575500 116
576000 116
576500 116
577000 116
577500 116
578000 116
578500 116
579000 116
579500 116
580000 116
580500 116
581000 116
581500 116
582000 116
582500 116
583000 116
583500 116
584000 116
584500 116
585000 116
585500 116
586000 116
586500 116
587000 116
587500 116
588000 116
588500 116
589000 116
589500 116
590000 116
590500 116
591000 116
591500 116
592000 116
592500 116
593000 116
593500 116
594000 116
594500 116
595000 116
595500 116
596000 116
596500 116
597000 116
597500 116
598000 116
598500 116
599000 116
599500 116
600000 110
600500 110
601000 110
601500 110
602000 110
602500 110
603000 110
603500 110
604000 110
604500 110
605000 110
605500 110
606000 110
606500 110
607000 110
607500 110
608000 110
608500 110
609000 110
609500 110
610000 110
610500 110
611000 110
611500 110
612000 110
612500 110
613000 110
613500 110
614000 110
614500 110
615000 110
615500 110
616000 110
616500 110
617000 110
617500 110
618000 110
618500 110
619000 110
619500 110
620000 110
620500 110
621000 110
621500 110
622000 110
622500 110
623000 110
623500 110
624000 110
624500 110
625000 110
625500 110
626000 110
626500 110
627000 110
627500 110
628000 110
628500 110
629000 110
629500 110
630000 110
630500 110
631000 110
631500 110
632000 110
632500 110
633000 110
633500 110
634000 110
634500 110
635000 110
635500 110
636000 110
636500 110
637000 110
637500 110
638000 110
638500 110
639000 110
639500 110
640000 110
640500 110
641000 110
641500 110
642000 110
642500 110
643000 110
643500 110
644000 110
644500 110
645000 110
645500 110
646000 110
646500 110
647000 110
647500 110
648000 110
648500 110
649000 110
649500 110
650000 110
650500 110
651000 110
651500 110
652000 110
652500 110
653000 110
653500 110
654000 110
654500 110
655000 110
655500 110
656000 110
656500 110
657000 110
657500 110
658000 110
658500 110
659000 110
659500 110
660000 110
660500 110
661000 110
661500 110
662000 110
662500 110
663000 110
663500 110
664000 110
664500 110
665000 110
665500 110
666000 110
666500 110
667000 110
667500 110
668000 110
668500 110
669000 110
669500 110
670000 110
670500 110
671000 110
671500 110
672000 110
672500 110
673000 110
673500 110
674000 110
674500 110
675000 110
675500 110
676000 110
676500 110
677000 110
677500 110
678000 110
678500 110
679000 110
679500 110
680000 110
680500 110
681000 110
681500 110
682000 110
682500 110
683000 110
683500 110
684000 110
684500 110
685000 110
685500 110
686000 110
686500 110
687000 110
687500 110
688000 110
688500 110
689000 110
689500 110
690000 110
690500 110
691000 110
691500 110
692000 110
692500 110
693000 110
693500 110
694000 110
694500 110
695000 110
695500 110
696000 110
696500 110
697000 110
697500 110
698000 110
698500 110
699000 110
699500 110
700000 110
700500 110
701000 110
701500 110
702000 110
702500 110
703000 110
703500 110
704000 110
704500 110
705000 110
705500 110
706000 110
706500 110
707000 110
707500 110
708000 110
708500 110
709000 110
709500 110
710000 110
710500 110
711000 110
711500 110
712000 110
712500 110
713000 110
713500 110
714000 110
714500 110
715000 110
715500 110
716000 110
716500 110
717000 110
717500 110
718000 110
718500 110
719000 110
719500 110
720000 110
720500 110
721000 110
721500 110
722000 110
722500 110
723000 110
723500 110
724000 110
724500 110
725000 110
725500 110
726000 110
726500 110
727000 110
727500 110
728000 110
728500 110
729000 110
729500 110
730000 110
730500 110
731000 110
731500 110
732000 110
732500 110
733000 110
733500 110
734000 110
734500 110
735000 110
735500 110
736000 110
736500 110
737000 110
737500 110
738000 110
738500 110
739000 110
739500 110
740000 110
740500 110
741000 110
741500 110
742000 110
742500 110
743000 110
743500 110
744000 110
744500 110
745000 110
745500 110
746000 110
746500 110
747000 110
747500 110
748000 110
748500 110
749000 110
749500 110
750000 110
750500 110
751000 110
751500 110
752000 110
752500 110
753000 110
753500 110
754000 110
754500 110
755000 110
755500 110
756000 110
756500 110
757000 110
757500 110
758000 110
758500 110
759000 110
759500 110
760000 110
760500 110
761000 110
761500 110
762000 110
762500 110
763000 110
763500 110
764000 110
764500 110
765000 110
765500 110
766000 110
766500 110
767000 110
767500 110
768000 110
768500 110
769000 110
769500 110
770000 110
770500 110
771000 110
771500 110
772000 110
772500 110
773000 110
773500 110
774000 110
774500 110
775000 110
775500 110
776000 110
776500 110
777000 110
777500 110
778000 110
778500 110
779000 110
779500 110
780000 110
780500 110
781000 110
781500 110
782000 110
782500 110
783000 110
783500 110
784000 110
784500 110
785000 110
785500 110
786000 110
786500 110
787000 110
787500 110
788000 110
788500 110
789000 110
789500 110
790000 110
790500 110
791000 110
791500 110
792000 110
792500 110
793000 110
793500 110
794000 110
794500 110
795000 110
795500 110
796000 110
796500 110
797000 110
797500 110
798000 110
798500 110
799000 110
799500 110
800000 110
800500 110
801000 110
801500 110
802000 110
802500 110
803000 110
803500 110
804000 110
804500 110
805000 110
805500 110
806000 110
806500 110
807000 110
807500 110
808000 110
808500 110
809000 110
809500 110
810000 110
810500 110
811000 110
811500 110
812000 110
812500 110
813000 110
813500 110
814000 110
814500 110
815000 110
815500 110
816000 110
816500 110
817000 110
817500 110
818000 110
818500 110
819000 110
819500 110
820000 110
820500 110
821000 110
821500 110
822000 110
822500 110
823000 110
823500 110
824000 110
824500 110
825000 110
825500 110
826000 110
826500 110
827000 110
827500 110
828000 110
828500 110
829000 110
829500 110
830000 110
830500 110
831000 110
831500 110
832000 110
832500 110
833000 110
833500 110
834000 110
834500 110
835000 110
835500 110
836000 110
836500 110
837000 110
837500 110
838000 110
838500 110
839000 110
839500 110
840000 110
840500 110
841000 110
841500 110
842000 110
842500 110
843000 110
843500 110
844000 110
844500 110
845000 110
845500 110
846000 110
846500 110
847000 110
847500 110
848000 110
848500 110
849000 110
849500 110
850000 110
850500 110
851000 110
851500 110
852000 110
852500 110
853000 110
853500 110
854000 110
854500 110
855000 110
855500 110
856000 110
856500 110
857000 110
857500 110
858000 110
858500 110
859000 110
859500 110
860000 110
860500 110
861000 110
861500 110
862000 110
862500 110
863000 110
863500 110
864000 110
864500 110
865000 110
865500 110
866000 110
866500 110
867000 110
867500 110
868000 110
868500 110
869000 110
869500 110
870000 110
870500 110
871000 110
871500 110
872000 110
872500 110
873000 110
873500 110
874000 110
874500 110
875000 110
875500 110
876000 110
876500 110
877000 110
877500 110
878000 110
878500 110
879000 110
879500 110
880000 110
880500 110
881000 110
881500 110
882000 110
882500 110
883000 110
883500 110
884000 110
884500 110
885000 110
885500 110
886000 110
886500 110
887000 110
887500 110
888000 110
888500 110
889000 110
889500 110
890000 110
890500 110
891000 110
891500 110
892000 110
892500 110
893000 110
893500 110
894000 110
894500 110
895000 110
895500 110
896000 110
896500 110
897000 110
897500 110
898000 110
898500 110
899000 110
899500 110
900000 110
900500 110
901000 110
901500 110
902000 110
902500 110
903000 110
903500 110
904000 110
904500 110
905000 110
905500 110
906000 110
906500 110
907000 110
907500 110
908000 110
908500 110
909000 110
909500 110
910000 110
910500 110
911000 110
911500 110
912000 110
912500 110
913000 110
913500 110
914000 110
914500 110
915000 110
915500 110
916000 110
916500 110
917000 110
917500 110
918000 110
918500 110
919000 110
919500 110
920000 110
920500 110
921000 110
921500 110
922000 110
922500 110
923000 110
923500 110
924000 110
924500 110
925000 110
925500 110
926000 110
926500 110
927000 110
927500 110
928000 110
928500 110
929000 110
929500 110
930000 110
930500 110
931000 110
931500 110
932000 110
932500 110
933000 110
933500 110
934000 110
934500 110
935000 110
935500 110
936000 110
936500 110
937000 110
937500 110
938000 110
938500 110
939000 110
939500 110
940000 110
940500 110
941000 110
941500 110
942000 110
942500 110
943000 110
943500 110
944000 110
944500 110
945000 110
945500 110
946000 110
946500 110
947000 110
947500 110
948000 110
948500 110
949000 110
949500 110
950000 110
950500 110
951000 110
951500 110
952000 110
952500 110
953000 110
953500 110
954000 110
954500 110
955000 110
955500 110
956000 110
956500 110
957000 110
957500 110
958000 110
958500 110
959000 110
959500 110
960000 110
960500 110
961000 110
961500 110
962000 110
962500 110
963000 110
963500 110
964000 110
964500 110
965000 110
965500 110
966000 110
966500 110
967000 110
967500 110
968000 110
968500 110
969000 110
969500 110
970000 110
970500 110
971000 110
971500 110
972000 110
972500 110
973000 110
973500 110
974000 110
974500 110
975000 110
975500 110
976000 110
976500 110
977000 110
977500 110
978000 110
978500 110
979000 110
979500 110
980000 110
980500 110
981000 110
981500 110
982000 110
982500 110
983000 110
983500 110
984000 110
984500 110
985000 110
985500 110
986000 110
986500 110
987000 110
987500 110
988000 110
988500 110
989000 110
989500 110
990000 110
990500 110
991000 110
991500 110
992000 110
992500 110
993000 110
993500 110
994000 110
994500 110
995000 110
995500 110
996000 110
996500 110
997000 110
997500 110
998000 110
998500 110
999000 110
999500 110
1000000 110
1000500 110
1001000 110
1001500 110
1002000 110
1002500 110
1003000 110
1003500 110
1004000 110
1004500 110
1005000 110
1005500 110
1006000 110
1006500 110
1007000 110
1007500 110
1008000 110
1008500 110
1009000 110
1009500 110
1010000 110
1010500 110
1011000 110
1011500 110
1012000 110
1012500 110
1013000 110
1013500 110
1014000 110
1014500 110
1015000 110
1015500 110
1016000 110
1016500 110
1017000 110
1017500 110
1018000 110
1018500 110
1019000 110
1019500 110
1020000 110
1020500 110
1021000 110
1021500 110
1022000 110
1022500 110
1023000 110
1023500 110
1024000 110
1024500 110
1025000 110
1025500 110
1026000 110
1026500 110
1027000 110
1027500 110
1028000 110
1028500 110
1029000 110
1029500 110
1030000 110
1030500 110
1031000 110
1031500 110
1032000 110
1032500 110
1033000 110
1033500 110
1034000 110
1034500 110
1035000 110
1035500 110
1036000 110
1036500 110
1037000 110
1037500 110
1038000 110
1038500 110
1039000 110
1039500 110
1040000 110
1040500 110
1041000 110
1041500 110
1042000 110
1042500 110
1043000 110
1043500 110
1044000 110
1044500 110
1045000 110
1045500 110
1046000 110
1046500 110
1047000 110
1047500 110
1048000 110
1048500 110
1049000 110
1049500 110
1050000 110
1050500 110
1051000 110
1051500 110
1052000 110
1052500 110
1053000 110
1053500 110
1054000 110
1054500 110
1055000 110
1055500 110
1056000 110
1056500 110
1057000 110
1057500 110
1058000 110
1058500 110
1059000 110
1059500 110
1060000 110
1060500 110
1061000 110
1061500 110
1062000 110
1062500 110
1063000 110
1063500 110
1064000 110
1064500 110
1065000 110
1065500 110
1066000 110
1066500 110
1067000 110
1067500 110
1068000 110
1068500 110
1069000 110
1069500 110
1070000 110
1070500 110
1071000 110
1071500 110
1072000 110
1072500 110
1073000 110
1073500 110
1074000 110
1074500 110
1075000 110
1075500 110
1076000 110
1076500 110
1077000 110
1077500 110
1078000 110
1078500 110
1079000 110
1079500 110
1080000 110
1080500 110
1081000 110
1081500 110
1082000 110
1082500 110
1083000 110
1083500 110
1084000 110
1084500 110
1085000 110
1085500 110
1086000 110
1086500 110
1087000 110
1087500 110
1088000 110
1088500 110
1089000 110
1089500 110
1090000 110
1090500 110
1091000 110
1091500 110
1092000 110
1092500 110
1093000 110
1093500 110
1094000 110
1094500 110
1095000 110
1095500 110
1096000 110
1096500 110
1097000 110
1097500 110
1098000 110
1098500 110
1099000 110
1099500 110
1100000 110
1100500 110
1101000 110
1101500 110
1102000 110
1102500 110
1103000 110
1103500 110
1104000 110
1104500 110
1105000 110
1105500 110
1106000 110
1106500 110
1107000 110
1107500 110
1108000 110
1108500 110
1109000 110
1109500 110
1110000 110
1110500 110
1111000 110
1111500 110
1112000 110
1112500 110
1113000 110
1113500 110
1114000 110
1114500 110
1115000 110
1115500 110
1116000 110
1116500 110
1117000 110
1117500 110
1118000 110
1118500 110
1119000 110
1119500 110
1120000 110
1120500 110
1121000 110
1121500 110
1122000 110
1122500 110
1123000 110
1123500 110
1124000 110
1124500 110
1125000 110
1125500 110
1126000 110
1126500 110
1127000 110
1127500 110
1128000 110
1128500 110
1129000 110
1129500 110
1130000 110
1130500 110
1131000 110
1131500 110
1132000 110
1132500 110
1133000 110
1133500 110
1134000 110
1134500 110
1135000 110
1135500 110
1136000 110
1136500 110
1137000 110
1137500 110
1138000 110
1138500 110
1139000 110
1139500 110
1140000 110
1140500 110
1141000 110
1141500 110
1142000 110
1142500 110
1143000 110
1143500 110
1144000 110
1144500 110
1145000 110
1145500 110
1146000 110
1146500 110
1147000 110
1147500 110
1148000 110
1148500 110
1149000 110
1149500 110
1150000 110
1150500 110
1151000 110
1151500 110
1152000 110
1152500 110
1153000 110
1153500 110
1154000 110
1154500 110
1155000 110
1155500 110
1156000 110
1156500 110
1157000 110
1157500 110
1158000 110
1158500 110
1159000 110
1159500 110
1160000 110
1160500 110
1161000 110
1161500 110
1162000 110
1162500 110
1163000 110
1163500 110
1164000 110
1164500 110
1165000 110
1165500 110
1166000 110
1166500 110
1167000 110
1167500 110
1168000 110
1168500 110
1169000 110
1169500 110
1170000 110
1170500 110
1171000 110
1171500 110
1172000 110
1172500 110
1173000 110
1173500 110
1174000 110
1174500 110
1175000 110
1175500 110
1176000 110
1176500 110
1177000 110
1177500 110
1178000 110
1178500 110
1179000 110
1179500 110
1180000 110
1180500 110
1181000 110
1181500 110
1182000 110
1182500 110
1183000 110
1183500 110
1184000 110
1184500 110
1185000 110
1185500 110
1186000 110
1186500 110
1187000 110
1187500 110
1188000 110
1188500 110
1189000 110
1189500 110
1190000 110
1190500 110
1191000 110
1191500 110
1192000 110
1192500 110
1193000 110
1193500 110
1194000 110
1194500 110
1195000 110
1195500 110
1196000 110
1196500 110
1197000 110
1197500 110
1198000 110
1198500 110
1199000 110
1199500 110
1200000 110
1200500 110
1201000 110
1201500 110
1202000 110
1202500 110
1203000 110
1203500 110
1204000 110
1204500 110
1205000 110
1205500 110
1206000 110
1206500 110
1207000 110
1207500 110
1208000 110
1208500 110
1209000 110
1209500 110
1210000 110
1210500 110
1211000 110
1211500 110
1212000 110
1212500 110
1213000 110
1213500 110
1214000 110
1214500 110
1215000 110
1215500 110
1216000 110
1216500 110
1217000 110
1217500 110
1218000 110
1218500 110
1219000 110
1219500 110
1220000 110
1220500 110
1221000 110
1221500 110
1222000 110
1222500 110
1223000 110
1223500 110
1224000 110
1224500 110
1225000 110
1225500 110
1226000 110
1226500 110
1227000 110
1227500 110
1228000 110
1228500 110
1229000 110
1229500 110
1230000 110
1230500 110
1231000 110
1231500 110
1232000 110
1232500 110
1233000 110
1233500 110
1234000 110
1234500 110
1235000 110
1235500 110
1236000 110
1236500 110
1237000 110
1237500 110
1238000 110
1238500 110
1239000 110
1239500 110
1240000 110
1240500 110
1241000 110
1241500 110
1242000 110
1242500 110
1243000 110
1243500 110
1244000 110
1244500 110
1245000 110
1245500 110
1246000 110
1246500 110
1247000 110
1247500 110
1248000 110
1248500 110
1249000 110
1249500 110
1250000 110
1250500 110
1251000 110
1251500 110
1252000 110
1252500 110
1253000 110
1253500 110
1254000 110
1254500 110
1255000 110
1255500 110
1256000 110
1256500 110
1257000 110
1257500 110
1258000 110
1258500 110
1259000 110
1259500 110
1260000 110
1260500 110
1261000 110
1261500 110
1262000 110
1262500 110
1263000 110
1263500 110
1264000 110
1264500 110
1265000 110
1265500 110
1266000 110
1266500 110
1267000 110
1267500 110
1268000 110
1268500 110
1269000 110
1269500 110
1270000 110
1270500 110
1271000 110
1271500 110
1272000 110
1272500 110
1273000 110
1273500 110
1274000 110
1274500 110
1275000 110
1275500 110
1276000 110
1276500 110
1277000 110
1277500 110
1278000 110
1278500 110
1279000 110
1279500 110
1280000 110
1280500 110
1281000 110
1281500 110
1282000 110
1282500 110
1283000 110
1283500 110
1284000 110
1284500 110
1285000 110
1285500 110
1286000 110
1286500 110
1287000 110
1287500 110
1288000 110
1288500 110
1289000 110
1289500 110
1290000 110
1290500 110
1291000 110
1291500 110
1292000 110
1292500 110
1293000 110
1293500 110
1294000 110
1294500 110
1295000 110
1295500 110
1296000 110
1296500 110
1297000 110
1297500 110
1298000 110
1298500 110
1299000 110
1299500 110
1300000 110
1300500 110
1301000 110
1301500 110
1302000 110
1302500 110
1303000 110
1303500 110
1304000 110
1304500 110
1305000 110
1305500 110
1306000 110
1306500 110
1307000 110
1307500 110
1308000 110
1308500 110
1309000 110
1309500 110
1310000 110
1310500 110
1311000 110
1311500 110
1312000 110
1312500 110
1313000 110
1313500 110
1314000 110
1314500 110
1315000 110
1315500 110
1316000 110
1316500 110
1317000 110
1317500 110
1318000 110
1318500 110
1319000 110
1319500 110
1320000 110
1320500 110
1321000 110
1321500 110
1322000 110
1322500 110
1323000 110
1323500 110
1324000 110
1324500 110
1325000 110
1325500 110
1326000 110
1326500 110
1327000 110
1327500 110
1328000 110
1328500 110
1329000 110
1329500 110
1330000 110
1330500 110
1331000 110
1331500 110
1332000 110
1332500 110
1333000 110
1333500 110
1334000 110
1334500 110
1335000 110
1335500 110
1336000 110
1336500 110
1337000 110
1337500 110
1338000 110
1338500 110
1339000 110
1339500 110
1340000 110
1340500 110
1341000 110
1341500 110
1342000 110
1342500 110
1343000 110
1343500 110
1344000 110
1344500 110
1345000 110
1345500 110
1346000 110
1346500 110
1347000 110
1347500 110
1348000 110
1348500 110
1349000 110
1349500 110
1350000 110
1350500 110
1351000 110
1351500 110
1352000 110
1352500 110
1353000 110
1353500 110
1354000 110
1354500 110
1355000 110
1355500 110
1356000 110
1356500 110
1357000 110
1357500 110
1358000 110
1358500 110
1359000 110
1359500 110
1360000 110
1360500 110
1361000 110
1361500 110
1362000 110
1362500 110
1363000 110
1363500 110
1364000 110
1364500 110
1365000 110
1365500 110
1366000 110
1366500 110
1367000 110
1367500 110
1368000 110
1368500 110
1369000 110
1369500 110
1370000 110
1370500 110
1371000 110
1371500 110
1372000 110
1372500 110
1373000 110
1373500 110
1374000 110
1374500 110
1375000 110
1375500 110
1376000 110
1376500 110
1377000 110
1377500 110
1378000 110
1378500 110
1379000 110
1379500 110
1380000 110
1380500 110
1381000 110
1381500 110
1382000 110
1382500 110
1383000 110
1383500 110
1384000 110
1384500 110
1385000 110
1385500 110
1386000 110
1386500 110
1387000 110
1387500 110
1388000 110
1388500 110
1389000 110
1389500 110
1390000 110
1390500 110
1391000 110
1391500 110
1392000 110
1392500 110
1393000 110
1393500 110
1394000 110
1394500 110
1395000 110
1395500 110
1396000 110
1396500 110
1397000 110
1397500 110
1398000 110
1398500 110
1399000 110
1399500 110
1400000 110
1400500 110
1401000 110
1401500 110
1402000 110
1402500 110
1403000 110
1403500 110
1404000 110
1404500 110
1405000 110
1405500 110
1406000 110
1406500 110
1407000 110
1407500 110
1408000 110
1408500 110
1409000 110
1409500 110
1410000 110
1410500 110
1411000 110
1411500 110
1412000 110
1412500 110
1413000 110
1413500 110
1414000 110
1414500 110
1415000 110
1415500 110
1416000 110
1416500 110
1417000 110
1417500 110
1418000 110
1418500 110
1419000 110
1419500 110
1420000 110
1420500 110
1421000 110
1421500 110
1422000 110
1422500 110
1423000 110
1423500 110
1424000 110
1424500 110
1425000 110
1425500 110
1426000 110
1426500 110
1427000 110
1427500 110
1428000 110
1428500 110
1429000 110
1429500 110
1430000 110
1430500 110
1431000 110
1431500 110
1432000 110
1432500 110
1433000 110
1433500 110
1434000 110
1434500 110
1435000 110
1435500 110
1436000 110
1436500 110
1437000 110
1437500 110
1438000 110
1438500 110
1439000 110
1439500 110
1440000 110
1440500 110
1441000 110
1441500 110
1442000 110
1442500 110
1443000 110
1443500 110
1444000 110
1444500 110
1445000 110
1445500 110
1446000 110
1446500 110
1447000 110
1447500 110
1448000 110
1448500 110
1449000 110
1449500 110
1450000 110
1450500 110
1451000 110
1451500 110
1452000 110
1452500 110
1453000 110
1453500 110
1454000 110
1454500 110
1455000 110
1455500 110
1456000 110
1456500 110
1457000 110
1457500 110
1458000 110
1458500 110
1459000 110
1459500 110
1460000 110
1460500 110
1461000 110
1461500 110
1462000 110
1462500 110
1463000 110
1463500 110
1464000 110
1464500 110
1465000 110
1465500 110
1466000 110
1466500 110
1467000 110
1467500 110
1468000 110
1468500 110
1469000 110
1469500 110
1470000 110
1470500 110
1471000 110
1471500 110
1472000 110
1472500 110
1473000 110
1473500 110
1474000 110
1474500 110
1475000 110
1475500 110
1476000 110
1476500 110
1477000 110
1477500 110
1478000 110
1478500 110
1479000 110
1479500 110
1480000 110
1480500 110
1481000 110
1481500 110
1482000 110
1482500 110
1483000 110
1483500 110
1484000 110
1484500 110
1485000 110
1485500 110
1486000 110
1486500 110
1487000 110
1487500 110
1488000 110
1488500 110
1489000 110
1489500 110
1490000 110
1490500 110
1491000 110
1491500 110
1492000 110
1492500 110
1493000 110
1493500 110
1494000 110
1494500 110
1495000 110
1495500 110
1496000 110
1496500 110
1497000 110
1497500 110
1498000 110
1498500 110
1499000 110
1499500 110
1500000 110
1500500 110
1501000 110
1501500 110
1502000 110
1502500 110
1503000 110
1503500 110
1504000 110
1504500 110
1505000 110
1505500 110
1506000 110
1506500 110
1507000 110
1507500 110
1508000 110
1508500 110
1509000 110
1509500 110
1510000 110
1510500 110
1511000 110
1511500 110
1512000 110
1512500 110
1513000 110
1513500 110
1514000 110
1514500 110
1515000 110
1515500 110
1516000 110
1516500 110
1517000 110
1517500 110
1518000 110
1518500 110
1519000 110
1519500 110
1520000 110
1520500 110
1521000 110
1521500 110
1522000 110
1522500 110
1523000 110
1523500 110
1524000 110
1524500 110
1525000 110
1525500 110
1526000 110
1526500 110
1527000 110
1527500 110
1528000 110
1528500 110
1529000 110
1529500 110
1530000 110
1530500 110
1531000 110
1531500 110
1532000 110
1532500 110
1533000 110
1533500 110
1534000 110
1534500 110
1535000 110
1535500 110
1536000 110
1536500 110
1537000 110
1537500 110
1538000 110
1538500 110
1539000 110
1539500 110
1540000 110
1540500 110
1541000 110
1541500 110
1542000 110
1542500 110
1543000 110
1543500 110
1544000 110
1544500 110
1545000 110
1545500 110
1546000 110
1546500 110
1547000 110
1547500 110
1548000 110
1548500 110
1549000 110
1549500 110
1550000 110
1550500 110
1551000 110
1551500 110
1552000 110
1552500 110
1553000 110
1553500 110
1554000 110
1554500 110
1555000 110
1555500 110
1556000 110
1556500 110
1557000 110
1557500 110
1558000 110
1558500 110
1559000 110
1559500 110
1560000 110
1560500 110
1561000 110
1561500 110
1562000 110
1562500 110
1563000 110
1563500 110
1564000 110
1564500 110
1565000 110
1565500 110
1566000 110
1566500 110
1567000 110
1567500 110
1568000 110
1568500 110
1569000 110
1569500 110
1570000 110
1570500 110
1571000 110
1571500 110
1572000 110
1572500 110
1573000 110
1573500 110
1574000 110
1574500 110
1575000 110
1575500 110
1576000 110
1576500 110
1577000 110
1577500 110
1578000 110
1578500 110
1579000 110
1579500 110
1580000 110
1580500 110
1581000 110
1581500 110
1582000 110
1582500 110
1583000 110
1583500 110
1584000 110
1584500 110
1585000 110
1585500 110
1586000 110
1586500 110
1587000 110
1587500 110
1588000 110
1588500 110
1589000 110
1589500 110
1590000 110
1590500 110
1591000 110
1591500 110
1592000 110
1592500 110
1593000 110
1593500 110
1594000 110
1594500 110
1595000 110
1595500 110
1596000 110
1596500 110
1597000 110
1597500 110
1598000 110
1598500 110
1599000 110
1599500 110
1600000 110
1600500 110
1601000 110
1601500 110
1602000 110
1602500 110
1603000 110
1603500 110
1604000 110
1604500 110
1605000 110
1605500 110
1606000 110
1606500 110
1607000 110
1607500 110
1608000 110
1608500 110
1609000 110
1609500 110
1610000 110
1610500 110
1611000 110
1611500 110
1612000 110
1612500 110
1613000 110
1613500 110
1614000 110
1614500 110
1615000 110
1615500 110
1616000 110
1616500 110
1617000 110
1617500 110
1618000 110
1618500 110
1619000 110
1619500 110
1620000 110
1620500 110
1621000 110
1621500 110
1622000 110
1622500 110
1623000 110
1623500 110
1624000 110
1624500 110
1625000 110
1625500 110
1626000 110
1626500 110
1627000 110
1627500 110
1628000 110
1628500 110
1629000 110
1629500 110
1630000 110
1630500 110
1631000 110
1631500 110
1632000 110
1632500 110
1633000 110
1633500 110
1634000 110
1634500 110
1635000 110
1635500 110
1636000 110
1636500 110
1637000 110
1637500 110
1638000 110
1638500 110
1639000 110
1639500 110
1640000 110
1640500 110
1641000 110
1641500 110
1642000 110
1642500 110
1643000 110
1643500 110
1644000 110
1644500 110
1645000 110
1645500 110
1646000 110
1646500 110
1647000 110
1647500 110
1648000 110
1648500 110
1649000 110
1649500 110
1650000 110
1650500 110
1651000 110
1651500 110
1652000 110
1652500 110
1653000 110
1653500 110
1654000 110
1654500 110
1655000 110
1655500 110
1656000 110
1656500 110
1657000 110
1657500 110
1658000 110
1658500 110
1659000 110
1659500 110
1660000 110
1660500 110
1661000 110
1661500 110
1662000 110
1662500 110
1663000 110
1663500 110
1664000 110
1664500 110
1665000 110
1665500 110
1666000 110
1666500 110
1667000 110
1667500 110
1668000 110
1668500 110
1669000 110
1669500 110
1670000 110
1670500 110
1671000 110
1671500 110
1672000 110
1672500 110
1673000 110
1673500 110
1674000 110
1674500 110
1675000 110
1675500 110
1676000 110
1676500 110
1677000 110
1677500 110
1678000 110
1678500 110
1679000 110
1679500 110
1680000 110
1680500 110
1681000 110
1681500 110
1682000 110
1682500 110
1683000 110
1683500 110
1684000 110
1684500 110
1685000 110
1685500 110
1686000 110
1686500 110
1687000 110
1687500 110
1688000 110
1688500 110
1689000 110
1689500 110
1690000 110
1690500 110
1691000 110
1691500 110
1692000 110
1692500 110
1693000 110
1693500 110
1694000 110
1694500 110
1695000 110
1695500 110
1696000 110
1696500 110
1697000 110
1697500 110
1698000 110
1698500 110
1699000 110
1699500 110
1700000 110
1700500 110
1701000 110
1701500 110
1702000 110
1702500 110
1703000 110
1703500 110
1704000 110
1704500 110
1705000 110
1705500 110
1706000 110
1706500 110
1707000 110
1707500 110
1708000 110
1708500 110
1709000 110
1709500 110
1710000 110
1710500 110
1711000 110
1711500 110
1712000 110
1712500 110
1713000 110
1713500 110
1714000 110
1714500 110
1715000 110
1715500 110
1716000 110
1716500 110
1717000 110
1717500 110
1718000 110
1718500 110
1719000 110
1719500 110
1720000 110
1720500 110
1721000 110
1721500 110
1722000 110
1722500 110
1723000 110
1723500 110
1724000 110
1724500 110
1725000 110
1725500 110
1726000 110
1726500 110
1727000 110
1727500 110
1728000 110
1728500 110
1729000 110
1729500 110
1730000 110
1730500 110
1731000 110
1731500 110
1732000 110
1732500 110
1733000 110
1733500 110
1734000 110
1734500 110
1735000 110
1735500 110
1736000 110
1736500 110
1737000 110
1737500 110
1738000 110
1738500 110
1739000 110
1739500 110
1740000 110
1740500 110
1741000 110
1741500 110
1742000 110
1742500 110
1743000 110
1743500 110
1744000 110
1744500 110
1745000 110
1745500 110
1746000 110
1746500 110
1747000 110
1747500 110
1748000 110
1748500 110
1749000 110
1749500 110
1750000 110
1750500 110
1751000 110
1751500 110
1752000 110
1752500 110
1753000 110
1753500 110
1754000 110
1754500 110
1755000 110
1755500 110
1756000 110
1756500 110
1757000 110
1757500 110
1758000 110
1758500 110
1759000 110
1759500 110
1760000 110
1760500 110
1761000 110
1761500 110
1762000 110
1762500 110
1763000 110
1763500 110
1764000 110
1764500 110
1765000 110
1765500 110
1766000 110
1766500 110
1767000 110
1767500 110
1768000 110
1768500 110
1769000 110
1769500 110
