500 136
1000 137
1500 137
2000 158
2500 140
3000 157
3500 167
4000 164
4500 151
5000 164
5500 143
6000 152
6500 143
7000 142
7500 139
8000 170
8500 148
9000 150
9500 154
10000 148
10500 123
11000 143
11500 124
12000 142
12500 156
13000 137
13500 137
14000 120
14500 128
15000 152
15500 131
16000 139
16500 159
17000 135
17500 141
18000 156
18500 145
19000 161
19500 141
20000 150
20500 168
21000 138
21500 149
22000 139
22500 155
23000 133
23500 159
24000 139
24500 162
25000 150
25500 140
26000 148
26500 150
27000 156
27500 153
28000 160
28500 147
29000 165
29500 161
30000 141
30500 145
31000 139
31500 154
32000 134
32500 144
33000 152
33500 160
34000 161
34500 156
35000 145
35500 161
36000 166
36500 130
37000 153
37500 163
38000 159
38500 132
39000 168
39500 154
40000 144
40500 146
41000 163
41500 166
42000 150
42500 156
43000 168
43500 135
44000 145
44500 161
45000 127
45500 151
46000 138
46500 143
47000 132
47500 149
48000 155
48500 162
49000 148
49500 147
50000 130
50500 158
51000 147
51500 139
52000 135
52500 147
53000 150
53500 152
54000 160
54500 141
55000 146
55500 147
56000 143
56500 140
57000 136
57500 145
58000 134
58500 139
59000 142
59500 148
60000 151
60500 150
61000 141
61500 136
62000 165
62500 158
63000 142
63500 165
64000 159
64500 137
65000 143
65500 164
66000 145
66500 153
67000 144
67500 153
68000 131
68500 150
69000 130
69500 155
70000 132
70500 165
71000 141
71500 150
72000 144
72500 150
73000 147
73500 151
74000 146
74500 160
75000 132
75500 151
76000 149
76500 144
77000 138
77500 155
78000 163
78500 147
79000 159
79500 123
80000 144
80500 142
81000 155
81500 147
82000 163
82500 136
83000 162
83500 171
84000 130
84500 143
85000 138
85500 166
86000 143
86500 152
87000 163
87500 142
88000 151
88500 132
89000 136
89500 153
90000 164
90500 161
91000 149
91500 144
92000 142
92500 149
93000 148
93500 145
94000 153
94500 165
95000 147
95500 142
96000 150
96500 152
97000 146
97500 136
98000 145
98500 147
99000 145
99500 163
100000 155
100500 151
101000 150
101500 123
102000 141
102500 140
103000 138
103500 147
104000 146
104500 132
105000 143
105500 144
106000 142
106500 141
107000 134
107500 142
108000 128
108500 152
109000 138
109500 149
110000 151
110500 134
111000 149
111500 122
112000 153
112500 131
113000 126
113500 123
114000 147
114500 124
115000 140
115500 140
116000 124
116500 143
117000 125
117500 134
118000 145
118500 123
119000 145
119500 120
120000 116
120500 138
121000 125
121500 149
122000 154
122500 135
123000 131
123500 152
124000 154
124500 141
125000 146
125500 161
126000 139
126500 124
127000 158
127500 162
128000 143
128500 139
129000 124
129500 141
130000 110
130500 120
131000 139
131500 129
132000 130
132500 116
133000 134
133500 155
134000 142
134500 140
135000 127
135500 145
136000 127
136500 131
137000 140
137500 125
138000 137
138500 129
139000 119
139500 127
140000 135
140500 135
141000 143
141500 152
142000 141
142500 115
143000 122
143500 127
144000 144
144500 142
145000 144
145500 133
146000 145
146500 143
147000 131
147500 96
148000 130
148500 134
149000 160
149500 133
150000 121
150500 150
151000 118
151500 122
152000 147
152500 118
153000 146
153500 127
154000 152
154500 127
155000 145
155500 140
156000 149
156500 141
157000 144
157500 121
158000 128
158500 149
159000 149
159500 134
160000 134
160500 127
161000 139
161500 142
162000 148
162500 146
163000 154
163500 115
164000 120
164500 143
165000 145
165500 131
166000 135
166500 139
167000 132
167500 141
168000 132
168500 134
169000 146
169500 138
170000 137
170500 128
171000 130
171500 131
172000 121
172500 128
173000 144
173500 146
174000 141
174500 125
175000 145
175500 151
176000 161
176500 135
177000 123
177500 135
178000 138
178500 142
179000 137
179500 114
180000 135
180500 145
181000 142
181500 131
182000 133
182500 131
183000 138
183500 133
184000 138
184500 148
185000 136
185500 129
186000 121
186500 146
187000 135
187500 125
188000 154
188500 130
189000 145
189500 144
190000 137
190500 121
191000 135
191500 139
192000 132
192500 156
193000 153
193500 143
194000 135
194500 137
195000 132
195500 148
196000 141
196500 135
197000 151
197500 130
198000 128
198500 130
199000 149
199500 149
200000 137
200500 97
201000 130
201500 110
202000 132
202500 114
203000 120
203500 108
204000 139
204500 115
205000 116
205500 110
206000 112
206500 126
207000 92
207500 135
208000 138
208500 95
209000 127
209500 108
210000 125
210500 115
211000 111
211500 117
212000 114
212500 126
213000 121
213500 118
214000 120
214500 135
215000 126
215500 127
216000 132
216500 105
217000 110
217500 135
218000 123
218500 104
219000 130
219500 126
220000 110
220500 100
221000 118
221500 89
222000 110
222500 109
223000 131
223500 110
224000 110
224500 110
225000 125
225500 144
226000 114
226500 105
227000 106
227500 100
228000 133
228500 121
229000 107
229500 129
230000 112
230500 107
231000 139
231500 122
232000 115
232500 105
233000 124
233500 114
234000 111
234500 98
235000 107
235500 97
236000 109
236500 112
237000 112
237500 127
238000 108
238500 121
239000 101
239500 111
240000 116
240500 108
241000 116
241500 116
242000 103
242500 120
243000 106
243500 118
244000 111
244500 126
245000 110
245500 111
246000 110
246500 119
247000 99
247500 109
248000 127
248500 108
249000 119
249500 127
250000 122
250500 127
251000 116
251500 110
252000 126
252500 127
253000 132
253500 127
254000 116
254500 90
255000 113
255500 125
256000 119
256500 109
257000 125
257500 125
258000 108
258500 100
259000 121
259500 117
260000 117
260500 122
261000 107
261500 102
262000 132
262500 132
263000 101
263500 124
264000 129
264500 100
265000 106
265500 100
266000 107
266500 102
267000 119
267500 153
268000 111
268500 122
269000 145
269500 127
270000 112
270500 123
271000 130
271500 134
272000 120
272500 109
273000 139
273500 111
274000 127
274500 104
275000 126
275500 122
276000 112
276500 114
277000 114
277500 115
278000 112
278500 123
279000 103
279500 109
280000 92
280500 145
281000 158
281500 124
282000 118
282500 109
283000 133
283500 152
284000 104
284500 131
285000 117
285500 120
286000 126
286500 167
287000 120
287500 101
288000 126
288500 144
289000 117
289500 117
290000 103
290500 106
291000 122
291500 99
292000 104
292500 112
293000 101
293500 138
294000 105
294500 115
295000 122
295500 120
296000 132
296500 99
297000 135
297500 115
298000 131
298500 123
299000 119
299500 121
300000 156
300500 80
301000 76
301500 75
302000 75
302500 79
303000 80
303500 89
304000 80
304500 79
305000 77
305500 80
306000 82
306500 75
307000 77
307500 76
308000 75
308500 79
309000 92
309500 81
310000 78
310500 93
311000 96
311500 91
312000 73
312500 78
313000 73
313500 152
314000 75
314500 72
315000 71
315500 77
316000 75
316500 87
317000 100
317500 72
318000 100
318500 82
319000 86
319500 83
320000 79
320500 112
321000 84
321500 73
322000 75
322500 71
323000 73
323500 71
324000 70
324500 70
325000 71
325500 72
326000 74
326500 75
327000 74
327500 72
328000 70
328500 77
329000 76
329500 72
330000 71
330500 77
331000 76
331500 70
332000 69
332500 73
333000 73
333500 72
334000 76
334500 70
335000 71
335500 71
336000 78
336500 99
337000 81
337500 70
338000 73
338500 72
339000 71
339500 71
340000 79
340500 98
341000 74
341500 74
342000 72
342500 102
343000 96
343500 139
344000 93
344500 95
345000 74
345500 76
346000 72
346500 72
347000 71
347500 70
348000 73
348500 122
349000 85
349500 76
350000 75
350500 87
351000 82
351500 71
352000 72
352500 73
353000 71
353500 72
354000 71
354500 71
355000 82
355500 73
356000 82
356500 156
357000 79
357500 78
358000 121
358500 82
359000 79
359500 76
360000 74
360500 74
361000 75
361500 71
362000 69
362500 73
363000 71
363500 71
364000 90
364500 87
365000 80
365500 102
366000 105
366500 72
367000 71
367500 74
368000 73
368500 84
369000 80
369500 75
370000 88
370500 73
371000 71
371500 70
372000 73
372500 81
373000 71
373500 69
374000 72
374500 75
375000 74
375500 93
376000 77
376500 75
377000 73
377500 74
378000 74
378500 74
379000 75
379500 71
380000 74
380500 75
381000 108
381500 80
382000 73
382500 72
383000 74
383500 72
384000 74
384500 72
385000 71
385500 72
386000 76
386500 74
387000 77
387500 75
388000 82
388500 70
389000 69
389500 74
390000 74
390500 92
391000 76
391500 79
392000 76
392500 73
393000 75
393500 87
394000 83
394500 93
395000 80
395500 77
396000 76
396500 73
397000 74
397500 75
398000 74
398500 132
399000 76
399500 77
400000 78
400500 76
401000 75
401500 75
402000 75
402500 71
403000 71
403500 71
404000 71
404500 71
405000 71
405500 71
406000 71
406500 71
407000 71
407500 71
408000 71
408500 71
409000 71
409500 71
410000 71
410500 71
411000 71
411500 71
412000 71
412500 71
413000 71
413500 71
414000 71
414500 71
415000 71
415500 71
416000 71
416500 71
417000 71
417500 71
418000 71
418500 71
419000 71
419500 71
420000 71
420500 71
421000 71
421500 71
422000 71
422500 71
423000 71
423500 71
424000 71
424500 71
425000 71
425500 71
426000 71
426500 71
427000 71
427500 71
428000 71
428500 71
429000 71
429500 71
430000 71
430500 71
431000 71
431500 71
432000 71
432500 71
433000 71
433500 71
434000 71
434500 71
435000 71
435500 71
436000 71
436500 71
437000 71
437500 71
438000 71
438500 71
439000 71
439500 71
440000 71
440500 71
441000 71
441500 71
442000 71
442500 71
443000 71
443500 71
444000 71
444500 71
445000 71
445500 71
446000 71
446500 71
447000 71
447500 71
448000 71
448500 71
449000 71
449500 71
450000 71
450500 71
451000 71
451500 71
452000 71
452500 71
453000 71
453500 71
454000 71
454500 71
455000 70
455500 70
456000 70
456500 70
457000 70
457500 70
458000 70
458500 70
459000 70
459500 70
460000 70
460500 71
461000 100
461500 75
462000 72
462500 69
463000 68
463500 68
464000 68
464500 68
465000 68
465500 68
466000 68
466500 68
467000 68
467500 68
468000 68
468500 68
469000 68
469500 68
470000 68
470500 68
471000 68
471500 68
472000 68
472500 68
473000 68
473500 68
474000 68
474500 68
475000 68
475500 68
476000 68
476500 68
477000 68
477500 68
478000 68
478500 68
479000 68
479500 68
480000 68
480500 68
481000 68
481500 68
482000 68
482500 68
483000 68
483500 68
484000 68
484500 68
485000 68
485500 68
486000 68
486500 68
487000 68
487500 68
488000 68
488500 68
489000 68
489500 68
490000 68
490500 68
491000 68
491500 68
492000 68
492500 68
493000 68
493500 68
494000 68
494500 68
495000 68
495500 68
496000 68
496500 68
497000 68
497500 68
498000 68
498500 68
499000 68
499500 68
500000 68
500500 68
501000 68
501500 68
502000 68
502500 68
503000 68
503500 68
504000 68
504500 68
505000 68
505500 68
506000 68
506500 68
507000 68
507500 68
508000 68
508500 68
509000 68
509500 68
510000 68
510500 68
511000 68
511500 68
512000 68
512500 68
513000 68
513500 68
514000 68
514500 68
515000 68
515500 68
516000 68
516500 68
517000 68
517500 68
518000 68
518500 68
519000 68
519500 68
520000 68
520500 68
521000 68
521500 68
522000 68
522500 68
523000 68
523500 68
524000 68
524500 68
525000 68
525500 68
526000 68
526500 68
527000 68
527500 68
528000 68
528500 68
529000 68
529500 68
530000 68
530500 68
531000 68
531500 68
532000 68
532500 68
533000 68
533500 68
534000 68
534500 68
535000 68
535500 68
536000 68
536500 68
537000 68
537500 68
538000 68
538500 68
539000 68
539500 68
540000 68
540500 68
541000 68
541500 68
542000 68
542500 68
543000 68
543500 68
544000 68
544500 68
545000 68
545500 68
546000 68
546500 68
547000 68
547500 68
548000 68
548500 68
549000 68
549500 68
550000 68
550500 68
551000 68
551500 68
552000 68
552500 68
553000 68
553500 68
554000 68
554500 68
555000 68
555500 68
556000 68
556500 68
557000 68
557500 68
558000 68
558500 68
559000 68
559500 68
560000 68
560500 68
561000 68
561500 68
562000 68
562500 68
563000 68
563500 68
564000 68
564500 68
565000 68
565500 68
566000 68
566500 68
567000 68
567500 68
568000 68
568500 68
569000 68
569500 68
570000 68
570500 68
571000 68
571500 68
572000 68
572500 68
573000 68
573500 68
574000 68
574500 68
575000 68
575500 68
576000 68
576500 68
577000 68
577500 68
578000 68
578500 68
579000 68
579500 68
580000 68
580500 68
581000 68
581500 68
582000 68
582500 68
583000 68
583500 68
584000 68
584500 68
585000 68
585500 68
586000 68
586500 68
587000 68
587500 68
588000 68
588500 68
589000 68
589500 68
590000 68
590500 68
591000 68
591500 68
592000 68
592500 68
593000 68
593500 68
594000 68
594500 68
595000 68
595500 68
596000 68
596500 68
597000 68
597500 68
598000 68
598500 68
599000 68
599500 68
600000 68
600500 68
601000 68
601500 68
602000 68
602500 68
603000 68
603500 68
604000 68
604500 68
605000 68
605500 68
606000 68
606500 68
607000 68
607500 68
608000 68
608500 68
609000 68
609500 68
610000 68
610500 68
611000 68
611500 68
612000 68
612500 68
613000 68
613500 68
614000 68
614500 68
615000 68
615500 68
616000 68
616500 68
617000 68
617500 68
618000 68
618500 68
619000 68
619500 68
620000 68
620500 68
621000 68
621500 68
622000 68
622500 68
623000 68
623500 68
624000 68
624500 68
625000 68
625500 68
626000 68
626500 68
627000 68
627500 68
628000 68
628500 68
629000 68
629500 68
630000 68
630500 68
631000 68
631500 68
632000 68
632500 68
633000 68
633500 68
634000 68
634500 68
635000 68
635500 68
636000 68
636500 68
637000 68
637500 68
638000 68
638500 68
639000 68
639500 68
640000 68
640500 68
641000 68
641500 68
642000 68
642500 68
643000 68
643500 68
644000 68
644500 68
645000 68
645500 68
646000 68
646500 68
647000 68
647500 68
648000 68
648500 68
649000 68
649500 68
650000 68
650500 68
651000 68
651500 68
652000 68
652500 68
653000 68
653500 68
654000 68
654500 68
655000 68
655500 68
656000 68
656500 68
657000 68
657500 68
658000 68
658500 68
659000 68
659500 68
660000 68
660500 68
661000 68
661500 68
662000 68
662500 68
663000 68
663500 68
664000 68
664500 68
665000 68
665500 68
666000 68
666500 68
667000 68
667500 68
668000 68
668500 68
669000 68
669500 68
670000 68
670500 68
671000 68
671500 68
672000 68
672500 68
673000 68
673500 68
674000 68
674500 68
675000 68
675500 68
676000 68
676500 68
677000 68
677500 68
678000 68
678500 68
679000 68
679500 68
680000 68
680500 68
681000 68
681500 68
682000 68
682500 68
683000 68
683500 68
684000 68
684500 68
685000 68
685500 68
686000 68
686500 68
687000 68
687500 68
688000 68
688500 68
689000 68
689500 68
690000 68
690500 68
691000 68
691500 68
692000 68
692500 68
693000 68
693500 68
694000 68
694500 68
695000 68
695500 68
696000 68
696500 68
697000 68
697500 68
698000 68
698500 68
699000 68
699500 68
700000 68
