50 158
100 146
150 178
200 157
250 150
300 134
350 144
400 142
450 168
500 146
550 158
600 147
650 139
700 146
750 154
800 148
850 157
900 150
950 158
1000 156
1050 150
1100 147
1150 160
1200 151
1250 161
1300 133
1350 132
1400 137
1450 154
1500 151
1550 158
1600 140
1650 162
1700 164
1750 156
1800 148
1850 159
1900 138
1950 159
2000 140
2050 147
2100 143
2150 141
2200 152
2250 150
2300 140
2350 152
2400 148
2450 148
2500 162
2550 147
2600 164
2650 130
2700 173
2750 130
2800 151
2850 149
2900 157
2950 142
3000 136
3050 148
3100 162
3150 164
3200 163
3250 145
3300 149
3350 136
3400 158
3450 145
3500 173
3550 147
3600 143
3650 159
3700 157
3750 155
3800 150
3850 150
3900 144
3950 155
4000 164
4050 152
4100 129
4150 143
4200 151
4250 151
4300 136
4350 138
4400 158
4450 161
4500 159
4550 133
4600 163
4650 150
4700 144
4750 172
4800 166
4850 161
4900 160
4950 166
5000 158
5050 155
5100 156
5150 153
5200 156
5250 162
5300 164
5350 149
5400 156
5450 170
5500 142
5550 164
5600 153
5650 133
5700 166
5750 144
5800 163
5850 156
5900 163
5950 158
6000 148
6050 149
6100 159
6150 145
6200 139
6250 163
6300 138
6350 151
6400 149
6450 149
6500 144
6550 164
6600 167
6650 149
6700 159
6750 142
6800 168
6850 144
6900 145
6950 160
7000 163
7050 149
7100 164
7150 151
7200 142
7250 149
7300 163
7350 148
7400 159
7450 138
7500 143
7550 151
7600 164
7650 178
7700 132
7750 145
7800 163
7850 153
7900 138
7950 127
8000 162
8050 151
8100 152
8150 148
8200 130
8250 132
8300 168
8350 153
8400 157
8450 166
8500 144
8550 167
8600 153
8650 156
8700 162
8750 133
8800 161
8850 148
8900 157
8950 132
9000 142
9050 156
9100 153
9150 156
9200 149
9250 147
9300 145
9350 146
9400 144
9450 146
9500 146
9550 161
9600 166
9650 154
9700 164
9750 144
9800 148
9850 152
9900 158
9950 157
10000 150
10050 143
10100 151
10150 151
10200 162
10250 156
10300 147
10350 143
10400 157
10450 165
10500 143
10550 155
10600 155
10650 164
10700 158
10750 161
10800 137
10850 151
10900 164
10950 148
11000 150
11050 147
11100 135
11150 137
11200 137
11250 129
11300 138
11350 150
11400 151
11450 161
11500 158
11550 157
11600 145
11650 161
11700 125
11750 165
11800 142
11850 133
11900 163
11950 147
12000 173
12050 148
12100 148
12150 155
12200 151
12250 151
12300 162
12350 143
12400 161
12450 147
12500 146
12550 179
12600 152
12650 160
12700 153
12750 161
12800 161
12850 155
12900 151
12950 138
13000 151
13050 153
13100 149
13150 152
13200 154
13250 156
13300 160
13350 156
13400 147
13450 173
13500 164
13550 145
13600 149
13650 145
13700 147
13750 162
13800 150
13850 158
13900 141
13950 143
14000 160
14050 160
14100 140
14150 145
14200 131
14250 140
14300 140
14350 150
14400 162
14450 148
14500 138
14550 152
14600 160
14650 145
14700 160
14750 141
14800 151
14850 154
14900 160
14950 152
15000 161
15050 155
15100 155
15150 161
15200 160
15250 157
15300 139
15350 138
15400 159
15450 144
15500 174
15550 158
15600 126
15650 150
15700 164
15750 153
15800 141
15850 149
15900 162
15950 148
16000 159
16050 141
16100 151
16150 146
16200 142
16250 131
16300 151
16350 161
16400 151
16450 148
16500 149
16550 156
16600 146
16650 164
16700 143
16750 144
16800 166
16850 126
16900 148
16950 158
17000 139
17050 161
17100 145
17150 140
17200 157
17250 126
17300 134
17350 137
17400 159
17450 150
17500 172
17550 142
17600 171
17650 175
17700 156
17750 157
17800 160
17850 150
17900 161
17950 162
18000 165
18050 149
18100 158
18150 141
18200 166
18250 147
18300 139
18350 147
18400 138
18450 157
18500 136
18550 159
18600 160
18650 145
18700 143
18750 134
18800 172
18850 149
18900 139
18950 150
19000 153
19050 149
19100 155
19150 160
19200 143
19250 163
19300 144
19350 145
19400 166
19450 158
19500 157
19550 150
19600 169
19650 175
19700 157
19750 136
19800 142
19850 152
19900 142
19950 148
20000 149
20050 136
20100 156
20150 154
20200 148
20250 145
20300 147
20350 157
20400 132
20450 153
20500 157
20550 151
20600 150
20650 153
20700 150
20750 164
20800 159
20850 165
20900 155
20950 124
21000 146
21050 145
21100 151
21150 159
21200 135
21250 147
21300 167
21350 143
21400 168
21450 150
21500 144
21550 141
21600 157
21650 164
21700 151
21750 145
21800 146
21850 163
21900 165
21950 138
22000 151
22050 153
22100 134
22150 153
22200 155
22250 158
22300 142
22350 159
22400 163
22450 165
22500 142
22550 147
22600 157
22650 149
22700 152
22750 147
22800 160
22850 155
22900 145
22950 170
23000 141
23050 145
23100 168
23150 168
23200 156
23250 148
23300 141
23350 145
23400 172
23450 156
23500 138
23550 120
23600 143
23650 164
23700 147
23750 150
23800 157
23850 139
23900 166
23950 155
24000 148
24050 147
24100 150
24150 148
24200 150
24250 150
24300 166
24350 159
24400 151
24450 131
24500 140
24550 119
24600 143
24650 136
24700 142
24750 142
24800 150
24850 154
24900 166
24950 138
25000 154
25050 161
25100 150
25150 150
25200 154
25250 169
25300 148
25350 144
25400 157
25450 157
25500 129
25550 152
25600 136
25650 151
25700 128
25750 165
25800 175
25850 158
25900 172
25950 151
26000 154
26050 154
26100 153
26150 142
26200 148
26250 150
26300 133
26350 136
26400 151
26450 171
26500 149
26550 145
26600 128
26650 172
26700 128
26750 147
26800 153
26850 148
26900 174
26950 160
27000 166
27050 160
27100 142
27150 159
27200 155
27250 150
27300 159
27350 134
27400 169
27450 143
27500 156
27550 162
27600 157
27650 142
27700 156
27750 134
27800 162
27850 170
27900 144
27950 165
28000 158
28050 142
28100 137
28150 158
28200 150
28250 145
28300 145
28350 153
28400 170
28450 141
28500 143
28550 144
28600 149
28650 174
28700 152
28750 168
28800 162
28850 152
28900 144
28950 153
29000 150
29050 140
29100 148
29150 149
29200 175
29250 162
29300 152
29350 148
29400 156
29450 159
29500 154
29550 130
29600 147
29650 154
29700 160
29750 148
29800 147
29850 132
29900 158
29950 157
30000 147
30050 154
30100 159
30150 157
30200 164
30250 151
30300 153
30350 153
30400 162
30450 162
30500 156
30550 149
30600 156
30650 144
30700 150
30750 151
30800 128
30850 150
30900 167
30950 151
31000 141
31050 134
31100 175
31150 154
31200 168
31250 128
31300 152
31350 157
31400 145
31450 145
31500 146
31550 151
31600 158
31650 156
31700 150
31750 135
31800 168
31850 124
31900 133
31950 145
32000 159
32050 159
32100 152
32150 156
32200 134
32250 136
32300 150
32350 161
32400 136
32450 162
32500 164
32550 165
32600 153
32650 146
32700 142
32750 161
32800 142
32850 157
32900 156
32950 148
33000 129
33050 159
33100 149
33150 161
33200 161
33250 120
33300 162
33350 149
33400 155
33450 147
33500 148
33550 144
33600 166
33650 163
33700 150
33750 149
33800 140
33850 144
33900 145
33950 154
34000 157
34050 159
34100 140
34150 162
34200 148
34250 155
34300 148
34350 142
34400 155
34450 161
34500 156
34550 173
34600 170
34650 168
34700 157
34750 149
34800 158
34850 150
34900 144
34950 124
35000 153
35050 160
35100 174
35150 141
35200 138
35250 132
35300 136
35350 156
35400 159
35450 166
35500 156
35550 149
35600 161
35650 171
35700 157
35750 142
35800 137
35850 143
35900 158
35950 129
36000 157
36050 146
36100 134
36150 156
36200 140
36250 152
36300 155
36350 155
36400 155
36450 155
36500 174
36550 138
36600 154
36650 138
36700 157
36750 157
36800 128
36850 164
36900 153
36950 161
37000 152
37050 157
37100 150
37150 176
37200 168
37250 127
37300 145
37350 150
37400 154
37450 148
37500 142
37550 144
37600 152
37650 141
37700 142
37750 156
37800 150
37850 151
37900 153
37950 160
38000 157
38050 152
38100 167
38150 140
38200 158
38250 144
38300 143
38350 149
38400 137
38450 138
38500 138
38550 160
38600 155
38650 140
38700 157
38750 154
38800 130
38850 148
38900 164
38950 161
39000 147
39050 151
39100 141
39150 140
39200 131
39250 139
39300 138
39350 143
39400 131
39450 149
39500 134
39550 145
39600 162
39650 160
39700 169
39750 148
39800 147
39850 124
39900 139
39950 145
40000 160
40050 108
40100 132
40150 144
40200 143
40250 130
40300 152
40350 154
40400 159
40450 167
40500 132
40550 138
40600 153
40650 142
40700 136
40750 152
40800 137
40850 139
40900 140
40950 148
41000 128
41050 142
41100 148
41150 155
41200 159
41250 147
41300 155
41350 171
41400 161
41450 139
41500 151
41550 141
41600 144
41650 164
41700 154
41750 163
41800 156
41850 157
41900 158
41950 147
42000 156
42050 140
42100 130
42150 159
42200 161
42250 144
42300 139
42350 152
42400 147
42450 154
42500 141
42550 152
42600 132
42650 129
42700 137
42750 159
42800 159
42850 147
42900 169
42950 146
43000 151
43050 156
43100 163
43150 152
43200 155
43250 154
43300 166
43350 143
43400 148
43450 139
43500 146
43550 138
43600 144
43650 137
43700 143
43750 148
43800 155
43850 133
43900 153
43950 132
44000 151
44050 170
44100 152
44150 147
44200 139
44250 164
44300 148
44350 153
44400 153
44450 137
44500 127
44550 142
44600 175
44650 144
44700 164
44750 159
44800 154
44850 154
44900 146
44950 140
45000 154
45050 147
45100 159
45150 133
45200 133
45250 138
45300 149
45350 156
45400 156
45450 150
45500 163
45550 167
45600 165
45650 153
45700 148
45750 142
45800 148
45850 142
45900 155
45950 169
46000 132
46050 145
46100 139
46150 147
46200 152
46250 131
46300 138
46350 150
46400 128
46450 153
46500 140
46550 167
46600 169
46650 165
46700 136
46750 162
46800 164
46850 112
46900 123
46950 157
47000 151
47050 165
47100 146
47150 154
47200 135
47250 138
47300 164
47350 152
47400 155
47450 136
47500 151
47550 148
47600 148
47650 163
47700 144
47750 165
47800 128
47850 151
47900 132
47950 142
48000 167
48050 139
48100 140
48150 151
48200 155
48250 126
48300 141
48350 164
48400 150
48450 158
48500 142
48550 148
48600 163
48650 141
48700 143
48750 140
48800 148
48850 154
48900 140
48950 146
49000 136
49050 151
49100 161
49150 143
49200 146
49250 145
49300 148
49350 156
49400 154
49450 145
49500 141
49550 127
49600 165
49650 146
49700 158
49750 138
49800 143
49850 160
49900 146
49950 163
50000 130
50050 169
50100 145
50150 138
50200 146
50250 139
50300 135
50350 123
50400 154
50450 161
50500 151
50550 140
50600 141
50650 142
50700 142
50750 153
50800 143
50850 152
50900 152
50950 148
51000 127
51050 134
51100 129
51150 157
51200 158
51250 156
51300 143
51350 148
51400 151
51450 155
51500 143
51550 157
51600 144
51650 149
51700 167
51750 145
51800 149
51850 133
51900 159
51950 146
52000 146
52050 142
52100 149
52150 136
52200 156
52250 159
52300 138
52350 135
52400 143
52450 146
52500 132
52550 130
52600 154
52650 128
52700 167
52750 149
52800 143
52850 131
52900 171
52950 129
53000 142
53050 135
53100 139
53150 146
53200 150
53250 154
53300 133
53350 143
53400 130
53450 151
53500 142
53550 141
53600 142
53650 139
53700 129
53750 161
53800 142
53850 130
53900 147
53950 141
54000 151
54050 151
54100 132
54150 149
54200 132
54250 143
54300 133
54350 150
54400 147
54450 138
54500 150
54550 118
54600 146
54650 142
54700 139
54750 150
54800 150
54850 145
54900 150
54950 144
55000 139
55050 166
55100 136
55150 153
55200 138
55250 159
55300 129
55350 148
55400 142
55450 157
55500 126
55550 144
55600 147
55650 144
55700 129
55750 151
55800 151
55850 129
55900 130
55950 150
56000 144
56050 118
56100 144
56150 130
56200 155
56250 151
56300 122
56350 150
56400 137
56450 127
56500 119
56550 162
56600 163
56650 138
56700 153
56750 147
56800 148
56850 141
56900 141
56950 133
57000 137
57050 134
57100 139
57150 145
57200 138
57250 132
57300 124
57350 144
57400 144
57450 129
57500 141
57550 157
57600 146
57650 154
57700 154
57750 136
57800 142
57850 129
57900 128
57950 139
58000 144
58050 160
58100 163
58150 136
58200 139
58250 143
58300 137
58350 143
58400 151
58450 121
58500 115
58550 157
58600 153
58650 140
58700 124
58750 153
58800 142
58850 130
58900 140
58950 116
59000 144
59050 154
59100 146
59150 141
59200 137
59250 139
59300 160
59350 162
59400 140
59450 159
59500 138
59550 146
59600 146
59650 145
59700 152
59750 159
59800 151
59850 153
59900 139
59950 141
60000 153
60050 141
60100 143
60150 136
60200 143
60250 131
60300 150
60350 133
60400 134
60450 156
60500 151
60550 137
60600 154
60650 135
60700 143
60750 136
60800 124
60850 139
60900 135
60950 122
61000 145
61050 136
61100 143
61150 156
61200 133
61250 140
61300 131
61350 126
61400 154
61450 158
61500 114
61550 149
61600 139
61650 143
61700 134
61750 138
61800 139
61850 137
61900 138
61950 130
62000 133
62050 139
62100 145
62150 135
62200 133
62250 141
62300 144
62350 133
62400 141
62450 134
62500 136
62550 137
62600 132
62650 126
62700 123
62750 138
62800 131
62850 133
62900 142
62950 135
63000 123
63050 128
63100 126
63150 138
63200 127
63250 132
63300 150
63350 145
63400 146
63450 150
63500 148
63550 146
63600 138
63650 128
63700 156
63750 138
63800 145
63850 138
63900 130
63950 159
64000 143
64050 153
64100 121
64150 130
64200 130
64250 138
64300 135
64350 139
64400 141
64450 134
64500 122
64550 139
64600 140
64650 119
64700 116
64750 141
64800 134
64850 115
64900 148
64950 130
65000 127
65050 128
65100 141
65150 133
65200 145
65250 124
65300 122
65350 147
65400 135
65450 125
65500 146
65550 141
65600 126
65650 119
65700 113
65750 132
65800 144
65850 134
65900 125
65950 116
66000 112
66050 142
66100 134
66150 133
66200 134
66250 145
66300 136
66350 142
66400 134
66450 134
66500 124
66550 136
66600 126
66650 161
66700 130
66750 135
66800 142
66850 131
66900 133
66950 120
67000 113
67050 148
67100 132
67150 132
67200 130
67250 139
67300 137
67350 122
67400 128
67450 126
67500 135
67550 129
67600 136
67650 128
67700 133
67750 123
67800 124
67850 132
67900 107
67950 114
68000 135
68050 131
68100 133
68150 103
68200 130
68250 138
68300 115
68350 121
68400 122
68450 116
68500 135
68550 117
68600 126
68650 123
68700 127
68750 147
68800 139
68850 126
68900 126
68950 97
69000 112
69050 103
69100 115
69150 148
69200 121
69250 119
69300 138
69350 122
69400 110
69450 111
69500 124
69550 114
69600 121
69650 146
69700 117
69750 126
69800 124
69850 123
69900 120
69950 118
70000 111
70050 115
70100 122
70150 124
70200 138
70250 118
70300 127
70350 152
70400 123
70450 105
70500 129
70550 121
70600 131
70650 122
70700 117
70750 124
70800 136
70850 115
70900 99
70950 105
71000 114
71050 125
71100 113
71150 111
71200 119
71250 114
71300 138
71350 94
71400 117
71450 106
71500 102
71550 103
71600 110
71650 123
71700 113
71750 115
71800 129
71850 111
71900 107
71950 129
72000 106
72050 118
72100 116
72150 123
72200 112
72250 105
72300 113
72350 127
72400 113
72450 120
72500 101
72550 112
72600 119
72650 111
72700 120
72750 104
72800 129
72850 108
72900 123
72950 124
73000 113
73050 112
73100 122
73150 125
73200 109
73250 114
73300 110
73350 98
73400 89
73450 96
73500 99
73550 96
73600 103
73650 106
73700 103
73750 131
73800 113
73850 120
73900 103
73950 108
74000 103
74050 114
74100 113
74150 113
74200 116
74250 121
74300 117
74350 110
74400 113
74450 134
74500 103
74550 103
74600 109
74650 105
74700 98
74750 104
74800 125
74850 116
74900 116
74950 116
75000 93
75050 106
75100 113
75150 98
75200 98
75250 95
75300 102
75350 103
75400 110
75450 122
75500 107
75550 114
75600 113
75650 110
75700 99
75750 88
75800 89
75850 92
75900 105
75950 102
76000 93
76050 84
76100 86
76150 84
76200 89
76250 91
76300 103
76350 97
76400 123
76450 127
76500 91
76550 101
76600 104
76650 113
76700 108
76750 113
76800 113
76850 108
76900 113
76950 99
77000 88
77050 86
77100 85
77150 90
77200 92
77250 95
77300 94
77350 91
77400 94
77450 103
77500 93
77550 108
77600 117
77650 108
77700 113
77750 95
77800 96
77850 99
77900 108
77950 103
78000 106
78050 106
78100 103
78150 87
78200 94
78250 91
78300 100
78350 105
78400 104
78450 94
78500 95
78550 92
78600 89
78650 87
78700 94
78750 92
78800 95
78850 100
78900 92
78950 89
79000 95
79050 91
79100 98
79150 93
79200 92
79250 93
79300 93
79350 89
79400 92
79450 97
79500 91
79550 99
79600 116
79650 107
79700 95
79750 91
79800 92
79850 95
79900 85
79950 89
80000 87
80050 98
80100 109
80150 106
80200 94
80250 87
80300 95
80350 90
80400 85
80450 84
80500 84
80550 82
80600 73
80650 75
80700 73
80750 76
80800 76
80850 79
80900 77
80950 79
81000 84
81050 89
81100 104
81150 97
81200 95
81250 87
81300 87
81350 88
81400 87
81450 96
81500 87
81550 97
81600 105
81650 100
81700 96
81750 94
81800 90
81850 90
81900 80
81950 77
82000 79
82050 82
82100 80
82150 83
82200 86
82250 86
82300 86
82350 84
82400 96
82450 93
82500 81
82550 81
82600 83
82650 83
82700 81
82750 86
82800 91
82850 87
82900 85
82950 90
83000 93
83050 90
83100 80
83150 83
83200 81
83250 84
83300 88
83350 83
83400 85
83450 86
83500 80
83550 83
83600 84
83650 75
83700 76
83750 76
83800 73
83850 72
83900 75
83950 79
84000 77
84050 77
84100 80
84150 81
84200 81
84250 80
84300 81
84350 82
84400 78
84450 81
84500 79
84550 80
84600 80
84650 82
84700 83
84750 80
84800 88
84850 83
84900 85
84950 85
85000 87
85050 88
85100 86
85150 87
85200 83
85250 81
85300 79
85350 77
85400 77
85450 77
85500 81
85550 78
85600 75
85650 76
85700 75
85750 77
85800 77
85850 80
85900 74
85950 78
86000 80
86050 79
86100 80
86150 80
86200 77
86250 77
86300 76
86350 76
86400 74
86450 76
86500 73
86550 74
86600 77
86650 77
86700 75
86750 75
86800 75
86850 75
86900 73
86950 74
87000 75
87050 74
87100 77
87150 72
87200 72
87250 73
87300 70
87350 72
87400 71
87450 71
87500 75
87550 74
87600 73
87650 73
87700 73
87750 74
87800 73
87850 73
87900 73
87950 74
88000 74
88050 74
88100 74
88150 74
88200 74
88250 73
88300 73
88350 73
88400 73
88450 71
88500 71
88550 71
88600 71
88650 71
88700 72
88750 72
88800 71
88850 70
88900 70
88950 70
89000 71
89050 71
89100 71
89150 71
89200 71
89250 70
89300 70
89350 70
89400 70
89450 70
89500 69
89550 69
89600 69
89650 69
89700 69
89750 69
89800 69
89850 69
89900 70
89950 70
90000 69
90050 69
90100 69
90150 69
90200 69
90250 69
90300 69
90350 69
90400 69
90450 69
90500 69
90550 69
90600 69
90650 69
90700 69
90750 70
90800 70
90850 70
90900 70
90950 71
91000 70
91050 70
91100 70
91150 70
91200 70
91250 70
91300 70
91350 70
91400 70
91450 70
91500 70
91550 70
91600 70
91650 71
91700 71
91750 72
91800 72
91850 71
91900 71
91950 71
92000 71
92050 71
92100 71
92150 71
92200 71
92250 71
92300 71
92350 71
92400 71
92450 71
92500 71
92550 72
92600 72
92650 70
92700 70
92750 70
92800 70
92850 70
92900 70
92950 70
93000 70
93050 70
93100 71
93150 71
93200 71
93250 72
93300 71
93350 71
93400 71
93450 70
93500 70
93550 70
93600 70
93650 70
93700 70
93750 70
93800 70
93850 70
93900 70
93950 70
94000 70
94050 70
94100 70
94150 70
94200 70
94250 70
94300 70
94350 70
94400 70
94450 70
94500 70
94550 70
94600 70
94650 70
94700 70
94750 70
94800 70
94850 70
94900 70
94950 69
95000 69
95050 69
95100 69
95150 69
95200 69
95250 69
95300 69
95350 69
95400 69
95450 69
95500 69
95550 69
95600 69
95650 69
95700 69
95750 69
95800 69
95850 69
95900 69
95950 69
96000 69
96050 69
96100 69
96150 69
96200 69
96250 69
96300 69
96350 69
96400 69
96450 69
96500 69
96550 69
96600 69
96650 69
96700 69
96750 69
96800 69
96850 69
96900 69
96950 69
97000 69
97050 69
97100 69
97150 69
97200 69
97250 69
97300 69
97350 69
97400 69
97450 69
97500 69
97550 69
97600 69
97650 69
97700 69
97750 69
97800 69
97850 69
97900 69
97950 69
98000 69
98050 69
98100 69
98150 69
98200 69
98250 69
98300 69
98350 69
98400 69
98450 69
98500 69
98550 69
98600 69
98650 69
98700 69
98750 69
98800 69
98850 69
98900 69
98950 69
99000 69
99050 69
99100 69
99150 69
99200 69
99250 69
99300 69
99350 69
99400 69
99450 69
99500 69
99550 69
99600 69
99650 69
99700 69
99750 69
99800 69
99850 69
99900 69
99950 69
100000 69
100050 69
100100 69
100150 69
100200 69
100250 69
100300 69
100350 69
100400 69
100450 69
100500 69
100550 69
100600 70
100650 70
100700 69
100750 69
100800 69
100850 69
100900 69
100950 69
101000 69
101050 69
101100 69
101150 69
101200 69
101250 69
101300 69
101350 69
101400 69
101450 69
101500 69
101550 69
101600 69
101650 69
101700 69
101750 69
101800 69
101850 69
101900 69
101950 69
102000 69
102050 69
102100 69
102150 69
102200 69
102250 69
102300 69
102350 69
102400 69
102450 69
102500 69
102550 69
102600 69
102650 69
102700 69
102750 69
102800 69
102850 69
102900 69
102950 69
103000 69
103050 69
103100 69
103150 69
103200 69
103250 69
103300 69
103350 69
103400 69
103450 69
103500 69
103550 69
103600 69
103650 69
103700 69
103750 69
103800 69
103850 69
103900 69
103950 69
104000 69
104050 69
104100 69
104150 69
104200 69
104250 69
104300 69
104350 69
104400 69
104450 69
104500 69
104550 69
104600 69
104650 69
104700 69
104750 69
104800 69
104850 69
104900 69
104950 69
105000 69
105050 69
105100 69
105150 69
105200 69
105250 69
105300 69
105350 69
105400 69
105450 69
105500 69
105550 69
105600 69
105650 69
105700 69
105750 69
105800 69
105850 69
105900 69
105950 69
106000 69
106050 69
106100 69
106150 69
106200 69
106250 69
106300 69
106350 69
106400 69
106450 69
106500 69
106550 69
106600 69
106650 69
106700 69
106750 69
106800 69
106850 69
106900 69
106950 69
107000 69
107050 69
107100 69
107150 69
107200 69
107250 69
107300 69
107350 69
107400 69
107450 69
107500 69
107550 69
107600 69
107650 69
107700 69
107750 69
107800 69
107850 69
107900 69
107950 69
108000 69
108050 69
108100 69
108150 69
108200 69
108250 69
108300 69
108350 69
108400 69
108450 69
108500 69
108550 69
108600 69
108650 69
108700 69
108750 69
108800 69
108850 69
108900 69
108950 69
109000 69
109050 69
109100 69
109150 69
109200 69
109250 69
109300 69
109350 69
109400 69
109450 69
109500 69
109550 69
109600 69
109650 69
109700 69
109750 69
109800 69
109850 69
109900 69
109950 69
110000 69
110050 69
110100 69
110150 69
110200 69
110250 69
110300 69
110350 69
110400 69
110450 69
110500 69
110550 69
110600 69
110650 69
110700 69
110750 69
110800 69
110850 69
110900 69
110950 69
111000 69
111050 69
111100 69
111150 69
111200 69
111250 69
111300 69
111350 69
111400 69
111450 69
111500 69
111550 69
111600 69
111650 69
111700 69
111750 69
111800 69
111850 69
111900 69
111950 69
112000 69
112050 69
112100 69
112150 69
112200 69
112250 69
112300 69
112350 69
112400 69
112450 69
112500 69
112550 69
112600 69
112650 69
112700 69
112750 69
112800 69
112850 69
112900 69
112950 69
113000 69
113050 69
113100 69
113150 69
113200 69
113250 69
113300 69
113350 69
113400 69
113450 69
113500 69
113550 69
113600 69
113650 69
113700 69
113750 69
113800 69
113850 69
113900 69
113950 69
114000 69
114050 69
114100 69
114150 69
114200 69
114250 69
114300 69
114350 69
114400 69
114450 69
114500 69
114550 69
114600 69
114650 69
114700 69
114750 69
114800 69
114850 69
114900 69
114950 69
115000 69
115050 69
115100 69
115150 69
115200 69
115250 69
115300 69
115350 69
115400 69
115450 69
115500 69
115550 69
115600 69
115650 69
115700 69
115750 69
115800 69
115850 69
115900 69
115950 69
116000 69
116050 69
116100 69
116150 69
116200 69
116250 69
116300 69
116350 69
116400 69
116450 69
116500 69
116550 69
116600 69
116650 69
116700 69
116750 69
116800 69
116850 69
116900 69
116950 69
117000 69
117050 69
117100 69
117150 69
117200 69
117250 69
117300 69
117350 69
117400 69
117450 69
117500 69
117550 69
117600 69
117650 69
117700 69
117750 69
117800 69
117850 69
117900 69
117950 69
118000 69
118050 69
118100 69
118150 69
118200 69
118250 69
118300 69
118350 69
118400 69
118450 69
118500 69
118550 69
118600 69
118650 69
118700 69
118750 69
118800 69
118850 69
118900 69
118950 69
119000 69
119050 69
119100 69
119150 69
119200 69
119250 69
119300 69
119350 69
119400 69
119450 69
119500 69
119550 69
119600 69
119650 69
119700 69
119750 69
119800 69
119850 69
119900 69
119950 69
120000 69
120050 69
120100 69
120150 69
120200 69
120250 69
120300 69
120350 69
120400 69
120450 69
120500 69
120550 69
120600 69
120650 69
120700 69
120750 69
120800 69
120850 69
120900 69
120950 69
121000 69
121050 69
121100 69
121150 69
121200 69
121250 69
121300 69
121350 69
121400 69
121450 69
121500 69
121550 69
121600 69
121650 69
121700 69
121750 69
121800 69
121850 69
121900 69
121950 69
122000 69
122050 69
122100 69
122150 69
122200 69
122250 69
122300 69
122350 69
122400 69
122450 69
122500 69
122550 69
122600 69
122650 69
122700 69
122750 69
122800 69
122850 69
122900 69
122950 69
123000 69
123050 69
123100 69
123150 69
123200 69
123250 69
123300 69
123350 69
123400 69
123450 69
123500 69
123550 69
123600 69
123650 69
123700 69
123750 69
123800 69
123850 69
123900 69
123950 69
124000 69
124050 69
124100 69
124150 69
124200 69
124250 69
124300 69
124350 69
124400 69
124450 69
124500 69
124550 69
124600 69
124650 69
124700 69
124750 69
124800 69
124850 69
124900 69
124950 69
125000 69
125050 69
125100 69
125150 69
125200 69
125250 69
125300 69
125350 69
125400 69
125450 69
125500 69
125550 69
125600 69
125650 69
125700 69
125750 69
125800 69
125850 69
125900 69
125950 69
126000 69
126050 69
126100 69
126150 69
126200 69
126250 69
126300 69
126350 69
126400 69
126450 69
126500 69
126550 69
126600 69
126650 69
126700 69
126750 69
126800 69
126850 69
126900 69
126950 69
127000 69
127050 69
127100 69
127150 69
127200 69
127250 69
127300 69
127350 69
127400 69
127450 69
127500 69
127550 69
127600 69
127650 69
127700 69
127750 69
127800 69
127850 69
127900 69
127950 69
128000 69
128050 69
128100 69
128150 69
128200 69
128250 69
128300 69
128350 69
128400 69
128450 69
128500 69
128550 69
128600 69
128650 69
128700 69
128750 69
128800 69
128850 69
128900 69
128950 69
129000 69
129050 69
129100 69
129150 69
129200 69
129250 69
129300 69
129350 69
129400 69
129450 69
129500 69
129550 69
129600 69
129650 69
129700 69
129750 69
129800 69
129850 69
129900 69
129950 69
130000 69
130050 69
130100 69
130150 69
130200 69
130250 69
130300 69
130350 69
130400 69
130450 69
130500 69
130550 69
130600 69
130650 69
130700 69
130750 69
130800 69
130850 69
130900 69
130950 69
131000 69
131050 69
131100 69
131150 69
