50 77
100 75
150 75
200 75
250 70
300 70
350 70
400 70
450 70
500 70
550 70
600 69
650 69
700 69
750 69
800 69
850 69
900 69
950 69
1000 69
1050 69
1100 69
1150 69
1200 69
1250 69
1300 69
1350 69
1400 69
1450 69
1500 69
1550 69
1600 69
1650 69
1700 69
1750 69
1800 69
1850 69
1900 69
1950 69
2000 69
2050 69
2100 69
2150 69
2200 69
2250 69
2300 69
2350 69
2400 69
2450 69
2500 69
2550 69
2600 69
2650 69
2700 69
2750 69
2800 69
2850 69
2900 69
2950 69
3000 69
3050 69
3100 69
3150 69
3200 69
3250 69
3300 69
3350 69
3400 69
3450 69
3500 69
3550 69
3600 69
3650 69
3700 69
3750 69
3800 69
3850 69
3900 69
3950 69
4000 69
4050 69
4100 69
4150 69
4200 69
4250 69
4300 69
4350 69
4400 69
4450 69
4500 69
4550 69
4600 69
4650 69
4700 69
4750 69
4800 69
4850 69
4900 69
4950 69
5000 69
5050 69
5100 69
5150 69
5200 69
5250 69
5300 69
5350 69
5400 69
5450 69
5500 69
5550 69
5600 69
5650 69
5700 69
5750 69
5800 69
5850 69
5900 69
5950 69
6000 69
6050 69
6100 69
6150 69
6200 69
6250 69
6300 69
6350 69
6400 69
6450 69
6500 69
6550 69
6600 69
6650 69
6700 69
6750 69
6800 69
6850 69
6900 69
6950 69
7000 69
7050 69
7100 69
7150 69
7200 69
7250 69
7300 69
7350 69
7400 69
7450 69
7500 69
7550 69
7600 69
7650 69
7700 69
7750 69
7800 69
7850 69
7900 69
7950 69
8000 69
8050 69
8100 69
8150 69
8200 69
8250 69
8300 69
8350 69
8400 69
8450 69
8500 69
8550 69
8600 69
8650 69
8700 69
8750 69
8800 69
8850 69
8900 69
8950 69
9000 69
9050 69
9100 69
9150 69
9200 69
9250 69
9300 69
9350 69
9400 69
9450 69
9500 69
9550 69
9600 69
9650 69
9700 69
9750 69
9800 69
9850 69
9900 69
9950 69
10000 69
10050 69
10100 69
10150 69
10200 69
10250 69
10300 69
10350 69
10400 69
10450 69
10500 69
10550 69
10600 69
10650 69
10700 69
10750 69
10800 69
10850 69
10900 69
10950 69
11000 69
11050 69
11100 69
11150 69
11200 69
11250 69
11300 69
11350 69
11400 69
11450 69
11500 69
11550 69
11600 69
11650 69
11700 69
11750 69
11800 69
11850 69
11900 69
11950 69
12000 69
12050 69
12100 69
12150 69
12200 69
12250 69
12300 69
12350 69
12400 69
12450 69
12500 69
12550 69
12600 69
12650 69
12700 69
12750 69
12800 69
12850 69
12900 69
12950 69
13000 69
13050 69
13100 69
13150 69
13200 69
13250 69
13300 69
13350 69
13400 69
13450 69
13500 69
13550 69
13600 69
13650 69
13700 69
13750 69
13800 69
13850 69
13900 69
13950 69
14000 69
14050 69
14100 69
14150 69
14200 69
14250 69
14300 69
14350 69
14400 69
14450 69
14500 69
14550 69
14600 69
14650 69
14700 69
14750 69
14800 69
14850 69
14900 69
14950 69
15000 69
15050 69
15100 69
15150 69
15200 69
15250 69
15300 69
15350 69
15400 69
15450 69
15500 69
15550 69
15600 69
15650 69
15700 69
15750 69
15800 69
15850 69
15900 69
15950 69
16000 69
16050 69
16100 69
16150 69
16200 69
16250 69
16300 69
16350 69
16400 69
16450 69
16500 69
16550 69
16600 69
16650 69
16700 69
16750 69
16800 69
16850 69
16900 69
16950 69
17000 69
17050 69
17100 69
17150 69
17200 69
17250 69
17300 69
17350 69
17400 69
17450 69
17500 69
17550 69
17600 69
17650 69
17700 69
17750 69
17800 69
17850 69
17900 69
17950 69
18000 69
18050 69
18100 69
18150 69
18200 69
18250 69
18300 69
18350 69
18400 69
18450 69
18500 69
18550 69
18600 69
18650 69
18700 69
18750 69
18800 69
18850 69
18900 69
18950 69
19000 69
19050 69
19100 69
19150 69
19200 69
19250 69
19300 69
19350 69
19400 69
19450 69
19500 69
19550 69
19600 69
19650 69
19700 69
19750 69
19800 69
19850 69
19900 69
19950 69
20000 69
20050 69
20100 69
20150 69
20200 69
20250 69
20300 69
20350 69
20400 69
20450 69
20500 69
20550 69
20600 69
20650 69
20700 69
20750 69
20800 69
20850 69
20900 69
20950 69
21000 69
21050 69
21100 69
21150 69
21200 69
21250 69
21300 69
21350 69
21400 69
21450 69
21500 69
21550 69
21600 69
21650 69
21700 69
21750 69
21800 69
21850 69
21900 69
21950 69
22000 69
22050 69
22100 69
22150 69
22200 69
22250 69
22300 69
22350 69
22400 69
22450 69
22500 69
22550 69
22600 69
22650 69
22700 69
22750 69
22800 69
22850 69
22900 69
22950 69
23000 69
23050 69
23100 69
23150 69
23200 69
23250 69
23300 69
23350 69
23400 69
23450 69
23500 69
23550 69
23600 69
23650 69
23700 69
23750 69
23800 69
23850 69
23900 69
23950 69
24000 69
24050 69
24100 69
24150 69
24200 69
24250 69
24300 69
24350 69
24400 69
24450 69
24500 69
24550 69
24600 69
24650 69
24700 69
24750 69
24800 69
24850 69
24900 69
24950 69
25000 69
25050 69
25100 69
25150 69
25200 69
25250 69
25300 69
25350 69
25400 69
25450 69
25500 69
25550 69
25600 69
25650 69
25700 69
25750 69
25800 69
25850 69
25900 69
25950 69
26000 69
26050 69
26100 69
26150 69
26200 69
26250 69
26300 69
26350 69
26400 69
26450 69
26500 69
26550 69
26600 69
26650 69
26700 69
26750 69
26800 69
26850 69
26900 69
26950 69
27000 69
27050 69
27100 69
27150 69
27200 69
27250 69
27300 69
27350 69
27400 69
27450 69
27500 69
27550 69
27600 69
27650 69
27700 69
27750 69
27800 69
27850 69
27900 69
27950 69
28000 69
28050 69
28100 69
28150 69
28200 69
28250 69
28300 69
28350 69
28400 69
28450 69
28500 69
28550 69
28600 69
28650 69
28700 69
28750 69
28800 69
28850 69
28900 69
28950 69
29000 69
29050 69
29100 69
29150 69
29200 69
29250 69
29300 69
29350 69
29400 69
29450 69
29500 69
29550 69
29600 69
29650 69
29700 69
29750 69
29800 69
29850 69
29900 69
29950 69
30000 69
30050 69
30100 69
30150 69
30200 69
30250 69
30300 69
30350 69
30400 69
30450 69
30500 69
30550 69
30600 69
30650 69
30700 69
30750 69
30800 69
30850 69
30900 69
30950 69
31000 69
31050 69
31100 69
31150 69
31200 69
31250 69
31300 69
31350 69
31400 69
31450 69
31500 69
31550 69
31600 69
31650 69
31700 69
31750 69
31800 69
31850 69
31900 69
31950 69
32000 69
32050 69
32100 69
32150 69
32200 69
32250 69
32300 69
32350 69
32400 69
32450 69
32500 69
32550 69
32600 69
32650 69
32700 69
32750 69
32800 69
32850 69
32900 69
32950 69
33000 69
33050 69
33100 69
33150 69
33200 69
33250 69
33300 69
33350 69
33400 69
33450 69
33500 69
33550 69
33600 69
33650 69
33700 69
33750 69
33800 69
33850 69
33900 69
33950 69
34000 69
34050 69
34100 69
34150 69
34200 69
34250 69
34300 69
34350 69
34400 69
34450 69
34500 69
34550 69
34600 69
34650 69
34700 69
34750 69
34800 69
34850 69
34900 69
34950 69
35000 69
35050 69
35100 69
35150 69
35200 69
35250 69
35300 69
35350 69
35400 69
35450 69
35500 69
35550 69
35600 69
35650 69
35700 69
35750 69
35800 69
35850 69
35900 69
35950 69
36000 69
36050 69
36100 69
36150 69
36200 69
36250 69
36300 69
36350 69
36400 69
36450 69
36500 69
36550 69
36600 69
36650 69
36700 69
36750 69
36800 69
36850 69
36900 69
36950 69
37000 69
37050 69
37100 69
37150 69
37200 69
37250 69
37300 69
37350 69
37400 69
37450 69
37500 69
37550 69
37600 69
37650 69
37700 69
37750 69
37800 69
37850 69
37900 69
37950 69
38000 69
38050 69
38100 69
38150 69
38200 69
38250 69
38300 69
38350 69
38400 69
38450 69
38500 69
38550 69
38600 69
38650 69
38700 69
38750 69
38800 69
38850 69
38900 69
38950 69
39000 69
39050 69
39100 69
39150 69
39200 69
39250 69
39300 69
39350 69
39400 69
39450 69
39500 69
39550 69
39600 69
39650 69
39700 69
39750 69
39800 69
39850 69
39900 69
39950 69
40000 69
40050 69
40100 69
40150 69
40200 69
40250 69
40300 69
40350 69
40400 69
40450 69
40500 69
40550 69
40600 69
40650 69
40700 69
40750 69
40800 69
40850 69
40900 69
40950 69
41000 69
41050 69
41100 69
41150 69
41200 69
41250 69
41300 69
41350 69
41400 69
41450 69
41500 69
41550 69
41600 69
41650 69
41700 69
41750 69
41800 69
41850 69
41900 69
41950 69
42000 69
42050 69
42100 69
42150 69
42200 69
42250 69
42300 69
42350 69
42400 69
42450 69
42500 69
42550 69
42600 69
42650 69
42700 69
42750 69
42800 69
42850 69
42900 69
42950 69
43000 69
43050 69
43100 69
43150 69
43200 69
43250 69
43300 69
43350 69
43400 69
43450 69
43500 69
43550 69
43600 69
43650 69
43700 69
43750 69
43800 69
43850 69
43900 69
43950 69
44000 69
44050 69
44100 69
44150 69
44200 69
44250 69
44300 69
44350 69
44400 69
44450 69
44500 69
44550 69
44600 69
44650 69
44700 69
44750 69
44800 69
44850 69
44900 69
44950 69
45000 69
45050 69
45100 69
45150 69
45200 69
45250 69
45300 69
45350 69
45400 69
45450 69
45500 69
45550 69
45600 69
45650 69
45700 69
45750 69
45800 69
45850 69
45900 69
45950 69
46000 69
46050 69
46100 69
46150 69
46200 69
46250 69
46300 69
46350 69
46400 69
46450 69
46500 69
46550 69
46600 69
46650 69
46700 69
46750 69
46800 69
46850 69
46900 69
46950 69
47000 69
47050 69
47100 69
47150 69
47200 69
47250 69
47300 69
47350 69
47400 69
47450 69
47500 69
47550 69
47600 69
47650 69
47700 69
47750 69
47800 69
47850 69
47900 69
47950 69
48000 69
48050 69
48100 69
48150 69
48200 69
48250 69
48300 69
48350 69
48400 69
48450 69
48500 69
48550 69
48600 69
48650 69
48700 69
48750 69
48800 69
48850 69
48900 69
48950 69
49000 69
49050 69
49100 69
49150 69
49200 69
49250 69
49300 69
49350 69
49400 69
49450 69
49500 69
49550 69
49600 69
49650 69
49700 69
49750 69
49800 69
49850 69
49900 69
49950 69
50000 69
50050 69
50100 69
50150 69
50200 69
50250 69
50300 69
50350 69
50400 69
50450 69
50500 69
50550 69
50600 69
50650 69
50700 69
50750 69
50800 69
50850 69
50900 69
50950 69
51000 69
51050 69
51100 69
51150 69
51200 69
51250 69
51300 69
51350 69
51400 69
51450 69
51500 69
51550 69
51600 69
51650 69
51700 69
51750 69
51800 69
51850 69
51900 69
51950 69
52000 69
52050 69
52100 69
52150 69
52200 69
52250 69
52300 69
52350 69
52400 69
52450 69
52500 69
52550 69
52600 69
52650 69
52700 69
52750 69
52800 69
52850 69
52900 69
52950 69
53000 69
53050 69
53100 69
53150 69
53200 69
53250 69
53300 69
53350 69
53400 69
53450 69
53500 69
53550 69
53600 69
53650 69
53700 69
53750 69
53800 69
53850 69
53900 69
53950 69
54000 69
54050 69
54100 69
54150 69
54200 69
54250 69
54300 69
54350 69
54400 69
54450 69
54500 69
54550 69
54600 69
54650 69
54700 69
54750 69
54800 69
54850 69
54900 69
54950 69
55000 69
55050 69
55100 69
55150 69
55200 69
55250 69
55300 69
55350 69
55400 69
55450 69
55500 69
55550 69
55600 69
55650 69
55700 69
55750 69
55800 69
55850 69
55900 69
55950 69
56000 69
56050 69
56100 69
56150 69
56200 69
56250 69
56300 69
56350 69
56400 69
56450 69
56500 69
56550 69
56600 69
56650 69
56700 69
56750 69
56800 69
56850 69
56900 69
56950 69
57000 69
57050 69
57100 69
57150 69
57200 69
57250 69
57300 69
57350 69
57400 69
57450 69
57500 69
57550 69
57600 69
57650 69
57700 69
57750 69
57800 69
57850 69
57900 69
57950 69
58000 69
58050 69
58100 69
58150 69
58200 69
58250 69
58300 69
58350 69
58400 69
58450 69
58500 69
58550 69
58600 69
58650 69
58700 69
58750 69
58800 69
58850 69
58900 69
58950 69
59000 69
59050 69
59100 69
59150 69
59200 69
59250 69
59300 69
59350 69
59400 69
59450 69
59500 69
59550 69
59600 69
59650 69
59700 69
59750 69
59800 69
59850 69
59900 69
59950 69
60000 69
60050 69
60100 69
60150 69
60200 69
60250 69
60300 69
60350 69
60400 69
60450 69
60500 69
60550 69
60600 69
60650 69
60700 69
60750 69
60800 69
60850 69
60900 69
60950 69
61000 69
61050 69
61100 69
61150 69
61200 69
61250 69
61300 69
61350 69
61400 69
61450 69
61500 69
61550 69
61600 69
61650 69
61700 69
61750 69
61800 69
61850 69
61900 69
61950 69
62000 69
62050 69
62100 69
62150 69
62200 69
62250 69
62300 69
62350 69
62400 69
62450 69
62500 69
62550 69
62600 69
62650 69
62700 69
62750 69
62800 69
62850 69
62900 69
62950 69
63000 69
63050 69
63100 69
63150 69
63200 69
63250 69
63300 69
63350 69
63400 69
63450 69
63500 69
63550 69
63600 69
63650 69
63700 69
63750 69
63800 69
63850 69
63900 69
63950 69
64000 69
64050 69
64100 69
64150 69
64200 69
64250 69
64300 69
64350 69
64400 69
64450 69
64500 69
64550 69
64600 69
64650 69
64700 69
64750 69
64800 69
64850 69
64900 69
64950 69
65000 69
65050 69
65100 69
65150 69
65200 69
65250 69
65300 69
65350 69
65400 69
65450 69
65500 69
65550 69
65600 69
65650 69
65700 69
65750 69
65800 69
65850 69
65900 69
65950 69
66000 69
66050 69
66100 69
66150 69
66200 69
66250 69
66300 69
66350 69
66400 69
66450 69
66500 69
66550 69
66600 69
66650 69
66700 69
66750 69
66800 69
66850 69
66900 69
66950 69
67000 69
67050 69
67100 69
67150 69
67200 69
67250 69
67300 69
67350 69
67400 69
67450 69
67500 69
67550 69
67600 69
67650 69
67700 69
67750 69
67800 69
67850 69
67900 69
67950 69
68000 69
68050 69
68100 69
68150 69
68200 69
68250 69
68300 69
68350 69
68400 69
68450 69
68500 69
68550 69
68600 69
68650 69
68700 69
68750 69
68800 69
68850 69
68900 69
68950 69
69000 69
69050 69
69100 69
69150 69
69200 69
69250 69
69300 69
69350 69
69400 69
69450 69
69500 69
69550 69
69600 69
69650 69
69700 69
69750 69
69800 69
69850 69
69900 69
69950 69
70000 69
70050 69
70100 69
70150 69
70200 69
70250 69
70300 69
70350 69
70400 69
70450 69
70500 69
70550 69
70600 69
70650 69
70700 69
70750 69
70800 69
70850 69
70900 69
70950 69
71000 69
71050 69
71100 69
71150 69
71200 69
71250 69
71300 69
71350 69
71400 69
71450 69
71500 69
71550 69
71600 69
71650 69
71700 69
71750 69
71800 69
71850 69
71900 69
71950 69
72000 69
72050 69
72100 69
72150 69
72200 69
72250 69
72300 69
72350 69
72400 69
72450 69
72500 69
72550 69
72600 69
72650 69
72700 69
72750 69
72800 69
72850 69
72900 69
72950 69
73000 69
73050 69
73100 69
73150 69
73200 69
73250 69
73300 69
73350 69
73400 69
73450 69
73500 69
73550 69
73600 69
73650 69
73700 69
73750 69
73800 69
73850 69
73900 69
73950 69
74000 69
74050 69
74100 69
74150 69
74200 69
74250 69
74300 69
74350 69
74400 69
74450 69
74500 69
74550 69
74600 69
74650 69
74700 69
74750 69
74800 69
74850 69
74900 69
74950 69
75000 69
75050 69
75100 69
75150 69
75200 69
75250 69
75300 69
75350 69
75400 69
75450 69
75500 69
75550 69
75600 69
75650 69
75700 69
75750 69
75800 69
75850 69
75900 69
75950 69
76000 69
76050 69
76100 69
76150 69
76200 69
76250 69
76300 69
76350 69
76400 69
76450 69
76500 69
76550 69
76600 69
76650 69
76700 69
76750 69
76800 69
76850 69
76900 69
76950 69
77000 69
77050 69
77100 69
77150 69
77200 69
77250 69
77300 69
77350 69
77400 69
77450 69
77500 69
77550 69
77600 69
77650 69
77700 69
77750 69
77800 69
77850 69
77900 69
77950 69
78000 69
78050 69
78100 69
78150 69
78200 69
78250 69
78300 69
78350 69
78400 69
78450 69
78500 69
78550 69
78600 69
78650 69
78700 69
78750 69
78800 69
78850 69
78900 69
78950 69
79000 69
79050 69
79100 69
79150 69
79200 69
79250 69
79300 69
79350 69
79400 69
79450 69
79500 69
79550 69
79600 69
79650 69
79700 69
79750 69
79800 69
79850 69
79900 69
79950 69
80000 69
80050 69
80100 69
80150 69
80200 69
80250 69
80300 69
80350 69
80400 69
80450 69
80500 69
80550 69
80600 69
80650 69
80700 69
80750 69
80800 69
80850 69
80900 69
80950 69
81000 69
81050 69
81100 69
81150 69
81200 69
81250 69
81300 69
81350 69
81400 69
81450 69
81500 69
81550 69
81600 69
81650 69
81700 69
81750 69
81800 69
81850 69
81900 69
81950 69
82000 69
82050 69
82100 69
82150 69
82200 69
82250 69
82300 69
82350 69
82400 69
82450 69
82500 69
82550 69
82600 69
82650 69
82700 69
82750 69
82800 69
82850 69
82900 69
82950 69
83000 69
83050 69
83100 69
83150 69
83200 69
83250 69
83300 69
83350 69
83400 69
83450 69
83500 69
83550 69
83600 69
83650 69
83700 69
83750 69
83800 69
83850 69
83900 69
83950 69
84000 69
84050 69
84100 69
84150 69
84200 69
84250 69
84300 69
84350 69
84400 69
84450 69
84500 69
84550 69
84600 69
84650 69
84700 69
84750 69
84800 69
84850 69
84900 69
84950 69
85000 69
85050 69
85100 69
85150 69
85200 69
85250 69
85300 69
85350 69
85400 69
85450 69
85500 69
85550 69
85600 69
85650 69
85700 69
85750 69
85800 69
85850 69
85900 69
85950 69
86000 69
86050 69
86100 69
86150 69
86200 69
86250 69
86300 69
86350 69
86400 69
86450 69
86500 69
86550 69
86600 69
86650 69
86700 69
86750 69
86800 69
86850 69
86900 69
86950 69
87000 69
87050 69
87100 69
87150 69
87200 69
87250 69
87300 69
87350 69
87400 69
87450 69
87500 69
87550 69
87600 69
87650 69
87700 69
87750 69
87800 69
87850 69
87900 69
87950 69
88000 69
88050 69
88100 69
88150 69
88200 69
88250 69
88300 69
88350 69
88400 69
88450 69
88500 69
88550 69
88600 69
88650 69
88700 69
88750 69
88800 69
88850 69
88900 69
88950 69
89000 69
89050 69
89100 69
89150 69
89200 69
89250 69
89300 69
89350 69
89400 69
89450 69
89500 69
89550 69
89600 69
89650 69
89700 69
89750 69
89800 69
89850 69
89900 69
89950 69
90000 69
90050 69
90100 69
90150 69
90200 69
90250 69
90300 69
90350 69
90400 69
90450 69
90500 69
90550 69
90600 69
90650 69
90700 69
90750 69
90800 69
90850 69
90900 69
90950 69
91000 69
91050 69
91100 69
91150 69
91200 69
91250 69
91300 69
91350 69
91400 69
91450 69
91500 69
91550 69
91600 69
91650 69
91700 69
91750 69
91800 69
91850 69
91900 69
91950 69
92000 69
92050 69
92100 69
92150 69
92200 69
92250 69
92300 69
92350 69
92400 69
92450 69
92500 69
92550 69
92600 69
92650 69
92700 69
92750 69
92800 69
92850 69
92900 69
92950 69
93000 69
93050 69
93100 69
93150 69
93200 69
93250 69
93300 69
93350 69
93400 69
93450 69
93500 69
93550 69
93600 69
93650 69
93700 69
93750 69
93800 69
93850 69
93900 69
93950 69
94000 69
94050 69
94100 69
94150 69
94200 69
94250 69
94300 69
94350 69
94400 69
94450 69
94500 69
94550 69
94600 69
94650 69
94700 69
94750 69
94800 69
94850 69
94900 69
94950 69
95000 69
95050 69
95100 69
95150 69
95200 69
95250 69
95300 69
95350 69
95400 69
95450 69
95500 69
95550 69
95600 69
95650 69
95700 69
95750 69
95800 69
95850 69
95900 69
95950 69
96000 69
96050 69
96100 69
96150 69
96200 69
96250 69
96300 69
96350 69
96400 69
96450 69
96500 69
96550 69
96600 69
96650 69
96700 69
96750 69
96800 69
96850 69
96900 69
96950 69
97000 69
97050 69
97100 69
97150 69
97200 69
97250 69
97300 69
97350 69
97400 69
97450 69
97500 69
97550 69
97600 69
97650 69
97700 69
97750 69
97800 69
97850 69
97900 69
97950 69
98000 69
98050 69
98100 69
98150 69
98200 69
98250 69
98300 69
98350 69
98400 69
98450 69
98500 69
98550 69
98600 69
98650 69
98700 69
98750 69
98800 69
98850 69
98900 69
98950 69
99000 69
99050 69
99100 69
99150 69
99200 69
99250 69
99300 69
99350 69
99400 69
99450 69
99500 69
99550 69
99600 69
99650 69
99700 69
99750 69
99800 69
99850 69
99900 69
99950 69
100000 69
