200 143
400 147
600 156
800 122
1000 136
1200 161
1400 136
1600 149
1800 156
2000 136
2200 137
2400 149
2600 133
2800 145
3000 139
3200 178
3400 158
3600 144
3800 155
4000 147
4200 149
4400 152
4600 136
4800 164
5000 163
5200 161
5400 155
5600 139
5800 153
6000 147
6200 144
6400 144
6600 161
6800 149
7000 169
7200 149
7400 172
7600 149
7800 141
8000 161
8200 160
8400 163
8600 174
8800 157
9000 154
9200 151
9400 149
9600 137
9800 142
10000 143
10200 137
10400 166
10600 146
10800 138
11000 145
11200 174
11400 163
11600 158
11800 153
12000 144
12200 154
12400 159
12600 163
12800 154
13000 160
13200 146
13400 163
13600 167
13800 129
14000 139
14200 154
14400 144
14600 132
14800 142
15000 136
15200 159
15400 151
15600 133
15800 157
16000 133
16200 147
16400 165
16600 158
16800 141
17000 167
17200 143
17400 159
17600 132
17800 147
18000 152
18200 128
18400 146
18600 135
18800 152
19000 152
19200 163
19400 138
19600 127
19800 161
20000 152
20200 152
20400 149
20600 172
20800 126
21000 155
21200 149
21400 137
21600 156
21800 148
22000 160
22200 150
22400 154
22600 144
22800 162
23000 148
23200 142
23400 161
23600 139
23800 165
24000 153
24200 158
24400 125
24600 143
24800 165
25000 139
25200 131
25400 127
25600 132
25800 161
26000 128
26200 131
26400 155
26600 132
26800 148
27000 135
27200 159
27400 137
27600 141
27800 147
28000 145
28200 152
28400 136
28600 153
28800 144
29000 144
29200 150
29400 135
29600 149
29800 160
30000 146
30200 149
30400 164
30600 156
30800 138
31000 157
31200 151
31400 154
31600 146
31800 158
32000 165
32200 165
32400 159
32600 153
32800 136
33000 143
33200 147
33400 145
33600 137
33800 148
34000 152
34200 140
34400 140
34600 145
34800 148
35000 152
35200 142
35400 149
35600 148
35800 144
36000 145
36200 145
36400 145
36600 164
36800 124
37000 152
37200 160
37400 135
37600 153
37800 166
38000 151
38200 135
38400 165
38600 155
38800 148
39000 161
39200 145
39400 160
39600 149
39800 134
40000 163
40200 138
40400 157
40600 165
40800 156
41000 159
41200 169
41400 147
41600 140
41800 147
42000 168
42200 158
42400 149
42600 147
42800 159
43000 157
43200 156
43400 130
43600 155
43800 135
44000 173
44200 154
44400 142
44600 154
44800 142
45000 141
45200 156
45400 160
45600 154
45800 152
46000 174
46200 129
46400 150
46600 150
46800 167
47000 153
47200 145
47400 142
47600 149
47800 164
48000 157
48200 150
48400 150
48600 142
48800 147
49000 151
49200 165
49400 143
49600 148
49800 143
50000 144
50200 133
50400 161
50600 162
50800 163
51000 132
51200 140
51400 144
51600 163
51800 152
52000 143
52200 129
52400 147
52600 163
52800 150
53000 164
53200 147
53400 145
53600 146
53800 150
54000 150
54200 138
54400 160
54600 160
54800 164
55000 140
55200 149
55400 156
55600 158
55800 155
56000 141
56200 159
56400 142
56600 140
56800 180
57000 158
57200 141
57400 161
57600 150
57800 142
58000 164
58200 155
58400 168
58600 149
58800 163
59000 147
59200 174
59400 152
59600 145
59800 153
60000 152
60200 148
60400 130
60600 150
60800 163
61000 162
61200 149
61400 158
61600 155
61800 165
62000 119
62200 164
62400 132
62600 169
62800 127
63000 135
63200 156
63400 137
63600 172
63800 159
64000 157
64200 139
64400 158
64600 141
64800 146
65000 143
65200 142
65400 135
65600 130
65800 142
66000 155
66200 155
66400 148
66600 144
66800 168
67000 148
67200 154
67400 129
67600 150
67800 178
68000 161
68200 165
68400 155
68600 137
68800 152
69000 139
69200 155
69400 168
69600 151
69800 150
70000 158
70200 159
70400 122
70600 138
70800 155
71000 153
71200 150
71400 132
71600 151
71800 141
72000 150
72200 143
72400 156
72600 150
72800 153
73000 138
73200 174
73400 159
73600 162
73800 155
74000 169
74200 144
74400 128
74600 157
74800 169
75000 158
75200 157
75400 151
75600 156
75800 157
76000 152
76200 154
76400 153
76600 136
76800 161
77000 161
77200 150
77400 149
77600 153
77800 146
78000 154
78200 166
78400 143
78600 151
78800 140
79000 161
79200 147
79400 163
79600 143
79800 147
80000 169
80200 160
80400 152
80600 158
80800 136
81000 155
81200 147
81400 140
81600 158
81800 159
82000 169
82200 141
82400 153
82600 146
82800 141
83000 125
83200 157
83400 154
83600 152
83800 161
84000 141
84200 141
84400 149
84600 155
84800 176
85000 169
85200 153
85400 153
85600 162
85800 146
86000 140
86200 169
86400 148
86600 166
86800 143
87000 143
87200 148
87400 168
87600 164
87800 150
88000 153
88200 139
88400 154
88600 143
88800 144
89000 149
89200 151
89400 138
89600 153
89800 152
90000 153
90200 134
90400 132
90600 144
90800 157
91000 133
91200 162
91400 159
91600 147
91800 151
92000 141
92200 153
92400 152
92600 144
92800 139
93000 137
93200 150
93400 164
93600 152
93800 166
94000 162
94200 135
94400 155
94600 128
94800 137
95000 138
95200 181
95400 149
95600 157
95800 146
96000 149
96200 142
96400 142
96600 102
96800 151
97000 126
97200 151
97400 156
97600 164
97800 150
98000 153
98200 159
98400 169
98600 165
98800 163
99000 148
99200 159
99400 164
99600 130
99800 129
100000 143
100200 153
100400 144
100600 133
100800 160
101000 133
101200 144
101400 148
101600 152
101800 149
102000 148
102200 144
102400 159
102600 163
102800 122
103000 154
103200 148
103400 146
103600 161
103800 147
104000 136
104200 125
104400 143
104600 147
104800 170
105000 154
105200 147
105400 152
105600 145
105800 172
106000 157
106200 125
106400 145
106600 158
106800 154
107000 153
107200 141
107400 140
107600 149
107800 152
108000 158
108200 165
108400 139
108600 157
108800 145
109000 148
109200 156
109400 157
109600 155
109800 160
110000 152
110200 165
110400 145
110600 149
110800 142
111000 148
111200 143
111400 144
111600 144
111800 149
112000 170
112200 161
112400 138
112600 156
112800 161
113000 153
113200 144
113400 135
113600 143
113800 136
114000 142
114200 150
114400 161
114600 154
114800 135
115000 147
115200 168
115400 159
115600 128
115800 144
116000 137
116200 163
116400 158
116600 139
116800 160
117000 153
117200 159
117400 176
117600 163
117800 158
118000 166
118200 170
118400 150
118600 137
118800 161
119000 152
119200 145
119400 155
119600 134
119800 149
120000 139
120200 143
120400 159
120600 155
120800 150
121000 155
121200 157
121400 159
121600 158
121800 160
122000 139
122200 142
122400 150
122600 146
122800 145
123000 155
123200 152
123400 137
123600 145
123800 148
124000 131
124200 142
124400 153
124600 145
124800 137
125000 153
125200 132
125400 157
125600 168
125800 160
126000 164
126200 150
126400 152
126600 151
126800 156
127000 146
127200 149
127400 144
127600 143
127800 142
128000 126
128200 159
128400 132
128600 158
128800 156
129000 161
129200 148
129400 146
129600 151
129800 132
130000 149
130200 141
130400 144
130600 163
130800 140
131000 150
131200 153
131400 170
131600 128
131800 148
132000 142
132200 162
132400 143
132600 165
132800 136
133000 141
133200 154
133400 167
133600 158
133800 145
134000 141
134200 179
134400 165
134600 152
134800 162
135000 153
135200 151
135400 154
135600 169
135800 140
136000 136
136200 167
136400 150
136600 138
136800 151
137000 144
137200 144
137400 160
137600 162
137800 146
138000 171
138200 169
138400 145
138600 160
138800 158
139000 154
139200 145
139400 158
139600 177
139800 163
140000 163
140200 160
140400 149
140600 159
140800 171
141000 152
141200 132
141400 169
141600 147
141800 138
142000 163
142200 155
142400 151
142600 155
142800 138
143000 161
143200 141
143400 159
143600 145
143800 145
144000 133
144200 158
144400 147
144600 148
144800 146
145000 155
145200 161
145400 161
145600 149
145800 159
146000 150
146200 144
146400 123
146600 174
146800 152
147000 139
147200 158
147400 156
147600 149
147800 143
148000 155
148200 159
148400 164
148600 157
148800 119
149000 150
149200 170
149400 158
149600 140
149800 142
150000 167
150200 154
150400 144
150600 135
150800 159
151000 149
151200 146
151400 161
151600 152
151800 137
152000 133
152200 145
152400 147
152600 142
152800 153
153000 134
153200 164
153400 152
153600 160
153800 136
154000 168
154200 161
154400 149
154600 160
154800 129
155000 157
155200 143
155400 143
155600 151
155800 155
156000 134
156200 138
156400 154
156600 148
156800 144
157000 155
157200 155
157400 134
157600 137
157800 145
158000 169
158200 163
158400 139
158600 156
158800 150
159000 142
159200 130
159400 152
159600 158
159800 151
160000 175
160200 144
160400 166
160600 178
160800 139
161000 158
161200 142
161400 143
161600 142
161800 165
162000 152
162200 128
162400 140
162600 147
162800 153
163000 153
163200 163
163400 151
163600 144
163800 149
164000 153
164200 149
164400 143
164600 170
164800 147
165000 144
165200 140
165400 163
165600 155
165800 155
166000 144
166200 136
166400 155
166600 154
166800 134
167000 157
167200 152
167400 169
167600 146
167800 131
168000 136
168200 134
168400 144
168600 158
168800 154
169000 135
169200 168
169400 129
169600 152
169800 151
170000 165
170200 153
170400 147
170600 144
170800 153
171000 161
171200 167
171400 149
171600 152
171800 153
172000 145
172200 144
172400 153
172600 153
172800 164
173000 173
173200 145
173400 151
173600 155
173800 139
174000 142
174200 135
174400 140
174600 154
174800 138
175000 135
175200 155
175400 167
175600 125
175800 158
176000 147
176200 140
176400 146
176600 144
176800 151
177000 148
177200 157
177400 147
177600 147
177800 161
178000 166
178200 144
178400 139
178600 143
178800 162
179000 173
179200 135
179400 153
179600 155
179800 142
180000 137
180200 161
180400 162
180600 168
180800 146
181000 152
181200 156
181400 169
181600 164
181800 144
182000 155
182200 142
182400 144
182600 136
182800 130
183000 145
183200 130
183400 160
183600 148
183800 150
184000 167
184200 154
184400 134
184600 161
184800 149
185000 134
185200 137
185400 166
185600 147
185800 158
186000 164
186200 144
186400 113
186600 143
186800 122
187000 150
187200 165
187400 155
187600 149
187800 135
188000 141
188200 149
188400 154
188600 149
188800 157
189000 147
189200 159
189400 151
189600 146
189800 153
190000 165
190200 152
190400 146
190600 146
190800 158
191000 148
191200 154
191400 171
191600 150
191800 163
192000 161
192200 132
192400 172
192600 139
192800 147
193000 136
193200 145
193400 143
193600 158
193800 160
194000 177
194200 169
194400 157
194600 124
194800 152
195000 140
195200 144
195400 167
195600 158
195800 155
196000 150
196200 139
196400 155
196600 144
196800 140
197000 128
197200 167
197400 150
197600 148
197800 156
198000 161
198200 146
198400 142
198600 150
198800 157
199000 147
199200 146
199400 150
199600 147
199800 167
200000 131
200200 144
200400 180
200600 135
200800 165
201000 148
201200 134
201400 155
201600 147
201800 137
202000 141
202200 154
202400 136
202600 152
202800 167
203000 146
203200 146
203400 172
203600 146
203800 167
204000 131
204200 149
204400 150
204600 154
204800 137
205000 160
205200 153
205400 156
205600 155
205800 162
206000 161
206200 161
206400 150
206600 166
206800 154
207000 151
207200 162
207400 164
207600 127
207800 155
208000 149
208200 141
208400 166
208600 126
208800 144
209000 133
209200 145
209400 155
209600 163
209800 145
210000 158
210200 161
210400 144
210600 158
210800 157
211000 141
211200 150
211400 155
211600 155
211800 153
212000 151
212200 156
212400 156
212600 146
212800 179
213000 143
213200 174
213400 144
213600 154
213800 149
214000 146
214200 155
214400 161
214600 161
214800 129
215000 132
215200 144
215400 146
215600 154
215800 144
216000 150
216200 152
216400 146
216600 158
216800 157
217000 149
217200 151
217400 161
217600 152
217800 164
218000 142
218200 155
218400 162
218600 140
218800 159
219000 176
219200 156
219400 146
219600 148
219800 158
220000 157
220200 172
220400 153
220600 158
220800 140
221000 143
221200 142
221400 149
221600 152
221800 151
222000 156
222200 147
222400 165
222600 172
222800 154
223000 153
223200 170
223400 130
223600 144
223800 135
224000 148
224200 161
224400 151
224600 145
224800 144
225000 144
225200 167
225400 149
225600 150
225800 153
226000 165
226200 157
226400 149
226600 129
226800 157
227000 133
227200 166
227400 156
227600 166
227800 134
228000 124
228200 155
228400 152
228600 138
228800 148
229000 165
229200 142
229400 129
229600 144
229800 152
230000 153
230200 164
230400 159
230600 160
230800 166
231000 156
231200 121
231400 160
231600 149
231800 168
232000 145
232200 150
232400 146
232600 161
232800 152
233000 168
233200 124
233400 154
233600 125
233800 172
234000 179
234200 140
234400 159
234600 152
234800 152
235000 159
235200 140
235400 151
235600 155
235800 160
236000 161
236200 162
236400 156
236600 148
236800 139
237000 149
237200 153
237400 168
237600 158
237800 141
238000 178
238200 139
238400 156
238600 155
238800 161
239000 155
239200 145
239400 165
239600 161
239800 148
240000 143
240200 151
240400 140
240600 131
240800 130
241000 168
241200 163
241400 138
241600 143
241800 155
242000 152
242200 136
242400 165
242600 154
242800 143
243000 169
243200 154
243400 159
243600 143
243800 157
244000 137
244200 172
244400 134
244600 162
244800 149
245000 159
245200 141
245400 155
245600 156
245800 167
246000 137
246200 154
246400 153
246600 169
246800 159
247000 143
247200 128
247400 156
247600 161
247800 143
248000 153
248200 129
248400 152
248600 135
248800 141
249000 161
249200 154
249400 139
249600 160
249800 138
250000 155
250200 167
250400 152
250600 145
250800 154
251000 163
251200 128
251400 159
251600 133
251800 144
252000 147
252200 152
252400 137
252600 158
252800 136
253000 136
253200 147
253400 163
253600 142
253800 163
254000 152
254200 143
254400 164
254600 165
254800 142
255000 144
255200 132
255400 138
255600 141
255800 150
256000 152
256200 142
256400 162
256600 150
256800 151
257000 131
257200 134
257400 151
257600 159
257800 143
258000 138
258200 140
258400 125
258600 157
258800 146
259000 171
259200 149
259400 155
259600 155
259800 134
260000 149
260200 171
260400 161
260600 161
260800 142
261000 160
261200 135
261400 144
261600 151
261800 144
262000 158
262200 161
262400 141
262600 153
262800 154
263000 145
263200 124
263400 153
263600 136
263800 164
264000 154
264200 162
264400 151
264600 156
264800 152
265000 147
265200 154
265400 164
265600 156
265800 152
266000 155
266200 134
266400 163
266600 143
266800 130
267000 160
267200 154
267400 146
267600 160
267800 148
268000 150
268200 164
268400 145
268600 136
268800 137
269000 165
269200 148
269400 157
269600 156
269800 157
270000 138
270200 151
270400 151
270600 178
270800 160
271000 144
271200 151
271400 147
271600 153
271800 155
272000 155
272200 122
272400 153
272600 136
272800 146
273000 156
273200 144
273400 145
273600 155
273800 142
274000 132
274200 156
274400 157
274600 149
274800 151
275000 150
275200 160
275400 168
275600 149
275800 158
276000 149
276200 151
276400 149
276600 144
276800 141
277000 161
277200 167
277400 140
277600 151
277800 137
278000 140
278200 155
278400 140
278600 127
278800 147
279000 165
279200 150
279400 151
279600 158
279800 148
280000 153
280200 159
280400 165
280600 170
280800 125
281000 163
281200 157
281400 160
281600 143
281800 150
282000 140
282200 142
282400 171
282600 145
282800 177
283000 156
283200 146
283400 141
283600 152
283800 154
284000 161
284200 142
284400 135
284600 151
284800 150
285000 141
285200 158
285400 152
285600 147
285800 161
286000 145
286200 153
286400 142
286600 152
286800 152
287000 143
287200 148
287400 141
287600 132
287800 153
288000 160
288200 164
288400 141
288600 161
288800 138
289000 156
289200 158
289400 151
289600 152
289800 134
290000 145
290200 147
290400 136
290600 151
290800 136
291000 141
291200 130
291400 137
291600 156
291800 160
292000 164
292200 154
292400 148
292600 140
292800 138
293000 147
293200 156
293400 163
293600 160
293800 158
294000 158
294200 143
294400 139
294600 150
294800 150
295000 153
295200 147
295400 143
295600 134
295800 160
296000 152
296200 145
296400 150
296600 159
296800 146
297000 132
297200 149
297400 149
297600 154
297800 147
298000 147
298200 140
298400 156
298600 156
298800 172
299000 157
299200 135
299400 167
299600 154
299800 142
300000 170
300200 136
300400 147
300600 160
300800 132
301000 160
301200 163
301400 175
301600 157
301800 149
302000 161
302200 161
302400 139
302600 155
302800 150
303000 149
303200 138
303400 149
303600 159
303800 137
304000 148
304200 123
304400 153
304600 147
304800 150
305000 153
305200 155
305400 144
305600 144
305800 153
306000 162
306200 160
306400 138
306600 142
306800 131
307000 176
307200 159
307400 162
307600 163
307800 155
308000 147
308200 168
308400 153
308600 166
308800 154
309000 148
309200 146
309400 151
309600 149
309800 119
310000 160
310200 152
310400 145
310600 155
310800 134
311000 139
311200 149
311400 167
311600 148
311800 154
312000 142
312200 164
312400 149
312600 130
312800 150
313000 145
313200 151
313400 165
313600 144
313800 154
314000 132
314200 155
314400 153
314600 144
314800 157
315000 138
315200 166
315400 158
315600 163
315800 153
316000 152
316200 157
316400 156
316600 140
316800 163
317000 139
317200 154
317400 156
317600 146
317800 149
318000 133
318200 155
318400 138
318600 144
318800 146
319000 146
319200 144
319400 153
319600 165
319800 150
320000 158
320200 141
320400 135
320600 175
320800 153
321000 183
321200 142
321400 142
321600 141
321800 146
322000 156
322200 126
322400 153
322600 151
322800 144
323000 150
323200 161
323400 170
323600 161
323800 133
324000 146
324200 155
324400 169
324600 151
324800 155
325000 151
325200 138
325400 161
325600 162
325800 158
326000 164
326200 153
326400 146
326600 132
326800 157
327000 148
327200 143
327400 156
327600 157
327800 161
328000 155
328200 157
328400 158
328600 157
328800 174
329000 143
329200 163
329400 154
329600 148
329800 148
330000 146
330200 156
330400 152
330600 145
330800 179
331000 148
331200 166
331400 158
331600 157
331800 139
332000 157
332200 146
332400 140
332600 144
332800 173
333000 144
333200 141
333400 154
333600 142
333800 154
334000 151
334200 133
334400 148
334600 156
334800 142
335000 138
335200 135
335400 147
335600 162
335800 165
336000 155
336200 147
336400 141
336600 156
336800 152
337000 156
337200 153
337400 156
337600 145
337800 152
338000 128
338200 130
338400 142
338600 137
338800 156
339000 143
339200 158
339400 144
339600 145
339800 158
340000 161
340200 145
340400 166
340600 153
340800 149
341000 156
341200 146
341400 157
341600 145
341800 155
342000 151
342200 154
342400 150
342600 143
342800 161
343000 145
343200 154
343400 138
343600 155
343800 149
344000 151
344200 144
344400 168
344600 134
344800 161
345000 145
345200 160
345400 134
345600 149
345800 136
346000 151
346200 159
346400 148
346600 164
346800 151
347000 164
347200 148
347400 145
347600 143
347800 153
348000 138
348200 151
348400 149
348600 158
348800 160
349000 148
349200 175
349400 161
349600 167
349800 158
350000 153
350200 154
350400 138
350600 148
350800 152
351000 165
351200 148
351400 175
351600 131
351800 174
352000 153
352200 164
352400 157
352600 145
352800 163
353000 137
353200 167
353400 122
353600 160
353800 171
354000 167
354200 156
354400 138
354600 143
354800 151
355000 165
355200 157
355400 143
355600 138
355800 161
356000 148
356200 155
356400 148
356600 138
356800 146
357000 152
357200 150
357400 147
357600 140
357800 147
358000 139
358200 158
358400 142
358600 151
358800 126
359000 157
359200 160
359400 167
359600 153
359800 148
360000 149
360200 136
360400 153
360600 172
360800 155
361000 155
361200 143
361400 149
361600 149
361800 149
362000 161
362200 144
362400 149
362600 138
362800 154
363000 166
363200 141
363400 140
363600 157
363800 140
364000 152
364200 151
364400 153
364600 148
364800 143
365000 132
365200 148
365400 147
365600 139
365800 146
366000 141
366200 143
366400 155
366600 155
366800 144
367000 175
367200 142
367400 162
367600 149
367800 149
368000 169
368200 151
368400 178
368600 158
368800 151
369000 148
369200 152
369400 159
369600 149
369800 146
370000 170
370200 161
370400 142
370600 144
370800 166
371000 157
371200 152
371400 161
371600 162
371800 155
372000 162
372200 152
372400 143
372600 156
372800 149
373000 138
373200 158
373400 147
373600 140
373800 153
374000 156
374200 153
374400 147
374600 151
374800 164
375000 152
375200 158
375400 135
375600 162
375800 166
376000 144
376200 136
376400 169
376600 139
376800 156
377000 153
377200 147
377400 142
377600 149
377800 166
378000 156
378200 168
378400 157
378600 155
378800 160
379000 157
379200 141
379400 145
379600 155
379800 149
380000 154
380200 143
380400 144
380600 166
380800 148
381000 134
381200 174
381400 153
381600 148
381800 142
382000 137
382200 143
382400 133
382600 142
382800 152
383000 162
383200 140
383400 159
383600 157
383800 142
384000 132
384200 136
384400 160
384600 155
384800 158
385000 170
385200 136
385400 149
385600 145
385800 157
386000 144
386200 124
386400 169
386600 140
386800 150
387000 131
387200 145
387400 144
387600 127
387800 144
388000 151
388200 144
388400 153
388600 152
388800 143
389000 136
389200 139
389400 147
389600 134
389800 146
390000 164
390200 155
390400 130
390600 166
390800 163
391000 158
391200 137
391400 143
391600 146
391800 164
392000 126
392200 148
392400 148
392600 152
392800 168
393000 149
393200 132
393400 147
393600 148
393800 139
394000 129
394200 154
394400 161
394600 144
394800 150
395000 172
395200 150
395400 157
395600 139
395800 179
396000 124
396200 122
396400 168
396600 130
396800 165
397000 153
397200 153
397400 145
397600 136
397800 161
398000 146
398200 153
398400 155
398600 147
398800 141
399000 162
399200 158
399400 156
399600 149
399800 159
400000 152
400200 149
400400 150
400600 147
400800 139
401000 134
401200 154
401400 169
401600 164
401800 143
402000 123
402200 145
402400 145
402600 144
402800 136
403000 143
403200 142
403400 137
403600 134
403800 137
404000 155
404200 137
404400 156
404600 133
404800 161
405000 139
405200 159
405400 139
405600 150
405800 148
406000 142
406200 145
406400 157
406600 145
406800 157
407000 147
407200 144
407400 150
407600 144
407800 134
408000 160
408200 144
408400 150
408600 162
408800 131
409000 156
409200 153
409400 161
409600 130
409800 150
410000 157
410200 159
410400 147
410600 163
410800 155
411000 158
411200 142
411400 131
411600 157
411800 160
412000 144
412200 148
412400 153
412600 140
412800 156
413000 137
413200 135
413400 137
413600 148
413800 174
414000 151
414200 140
414400 156
414600 142
414800 139
415000 149
415200 153
415400 150
415600 146
415800 138
416000 129
416200 135
416400 150
416600 157
416800 138
417000 150
417200 142
417400 139
417600 144
417800 154
418000 144
418200 164
418400 140
418600 162
418800 164
419000 146
419200 121
419400 153
419600 150
419800 130
420000 144
420200 155
420400 156
420600 156
420800 143
421000 142
421200 152
421400 147
421600 147
421800 140
422000 158
422200 171
422400 167
422600 147
422800 140
423000 153
423200 148
423400 149
423600 144
423800 178
424000 143
424200 166
424400 153
424600 148
424800 131
425000 135
425200 168
425400 138
425600 157
425800 178
426000 158
426200 136
426400 157
426600 127
426800 150
427000 152
427200 167
427400 157
427600 157
427800 148
428000 147
428200 162
428400 134
428600 156
428800 147
429000 154
429200 148
429400 155
429600 144
429800 134
430000 152
430200 157
430400 148
430600 176
430800 152
431000 148
431200 178
431400 151
431600 142
431800 130
432000 162
432200 140
432400 133
432600 142
432800 156
433000 142
433200 140
433400 166
433600 139
433800 122
434000 152
434200 149
434400 144
434600 148
434800 162
435000 153
435200 154
435400 143
435600 151
435800 145
436000 134
436200 159
436400 155
436600 156
436800 148
437000 142
437200 154
437400 140
437600 136
437800 154
438000 149
438200 155
438400 163
438600 130
438800 171
439000 168
439200 155
439400 146
439600 157
439800 147
440000 136
440200 153
440400 154
440600 145
440800 154
441000 134
441200 157
441400 157
441600 167
441800 166
442000 134
442200 159
442400 162
442600 149
442800 160
443000 152
443200 156
443400 139
443600 157
443800 153
444000 130
444200 151
444400 135
444600 142
444800 134
445000 173
445200 151
445400 154
445600 166
445800 141
446000 149
446200 152
446400 167
446600 151
446800 162
447000 148
447200 166
447400 164
447600 147
447800 148
448000 139
448200 151
448400 127
448600 142
448800 149
449000 147
449200 163
449400 145
449600 158
449800 169
450000 151
450200 167
450400 144
450600 129
450800 145
451000 141
451200 135
451400 147
451600 132
451800 152
452000 147
452200 136
452400 155
452600 139
452800 145
453000 145
453200 154
453400 149
453600 152
453800 160
454000 140
454200 154
454400 140
454600 156
454800 124
455000 175
455200 160
455400 161
455600 156
455800 132
456000 147
456200 147
456400 146
456600 152
456800 159
457000 135
457200 148
457400 156
457600 156
457800 126
458000 154
458200 138
458400 165
458600 127
458800 152
459000 148
459200 155
459400 161
459600 157
459800 155
460000 158
460200 155
460400 139
460600 154
460800 145
461000 155
461200 149
461400 157
461600 146
461800 152
462000 163
462200 171
462400 137
462600 148
462800 154
463000 153
463200 161
463400 150
463600 148
463800 152
464000 159
464200 152
464400 148
464600 160
464800 151
465000 156
465200 131
465400 153
465600 138
465800 137
466000 134
466200 140
466400 165
466600 146
466800 149
467000 142
467200 145
467400 137
467600 126
467800 150
468000 140
468200 147
468400 143
468600 156
468800 156
469000 144
469200 152
469400 155
469600 164
469800 138
470000 154
470200 146
470400 136
470600 156
470800 130
471000 150
471200 127
471400 140
471600 147
471800 162
472000 138
472200 145
472400 150
472600 146
472800 163
473000 160
473200 148
473400 157
473600 146
473800 158
474000 142
474200 148
474400 135
474600 142
474800 142
475000 159
475200 156
475400 155
475600 142
475800 146
476000 154
476200 137
476400 161
476600 125
476800 151
477000 157
477200 142
477400 138
477600 143
477800 133
478000 154
478200 167
478400 165
478600 150
478800 163
479000 145
479200 156
479400 151
479600 153
479800 145
480000 175
480200 155
480400 157
480600 124
480800 146
481000 147
481200 164
481400 150
481600 166
481800 151
482000 148
482200 156
482400 164
482600 142
482800 168
483000 155
483200 142
483400 149
483600 142
483800 147
484000 143
484200 133
484400 168
484600 155
484800 175
485000 143
485200 140
485400 143
485600 136
485800 139
486000 165
486200 135
486400 173
486600 140
486800 154
487000 177
487200 144
487400 163
487600 154
487800 132
488000 156
488200 149
488400 154
488600 168
488800 143
489000 166
489200 164
489400 137
489600 157
489800 163
490000 148
490200 155
490400 158
490600 143
490800 142
491000 151
491200 150
491400 153
491600 135
491800 168
492000 138
492200 155
492400 153
492600 155
492800 147
493000 155
493200 153
493400 138
493600 149
493800 151
494000 163
494200 170
494400 168
494600 144
494800 145
495000 140
495200 135
495400 147
495600 156
495800 155
496000 135
496200 139
496400 147
496600 155
496800 165
497000 166
497200 163
497400 150
497600 154
497800 155
498000 157
498200 142
498400 152
498600 135
498800 147
499000 153
499200 149
499400 139
499600 158
499800 145
500000 141
500200 153
500400 168
500600 163
500800 164
501000 159
501200 157
501400 151
501600 134
501800 171
502000 152
502200 157
502400 141
502600 148
502800 160
503000 148
503200 119
503400 153
503600 144
503800 137
504000 150
504200 140
504400 165
504600 152
504800 144
505000 160
505200 148
505400 149
505600 155
505800 140
506000 153
506200 159
506400 154
506600 160
506800 129
507000 135
507200 144
507400 150
507600 160
507800 152
508000 149
508200 150
508400 150
508600 164
508800 147
509000 154
509200 166
509400 150
509600 170
509800 160
510000 146
510200 126
510400 153
510600 155
510800 147
511000 157
511200 142
511400 162
511600 159
511800 150
512000 148
512200 152
512400 156
512600 149
512800 149
513000 155
513200 148
513400 136
513600 144
513800 143
514000 161
514200 166
514400 154
514600 129
514800 143
515000 154
515200 142
515400 136
515600 136
515800 157
516000 157
516200 153
516400 154
516600 156
516800 180
517000 162
517200 159
517400 148
517600 164
517800 161
518000 149
518200 154
518400 164
518600 162
518800 148
519000 128
519200 135
519400 150
519600 145
519800 162
520000 165
520200 163
520400 137
520600 144
520800 158
521000 139
521200 137
521400 136
521600 166
521800 139
522000 153
522200 155
522400 160
522600 152
522800 143
523000 160
523200 153
523400 174
523600 139
523800 157
524000 152
524200 153
524400 176
524600 150
524800 164
525000 145
525200 135
525400 148
525600 148
525800 128
526000 152
526200 148
526400 166
526600 155
526800 164
527000 162
527200 140
527400 137
527600 133
527800 146
528000 156
528200 141
528400 146
528600 142
528800 160
529000 165
529200 149
529400 148
529600 159
529800 170
530000 155
530200 168
530400 163
530600 148
530800 165
531000 143
531200 165
531400 151
531600 162
531800 118
532000 135
532200 132
532400 145
532600 143
532800 147
533000 157
533200 139
533400 165
533600 140
533800 130
534000 150
534200 128
534400 145
534600 145
534800 148
535000 149
535200 160
535400 161
535600 149
535800 129
536000 131
536200 146
536400 163
536600 158
536800 158
537000 145
537200 150
537400 147
537600 145
537800 155
538000 137
538200 157
538400 131
538600 150
538800 137
539000 149
539200 164
539400 141
539600 139
539800 128
540000 154
540200 150
540400 167
540600 149
540800 153
541000 149
541200 149
541400 154
541600 159
541800 174
542000 144
542200 138
542400 138
542600 146
542800 136
543000 147
543200 137
543400 163
543600 171
543800 154
544000 141
544200 155
544400 150
544600 164
544800 137
545000 154
545200 155
545400 145
545600 178
545800 150
546000 154
546200 142
546400 160
546600 145
546800 151
547000 149
547200 139
547400 160
547600 162
547800 140
548000 161
548200 151
548400 146
548600 156
548800 142
549000 156
549200 162
549400 136
549600 126
549800 163
550000 157
550200 175
550400 154
550600 153
550800 142
551000 158
551200 171
551400 167
551600 158
551800 163
552000 141
552200 155
552400 100
552600 136
552800 147
553000 156
553200 140
553400 160
553600 147
553800 160
554000 161
554200 146
554400 166
554600 166
554800 142
555000 141
555200 157
555400 138
555600 152
555800 142
556000 157
556200 137
556400 155
556600 153
556800 137
557000 153
557200 142
557400 154
557600 153
557800 162
558000 170
558200 142
558400 139
558600 148
558800 144
559000 162
559200 170
559400 165
559600 142
559800 159
560000 154
560200 148
560400 155
560600 139
560800 140
561000 139
561200 135
561400 141
561600 152
561800 167
562000 155
562200 145
562400 129
562600 158
562800 144
563000 131
563200 165
563400 130
563600 166
563800 146
564000 123
564200 148
564400 142
564600 155
564800 144
565000 128
565200 166
565400 160
565600 146
565800 168
566000 150
566200 143
566400 149
566600 166
566800 142
567000 133
567200 135
567400 133
567600 146
567800 131
568000 171
568200 150
568400 132
568600 164
568800 152
569000 153
569200 151
569400 153
569600 147
569800 138
570000 164
570200 141
570400 147
570600 153
570800 125
571000 136
571200 164
571400 152
571600 150
571800 132
572000 142
572200 144
572400 139
572600 167
572800 141
573000 155
573200 142
573400 153
573600 147
573800 154
574000 171
574200 146
574400 154
574600 163
574800 137
575000 147
575200 132
575400 145
575600 165
575800 149
576000 143
576200 139
576400 150
576600 143
576800 165
577000 145
577200 127
577400 171
577600 159
577800 133
578000 161
578200 141
578400 150
578600 131
578800 158
579000 137
579200 162
579400 137
579600 146
579800 149
580000 172
580200 161
580400 157
580600 129
580800 155
581000 175
581200 157
581400 171
581600 166
581800 159
582000 144
582200 162
582400 150
582600 162
582800 146
583000 155
583200 152
583400 159
583600 152
583800 148
584000 179
584200 129
584400 159
584600 150
584800 137
585000 131
585200 139
585400 154
585600 157
585800 123
586000 140
586200 155
586400 160
586600 162
586800 168
587000 146
587200 164
587400 163
587600 163
587800 147
588000 157
588200 140
588400 164
588600 141
588800 151
589000 154
589200 143
589400 136
589600 146
589800 157
590000 159
590200 169
590400 154
590600 157
590800 141
591000 157
591200 143
591400 148
591600 163
591800 153
592000 174
592200 148
592400 186
592600 148
592800 140
593000 145
593200 158
593400 155
593600 146
593800 160
594000 164
594200 148
594400 170
594600 147
594800 162
595000 151
595200 168
595400 148
595600 146
595800 174
596000 139
596200 129
596400 149
596600 137
596800 160
597000 156
597200 168
597400 141
597600 154
597800 124
598000 145
598200 139
598400 148
598600 149
598800 147
599000 162
599200 156
599400 135
599600 140
599800 162
600000 129
600200 160
600400 153
600600 144
600800 146
601000 142
601200 154
601400 180
601600 155
601800 136
602000 156
602200 163
602400 166
602600 127
602800 148
603000 157
603200 171
603400 142
603600 146
603800 154
604000 150
604200 143
604400 168
604600 133
604800 140
605000 145
605200 164
605400 151
605600 148
605800 162
606000 145
606200 135
606400 163
606600 147
606800 166
607000 143
607200 141
607400 153
607600 148
607800 168
608000 157
608200 153
608400 164
608600 140
608800 128
609000 135
609200 160
609400 127
609600 127
609800 149
610000 144
610200 142
610400 146
610600 149
610800 161
611000 158
611200 125
611400 152
611600 154
611800 155
612000 159
612200 163
612400 152
612600 168
612800 168
613000 142
613200 131
613400 159
613600 154
613800 160
614000 165
614200 147
614400 131
614600 162
614800 153
615000 147
615200 147
615400 140
615600 145
615800 159
616000 140
616200 154
616400 144
616600 160
616800 156
617000 160
617200 157
617400 159
617600 155
617800 138
618000 144
618200 162
618400 131
618600 148
618800 138
619000 154
619200 159
619400 135
619600 150
619800 160
620000 161
620200 147
620400 161
620600 135
620800 128
621000 156
621200 172
621400 161
621600 127
621800 155
622000 148
622200 159
622400 137
622600 165
622800 158
623000 150
623200 146
623400 161
623600 141
623800 155
624000 152
624200 159
624400 168
624600 138
624800 154
625000 176
625200 150
625400 121
625600 134
625800 152
626000 154
626200 138
626400 160
626600 145
626800 164
627000 169
627200 146
627400 165
627600 158
627800 144
628000 152
628200 151
628400 142
628600 137
628800 144
629000 147
629200 142
629400 127
629600 141
629800 165
630000 147
630200 152
630400 161
630600 152
630800 142
631000 163
631200 139
631400 144
631600 143
631800 153
632000 150
632200 137
632400 160
632600 141
632800 139
633000 160
633200 141
633400 136
633600 165
633800 149
634000 148
634200 144
634400 154
634600 163
634800 137
635000 148
635200 149
635400 167
635600 165
635800 134
636000 146
636200 144
636400 146
636600 144
636800 156
637000 153
637200 156
637400 161
637600 152
637800 157
638000 135
638200 153
638400 151
638600 144
638800 166
639000 137
639200 160
639400 156
639600 137
639800 151
640000 141
640200 143
640400 144
640600 135
640800 126
641000 158
641200 160
641400 153
641600 159
641800 146
642000 154
642200 147
642400 151
642600 147
642800 139
643000 149
643200 143
643400 166
643600 169
643800 167
644000 148
644200 154
644400 159
644600 150
644800 145
645000 139
645200 142
645400 154
645600 138
645800 150
646000 168
646200 156
646400 150
646600 130
646800 160
647000 127
647200 155
647400 143
647600 171
647800 151
648000 150
648200 139
648400 143
648600 147
648800 153
649000 152
649200 154
649400 136
649600 167
649800 170
650000 149
650200 161
650400 143
650600 149
650800 169
651000 157
651200 143
651400 179
651600 147
651800 152
652000 163
652200 162
652400 146
652600 148
652800 156
653000 152
653200 159
653400 157
653600 148
653800 152
654000 155
654200 159
654400 150
654600 159
654800 174
655000 154
655200 131
655400 150
655600 151
655800 133
656000 150
656200 161
656400 144
656600 126
656800 133
657000 151
657200 148
657400 137
657600 145
657800 150
658000 154
658200 150
658400 139
658600 150
658800 145
659000 131
659200 145
659400 167
659600 145
659800 151
660000 145
660200 160
660400 145
660600 152
660800 155
661000 159
661200 129
661400 158
661600 158
661800 135
662000 163
662200 159
662400 154
662600 158
662800 146
663000 165
663200 165
663400 148
663600 150
663800 157
664000 155
664200 134
664400 147
664600 150
664800 154
665000 145
665200 158
665400 140
665600 155
665800 157
666000 166
666200 149
666400 100
666600 163
666800 152
667000 139
667200 147
667400 159
667600 145
667800 154
668000 160
668200 138
668400 150
668600 170
668800 152
669000 152
669200 151
669400 140
669600 149
669800 169
670000 165
670200 154
670400 172
670600 159
670800 158
671000 143
671200 148
671400 140
671600 156
671800 154
672000 144
672200 144
672400 160
672600 145
672800 156
673000 163
673200 173
673400 152
673600 150
673800 154
674000 152
674200 143
674400 136
674600 152
674800 147
675000 162
675200 144
675400 144
675600 138
675800 146
676000 135
676200 145
676400 177
676600 151
676800 132
677000 170
677200 134
677400 154
677600 164
677800 160
678000 142
678200 148
678400 161
678600 172
678800 146
679000 136
679200 151
679400 144
679600 165
679800 159
680000 170
680200 146
680400 155
680600 133
680800 152
681000 155
681200 159
681400 138
681600 137
681800 160
682000 151
682200 137
682400 168
682600 157
682800 148
683000 175
683200 151
683400 149
683600 144
683800 143
684000 152
684200 144
684400 165
684600 168
684800 160
685000 148
685200 157
685400 154
685600 145
685800 169
686000 169
686200 148
686400 156
686600 150
686800 165
687000 141
687200 151
687400 123
687600 148
687800 158
688000 156
688200 157
688400 134
688600 167
688800 149
689000 155
689200 123
689400 147
689600 157
689800 149
690000 156
690200 139
690400 152
690600 145
690800 151
691000 148
691200 151
691400 154
691600 147
691800 149
692000 149
692200 146
692400 163
692600 141
692800 144
693000 154
693200 172
693400 156
693600 137
693800 143
694000 169
694200 154
694400 152
694600 158
694800 144
695000 165
695200 143
695400 153
695600 146
695800 153
696000 147
696200 128
696400 159
696600 128
696800 158
697000 156
697200 146
697400 152
697600 147
697800 162
698000 142
698200 154
698400 149
698600 141
698800 141
699000 128
699200 171
699400 145
699600 164
699800 154
700000 151
700200 158
700400 151
700600 160
700800 147
701000 146
701200 144
701400 152
701600 164
701800 153
702000 162
702200 171
702400 136
702600 155
702800 152
703000 141
703200 153
703400 141
703600 143
703800 150
704000 145
704200 163
704400 155
704600 144
704800 150
705000 138
705200 157
705400 149
705600 157
705800 150
706000 166
706200 140
706400 147
706600 152
706800 161
707000 137
707200 152
707400 167
707600 124
707800 152
708000 134
708200 158
708400 167
708600 153
708800 140
709000 145
709200 140
709400 150
709600 150
709800 153
710000 146
710200 154
710400 164
710600 144
710800 134
711000 157
711200 139
711400 142
711600 130
711800 149
712000 146
712200 167
712400 156
712600 162
712800 158
713000 137
713200 149
713400 149
713600 146
713800 157
714000 152
714200 151
714400 154
714600 167
714800 157
715000 154
715200 164
715400 132
715600 144
715800 149
716000 148
716200 169
716400 158
716600 152
716800 140
717000 146
717200 136
717400 164
717600 127
717800 140
718000 159
718200 142
718400 156
718600 160
718800 159
719000 146
719200 163
719400 152
719600 143
719800 159
720000 157
720200 137
720400 141
720600 158
720800 149
721000 152
721200 148
721400 152
721600 139
721800 145
722000 144
722200 150
722400 171
722600 152
722800 178
723000 144
723200 162
723400 149
723600 145
723800 139
724000 149
724200 169
724400 153
724600 146
724800 154
725000 148
725200 163
725400 158
725600 151
725800 164
726000 138
726200 144
726400 169
726600 153
726800 138
727000 131
727200 154
727400 157
727600 161
727800 156
728000 149
728200 152
728400 141
728600 146
728800 159
729000 149
729200 151
729400 149
729600 155
729800 155
730000 150
730200 154
730400 140
730600 141
730800 142
731000 151
731200 164
731400 141
731600 155
731800 149
732000 166
732200 127
732400 163
732600 148
732800 154
733000 129
733200 157
733400 147
733600 143
733800 165
734000 139
734200 144
734400 163
734600 163
734800 143
735000 153
735200 141
735400 163
735600 147
735800 157
736000 145
736200 164
736400 163
736600 165
736800 160
737000 150
737200 155
737400 142
737600 133
737800 165
738000 159
738200 157
738400 149
738600 161
738800 151
739000 141
739200 167
739400 133
739600 152
739800 152
740000 164
740200 136
740400 156
740600 141
740800 151
741000 158
741200 137
741400 159
741600 146
741800 160
742000 161
742200 159
742400 132
742600 155
742800 166
743000 165
743200 149
743400 148
743600 154
743800 154
744000 146
744200 148
744400 152
744600 142
744800 176
745000 165
745200 143
745400 165
745600 162
745800 142
746000 156
746200 151
746400 143
746600 137
746800 176
747000 148
747200 138
747400 149
747600 149
747800 167
748000 158
748200 155
748400 146
748600 157
748800 150
749000 146
749200 141
749400 143
749600 134
749800 155
750000 133
750200 143
750400 148
750600 156
750800 148
751000 155
751200 150
751400 139
751600 144
751800 149
752000 173
752200 141
752400 169
752600 156
752800 136
753000 138
753200 157
753400 144
753600 160
753800 141
754000 157
754200 144
754400 160
754600 139
754800 138
755000 162
755200 138
755400 130
755600 136
755800 152
756000 142
756200 152
756400 147
756600 156
756800 163
757000 146
757200 160
757400 141
757600 139
757800 162
758000 167
758200 150
758400 165
758600 138
758800 133
759000 154
759200 147
759400 140
759600 151
759800 134
760000 136
760200 131
760400 147
760600 143
760800 164
761000 146
761200 149
761400 127
761600 138
761800 156
762000 142
762200 147
762400 147
762600 153
762800 159
763000 159
763200 149
763400 160
763600 133
763800 148
764000 133
764200 154
764400 165
764600 168
764800 164
765000 162
765200 158
765400 154
765600 164
765800 163
766000 150
766200 155
766400 141
766600 162
766800 149
767000 144
767200 124
767400 141
767600 148
767800 140
768000 149
768200 155
768400 147
768600 158
768800 154
769000 162
769200 147
769400 159
769600 152
769800 164
770000 148
770200 142
770400 159
770600 137
770800 166
771000 158
771200 151
771400 148
771600 151
771800 160
772000 155
772200 158
772400 126
772600 134
772800 144
773000 141
773200 166
773400 139
773600 130
773800 125
774000 169
774200 155
774400 164
774600 144
774800 165
775000 149
775200 130
775400 155
775600 143
775800 160
776000 145
776200 145
776400 138
776600 150
776800 150
777000 144
777200 133
777400 129
777600 159
777800 138
778000 163
778200 143
778400 159
778600 153
778800 172
779000 150
779200 135
779400 170
779600 168
779800 151
780000 150
780200 157
780400 145
780600 160
780800 139
781000 158
781200 131
781400 127
781600 138
781800 153
782000 150
782200 155
782400 158
782600 136
782800 168
783000 156
783200 157
783400 143
783600 161
783800 149
784000 153
784200 149
784400 156
784600 169
784800 164
785000 136
785200 146
785400 149
785600 137
785800 161
786000 155
786200 158
786400 140
786600 168
786800 160
787000 156
787200 160
787400 160
787600 140
787800 160
788000 158
788200 130
788400 143
788600 154
788800 137
789000 168
789200 149
789400 161
789600 159
789800 169
790000 148
790200 132
790400 146
790600 153
790800 160
791000 137
791200 154
791400 132
791600 167
791800 154
792000 161
792200 138
792400 154
792600 157
792800 162
793000 156
793200 133
793400 158
793600 139
793800 140
794000 166
794200 162
794400 141
794600 139
794800 147
795000 165
795200 143
795400 138
795600 161
795800 155
796000 145
796200 147
796400 152
796600 160
796800 125
797000 172
797200 143
797400 152
797600 155
797800 143
798000 144
798200 145
798400 164
798600 148
798800 155
799000 161
799200 155
799400 147
799600 133
799800 143
800000 141
800200 143
800400 149
800600 134
800800 145
801000 133
801200 164
801400 164
801600 160
801800 144
802000 143
802200 163
802400 140
802600 154
802800 147
803000 145
803200 161
803400 151
803600 151
803800 147
804000 155
804200 157
804400 172
804600 159
804800 155
805000 147
805200 147
805400 173
805600 156
805800 136
806000 150
806200 130
806400 142
806600 158
806800 142
807000 137
807200 162
807400 145
807600 155
807800 158
808000 160
808200 142
808400 160
808600 154
808800 145
809000 151
809200 139
809400 151
809600 139
809800 156
810000 166
810200 145
810400 127
810600 153
810800 164
811000 142
811200 152
811400 156
811600 160
811800 148
812000 163
812200 133
812400 131
812600 158
812800 171
813000 119
813200 160
813400 164
813600 144
813800 136
814000 139
814200 159
814400 134
814600 157
814800 160
815000 151
815200 146
815400 148
815600 146
815800 148
816000 150
816200 145
816400 160
816600 141
816800 161
817000 140
817200 144
817400 141
817600 155
817800 146
818000 161
818200 154
818400 170
818600 145
818800 158
819000 147
819200 152
819400 149
819600 145
819800 150
820000 162
820200 150
820400 161
820600 150
820800 146
821000 155
821200 153
821400 156
821600 150
821800 163
822000 157
822200 137
822400 154
822600 160
822800 156
823000 143
823200 150
823400 148
823600 149
823800 161
824000 150
824200 148
824400 157
824600 141
824800 150
825000 132
825200 165
825400 136
825600 158
825800 140
826000 149
826200 152
826400 117
826600 166
826800 146
827000 160
827200 174
827400 150
827600 136
827800 135
828000 152
828200 148
828400 133
828600 174
828800 161
829000 160
829200 151
829400 153
829600 151
829800 164
830000 148
830200 144
830400 151
830600 140
830800 138
831000 155
831200 143
831400 153
831600 137
831800 150
832000 142
832200 143
832400 142
832600 139
832800 138
833000 159
833200 161
833400 140
833600 147
833800 150
834000 138
834200 163
834400 155
834600 139
834800 163
835000 136
835200 152
835400 165
835600 163
835800 155
836000 146
836200 148
836400 156
836600 151
836800 162
837000 143
837200 151
837400 125
837600 151
837800 142
838000 142
838200 155
838400 150
838600 153
838800 160
839000 156
839200 149
839400 155
839600 138
839800 128
840000 148
840200 173
840400 150
840600 159
840800 157
841000 167
841200 161
841400 139
841600 139
841800 143
842000 139
842200 145
842400 160
842600 161
842800 168
843000 157
843200 149
843400 147
843600 164
843800 153
844000 154
844200 138
844400 163
844600 140
844800 152
845000 155
845200 155
845400 136
845600 154
845800 149
846000 164
846200 159
846400 142
846600 157
846800 151
847000 156
847200 160
847400 156
847600 138
847800 148
848000 137
848200 157
848400 143
848600 146
848800 150
849000 141
849200 135
849400 152
849600 146
849800 150
850000 153
850200 156
850400 169
850600 154
850800 148
851000 145
851200 142
851400 165
851600 138
851800 158
852000 157
852200 151
852400 159
852600 151
852800 129
853000 151
853200 131
853400 143
853600 125
853800 129
854000 132
854200 128
854400 159
854600 159
854800 139
855000 151
855200 151
855400 143
855600 143
855800 148
856000 147
856200 164
856400 161
856600 128
856800 146
857000 123
857200 163
857400 153
857600 155
857800 150
858000 149
858200 158
858400 146
858600 144
858800 152
859000 147
859200 150
859400 152
859600 153
859800 142
860000 155
860200 134
860400 153
860600 141
860800 160
861000 156
861200 133
861400 146
861600 137
861800 149
862000 139
862200 163
862400 144
862600 151
862800 156
863000 154
863200 139
863400 160
863600 167
863800 171
864000 171
864200 150
864400 149
864600 151
864800 153
865000 156
865200 137
865400 148
865600 165
865800 148
866000 124
866200 160
866400 154
866600 153
866800 168
867000 131
867200 150
867400 166
867600 148
867800 168
868000 152
868200 162
868400 132
868600 136
868800 168
869000 153
869200 139
869400 170
869600 155
869800 161
870000 143
870200 135
870400 147
870600 148
870800 144
871000 166
871200 153
871400 165
871600 153
871800 160
872000 152
872200 140
872400 120
872600 171
872800 140
873000 156
873200 145
873400 152
873600 174
873800 169
874000 143
874200 142
874400 140
874600 147
874800 134
875000 163
875200 149
875400 137
875600 161
875800 151
876000 157
876200 135
876400 162
876600 131
876800 161
877000 160
877200 133
877400 149
877600 148
877800 152
878000 151
878200 146
878400 157
878600 149
878800 159
879000 151
879200 152
879400 154
879600 161
879800 176
880000 153
880200 139
880400 154
880600 174
880800 147
881000 161
881200 169
881400 153
881600 155
881800 143
882000 147
882200 159
882400 153
882600 153
882800 149
883000 156
883200 145
883400 146
883600 138
883800 160
884000 155
884200 137
884400 150
884600 150
884800 145
885000 157
885200 150
885400 159
885600 160
885800 158
886000 143
886200 145
886400 163
886600 132
886800 163
887000 165
887200 157
887400 134
887600 158
887800 161
888000 138
888200 155
888400 144
888600 157
888800 163
889000 150
889200 148
889400 140
889600 165
889800 165
890000 156
890200 144
890400 173
890600 162
890800 150
891000 170
891200 148
891400 127
891600 148
891800 142
892000 161
892200 150
892400 140
892600 141
892800 153
893000 130
893200 157
893400 144
893600 168
893800 138
894000 160
894200 153
894400 162
894600 163
894800 165
895000 151
895200 140
895400 148
895600 157
895800 144
896000 133
896200 138
896400 157
896600 159
896800 135
897000 159
897200 159
897400 156
897600 143
897800 146
898000 150
898200 150
898400 144
898600 164
898800 154
899000 138
899200 152
899400 144
899600 168
899800 151
900000 146
900200 135
900400 138
900600 142
900800 151
901000 146
901200 143
901400 147
901600 143
901800 151
902000 141
902200 163
902400 146
902600 164
902800 167
903000 158
903200 133
903400 147
903600 141
903800 143
904000 159
904200 173
904400 140
904600 116
904800 153
905000 162
905200 152
905400 147
905600 170
905800 165
906000 162
906200 148
906400 123
906600 150
906800 143
907000 151
907200 156
907400 147
907600 151
907800 153
908000 167
908200 157
908400 129
908600 157
908800 150
909000 133
909200 147
909400 168
909600 161
909800 153
910000 159
910200 159
910400 125
910600 147
910800 138
911000 172
911200 141
911400 140
911600 144
911800 155
912000 153
912200 150
912400 155
912600 160
912800 156
913000 165
913200 166
913400 154
913600 157
913800 145
914000 162
914200 128
914400 155
914600 148
914800 160
915000 150
915200 151
915400 144
915600 149
915800 155
916000 157
916200 140
916400 149
916600 132
916800 153
917000 154
917200 130
917400 148
917600 153
917800 149
918000 146
918200 158
918400 140
918600 154
918800 158
919000 155
919200 154
919400 152
919600 146
919800 155
920000 124
920200 162
920400 139
920600 139
920800 146
921000 162
921200 151
921400 152
921600 137
921800 164
922000 134
922200 157
922400 154
922600 129
922800 153
923000 141
923200 147
923400 163
923600 139
923800 148
924000 151
924200 150
924400 144
924600 146
924800 149
925000 151
925200 139
925400 144
925600 145
925800 125
926000 157
926200 151
926400 166
926600 152
926800 157
927000 140
927200 143
927400 163
927600 151
927800 157
928000 156
928200 147
928400 143
928600 150
928800 139
929000 142
929200 158
929400 150
929600 144
929800 153
930000 165
930200 144
930400 143
930600 152
930800 134
931000 150
931200 169
931400 156
931600 164
931800 134
932000 136
932200 148
932400 157
932600 147
932800 170
933000 166
933200 144
933400 131
933600 158
933800 151
934000 131
934200 155
934400 163
934600 158
934800 154
935000 163
935200 125
935400 151
935600 159
935800 161
936000 133
936200 152
936400 134
936600 167
936800 171
937000 140
937200 144
937400 153
937600 149
937800 128
938000 165
938200 148
938400 145
938600 146
938800 160
939000 151
939200 143
939400 151
939600 139
939800 150
940000 141
940200 148
940400 150
940600 134
940800 131
941000 157
941200 124
941400 159
941600 146
941800 142
942000 137
942200 170
942400 169
942600 141
942800 159
943000 124
943200 143
943400 138
943600 153
943800 149
944000 147
944200 167
944400 158
944600 143
944800 143
945000 144
945200 156
945400 147
945600 151
945800 153
946000 159
946200 148
946400 138
946600 156
946800 157
947000 140
947200 160
947400 162
947600 168
947800 155
948000 145
948200 144
948400 154
948600 159
948800 161
949000 159
949200 150
949400 145
949600 138
949800 154
950000 147
950200 145
950400 159
950600 143
950800 151
951000 125
951200 147
951400 152
951600 147
951800 175
952000 133
952200 153
952400 155
952600 154
952800 161
953000 150
953200 145
953400 161
953600 150
953800 139
954000 144
954200 135
954400 129
954600 152
954800 149
955000 151
955200 152
955400 147
955600 134
955800 151
956000 165
956200 158
956400 134
956600 163
956800 152
957000 153
957200 144
957400 137
957600 161
957800 144
958000 171
958200 144
958400 141
958600 158
958800 132
959000 158
959200 152
959400 138
959600 159
959800 162
960000 156
960200 146
960400 158
960600 148
960800 136
961000 145
961200 154
961400 153
961600 160
961800 140
962000 166
962200 157
962400 145
962600 140
962800 159
963000 160
963200 149
963400 152
963600 162
963800 148
964000 130
964200 155
964400 127
964600 143
964800 137
965000 160
965200 145
965400 151
965600 153
965800 148
966000 154
966200 155
966400 141
966600 150
966800 147
967000 154
967200 163
967400 152
967600 154
967800 153
968000 148
968200 142
968400 152
968600 166
968800 163
969000 137
969200 153
969400 153
969600 156
969800 153
970000 152
970200 169
970400 165
970600 142
970800 169
971000 137
971200 141
971400 140
971600 144
971800 145
972000 123
972200 159
972400 173
972600 153
972800 152
973000 156
973200 163
973400 142
973600 134
973800 157
974000 137
974200 158
974400 150
974600 152
974800 158
975000 136
975200 136
975400 137
975600 152
975800 152
976000 137
976200 154
976400 143
976600 143
976800 149
977000 145
977200 144
977400 151
977600 133
977800 150
978000 137
978200 146
978400 149
978600 157
978800 137
979000 174
979200 159
979400 168
979600 168
979800 134
980000 149
980200 155
980400 156
980600 151
980800 146
981000 156
981200 155
981400 150
981600 146
981800 134
982000 146
982200 142
982400 163
982600 161
982800 155
983000 135
983200 144
983400 148
983600 147
983800 150
984000 155
984200 158
984400 135
984600 147
984800 142
985000 156
985200 135
985400 154
985600 144
985800 157
986000 151
986200 131
986400 143
986600 130
986800 144
987000 155
987200 140
987400 157
987600 139
987800 158
988000 152
988200 143
988400 166
988600 142
988800 158
989000 138
989200 166
989400 147
989600 157
989800 143
990000 163
990200 158
990400 147
990600 139
990800 162
991000 178
991200 152
991400 155
991600 141
991800 153
992000 139
992200 152
992400 139
992600 149
992800 153
993000 150
993200 137
993400 146
993600 158
993800 130
994000 147
994200 154
994400 150
994600 148
994800 168
995000 155
995200 135
995400 132
995600 142
995800 146
996000 139
996200 150
996400 143
996600 137
996800 153
997000 134
997200 152
997400 149
997600 158
997800 145
998000 172
998200 158
998400 161
998600 145
998800 141
999000 160
999200 139
999400 148
999600 163
999800 148
1000000 167
