50 74
100 74
150 74
200 73
250 72
300 72
350 72
400 72
450 72
500 72
550 72
600 72
650 72
700 72
750 72
800 72
850 72
900 72
950 72
1000 72
1050 72
1100 72
1150 72
1200 72
1250 72
1300 72
1350 72
1400 72
1450 72
1500 72
1550 72
1600 72
1650 72
1700 72
1750 72
1800 72
1850 72
1900 72
1950 72
2000 72
2050 72
2100 72
2150 72
2200 72
2250 72
2300 72
2350 72
2400 72
2450 72
2500 72
2550 72
2600 72
2650 72
2700 72
2750 72
2800 72
2850 72
2900 72
2950 72
3000 72
3050 72
3100 72
3150 72
3200 72
3250 72
3300 72
3350 72
3400 72
3450 72
3500 72
3550 72
3600 72
3650 72
3700 72
3750 72
3800 72
3850 72
3900 72
3950 72
4000 72
4050 72
4100 72
4150 72
4200 72
4250 72
4300 72
4350 72
4400 72
4450 72
4500 72
4550 72
4600 72
4650 72
4700 72
4750 72
4800 72
4850 72
4900 72
4950 72
5000 72
5050 72
5100 72
5150 72
5200 72
5250 72
5300 72
5350 72
5400 72
5450 72
5500 72
5550 72
5600 72
5650 72
5700 72
5750 72
5800 72
5850 72
5900 72
5950 72
6000 72
6050 72
6100 72
6150 72
6200 72
6250 72
6300 72
6350 72
6400 72
6450 72
6500 72
6550 72
6600 72
6650 72
6700 72
6750 72
6800 72
6850 72
6900 72
6950 72
7000 72
7050 72
7100 72
7150 72
7200 72
7250 72
7300 72
7350 72
7400 72
7450 72
7500 72
7550 72
7600 72
7650 72
7700 72
7750 72
7800 72
7850 72
7900 72
7950 72
8000 72
8050 72
8100 72
8150 72
8200 72
8250 72
8300 72
8350 72
8400 72
8450 72
8500 72
8550 72
8600 72
8650 72
8700 72
8750 72
8800 72
8850 72
8900 72
8950 72
9000 72
9050 72
9100 72
9150 72
9200 72
9250 72
9300 72
9350 72
9400 72
9450 72
9500 72
9550 72
9600 72
9650 72
9700 72
9750 72
9800 72
9850 72
9900 72
9950 72
10000 72
10050 72
10100 72
10150 72
10200 72
10250 72
10300 72
10350 72
10400 72
10450 72
10500 72
10550 72
10600 72
10650 72
10700 72
10750 72
10800 72
10850 72
10900 72
10950 72
11000 72
11050 72
11100 72
11150 72
11200 72
11250 72
11300 72
11350 72
11400 72
11450 72
11500 72
11550 72
11600 72
11650 72
11700 72
11750 72
11800 72
11850 72
11900 72
11950 72
12000 72
12050 72
12100 72
12150 72
12200 72
12250 72
12300 72
12350 72
12400 72
12450 72
12500 72
12550 72
12600 72
12650 72
12700 72
12750 72
12800 72
12850 72
12900 72
12950 72
13000 72
13050 72
13100 72
13150 72
13200 72
13250 72
13300 72
13350 72
13400 72
13450 72
13500 72
13550 72
13600 72
13650 72
13700 72
13750 72
13800 72
13850 72
13900 72
13950 72
14000 72
14050 72
14100 72
14150 72
14200 72
14250 72
14300 72
14350 72
14400 72
14450 72
14500 72
14550 72
14600 72
14650 72
14700 72
14750 72
14800 72
14850 72
14900 72
14950 72
15000 72
15050 72
15100 72
15150 72
15200 72
15250 72
15300 72
15350 72
15400 72
15450 72
15500 72
15550 72
15600 72
15650 72
15700 72
15750 72
15800 72
15850 72
15900 72
15950 72
16000 72
16050 72
16100 72
16150 72
16200 72
16250 72
16300 72
16350 72
16400 72
16450 72
16500 72
16550 72
16600 72
16650 72
16700 72
16750 72
16800 72
16850 72
16900 72
16950 72
17000 72
17050 72
17100 72
17150 72
17200 72
17250 72
17300 72
17350 72
17400 72
17450 72
17500 72
17550 72
17600 72
17650 72
17700 72
17750 72
17800 72
17850 72
17900 72
17950 72
18000 72
18050 72
18100 72
18150 72
18200 72
18250 72
18300 72
18350 72
18400 72
18450 72
18500 72
18550 72
18600 72
18650 72
18700 72
18750 72
18800 72
18850 72
18900 72
18950 72
19000 72
19050 72
19100 72
19150 72
19200 72
19250 72
19300 72
19350 72
19400 72
19450 72
19500 72
19550 72
19600 72
19650 72
19700 72
19750 72
19800 72
19850 72
19900 72
19950 72
20000 72
20050 72
20100 72
20150 72
20200 72
20250 72
20300 72
20350 72
20400 72
20450 72
20500 72
20550 72
20600 72
20650 72
20700 72
20750 72
20800 72
20850 72
20900 72
20950 72
21000 72
21050 72
21100 72
21150 72
21200 72
21250 72
21300 72
21350 72
21400 72
21450 72
21500 72
21550 72
21600 72
21650 72
21700 72
21750 72
21800 72
21850 72
21900 72
21950 72
22000 72
22050 72
22100 72
22150 72
22200 72
22250 72
22300 72
22350 72
22400 72
22450 72
22500 72
22550 72
22600 72
22650 72
22700 72
22750 72
22800 72
22850 72
22900 72
22950 72
23000 72
23050 72
23100 72
23150 72
23200 72
23250 72
23300 72
23350 72
23400 72
23450 72
23500 72
23550 72
23600 72
23650 72
23700 72
23750 72
23800 72
23850 72
23900 72
23950 72
24000 72
24050 72
24100 72
24150 72
24200 72
24250 72
24300 72
24350 72
24400 72
24450 72
24500 72
24550 72
24600 72
24650 72
24700 72
24750 72
24800 72
24850 72
24900 72
24950 72
25000 72
25050 72
25100 72
25150 72
25200 72
25250 72
25300 72
25350 72
25400 72
25450 72
25500 72
25550 72
25600 72
25650 72
25700 72
25750 72
25800 72
25850 72
25900 72
25950 72
26000 72
26050 72
26100 72
26150 72
26200 72
26250 72
26300 72
26350 72
26400 72
26450 72
26500 72
26550 72
26600 72
26650 72
26700 72
26750 72
26800 72
26850 72
26900 72
26950 72
27000 72
27050 72
27100 72
27150 72
27200 72
27250 72
27300 72
27350 72
27400 72
27450 72
27500 72
27550 72
27600 72
27650 72
27700 72
27750 72
27800 72
27850 72
27900 72
27950 72
28000 72
28050 72
28100 72
28150 72
28200 72
28250 72
28300 72
28350 72
28400 72
28450 72
28500 72
28550 72
28600 72
28650 72
28700 72
28750 72
28800 72
28850 72
28900 72
28950 72
29000 72
29050 72
29100 72
29150 72
29200 72
29250 72
29300 72
29350 72
29400 72
29450 72
29500 72
29550 72
29600 72
29650 72
29700 72
29750 72
29800 72
29850 72
29900 72
29950 72
30000 72
30050 72
30100 72
30150 72
30200 72
30250 72
30300 72
30350 72
30400 72
30450 72
30500 72
30550 72
30600 72
30650 72
30700 72
30750 72
30800 72
30850 72
30900 72
30950 72
31000 72
31050 72
31100 72
31150 72
31200 72
31250 72
31300 72
31350 72
31400 72
31450 72
31500 72
31550 72
31600 72
31650 72
31700 72
31750 72
31800 72
31850 72
31900 72
31950 72
32000 72
32050 72
32100 72
32150 72
32200 72
32250 72
32300 72
32350 72
32400 72
32450 72
32500 72
32550 72
32600 72
32650 72
32700 72
32750 72
32800 72
32850 72
32900 72
32950 72
33000 72
33050 72
33100 72
33150 72
33200 72
33250 72
33300 72
33350 72
33400 72
33450 72
33500 72
33550 72
33600 72
33650 72
33700 72
33750 72
33800 72
33850 72
33900 72
33950 72
34000 72
34050 72
34100 72
34150 72
34200 72
34250 72
34300 72
34350 72
34400 72
34450 72
34500 72
34550 72
34600 72
34650 72
34700 72
34750 72
34800 72
34850 72
34900 72
34950 72
35000 72
35050 72
35100 72
35150 72
35200 72
35250 72
35300 72
35350 72
35400 72
35450 72
35500 72
35550 72
35600 72
35650 72
35700 72
35750 72
35800 72
35850 72
35900 72
35950 72
36000 72
36050 72
36100 72
36150 72
36200 72
36250 72
36300 72
36350 72
36400 72
36450 72
36500 72
36550 72
36600 72
36650 72
36700 72
36750 72
36800 72
36850 72
36900 72
36950 72
37000 72
37050 72
37100 72
37150 72
37200 72
37250 72
37300 72
37350 72
37400 72
37450 72
37500 72
37550 72
37600 72
37650 72
37700 72
37750 72
37800 72
37850 72
37900 72
37950 72
38000 72
38050 72
38100 72
38150 72
38200 72
38250 72
38300 72
38350 72
38400 72
38450 72
38500 72
38550 72
38600 72
38650 72
38700 72
38750 72
38800 72
38850 72
38900 72
38950 72
39000 72
39050 72
39100 72
39150 72
39200 72
39250 72
39300 72
39350 72
39400 72
39450 72
39500 72
39550 72
39600 72
39650 72
39700 72
39750 72
39800 72
39850 72
39900 72
39950 72
40000 72
40050 72
40100 72
40150 72
40200 72
40250 72
40300 72
40350 72
40400 72
40450 72
40500 72
40550 72
40600 72
40650 72
40700 72
40750 72
40800 72
40850 72
40900 72
40950 72
41000 72
41050 72
41100 72
41150 72
41200 72
41250 72
41300 72
41350 72
41400 72
41450 72
41500 72
41550 72
41600 72
41650 72
41700 72
41750 72
41800 72
41850 72
41900 72
41950 72
42000 72
42050 72
42100 72
42150 72
42200 72
42250 72
42300 72
42350 72
42400 72
42450 72
42500 72
42550 72
42600 72
42650 72
42700 72
42750 72
42800 72
42850 72
42900 72
42950 72
43000 72
43050 72
43100 72
43150 72
43200 72
43250 72
43300 72
43350 72
43400 72
43450 72
43500 72
43550 72
43600 72
43650 72
43700 72
43750 72
43800 72
43850 72
43900 72
43950 72
44000 72
44050 72
44100 72
44150 72
44200 72
44250 72
44300 72
44350 72
44400 72
44450 72
44500 72
44550 72
44600 72
44650 72
44700 72
44750 72
44800 72
44850 72
44900 72
44950 72
45000 72
45050 72
45100 72
45150 72
45200 72
45250 72
45300 72
45350 72
45400 72
45450 72
45500 72
45550 72
45600 72
45650 72
45700 72
45750 72
45800 72
45850 72
45900 72
45950 72
46000 72
46050 72
46100 72
46150 72
46200 72
46250 72
46300 72
46350 72
46400 72
46450 72
46500 72
46550 72
46600 72
46650 72
46700 72
46750 72
46800 72
46850 72
46900 72
46950 72
47000 72
47050 72
47100 72
47150 72
47200 72
47250 72
47300 72
47350 72
47400 72
47450 72
47500 72
47550 72
47600 72
47650 72
47700 72
47750 72
47800 72
47850 72
47900 72
47950 72
48000 72
48050 72
48100 72
48150 72
48200 72
48250 72
48300 72
48350 72
48400 72
48450 72
48500 72
48550 72
48600 72
48650 72
48700 72
48750 72
48800 72
48850 72
48900 72
48950 72
49000 72
49050 72
49100 72
49150 72
49200 72
49250 72
49300 72
49350 72
49400 72
49450 72
49500 72
49550 72
49600 72
49650 72
49700 72
49750 72
49800 72
49850 72
49900 72
49950 72
50000 72
50050 72
50100 72
50150 72
50200 72
50250 72
50300 72
50350 72
50400 72
50450 72
50500 72
50550 72
50600 72
50650 72
50700 72
50750 72
50800 72
50850 72
50900 72
50950 72
51000 72
51050 72
51100 72
51150 72
51200 72
51250 72
51300 72
51350 72
51400 72
51450 72
51500 72
51550 72
51600 72
51650 72
51700 72
51750 72
51800 72
51850 72
51900 72
51950 72
52000 72
52050 72
52100 72
52150 72
52200 72
52250 72
52300 72
52350 72
52400 72
52450 72
52500 72
52550 72
52600 72
52650 72
52700 72
52750 72
52800 72
52850 72
52900 72
52950 72
53000 72
53050 72
53100 72
53150 72
53200 72
53250 72
53300 72
53350 72
53400 72
53450 72
53500 72
53550 72
53600 72
53650 72
53700 72
53750 72
53800 72
53850 72
53900 72
53950 72
54000 72
54050 72
54100 72
54150 72
54200 72
54250 72
54300 72
54350 72
54400 72
54450 72
54500 72
54550 72
54600 72
54650 72
54700 72
54750 72
54800 72
54850 72
54900 72
54950 72
55000 72
55050 72
55100 72
55150 72
55200 72
55250 72
55300 72
55350 72
55400 72
55450 72
55500 72
55550 72
55600 72
55650 72
55700 72
55750 72
55800 72
55850 72
55900 72
55950 72
56000 72
56050 72
56100 72
56150 72
56200 72
56250 72
56300 72
56350 72
56400 72
56450 72
56500 72
56550 72
56600 72
56650 72
56700 72
56750 72
56800 72
56850 72
56900 72
56950 72
57000 72
57050 72
57100 72
57150 72
57200 72
57250 72
57300 72
57350 72
57400 72
57450 72
57500 72
57550 72
57600 72
57650 72
57700 72
57750 72
57800 72
57850 72
57900 72
57950 72
58000 72
58050 72
58100 72
58150 72
58200 72
58250 72
58300 72
58350 72
58400 72
58450 72
58500 72
58550 72
58600 72
58650 72
58700 72
58750 72
58800 72
58850 72
58900 72
58950 72
59000 72
59050 72
59100 72
59150 72
59200 72
59250 72
59300 72
59350 72
59400 72
59450 72
59500 72
59550 72
59600 72
59650 72
59700 72
59750 72
59800 72
59850 72
59900 72
59950 72
60000 72
60050 72
60100 72
60150 72
60200 72
60250 72
60300 72
60350 72
60400 72
60450 72
60500 72
60550 72
60600 72
60650 72
60700 72
60750 72
60800 72
60850 72
60900 72
60950 72
61000 72
61050 72
61100 72
61150 72
61200 72
61250 72
61300 72
61350 72
61400 72
61450 72
61500 72
61550 72
61600 72
61650 72
61700 72
61750 72
61800 72
61850 72
61900 72
61950 72
62000 72
62050 72
62100 72
62150 72
62200 72
62250 72
62300 72
62350 72
62400 72
62450 72
62500 72
62550 72
62600 72
62650 72
62700 72
62750 72
62800 72
62850 72
62900 72
62950 72
63000 72
63050 72
63100 72
63150 72
63200 72
63250 72
63300 72
63350 72
63400 72
63450 72
63500 72
63550 72
63600 72
63650 72
63700 72
63750 72
63800 72
63850 72
63900 72
63950 72
64000 72
64050 72
64100 72
64150 72
64200 72
64250 72
64300 72
64350 72
64400 72
64450 72
64500 72
64550 72
64600 72
64650 72
64700 72
64750 72
64800 72
64850 72
64900 72
64950 72
65000 72
65050 72
65100 72
65150 72
65200 72
65250 72
65300 72
65350 72
65400 72
65450 72
65500 72
65550 72
65600 72
65650 72
65700 72
65750 72
65800 72
65850 72
65900 72
65950 72
66000 72
66050 72
66100 72
66150 72
66200 72
66250 72
66300 72
66350 72
66400 72
66450 72
66500 72
66550 72
66600 72
66650 72
66700 72
66750 72
66800 72
66850 72
66900 72
66950 72
67000 72
67050 72
67100 72
67150 72
67200 72
67250 72
67300 72
67350 72
67400 72
67450 72
67500 72
67550 72
67600 72
67650 72
67700 72
67750 72
67800 72
67850 72
67900 72
67950 72
68000 72
68050 72
68100 72
68150 72
68200 72
68250 72
68300 72
68350 72
68400 72
68450 72
68500 72
68550 72
68600 72
68650 72
68700 72
68750 72
68800 72
68850 72
68900 72
68950 72
69000 72
69050 72
69100 72
69150 72
69200 72
69250 72
69300 72
69350 72
69400 72
69450 72
69500 72
69550 72
69600 72
69650 72
69700 72
69750 72
69800 72
69850 72
69900 72
69950 72
70000 72
70050 72
70100 72
70150 72
70200 72
70250 72
70300 72
70350 72
70400 72
70450 72
70500 72
70550 72
70600 72
70650 72
70700 72
70750 72
70800 72
70850 72
70900 72
70950 72
71000 72
71050 72
71100 72
71150 72
71200 72
71250 72
71300 72
71350 72
71400 72
71450 72
71500 72
71550 72
71600 72
71650 72
71700 72
71750 72
71800 72
71850 72
71900 72
71950 72
72000 72
72050 72
72100 72
72150 72
72200 72
72250 72
72300 72
72350 72
72400 72
72450 72
72500 72
72550 72
72600 72
72650 72
72700 72
72750 72
72800 72
72850 72
72900 72
72950 72
73000 72
73050 72
73100 72
73150 72
73200 72
73250 72
73300 72
73350 72
73400 72
73450 72
73500 72
73550 72
73600 72
73650 72
73700 72
73750 72
73800 72
73850 72
73900 72
73950 72
74000 72
74050 72
74100 72
74150 72
74200 72
74250 72
74300 72
74350 72
74400 72
74450 72
74500 72
74550 72
74600 72
74650 72
74700 72
74750 72
74800 72
74850 72
74900 72
74950 72
75000 72
75050 72
75100 72
75150 72
75200 72
75250 72
75300 72
75350 72
75400 72
75450 72
75500 72
75550 72
75600 72
75650 72
75700 72
75750 72
75800 72
75850 72
75900 72
75950 72
76000 72
76050 72
76100 72
76150 72
76200 72
76250 72
76300 72
76350 72
76400 72
76450 72
76500 72
76550 72
76600 72
76650 72
76700 72
76750 72
76800 72
76850 72
76900 72
76950 72
77000 72
77050 72
77100 72
77150 72
77200 72
77250 72
77300 72
77350 72
77400 72
77450 72
77500 72
77550 72
77600 72
77650 72
77700 72
77750 72
77800 72
77850 72
77900 72
77950 72
78000 72
78050 72
78100 72
78150 72
78200 72
78250 72
78300 72
78350 72
78400 72
78450 72
78500 72
78550 72
78600 72
78650 72
78700 72
78750 72
78800 72
78850 72
78900 72
78950 72
79000 72
79050 72
79100 72
79150 72
79200 72
79250 72
79300 72
79350 72
79400 72
79450 72
79500 72
79550 72
79600 72
79650 72
79700 72
79750 72
79800 72
79850 72
79900 72
79950 72
80000 72
80050 72
80100 72
80150 72
80200 72
80250 72
80300 72
80350 72
80400 72
80450 72
80500 72
80550 72
80600 72
80650 72
80700 72
80750 72
80800 72
80850 72
80900 72
80950 72
81000 72
81050 72
81100 72
81150 72
81200 72
81250 72
81300 72
81350 72
81400 72
81450 72
81500 72
81550 72
81600 72
81650 72
81700 72
81750 72
81800 72
81850 72
81900 72
81950 72
82000 72
82050 72
82100 72
82150 72
82200 72
82250 72
82300 72
82350 72
82400 72
82450 72
82500 72
82550 72
82600 72
82650 72
82700 72
82750 72
82800 72
82850 72
82900 72
82950 72
83000 72
83050 72
83100 72
83150 72
83200 72
83250 72
83300 72
83350 72
83400 72
83450 72
83500 72
83550 72
83600 72
83650 72
83700 72
83750 72
83800 72
83850 72
83900 72
83950 72
84000 72
84050 72
84100 72
84150 72
84200 72
84250 72
84300 72
84350 72
84400 72
84450 72
84500 72
84550 72
84600 72
84650 72
84700 72
84750 72
84800 72
84850 72
84900 72
84950 72
85000 72
85050 72
85100 72
85150 72
85200 72
85250 72
85300 72
85350 72
85400 72
85450 72
85500 72
85550 72
85600 72
85650 72
85700 72
85750 72
85800 72
85850 72
85900 72
85950 72
86000 72
86050 72
86100 72
86150 72
86200 72
86250 72
86300 72
86350 72
86400 72
86450 72
86500 72
86550 72
86600 72
86650 72
86700 72
86750 72
86800 72
86850 72
86900 72
86950 72
87000 72
87050 72
87100 72
87150 72
87200 72
87250 72
87300 72
87350 72
87400 72
87450 72
87500 72
87550 72
87600 72
87650 72
87700 72
87750 72
87800 72
87850 72
87900 72
87950 72
88000 72
88050 72
88100 72
88150 72
88200 72
88250 72
88300 72
88350 72
88400 72
88450 72
88500 72
88550 72
88600 72
88650 72
88700 72
88750 72
88800 72
88850 72
88900 72
88950 72
89000 72
89050 72
89100 72
89150 72
89200 72
89250 72
89300 72
89350 72
89400 72
89450 72
89500 72
89550 72
89600 72
89650 72
89700 72
89750 72
89800 72
89850 72
89900 72
89950 72
90000 72
90050 72
90100 72
90150 72
90200 72
90250 72
90300 72
90350 72
90400 72
90450 72
90500 72
90550 72
90600 72
90650 72
90700 72
90750 72
90800 72
90850 72
90900 72
90950 72
91000 72
91050 72
91100 72
91150 72
91200 72
91250 72
91300 72
91350 72
91400 72
91450 72
91500 72
91550 72
91600 72
91650 72
91700 72
91750 72
91800 72
91850 72
91900 72
91950 72
92000 72
92050 72
92100 72
92150 72
92200 72
92250 72
92300 72
92350 72
92400 72
92450 72
92500 72
92550 72
92600 72
92650 72
92700 72
92750 72
92800 72
92850 72
92900 72
92950 72
93000 72
93050 72
93100 72
93150 72
93200 72
93250 72
93300 72
93350 72
93400 72
93450 72
93500 72
93550 72
93600 72
93650 72
93700 72
93750 72
93800 72
93850 72
93900 72
93950 72
94000 72
94050 72
94100 72
94150 72
94200 72
94250 72
94300 72
94350 72
94400 72
94450 72
94500 72
94550 72
94600 72
94650 72
94700 72
94750 72
94800 72
94850 72
94900 72
94950 72
95000 72
95050 72
95100 72
95150 72
95200 72
95250 72
95300 72
95350 72
95400 72
95450 72
95500 72
95550 72
95600 72
95650 72
95700 72
95750 72
95800 72
95850 72
95900 72
95950 72
96000 72
96050 72
96100 72
96150 72
96200 72
96250 72
96300 72
96350 72
96400 72
96450 72
96500 72
96550 72
96600 72
96650 72
96700 72
96750 72
96800 72
96850 72
96900 72
96950 72
97000 72
97050 72
97100 72
97150 72
97200 72
97250 72
97300 72
97350 72
97400 72
97450 72
97500 72
97550 72
97600 72
97650 72
97700 72
97750 72
97800 72
97850 72
97900 72
97950 72
98000 72
98050 72
98100 72
98150 72
98200 72
98250 72
98300 72
98350 72
98400 72
98450 72
98500 72
98550 72
98600 72
98650 72
98700 72
98750 72
98800 72
98850 72
98900 72
98950 72
99000 72
99050 72
99100 72
99150 72
99200 72
99250 72
99300 72
99350 72
99400 72
99450 72
99500 72
99550 72
99600 72
99650 72
99700 72
99750 72
99800 72
99850 72
99900 72
99950 72
100000 72
