500 149
1000 142
1500 147
2000 159
2500 148
3000 147
3500 160
4000 155
4500 139
5000 154
5500 155
6000 147
6500 132
7000 153
7500 147
8000 157
8500 148
9000 157
9500 182
10000 162
10500 155
11000 167
11500 135
12000 151
12500 137
13000 152
13500 148
14000 112
14500 144
15000 145
15500 108
16000 145
16500 150
17000 132
17500 155
18000 129
18500 143
19000 123
19500 142
20000 139
20500 140
21000 156
21500 131
22000 131
22500 126
23000 154
23500 133
24000 127
24500 150
25000 167
25500 162
26000 150
26500 131
27000 159
27500 139
28000 171
28500 144
29000 153
29500 121
30000 164
30500 135
31000 150
31500 141
32000 141
32500 141
33000 141
33500 126
34000 143
34500 146
35000 149
35500 155
36000 156
36500 152
37000 128
37500 140
38000 143
38500 137
39000 141
39500 132
40000 163
40500 147
41000 152
41500 138
42000 148
42500 145
43000 136
43500 134
44000 138
44500 132
45000 134
45500 133
46000 139
46500 144
47000 160
47500 141
48000 134
48500 128
49000 151
49500 155
50000 144
50500 140
51000 149
51500 131
52000 158
52500 152
53000 131
53500 127
54000 164
54500 148
55000 134
55500 125
56000 129
56500 154
57000 149
57500 133
58000 150
58500 140
59000 158
59500 146
60000 154
60500 148
61000 159
61500 130
62000 137
62500 146
63000 134
63500 135
64000 140
64500 151
65000 147
65500 144
66000 138
66500 136
67000 147
67500 162
68000 148
68500 159
69000 140
69500 143
70000 145
70500 138
71000 129
71500 144
72000 135
72500 124
73000 137
73500 150
74000 152
74500 150
75000 155
75500 154
76000 151
76500 149
77000 142
77500 163
78000 134
78500 125
79000 119
79500 158
80000 154
80500 130
81000 130
81500 145
82000 151
82500 141
83000 142
83500 132
84000 121
84500 142
85000 139
85500 149
86000 132
86500 142
87000 135
87500 139
88000 112
88500 129
89000 158
89500 150
90000 127
90500 154
91000 134
91500 149
92000 123
92500 140
93000 160
93500 135
94000 129
94500 132
95000 132
95500 137
96000 134
96500 133
97000 117
97500 137
98000 149
98500 151
99000 162
99500 128
100000 137
100500 140
101000 138
101500 145
102000 119
102500 110
103000 155
103500 127
104000 145
104500 136
105000 137
105500 145
106000 142
106500 128
107000 136
107500 124
108000 144
108500 136
109000 133
109500 142
110000 137
110500 123
111000 134
111500 128
112000 138
112500 144
113000 127
113500 150
114000 143
114500 144
115000 126
115500 130
116000 141
116500 139
117000 125
117500 154
118000 147
118500 138
119000 136
119500 124
120000 126
120500 129
121000 128
121500 139
122000 109
122500 140
123000 145
123500 135
124000 158
124500 115
125000 129
125500 124
126000 120
126500 117
127000 112
127500 131
128000 144
128500 138
129000 136
129500 122
130000 126
130500 137
131000 146
131500 131
132000 132
132500 135
133000 141
133500 148
134000 107
134500 155
135000 128
135500 142
136000 125
136500 124
137000 135
137500 128
138000 138
138500 136
139000 137
139500 127
140000 125
140500 121
141000 130
141500 123
142000 138
142500 138
143000 138
143500 128
144000 141
144500 133
145000 135
145500 128
146000 136
146500 117
147000 130
147500 140
148000 124
148500 131
149000 132
149500 128
150000 120
150500 115
151000 130
151500 123
152000 140
152500 142
153000 132
153500 138
154000 123
154500 126
155000 118
155500 111
156000 130
156500 121
157000 123
157500 116
158000 115
158500 132
159000 128
159500 120
160000 145
160500 139
161000 117
161500 117
162000 142
162500 126
163000 115
163500 124
164000 118
164500 116
165000 106
165500 138
166000 120
166500 115
167000 144
167500 112
168000 124
168500 115
169000 118
169500 111
170000 109
170500 109
171000 106
171500 121
172000 128
172500 122
173000 128
173500 121
174000 108
174500 130
175000 119
175500 116
176000 125
176500 111
177000 129
177500 127
178000 133
178500 110
179000 126
179500 127
180000 136
180500 142
181000 119
181500 133
182000 130
182500 106
183000 112
183500 111
184000 118
184500 132
185000 121
185500 112
186000 136
186500 116
187000 133
187500 121
188000 133
188500 112
189000 112
189500 112
190000 125
190500 127
191000 106
191500 137
192000 125
192500 121
193000 131
193500 122
194000 135
194500 136
195000 104
195500 107
196000 117
196500 109
197000 113
197500 117
198000 125
198500 133
199000 122
199500 105
200000 108
200500 118
201000 115
201500 111
202000 129
202500 137
203000 119
203500 106
204000 112
204500 139
205000 116
205500 146
206000 120
206500 100
207000 113
207500 117
208000 103
208500 105
209000 109
209500 120
210000 119
210500 113
211000 125
211500 125
212000 140
212500 105
213000 110
213500 105
214000 121
214500 127
215000 108
215500 103
216000 109
216500 104
217000 102
217500 143
218000 109
218500 86
219000 143
219500 111
220000 98
220500 143
221000 97
221500 109
222000 130
222500 109
223000 105
223500 116
224000 119
224500 110
225000 101
225500 112
226000 126
226500 101
227000 107
227500 106
228000 119
228500 141
229000 105
229500 104
230000 116
230500 113
231000 91
231500 99
232000 139
232500 122
233000 129
233500 111
234000 104
234500 126
235000 84
235500 98
236000 101
236500 116
237000 86
237500 81
238000 116
238500 95
239000 93
239500 94
240000 89
240500 145
241000 93
241500 109
242000 139
242500 125
243000 78
243500 133
244000 134
244500 94
245000 94
245500 99
246000 104
246500 99
247000 108
247500 95
248000 92
248500 95
249000 131
249500 107
250000 88
250500 89
251000 85
251500 90
252000 85
252500 137
253000 108
253500 125
254000 92
254500 81
255000 114
255500 88
256000 93
256500 85
257000 129
257500 108
258000 97
258500 97
259000 105
259500 87
260000 130
260500 106
261000 105
261500 99
262000 83
262500 95
263000 110
263500 128
264000 103
264500 166
265000 89
265500 86
266000 91
266500 84
267000 79
267500 77
268000 91
268500 91
269000 91
269500 78
270000 89
270500 85
271000 91
271500 96
272000 96
272500 88
273000 83
273500 96
274000 128
274500 78
275000 81
275500 80
276000 82
276500 74
277000 88
277500 88
278000 89
278500 83
279000 81
279500 78
280000 79
280500 99
281000 97
281500 96
282000 76
282500 82
283000 76
283500 73
284000 76
284500 76
285000 75
285500 78
286000 79
286500 79
287000 78
287500 128
288000 83
288500 108
289000 86
289500 105
290000 115
290500 86
291000 104
291500 87
292000 83
292500 86
293000 77
293500 74
294000 75
294500 81
295000 80
295500 90
296000 84
296500 83
297000 72
297500 76
298000 131
298500 94
299000 97
299500 72
300000 73
300500 70
301000 67
301500 70
302000 80
302500 78
303000 73
303500 71
304000 68
304500 66
305000 73
305500 68
306000 69
306500 67
307000 71
307500 85
308000 86
308500 111
309000 75
309500 96
310000 82
310500 75
311000 74
311500 73
312000 73
312500 71
313000 75
313500 86
314000 119
314500 89
315000 90
315500 80
316000 101
316500 83
317000 79
317500 71
318000 71
318500 71
319000 70
319500 135
320000 71
320500 87
321000 70
321500 89
322000 85
322500 105
323000 76
323500 70
324000 68
324500 71
325000 67
325500 68
326000 68
326500 68
327000 67
327500 68
328000 67
328500 68
329000 67
329500 67
330000 68
330500 69
331000 68
331500 70
332000 69
332500 69
333000 66
333500 67
334000 68
334500 68
335000 68
335500 67
336000 66
336500 66
337000 66
337500 66
338000 67
338500 65
339000 65
339500 65
340000 66
340500 66
341000 66
341500 69
342000 65
342500 65
343000 65
343500 65
344000 65
344500 66
345000 65
345500 65
346000 66
346500 66
347000 66
347500 65
348000 65
348500 66
349000 66
349500 66
350000 66
350500 66
351000 66
351500 66
352000 66
352500 67
353000 66
353500 67
354000 66
354500 66
355000 66
355500 66
356000 66
356500 66
357000 66
357500 66
358000 66
358500 66
359000 66
359500 66
360000 66
360500 66
361000 66
361500 66
362000 65
362500 65
363000 65
363500 65
364000 65
364500 65
365000 66
365500 65
366000 65
366500 65
367000 65
367500 65
368000 65
368500 65
369000 65
369500 65
370000 65
370500 65
371000 65
371500 65
372000 65
372500 65
373000 65
373500 65
374000 65
374500 65
375000 65
375500 65
376000 65
376500 65
377000 65
377500 65
378000 65
378500 65
379000 65
379500 65
380000 65
380500 65
381000 65
381500 65
382000 65
382500 65
383000 65
383500 65
384000 65
384500 65
385000 65
385500 65
386000 65
386500 65
387000 65
387500 65
388000 65
388500 65
389000 65
389500 65
390000 65
390500 65
391000 65
391500 65
392000 65
392500 65
393000 65
393500 65
394000 65
394500 65
395000 65
395500 65
396000 65
396500 65
397000 65
397500 65
398000 65
398500 65
399000 65
399500 65
400000 65
400500 65
401000 65
401500 65
402000 65
402500 65
403000 65
403500 65
404000 65
404500 65
405000 65
405500 65
406000 65
406500 65
407000 65
407500 65
408000 65
408500 65
409000 65
409500 65
410000 65
410500 65
411000 65
411500 65
412000 65
412500 65
413000 65
413500 65
414000 65
414500 65
415000 65
415500 65
416000 65
416500 65
417000 65
417500 65
418000 65
418500 65
419000 65
419500 65
420000 65
420500 65
421000 65
421500 65
422000 65
422500 65
423000 65
423500 65
424000 65
424500 65
425000 65
425500 65
426000 65
426500 65
427000 65
427500 65
428000 65
428500 65
429000 65
429500 65
430000 65
430500 65
431000 65
431500 65
432000 65
432500 65
433000 65
433500 65
434000 65
434500 65
435000 65
435500 65
436000 65
436500 65
437000 65
437500 65
438000 65
438500 65
439000 65
439500 65
440000 65
440500 65
441000 65
441500 65
442000 65
442500 65
443000 65
443500 65
444000 65
444500 65
445000 65
445500 65
446000 65
446500 65
447000 65
447500 65
448000 65
448500 65
449000 65
449500 65
450000 65
450500 65
451000 65
451500 65
452000 65
452500 65
453000 65
453500 65
454000 65
454500 65
455000 65
455500 65
456000 65
456500 65
457000 65
457500 65
458000 65
458500 65
459000 65
459500 65
460000 65
460500 65
461000 65
461500 65
462000 65
462500 65
463000 65
463500 65
464000 65
464500 65
465000 65
465500 65
466000 65
466500 65
467000 65
467500 65
468000 65
468500 65
469000 65
469500 65
470000 65
470500 65
471000 65
471500 65
472000 65
472500 65
473000 65
473500 65
474000 65
474500 65
475000 65
475500 65
476000 65
476500 65
477000 65
477500 65
478000 65
478500 65
479000 65
479500 65
480000 65
480500 65
481000 65
481500 65
482000 65
482500 65
483000 65
483500 65
484000 65
484500 65
485000 65
485500 65
486000 65
486500 65
487000 65
487500 65
488000 65
488500 65
489000 65
489500 65
490000 65
490500 65
491000 65
491500 65
492000 65
492500 65
493000 65
493500 65
494000 65
494500 65
495000 65
495500 65
496000 65
496500 65
497000 65
497500 65
498000 65
498500 65
499000 65
499500 65
500000 65
500500 65
501000 65
501500 65
502000 65
502500 65
503000 65
503500 65
504000 65
504500 65
505000 65
505500 65
506000 65
506500 65
507000 65
507500 65
508000 65
508500 65
509000 65
509500 65
510000 65
510500 65
511000 65
511500 65
512000 65
512500 65
513000 65
513500 65
514000 65
514500 65
515000 65
515500 65
516000 65
516500 65
517000 65
517500 65
518000 65
518500 65
519000 65
519500 65
520000 65
520500 65
521000 65
521500 65
522000 65
522500 65
523000 65
523500 65
524000 65
524500 65
525000 65
525500 65
526000 65
526500 65
527000 65
527500 65
528000 65
528500 65
529000 65
529500 65
530000 65
530500 65
531000 65
531500 65
532000 65
532500 65
533000 65
533500 65
534000 65
534500 65
535000 65
535500 65
536000 65
536500 65
537000 65
537500 65
538000 65
538500 65
539000 65
539500 65
540000 65
540500 65
541000 65
541500 65
542000 65
542500 65
543000 65
543500 65
544000 65
544500 65
545000 65
545500 65
546000 65
546500 65
547000 65
547500 65
548000 65
548500 65
549000 65
549500 65
550000 65
550500 65
551000 65
551500 65
552000 65
552500 65
553000 65
553500 65
554000 65
554500 65
555000 65
555500 65
556000 65
556500 65
557000 65
557500 65
558000 65
558500 65
559000 65
559500 65
560000 65
560500 65
561000 65
561500 65
562000 65
562500 65
563000 65
563500 65
564000 65
564500 65
565000 65
565500 65
566000 65
566500 65
567000 65
567500 65
568000 65
568500 65
569000 65
569500 65
570000 65
570500 65
571000 65
571500 65
572000 65
572500 65
573000 65
573500 65
574000 65
574500 65
575000 65
575500 65
576000 65
576500 65
577000 65
577500 65
578000 65
578500 65
579000 65
579500 65
580000 65
580500 65
581000 65
581500 65
582000 65
582500 65
583000 65
583500 65
584000 65
584500 65
585000 65
585500 65
586000 65
586500 65
587000 65
587500 65
588000 65
588500 65
589000 65
589500 65
590000 65
590500 65
591000 65
591500 65
592000 65
592500 65
593000 65
593500 65
594000 65
594500 65
595000 65
595500 65
596000 65
596500 65
597000 65
597500 65
598000 65
598500 65
599000 65
599500 65
600000 65
600500 65
601000 65
601500 65
602000 65
602500 65
603000 65
603500 65
604000 65
604500 65
605000 65
605500 65
606000 65
606500 65
607000 65
607500 65
608000 65
608500 65
609000 65
609500 65
610000 65
610500 65
611000 65
611500 65
612000 65
612500 65
613000 65
613500 65
614000 65
614500 65
615000 65
615500 65
616000 65
616500 65
617000 65
617500 65
618000 65
618500 65
619000 65
619500 65
620000 65
620500 65
621000 65
621500 65
622000 65
622500 65
623000 65
623500 65
624000 65
624500 65
625000 65
625500 65
626000 65
626500 65
627000 65
627500 65
628000 65
628500 65
629000 65
629500 65
630000 65
630500 65
631000 65
631500 65
632000 65
632500 65
633000 65
633500 65
634000 65
634500 65
635000 65
635500 65
636000 65
636500 65
637000 65
637500 65
638000 65
638500 65
639000 65
639500 65
640000 65
640500 65
641000 65
641500 65
642000 65
642500 65
643000 65
643500 65
644000 65
644500 65
645000 65
645500 65
646000 65
646500 65
647000 65
647500 65
648000 65
648500 65
649000 65
649500 65
650000 65
650500 65
651000 65
651500 65
652000 65
652500 65
653000 65
653500 65
654000 65
654500 65
655000 65
655500 65
656000 65
656500 65
