200 79
400 71
600 71
800 71
1000 71
1200 71
1400 71
1600 71
1800 71
2000 71
2200 71
2400 71
2600 71
2800 71
3000 71
3200 71
3400 71
3600 71
3800 71
4000 70
4200 70
4400 70
4600 70
4800 70
5000 70
5200 70
5400 70
5600 70
5800 70
6000 70
6200 70
6400 70
6600 70
6800 70
7000 70
7200 70
7400 70
7600 70
7800 70
8000 70
8200 70
8400 70
8600 70
8800 70
9000 70
9200 70
9400 70
9600 70
9800 70
10000 70
10200 68
10400 68
10600 68
10800 68
11000 68
11200 68
11400 68
11600 68
11800 68
12000 68
12200 68
12400 68
12600 68
12800 68
13000 68
13200 68
13400 68
13600 68
13800 68
14000 68
14200 68
14400 68
14600 68
14800 68
15000 68
15200 68
15400 68
15600 68
15800 68
16000 68
16200 68
16400 68
16600 68
16800 68
17000 68
17200 68
17400 68
17600 68
17800 68
18000 68
18200 68
18400 68
18600 68
18800 68
19000 68
19200 68
19400 68
19600 68
19800 68
20000 68
20200 68
20400 68
20600 68
20800 68
21000 68
21200 68
21400 68
21600 68
21800 68
22000 68
22200 68
22400 68
22600 68
22800 68
23000 68
23200 68
23400 68
23600 68
23800 68
24000 68
24200 68
24400 68
24600 68
24800 68
25000 68
25200 68
25400 68
25600 68
25800 68
26000 68
26200 68
26400 68
26600 68
26800 68
27000 68
27200 68
27400 68
27600 68
27800 68
28000 68
28200 68
28400 68
28600 68
28800 68
29000 68
29200 68
29400 68
29600 68
29800 68
30000 68
30200 68
30400 68
30600 68
30800 68
31000 68
31200 68
31400 68
31600 68
31800 68
32000 68
32200 68
32400 68
32600 68
32800 68
33000 68
33200 68
33400 68
33600 68
33800 68
34000 68
34200 68
34400 68
34600 68
34800 68
35000 68
35200 68
35400 68
35600 68
35800 68
36000 68
36200 68
36400 68
36600 68
36800 68
37000 68
37200 68
37400 68
37600 68
37800 68
38000 68
38200 68
38400 68
38600 68
38800 68
39000 68
39200 68
39400 68
39600 68
39800 68
40000 68
40200 68
40400 68
40600 68
40800 68
41000 68
41200 68
41400 68
41600 68
41800 68
42000 68
42200 68
42400 68
42600 67
42800 67
43000 67
43200 67
43400 67
43600 67
43800 67
44000 67
44200 67
44400 67
44600 67
44800 67
45000 67
45200 67
45400 67
45600 67
45800 67
46000 67
46200 67
46400 67
46600 67
46800 67
47000 67
47200 67
47400 67
47600 67
47800 67
48000 67
48200 67
48400 67
48600 67
48800 67
49000 67
49200 67
49400 67
49600 67
49800 67
50000 67
50200 67
50400 67
50600 67
50800 67
51000 67
51200 67
51400 67
51600 67
51800 67
52000 67
52200 67
52400 67
52600 67
52800 67
53000 67
53200 67
53400 67
53600 67
53800 67
54000 67
54200 67
54400 67
54600 67
54800 67
55000 67
55200 67
55400 67
55600 67
55800 67
56000 67
56200 67
56400 67
56600 67
56800 67
57000 67
57200 67
57400 67
57600 67
57800 67
58000 67
58200 67
58400 67
58600 67
58800 67
59000 67
59200 67
59400 67
59600 67
59800 67
60000 67
60200 67
60400 67
60600 67
60800 67
61000 67
61200 67
61400 67
61600 67
61800 67
62000 67
62200 67
62400 67
62600 67
62800 67
63000 67
63200 67
63400 67
63600 67
63800 67
64000 67
64200 67
64400 67
64600 67
64800 67
65000 67
65200 67
65400 67
65600 67
65800 67
66000 67
66200 67
66400 67
66600 67
66800 67
67000 67
67200 67
67400 67
67600 67
67800 67
68000 67
68200 67
68400 67
68600 67
68800 67
69000 67
69200 67
69400 67
69600 67
69800 67
70000 67
70200 67
70400 67
70600 67
70800 67
71000 67
71200 67
71400 67
71600 67
71800 67
72000 67
72200 67
72400 67
72600 67
72800 67
73000 67
73200 67
73400 67
73600 67
73800 67
74000 67
74200 67
74400 67
74600 67
74800 67
75000 67
75200 67
75400 67
75600 67
75800 67
76000 67
76200 67
76400 67
76600 67
76800 67
77000 67
77200 67
77400 67
77600 67
77800 67
78000 67
78200 67
78400 67
78600 67
78800 67
79000 67
79200 67
79400 67
79600 67
79800 67
80000 67
80200 67
80400 67
80600 67
80800 67
81000 67
81200 67
81400 67
81600 67
81800 67
82000 67
82200 67
82400 67
82600 67
82800 67
83000 67
83200 67
83400 67
83600 67
83800 67
84000 67
84200 67
84400 67
84600 67
84800 67
85000 67
85200 67
85400 67
85600 67
85800 67
86000 67
86200 67
86400 67
86600 67
86800 67
87000 67
87200 67
87400 67
87600 67
87800 67
88000 67
88200 67
88400 67
88600 67
88800 67
89000 67
89200 67
89400 67
89600 67
89800 67
90000 67
90200 67
90400 67
90600 67
90800 67
91000 67
91200 67
91400 67
91600 67
91800 67
92000 67
92200 67
92400 67
92600 67
92800 67
93000 67
93200 67
93400 67
93600 67
93800 67
94000 67
94200 67
94400 67
94600 67
94800 67
95000 67
95200 67
95400 67
95600 67
95800 67
96000 67
96200 67
96400 67
96600 67
96800 67
97000 67
97200 67
97400 67
97600 67
97800 67
98000 67
98200 67
98400 67
98600 67
98800 67
99000 67
99200 67
99400 67
99600 67
99800 67
100000 67
100200 67
100400 67
100600 67
100800 67
101000 67
101200 67
101400 67
101600 67
101800 67
102000 67
102200 67
102400 67
102600 67
102800 67
103000 67
103200 67
103400 67
103600 67
103800 67
104000 67
104200 67
104400 67
104600 67
104800 67
105000 67
105200 67
105400 67
105600 67
105800 67
106000 67
106200 67
106400 67
106600 67
106800 67
107000 67
107200 67
107400 67
107600 67
107800 67
108000 67
108200 67
108400 67
108600 67
108800 67
109000 67
109200 67
109400 67
109600 67
109800 67
110000 67
110200 67
110400 67
110600 67
110800 67
111000 67
111200 67
111400 67
111600 67
111800 67
112000 67
112200 67
112400 67
112600 67
112800 67
113000 67
113200 67
113400 67
113600 67
113800 67
114000 67
114200 67
114400 67
114600 67
114800 67
115000 67
115200 67
115400 67
115600 67
115800 67
116000 67
116200 67
116400 67
116600 67
116800 67
117000 67
117200 67
117400 67
117600 67
117800 67
118000 67
118200 67
118400 67
118600 67
118800 67
119000 67
119200 67
119400 67
119600 67
119800 67
120000 67
120200 67
120400 67
120600 67
120800 67
121000 67
121200 67
121400 67
121600 67
121800 67
122000 67
122200 67
122400 67
122600 67
122800 67
123000 67
123200 67
123400 67
123600 67
123800 67
124000 67
124200 67
124400 67
124600 67
124800 67
125000 67
125200 67
125400 67
125600 67
125800 67
126000 67
126200 67
126400 67
126600 67
126800 67
127000 67
127200 67
127400 67
127600 67
127800 67
128000 67
128200 67
128400 67
128600 67
128800 67
129000 67
129200 67
129400 67
129600 67
129800 67
130000 67
130200 67
130400 67
130600 67
130800 67
131000 67
131200 67
131400 67
131600 67
131800 67
132000 67
132200 67
132400 67
132600 67
132800 67
133000 67
133200 67
133400 67
133600 67
133800 67
134000 67
134200 67
134400 67
134600 67
134800 67
135000 67
135200 67
135400 67
135600 67
135800 67
136000 67
136200 67
136400 67
136600 67
136800 67
137000 67
137200 67
137400 67
137600 67
137800 67
138000 67
138200 67
138400 67
138600 67
138800 67
139000 67
139200 67
139400 67
139600 67
139800 67
140000 67
140200 67
140400 67
140600 67
140800 67
141000 67
141200 67
141400 67
141600 67
141800 67
142000 67
142200 67
142400 67
142600 67
142800 67
143000 67
143200 67
143400 67
143600 67
143800 67
144000 67
144200 67
144400 67
144600 67
144800 67
145000 67
145200 67
145400 67
145600 67
145800 67
146000 67
146200 67
146400 67
146600 67
146800 67
147000 67
147200 67
147400 67
147600 67
147800 67
148000 67
148200 67
148400 67
148600 67
148800 67
149000 67
149200 67
149400 67
149600 67
149800 67
150000 67
150200 67
150400 67
150600 67
150800 67
151000 67
151200 67
151400 67
151600 67
151800 67
152000 67
152200 67
152400 67
152600 67
152800 67
153000 67
153200 67
153400 67
153600 67
153800 67
154000 67
154200 67
154400 67
154600 67
154800 67
155000 67
155200 67
155400 67
155600 67
155800 67
156000 67
156200 67
156400 67
156600 67
156800 67
157000 67
157200 67
157400 67
157600 67
157800 67
158000 67
158200 67
158400 67
158600 67
158800 67
159000 67
159200 67
159400 67
159600 67
159800 67
160000 67
160200 67
160400 67
160600 67
160800 67
161000 67
161200 67
161400 67
161600 67
161800 67
162000 67
162200 67
162400 67
162600 67
162800 67
163000 67
163200 67
163400 67
163600 67
163800 67
164000 67
164200 67
164400 67
164600 67
164800 67
165000 67
165200 67
165400 67
165600 67
165800 67
166000 67
166200 67
166400 67
166600 67
166800 67
167000 67
167200 67
167400 67
167600 67
167800 67
168000 67
168200 67
168400 67
168600 67
168800 67
169000 67
169200 67
169400 67
169600 67
169800 67
170000 67
170200 67
170400 67
170600 67
170800 67
171000 67
171200 67
171400 67
171600 67
171800 67
172000 67
172200 67
172400 67
172600 67
172800 67
173000 67
173200 67
173400 67
173600 67
173800 67
174000 67
174200 67
174400 67
174600 67
174800 67
175000 67
175200 67
175400 67
175600 67
175800 67
176000 67
176200 67
176400 67
176600 67
176800 67
177000 67
177200 67
177400 67
177600 67
177800 67
178000 67
178200 67
178400 67
178600 67
178800 67
179000 67
179200 67
179400 67
179600 67
179800 67
180000 67
180200 67
180400 67
180600 67
180800 67
181000 67
181200 67
181400 67
181600 67
181800 67
182000 67
182200 65
182400 65
182600 65
182800 65
183000 65
183200 65
183400 65
183600 65
183800 65
184000 65
184200 65
184400 65
184600 65
184800 65
185000 65
185200 65
185400 65
185600 65
185800 65
186000 65
186200 65
186400 65
186600 65
186800 65
187000 65
187200 65
187400 65
187600 65
187800 65
188000 65
188200 65
188400 65
188600 65
188800 65
189000 65
189200 65
189400 65
189600 65
189800 65
190000 65
190200 65
190400 65
190600 65
190800 65
191000 65
191200 65
191400 65
191600 65
191800 65
192000 65
192200 65
192400 65
192600 65
192800 65
193000 65
193200 65
193400 65
193600 65
193800 65
194000 65
194200 65
194400 65
194600 65
194800 65
195000 65
195200 65
195400 65
195600 65
195800 65
196000 65
196200 65
196400 65
196600 65
196800 65
197000 65
197200 65
197400 65
197600 65
197800 65
198000 65
198200 65
198400 65
198600 65
198800 65
199000 65
199200 65
199400 65
199600 65
199800 65
200000 65
200200 65
200400 65
200600 65
200800 65
201000 65
201200 65
201400 65
201600 65
201800 65
202000 65
202200 65
202400 65
202600 65
202800 65
203000 65
203200 65
203400 65
203600 65
203800 65
204000 65
204200 65
204400 65
204600 65
204800 65
205000 65
205200 65
205400 65
205600 65
205800 65
206000 65
206200 65
206400 65
206600 65
206800 65
207000 65
207200 65
207400 65
207600 65
207800 65
208000 65
208200 65
208400 65
208600 65
208800 65
209000 65
209200 65
209400 65
209600 65
209800 65
210000 65
210200 65
210400 65
210600 65
210800 65
211000 65
211200 65
211400 65
211600 65
211800 65
212000 65
212200 65
212400 65
212600 65
212800 65
213000 65
213200 65
213400 65
213600 65
213800 65
214000 65
214200 65
214400 65
214600 65
214800 65
215000 65
215200 65
215400 65
215600 65
215800 65
216000 65
216200 65
216400 65
216600 65
216800 65
217000 65
217200 65
217400 65
217600 65
217800 65
218000 65
218200 65
218400 65
218600 65
218800 65
219000 65
219200 65
219400 65
219600 65
219800 65
220000 65
220200 65
220400 65
220600 65
220800 65
221000 65
221200 65
221400 65
221600 65
221800 65
222000 65
222200 65
222400 65
222600 65
222800 65
223000 65
223200 65
223400 65
223600 65
223800 65
224000 65
224200 65
224400 65
224600 65
224800 65
225000 65
225200 65
225400 65
225600 65
225800 65
226000 65
226200 65
226400 65
226600 65
226800 65
227000 65
227200 65
227400 65
227600 65
227800 65
228000 65
228200 65
228400 65
228600 65
228800 65
229000 65
229200 65
229400 65
229600 65
229800 65
230000 65
230200 65
230400 65
230600 65
230800 65
231000 65
231200 65
231400 65
231600 65
231800 65
232000 65
232200 65
232400 65
232600 65
232800 65
233000 65
233200 65
233400 65
233600 65
233800 65
234000 65
234200 65
234400 65
234600 65
234800 65
235000 65
235200 65
235400 65
235600 65
235800 65
236000 65
236200 65
236400 65
236600 65
236800 65
237000 65
237200 65
237400 65
237600 65
237800 65
238000 65
238200 65
238400 65
238600 65
238800 65
239000 65
239200 65
239400 65
239600 65
239800 65
240000 65
240200 65
240400 65
240600 65
240800 65
241000 65
241200 65
241400 65
241600 65
241800 65
242000 65
242200 65
242400 65
242600 65
242800 65
243000 65
243200 65
243400 65
243600 65
243800 65
244000 65
244200 65
244400 65
244600 65
244800 65
245000 65
245200 65
245400 65
245600 65
245800 65
246000 65
246200 65
246400 65
246600 65
246800 65
247000 65
247200 65
247400 65
247600 65
247800 65
248000 65
248200 65
248400 65
248600 65
248800 65
249000 65
249200 65
249400 65
249600 65
249800 65
250000 65
250200 65
250400 65
250600 65
250800 65
251000 65
251200 65
251400 65
251600 65
251800 65
252000 65
252200 65
252400 65
252600 65
252800 65
253000 65
253200 65
253400 65
253600 65
253800 65
254000 65
254200 65
254400 65
254600 65
254800 65
255000 65
255200 65
255400 65
255600 65
255800 65
256000 65
256200 65
256400 65
256600 65
256800 65
257000 65
257200 65
257400 65
257600 65
257800 65
258000 65
258200 65
258400 65
258600 65
258800 65
259000 65
259200 65
259400 65
259600 65
259800 65
260000 65
260200 65
260400 65
260600 65
260800 65
261000 65
261200 65
261400 65
261600 65
261800 65
262000 65
262200 65
262400 65
262600 65
262800 65
263000 65
263200 65
263400 65
263600 65
263800 65
264000 65
264200 65
264400 65
264600 65
264800 65
265000 65
265200 65
265400 65
265600 65
265800 65
266000 65
266200 65
266400 65
266600 65
266800 65
267000 65
267200 65
267400 65
267600 65
267800 65
268000 65
268200 65
268400 65
268600 65
268800 65
269000 65
269200 65
269400 65
269600 65
269800 65
270000 65
270200 65
270400 65
270600 65
270800 65
271000 65
271200 65
271400 65
271600 65
271800 65
272000 65
272200 65
272400 65
272600 65
272800 65
273000 65
273200 65
273400 65
273600 65
273800 65
274000 65
274200 65
274400 65
274600 65
274800 65
275000 65
275200 65
275400 65
275600 65
275800 65
276000 65
276200 65
276400 65
276600 65
276800 65
277000 65
277200 65
277400 65
277600 65
277800 65
278000 65
278200 65
278400 65
278600 65
278800 65
279000 65
279200 65
279400 65
279600 65
279800 65
280000 65
280200 65
280400 65
280600 65
280800 65
281000 65
281200 65
281400 65
281600 65
281800 65
282000 65
282200 65
282400 65
282600 65
282800 65
283000 65
283200 65
283400 65
283600 65
283800 65
284000 65
284200 65
284400 65
284600 65
284800 65
285000 65
285200 65
285400 65
285600 65
285800 65
286000 65
286200 65
286400 65
286600 65
286800 65
287000 65
287200 65
287400 65
287600 65
287800 65
288000 65
288200 65
288400 65
288600 65
288800 65
289000 65
289200 65
289400 65
289600 65
289800 65
290000 65
290200 65
290400 65
290600 65
290800 65
291000 65
291200 65
291400 65
291600 65
291800 65
292000 65
292200 65
292400 65
292600 65
292800 65
293000 65
293200 65
293400 65
293600 65
293800 65
294000 65
294200 65
294400 65
294600 65
294800 65
295000 65
295200 65
295400 65
295600 65
295800 65
296000 65
296200 65
296400 65
296600 65
296800 65
297000 65
297200 65
297400 65
297600 65
297800 65
298000 65
298200 65
298400 65
298600 65
298800 65
299000 65
299200 65
299400 65
299600 65
299800 65
300000 65
300200 65
300400 65
300600 65
300800 65
301000 65
301200 65
301400 65
301600 65
301800 65
302000 65
302200 65
302400 65
302600 65
302800 65
303000 65
303200 65
303400 65
303600 65
303800 65
304000 65
304200 65
304400 65
304600 65
304800 65
305000 65
305200 65
305400 65
305600 65
305800 65
306000 65
306200 65
306400 65
306600 65
306800 65
307000 65
307200 65
307400 65
307600 65
307800 65
308000 65
308200 65
308400 65
308600 65
308800 65
309000 65
309200 65
309400 65
309600 65
309800 65
310000 65
310200 65
310400 65
310600 65
310800 65
311000 65
311200 65
311400 65
311600 65
311800 65
312000 65
312200 65
312400 65
312600 65
312800 65
313000 65
313200 65
313400 65
313600 65
313800 65
314000 65
314200 65
314400 65
314600 65
314800 65
315000 65
315200 65
315400 65
315600 65
315800 65
316000 65
316200 65
316400 65
316600 65
316800 65
317000 65
317200 65
317400 65
317600 65
317800 65
318000 65
318200 65
318400 65
318600 65
318800 65
319000 65
319200 65
319400 65
319600 65
319800 65
320000 65
320200 65
320400 65
320600 65
320800 65
321000 65
321200 65
321400 65
321600 65
321800 65
322000 65
322200 65
322400 65
322600 65
322800 65
323000 65
323200 65
323400 65
323600 65
323800 65
324000 65
324200 65
324400 65
324600 65
324800 65
325000 65
325200 65
325400 65
325600 65
325800 65
326000 65
326200 65
326400 65
326600 65
326800 65
327000 65
327200 65
327400 65
327600 65
327800 65
328000 65
328200 65
328400 65
328600 65
328800 65
329000 65
329200 65
329400 65
329600 65
329800 65
330000 65
330200 65
330400 65
330600 65
330800 65
331000 65
331200 65
331400 65
331600 65
331800 65
332000 65
332200 65
332400 65
332600 65
332800 65
333000 65
333200 65
333400 65
333600 65
333800 65
334000 65
334200 65
334400 65
334600 65
334800 65
335000 65
335200 65
335400 65
335600 65
335800 65
336000 65
336200 65
336400 65
336600 65
336800 65
337000 65
337200 65
337400 65
337600 65
337800 65
338000 65
338200 65
338400 65
338600 65
338800 65
339000 65
339200 65
339400 65
339600 65
339800 65
340000 65
340200 65
340400 65
340600 65
340800 65
341000 65
341200 65
341400 65
341600 65
341800 65
342000 65
342200 65
342400 65
342600 65
342800 65
343000 65
343200 65
343400 65
343600 65
343800 65
344000 65
344200 65
344400 65
344600 65
344800 65
345000 65
345200 65
345400 65
345600 65
345800 65
346000 65
346200 65
346400 65
346600 65
346800 65
347000 65
347200 65
347400 65
347600 65
347800 65
348000 65
348200 65
348400 65
348600 65
348800 65
349000 65
349200 65
349400 65
349600 65
349800 65
350000 65
350200 65
350400 65
350600 65
350800 65
351000 65
351200 65
351400 65
351600 65
351800 65
352000 65
352200 65
352400 65
352600 65
352800 65
353000 65
353200 65
353400 65
353600 65
353800 65
354000 65
354200 65
354400 65
354600 65
354800 65
355000 65
355200 65
355400 65
355600 65
355800 65
356000 65
356200 65
356400 65
356600 65
356800 65
357000 65
357200 65
357400 65
357600 65
357800 65
358000 65
358200 65
358400 65
358600 65
358800 65
359000 65
359200 65
359400 65
359600 65
359800 65
360000 65
360200 65
360400 65
360600 65
360800 65
361000 65
361200 65
361400 65
361600 65
361800 65
362000 65
362200 65
362400 65
362600 65
362800 65
363000 65
363200 65
363400 65
363600 65
363800 65
364000 65
364200 65
364400 65
364600 65
364800 65
365000 65
365200 65
365400 65
365600 65
365800 65
366000 65
366200 65
366400 65
366600 65
366800 65
367000 65
367200 65
367400 65
367600 65
367800 65
368000 65
368200 65
368400 65
368600 65
368800 65
369000 65
369200 65
369400 65
369600 65
369800 65
370000 65
370200 65
370400 65
370600 65
370800 65
371000 65
371200 65
371400 65
371600 65
371800 65
372000 65
372200 65
372400 65
372600 65
372800 65
373000 65
373200 65
373400 65
373600 65
373800 65
374000 65
374200 65
374400 65
374600 65
374800 65
375000 65
375200 65
375400 65
375600 65
375800 65
376000 65
376200 65
376400 65
376600 65
376800 65
377000 65
377200 65
377400 65
377600 65
377800 65
378000 65
378200 65
378400 65
378600 65
378800 65
379000 65
379200 65
379400 65
379600 65
379800 65
380000 65
380200 65
380400 65
380600 65
380800 65
381000 65
381200 65
381400 65
381600 65
381800 65
382000 65
382200 65
382400 65
382600 65
382800 65
383000 65
383200 65
383400 65
383600 65
383800 65
384000 65
384200 65
384400 65
384600 65
384800 65
385000 65
385200 65
385400 65
385600 65
385800 65
386000 65
386200 65
386400 65
386600 65
386800 65
387000 65
387200 65
387400 65
387600 65
387800 65
388000 65
388200 65
388400 65
388600 65
388800 65
389000 65
389200 65
389400 65
389600 65
389800 65
390000 65
390200 65
390400 65
390600 65
390800 65
391000 65
391200 65
391400 65
391600 65
391800 65
392000 65
392200 65
392400 65
392600 65
392800 65
393000 65
393200 65
393400 65
393600 65
393800 65
394000 65
394200 65
394400 65
394600 65
394800 65
395000 65
395200 65
395400 65
395600 65
395800 65
396000 65
396200 65
396400 65
396600 65
396800 65
397000 65
397200 65
397400 65
397600 65
397800 65
398000 65
398200 65
398400 65
398600 65
398800 65
399000 65
399200 65
399400 65
399600 65
399800 65
400000 65
400200 65
400400 65
400600 65
400800 65
401000 65
401200 65
401400 65
401600 65
401800 65
402000 65
402200 65
402400 65
402600 65
402800 65
403000 65
403200 65
403400 65
403600 65
403800 65
404000 65
404200 65
404400 65
404600 65
404800 65
405000 65
405200 65
405400 65
405600 65
405800 65
406000 65
406200 65
406400 65
406600 65
406800 65
407000 65
407200 65
407400 65
407600 65
407800 65
408000 65
408200 65
408400 65
408600 65
408800 65
409000 65
409200 65
409400 65
409600 65
409800 65
410000 65
410200 65
410400 65
410600 65
410800 65
411000 65
411200 65
411400 65
411600 65
411800 65
412000 65
412200 65
412400 65
412600 65
412800 65
413000 65
413200 65
413400 65
413600 65
413800 65
414000 65
414200 65
414400 65
414600 65
414800 65
415000 65
415200 65
415400 65
415600 65
415800 65
416000 65
416200 65
416400 65
416600 65
416800 65
417000 65
417200 65
417400 65
417600 65
417800 65
418000 65
418200 65
418400 65
418600 65
418800 65
419000 65
419200 65
419400 65
419600 65
419800 65
420000 65
420200 65
420400 65
420600 65
420800 65
421000 65
421200 65
421400 65
421600 65
421800 65
422000 65
422200 65
422400 65
422600 65
422800 65
423000 65
423200 65
423400 65
423600 65
423800 65
424000 65
424200 65
424400 65
424600 65
424800 65
425000 65
425200 65
425400 65
425600 65
425800 65
426000 65
426200 65
426400 65
426600 65
426800 65
427000 65
427200 65
427400 65
427600 65
427800 65
428000 65
428200 65
428400 65
428600 65
428800 65
429000 65
429200 65
429400 65
429600 65
429800 65
430000 65
430200 65
430400 65
430600 65
430800 65
431000 65
431200 65
431400 65
431600 65
431800 65
432000 65
432200 65
432400 65
432600 65
432800 65
433000 65
433200 65
433400 65
433600 65
433800 65
434000 65
434200 65
434400 65
434600 65
434800 65
435000 65
435200 65
435400 65
435600 65
435800 65
436000 65
436200 65
436400 65
436600 65
436800 65
437000 65
437200 65
437400 65
437600 65
437800 65
438000 65
438200 65
438400 65
438600 65
438800 65
439000 65
439200 65
439400 65
439600 65
439800 65
440000 65
440200 65
440400 65
440600 65
440800 65
441000 65
441200 65
441400 65
441600 65
441800 65
442000 65
442200 65
442400 65
442600 65
442800 65
443000 65
443200 65
443400 65
443600 65
443800 65
444000 65
444200 65
444400 65
444600 65
444800 65
445000 65
445200 65
445400 65
445600 65
445800 65
446000 65
446200 65
446400 65
446600 65
446800 65
447000 65
447200 65
447400 65
447600 65
447800 65
448000 65
448200 65
448400 65
448600 65
448800 65
449000 65
449200 65
449400 65
449600 65
449800 65
450000 65
450200 65
450400 65
450600 65
450800 65
451000 65
451200 65
451400 65
451600 65
451800 65
452000 65
452200 65
452400 65
452600 65
452800 65
453000 65
453200 65
453400 65
453600 65
453800 65
454000 65
454200 65
454400 65
454600 65
454800 65
455000 65
455200 65
455400 65
455600 65
455800 65
456000 65
456200 65
456400 65
456600 65
456800 65
457000 65
457200 65
457400 65
457600 65
457800 65
458000 65
458200 65
458400 65
458600 65
458800 65
459000 65
459200 65
459400 65
459600 65
459800 65
460000 65
460200 65
460400 65
460600 65
460800 65
461000 65
461200 65
461400 65
461600 65
461800 65
462000 65
462200 65
462400 65
462600 65
462800 65
463000 65
463200 65
463400 65
463600 65
463800 65
464000 65
464200 65
464400 65
464600 65
464800 65
465000 65
465200 65
465400 65
465600 65
465800 65
466000 65
466200 65
466400 65
466600 65
466800 65
467000 65
467200 65
467400 65
467600 65
467800 65
468000 65
468200 65
468400 65
468600 65
468800 65
469000 65
469200 65
469400 65
469600 65
469800 65
470000 65
470200 65
470400 65
470600 65
470800 65
471000 65
471200 65
471400 65
471600 65
471800 65
472000 65
472200 65
472400 65
472600 65
472800 65
473000 65
473200 65
473400 65
473600 65
473800 65
474000 65
474200 65
474400 65
474600 65
474800 65
475000 65
475200 65
475400 65
475600 65
475800 65
476000 65
476200 65
476400 65
476600 65
476800 65
477000 65
477200 65
477400 65
477600 65
477800 65
478000 65
478200 65
478400 65
478600 65
478800 65
479000 65
479200 65
479400 65
479600 65
479800 65
480000 65
480200 65
480400 65
480600 65
480800 65
481000 65
481200 65
481400 65
481600 65
481800 65
482000 65
482200 65
482400 65
482600 65
482800 65
483000 65
483200 65
483400 65
483600 65
483800 65
484000 65
484200 65
484400 65
484600 65
484800 65
485000 65
485200 65
485400 65
485600 65
485800 65
486000 65
486200 65
486400 65
486600 65
486800 65
487000 65
487200 65
487400 65
487600 65
487800 65
488000 65
488200 65
488400 65
488600 65
488800 65
489000 65
489200 65
489400 65
489600 65
489800 65
490000 65
490200 65
490400 65
490600 65
490800 65
491000 65
491200 65
491400 65
491600 65
491800 65
492000 65
492200 65
492400 65
492600 65
492800 65
493000 65
493200 65
493400 65
493600 65
493800 65
494000 65
494200 65
494400 65
494600 65
494800 65
495000 65
495200 65
495400 65
495600 65
495800 65
496000 65
496200 65
496400 65
496600 65
496800 65
497000 65
497200 65
497400 65
497600 65
497800 65
498000 65
498200 65
498400 65
498600 65
498800 65
499000 65
499200 65
499400 65
499600 65
499800 65
500000 65
500200 65
500400 65
500600 65
500800 65
501000 65
501200 65
501400 65
501600 65
501800 65
502000 65
502200 65
502400 65
502600 65
502800 65
503000 65
503200 65
503400 65
503600 65
503800 65
504000 65
504200 65
504400 65
504600 65
504800 65
505000 65
505200 65
505400 65
505600 65
505800 65
506000 65
506200 65
506400 65
506600 65
506800 65
507000 65
507200 65
507400 65
507600 65
507800 65
508000 65
508200 65
508400 65
508600 65
508800 65
509000 65
509200 65
509400 65
509600 65
509800 65
510000 65
510200 65
510400 65
510600 65
510800 65
511000 65
511200 65
511400 65
511600 65
511800 65
512000 65
512200 65
512400 65
512600 65
512800 65
513000 65
513200 65
513400 65
513600 65
513800 65
514000 65
514200 65
514400 65
514600 65
514800 65
515000 65
515200 65
515400 65
515600 65
515800 65
516000 65
516200 65
516400 65
516600 65
516800 65
517000 65
517200 65
517400 65
517600 65
517800 65
518000 65
518200 65
518400 65
518600 65
518800 65
519000 65
519200 65
519400 65
519600 65
519800 65
520000 65
520200 65
520400 65
520600 65
520800 65
521000 65
521200 65
521400 65
521600 65
521800 65
522000 65
522200 65
522400 65
522600 65
522800 65
523000 65
523200 65
523400 65
523600 65
523800 65
524000 65
524200 65
524400 65
524600 65
524800 65
525000 65
525200 65
525400 65
525600 65
525800 65
526000 65
526200 65
526400 65
526600 65
526800 65
527000 65
527200 65
527400 65
527600 65
527800 65
528000 65
528200 65
528400 65
528600 65
528800 65
529000 65
529200 65
529400 65
529600 65
529800 65
530000 65
530200 65
530400 65
530600 65
530800 65
531000 65
531200 65
531400 65
531600 65
531800 65
532000 65
532200 65
532400 65
532600 65
532800 65
533000 65
533200 65
533400 65
533600 65
533800 65
534000 65
534200 65
534400 65
534600 65
534800 65
535000 65
535200 65
535400 65
535600 65
535800 65
536000 65
536200 65
536400 65
536600 65
536800 65
537000 65
537200 65
537400 65
537600 65
537800 65
538000 65
538200 65
538400 65
538600 65
538800 65
539000 65
539200 65
539400 65
539600 65
539800 65
540000 65
540200 65
540400 65
540600 65
540800 65
541000 65
541200 65
541400 65
541600 65
541800 65
542000 65
542200 65
542400 65
542600 65
542800 65
543000 65
543200 65
543400 65
543600 65
543800 65
544000 65
544200 65
544400 65
544600 65
544800 65
545000 65
545200 65
545400 65
545600 65
545800 65
546000 65
546200 65
546400 65
546600 65
546800 65
547000 65
547200 65
547400 65
547600 65
547800 65
548000 65
548200 65
548400 65
548600 65
548800 65
549000 65
549200 65
549400 65
549600 65
549800 65
550000 65
550200 65
550400 65
550600 65
550800 65
551000 65
551200 65
551400 65
551600 65
551800 65
552000 65
552200 65
552400 65
552600 65
552800 65
553000 65
553200 65
553400 65
553600 65
553800 65
554000 65
554200 65
554400 65
554600 65
554800 65
555000 65
555200 65
555400 65
555600 65
555800 65
556000 65
556200 65
556400 65
556600 65
556800 65
557000 65
557200 65
557400 65
557600 65
557800 65
558000 65
558200 65
558400 65
558600 65
558800 65
559000 65
559200 65
559400 65
559600 65
559800 65
560000 65
560200 65
560400 65
560600 65
560800 65
561000 65
561200 65
561400 65
561600 65
561800 65
562000 65
562200 65
562400 65
562600 65
562800 65
563000 65
563200 65
563400 65
563600 65
563800 65
564000 65
564200 65
564400 65
564600 65
564800 65
565000 65
565200 65
565400 65
565600 65
565800 65
566000 65
566200 65
566400 65
566600 65
566800 65
567000 65
567200 65
567400 65
567600 65
567800 65
568000 65
568200 65
568400 65
568600 65
568800 65
569000 65
569200 65
569400 65
569600 65
569800 65
570000 65
570200 65
570400 65
570600 65
570800 65
571000 65
571200 65
571400 65
571600 65
571800 65
572000 65
572200 65
572400 65
572600 65
572800 65
573000 65
573200 65
573400 65
573600 65
573800 65
574000 65
574200 65
574400 65
574600 65
574800 65
575000 65
575200 65
575400 65
575600 65
575800 65
576000 65
576200 65
576400 65
576600 65
576800 65
577000 65
577200 65
577400 65
577600 65
577800 65
578000 65
578200 65
578400 65
578600 65
578800 65
579000 65
579200 65
579400 65
579600 65
579800 65
580000 65
580200 65
580400 65
580600 65
580800 65
581000 65
581200 65
581400 65
581600 65
581800 65
582000 65
582200 65
582400 65
582600 65
582800 65
583000 65
583200 65
583400 65
583600 65
583800 65
584000 65
584200 65
584400 65
584600 65
584800 65
585000 65
585200 65
585400 65
585600 65
585800 65
586000 65
586200 65
586400 65
586600 65
586800 65
587000 65
587200 65
587400 65
587600 65
587800 65
588000 65
588200 65
588400 65
588600 65
588800 65
589000 65
589200 65
589400 65
589600 65
589800 65
590000 65
590200 65
590400 65
590600 65
590800 65
591000 65
591200 65
591400 65
591600 65
591800 65
592000 65
592200 65
592400 65
592600 65
592800 65
593000 65
593200 65
593400 65
593600 65
593800 65
594000 65
594200 65
594400 65
594600 65
594800 65
595000 65
595200 65
595400 65
595600 65
595800 65
596000 65
596200 65
596400 65
596600 65
596800 65
597000 65
597200 65
597400 65
597600 65
597800 65
598000 65
598200 65
598400 65
598600 65
598800 65
599000 65
599200 65
599400 65
599600 65
599800 65
600000 65
600200 65
600400 65
600600 65
600800 65
601000 65
601200 65
601400 65
601600 65
601800 65
602000 65
602200 65
602400 65
602600 65
602800 65
603000 65
603200 65
603400 65
603600 65
603800 65
604000 65
604200 65
604400 65
604600 65
604800 65
605000 65
605200 65
605400 65
605600 65
605800 65
606000 65
606200 65
606400 65
606600 65
606800 65
607000 65
607200 65
607400 65
607600 65
607800 65
608000 65
608200 65
608400 65
608600 65
608800 65
609000 65
609200 65
609400 65
609600 65
609800 65
610000 65
610200 65
610400 65
610600 65
610800 65
611000 65
611200 65
611400 65
611600 65
611800 65
612000 65
612200 65
612400 65
612600 65
612800 65
613000 65
613200 65
613400 65
613600 65
613800 65
614000 65
614200 65
614400 65
614600 65
614800 65
615000 65
615200 65
615400 65
615600 65
615800 65
616000 65
616200 65
616400 65
616600 65
616800 65
617000 65
617200 65
617400 65
617600 65
617800 65
618000 65
618200 65
618400 65
618600 65
618800 65
619000 65
619200 65
619400 65
619600 65
619800 65
620000 65
620200 65
620400 65
620600 65
620800 65
621000 65
621200 65
621400 65
621600 65
621800 65
622000 65
622200 65
622400 65
622600 65
622800 65
623000 65
623200 65
623400 65
623600 65
623800 65
624000 65
624200 65
624400 65
624600 65
624800 65
625000 65
625200 65
625400 65
625600 65
625800 65
626000 65
626200 65
626400 65
626600 65
626800 65
627000 65
627200 65
627400 65
627600 65
627800 65
628000 65
628200 65
628400 65
628600 65
628800 65
629000 65
629200 65
629400 65
629600 65
629800 65
630000 65
630200 65
630400 65
630600 65
630800 65
631000 65
631200 65
631400 65
631600 65
631800 65
632000 65
632200 65
632400 65
632600 65
632800 65
633000 65
633200 65
633400 65
633600 65
633800 65
634000 65
634200 65
634400 65
634600 65
634800 65
635000 65
635200 65
635400 65
635600 65
635800 65
636000 65
636200 65
636400 65
636600 65
636800 65
637000 65
637200 65
637400 65
637600 65
637800 65
638000 65
638200 65
638400 65
638600 65
638800 65
639000 65
639200 65
639400 65
639600 65
639800 65
640000 65
640200 65
640400 65
640600 65
640800 65
641000 65
641200 65
641400 65
641600 65
641800 65
642000 65
642200 65
642400 65
642600 65
642800 65
643000 65
643200 65
643400 65
643600 65
643800 65
644000 65
644200 65
644400 65
644600 65
644800 65
645000 65
645200 65
645400 65
645600 65
645800 65
646000 65
646200 65
646400 65
646600 65
646800 65
647000 65
647200 65
647400 65
647600 65
647800 65
648000 65
648200 65
648400 65
648600 65
648800 65
649000 65
649200 65
649400 65
649600 65
649800 65
650000 65
650200 65
650400 65
650600 65
650800 65
651000 65
651200 65
651400 65
651600 65
651800 65
652000 65
652200 65
652400 65
652600 65
652800 65
653000 65
653200 65
653400 65
653600 65
653800 65
654000 65
654200 65
654400 65
654600 65
654800 65
655000 65
655200 65
655400 65
655600 65
655800 65
656000 65
656200 65
656400 65
656600 65
656800 65
657000 65
657200 65
657400 65
657600 65
657800 65
658000 65
658200 65
658400 65
658600 65
658800 65
659000 65
659200 65
659400 65
659600 65
659800 65
660000 65
660200 65
660400 65
660600 65
660800 65
661000 65
661200 65
661400 65
661600 65
661800 65
662000 65
662200 65
662400 65
662600 65
662800 65
663000 65
663200 65
663400 65
663600 65
663800 65
664000 65
664200 65
664400 65
664600 65
664800 65
665000 65
665200 65
665400 65
665600 65
665800 65
666000 65
666200 65
666400 65
666600 65
666800 65
667000 65
667200 65
667400 65
667600 65
667800 65
668000 65
668200 65
668400 65
668600 65
668800 65
669000 65
669200 65
669400 65
669600 65
669800 65
670000 65
670200 65
670400 65
670600 65
670800 65
671000 65
671200 65
671400 65
671600 65
671800 65
672000 65
672200 65
672400 65
672600 65
672800 65
673000 65
673200 65
673400 65
673600 65
673800 65
674000 65
674200 65
674400 65
674600 65
674800 65
675000 65
675200 65
675400 65
675600 65
675800 65
676000 65
676200 65
676400 65
676600 65
676800 65
677000 65
677200 65
677400 65
677600 65
677800 65
678000 65
678200 65
678400 65
678600 65
678800 65
679000 65
679200 65
679400 65
679600 65
679800 65
680000 65
680200 65
680400 65
680600 65
680800 65
681000 65
681200 65
681400 65
681600 65
681800 65
682000 65
682200 65
682400 65
682600 65
682800 65
683000 65
683200 65
683400 65
683600 65
683800 65
684000 65
684200 65
684400 65
684600 65
684800 65
685000 65
685200 65
685400 65
685600 65
685800 65
686000 65
686200 65
686400 65
686600 65
686800 65
687000 65
687200 65
687400 65
687600 65
687800 65
688000 65
688200 65
688400 65
688600 65
688800 65
689000 65
689200 65
689400 65
689600 65
689800 65
690000 65
690200 65
690400 65
690600 65
690800 65
691000 65
691200 65
691400 65
691600 65
691800 65
692000 65
692200 65
692400 65
692600 65
692800 65
693000 65
693200 65
693400 65
693600 65
693800 65
694000 65
694200 65
694400 65
694600 65
694800 65
695000 65
695200 65
695400 65
695600 65
695800 65
696000 65
696200 65
696400 65
696600 65
696800 65
697000 65
697200 65
697400 65
697600 65
697800 65
698000 65
698200 65
698400 65
698600 65
698800 65
699000 65
699200 65
699400 65
699600 65
699800 65
700000 65
700200 65
700400 65
700600 65
700800 65
701000 65
701200 65
701400 65
701600 65
701800 65
702000 65
702200 65
702400 65
702600 65
702800 65
703000 65
703200 65
703400 65
703600 65
703800 65
704000 65
704200 65
704400 65
704600 65
704800 65
705000 65
705200 65
705400 65
705600 65
705800 65
706000 65
706200 65
706400 65
706600 65
706800 65
707000 65
707200 65
707400 65
707600 65
707800 65
708000 65
708200 65
708400 65
708600 65
708800 65
709000 65
709200 65
709400 65
709600 65
709800 65
710000 65
710200 65
710400 65
710600 65
710800 65
711000 65
711200 65
711400 65
711600 65
711800 65
712000 65
712200 65
712400 65
712600 65
712800 65
713000 65
713200 65
713400 65
713600 65
713800 65
714000 65
714200 65
714400 65
714600 65
714800 65
715000 65
715200 65
715400 65
715600 65
715800 65
716000 65
716200 65
716400 65
716600 65
716800 65
717000 65
717200 65
717400 65
717600 65
717800 65
718000 65
718200 65
718400 65
718600 65
718800 65
719000 65
719200 65
719400 65
719600 65
719800 65
720000 65
720200 65
720400 65
720600 65
720800 65
721000 65
721200 65
721400 65
721600 65
721800 65
722000 65
722200 65
722400 65
722600 65
722800 65
723000 65
723200 65
723400 65
723600 65
723800 65
724000 65
724200 65
724400 65
724600 65
724800 65
725000 65
725200 65
725400 65
725600 65
725800 65
726000 65
726200 65
726400 65
726600 65
726800 65
727000 65
727200 65
727400 65
727600 65
727800 65
728000 65
728200 65
728400 65
728600 65
728800 65
729000 65
729200 65
729400 65
729600 65
729800 65
730000 65
730200 65
730400 65
730600 65
730800 65
731000 65
731200 65
731400 65
731600 65
731800 65
732000 65
732200 65
732400 65
732600 65
732800 65
733000 65
733200 65
733400 65
733600 65
733800 65
734000 65
734200 65
734400 65
734600 65
734800 65
735000 65
735200 65
735400 65
735600 65
735800 65
736000 65
736200 65
736400 65
736600 65
736800 65
737000 65
737200 65
737400 65
737600 65
737800 65
738000 65
738200 65
738400 65
738600 65
738800 65
739000 65
739200 65
739400 65
739600 65
739800 65
740000 65
740200 65
740400 65
740600 65
740800 65
741000 65
741200 65
741400 65
741600 65
741800 65
742000 65
742200 65
742400 65
742600 65
742800 65
743000 65
743200 65
743400 65
743600 65
743800 65
744000 65
744200 65
744400 65
744600 65
744800 65
745000 65
745200 65
745400 65
745600 65
745800 65
746000 65
746200 65
746400 65
746600 65
746800 65
747000 65
747200 65
747400 65
747600 65
747800 65
748000 65
748200 65
748400 65
748600 65
748800 65
749000 65
749200 65
749400 65
749600 65
749800 65
750000 65
750200 65
750400 65
750600 65
750800 65
751000 65
751200 65
751400 65
751600 65
751800 65
752000 65
752200 65
752400 65
752600 65
752800 65
753000 65
753200 65
753400 65
753600 65
753800 65
754000 65
754200 65
754400 65
754600 65
754800 65
755000 65
755200 65
755400 65
755600 65
755800 65
756000 65
756200 65
756400 65
756600 65
756800 65
757000 65
757200 65
757400 65
757600 65
757800 65
758000 65
758200 65
758400 65
758600 65
758800 65
759000 65
759200 65
759400 65
759600 65
759800 65
760000 65
760200 65
760400 65
760600 65
760800 65
761000 65
761200 65
761400 65
761600 65
761800 65
762000 65
762200 65
762400 65
762600 65
762800 65
763000 65
763200 65
763400 65
763600 65
763800 65
764000 65
764200 65
764400 65
764600 65
764800 65
765000 65
765200 65
765400 65
765600 65
765800 65
766000 65
766200 65
766400 65
766600 65
766800 65
767000 65
767200 65
767400 65
767600 65
767800 65
768000 65
768200 65
768400 65
768600 65
768800 65
769000 65
769200 65
769400 65
769600 65
769800 65
770000 65
770200 65
770400 65
770600 65
770800 65
771000 65
771200 65
771400 65
771600 65
771800 65
772000 65
772200 65
772400 65
772600 65
772800 65
773000 65
773200 65
773400 65
773600 65
773800 65
774000 65
774200 65
774400 65
774600 65
774800 65
775000 65
775200 65
775400 65
775600 65
775800 65
776000 65
776200 65
776400 65
776600 65
776800 65
777000 65
777200 65
777400 65
777600 65
777800 65
778000 65
778200 65
778400 65
778600 65
778800 65
779000 65
779200 65
779400 65
779600 65
779800 65
780000 65
780200 65
780400 65
780600 65
780800 65
781000 65
781200 65
781400 65
781600 65
781800 65
782000 65
782200 65
782400 65
782600 65
782800 65
783000 65
783200 65
783400 65
783600 65
783800 65
784000 65
784200 65
784400 65
784600 65
784800 65
785000 65
785200 65
785400 65
785600 65
785800 65
786000 65
786200 65
786400 65
786600 65
786800 65
787000 65
787200 65
787400 65
787600 65
787800 65
788000 65
788200 65
788400 65
788600 65
788800 65
789000 65
789200 65
789400 65
789600 65
789800 65
790000 65
790200 65
790400 65
790600 65
790800 65
791000 65
791200 65
791400 65
791600 65
791800 65
792000 65
792200 65
792400 65
792600 65
792800 65
793000 65
793200 65
793400 65
793600 65
793800 65
794000 65
794200 65
794400 65
794600 65
794800 65
795000 65
795200 65
795400 65
795600 65
795800 65
796000 65
796200 65
796400 65
796600 65
796800 65
797000 65
797200 65
797400 65
797600 65
797800 65
798000 65
798200 65
798400 65
798600 65
798800 65
799000 65
799200 65
799400 65
799600 65
799800 65
800000 65
800200 65
800400 65
800600 65
800800 65
801000 65
801200 65
801400 65
801600 65
801800 65
802000 65
802200 65
802400 65
802600 65
802800 65
803000 65
803200 65
803400 65
803600 65
803800 65
804000 65
804200 65
804400 65
804600 65
804800 65
805000 65
805200 65
805400 65
805600 65
805800 65
806000 65
806200 65
806400 65
806600 65
806800 65
807000 65
807200 65
807400 65
807600 65
807800 65
808000 65
808200 65
808400 65
808600 65
808800 65
809000 65
809200 65
809400 65
809600 65
809800 65
810000 65
810200 65
810400 65
810600 65
810800 65
811000 65
811200 65
811400 65
811600 65
811800 65
812000 65
812200 65
812400 65
812600 65
812800 65
813000 65
813200 65
813400 65
813600 65
813800 65
814000 65
814200 65
814400 65
814600 65
814800 65
815000 65
815200 65
815400 65
815600 65
815800 65
816000 65
816200 65
816400 65
816600 65
816800 65
817000 65
817200 65
817400 65
817600 65
817800 65
818000 65
818200 65
818400 65
818600 65
818800 65
819000 65
819200 65
819400 65
819600 65
819800 65
820000 65
820200 65
820400 65
820600 65
820800 65
821000 65
821200 65
821400 65
821600 65
821800 65
822000 65
822200 65
822400 65
822600 65
822800 65
823000 65
823200 65
823400 65
823600 65
823800 65
824000 65
824200 65
824400 65
824600 65
824800 65
825000 65
825200 65
825400 65
825600 65
825800 65
826000 65
826200 65
826400 65
826600 65
826800 65
827000 65
827200 65
827400 65
827600 65
827800 65
828000 65
828200 65
828400 65
828600 65
828800 65
829000 65
829200 65
829400 65
829600 65
829800 65
830000 65
830200 65
830400 65
830600 65
830800 65
831000 65
831200 65
831400 65
831600 65
831800 65
832000 65
832200 65
832400 65
832600 65
832800 65
833000 65
833200 65
833400 65
833600 65
833800 65
834000 65
834200 65
834400 65
834600 65
834800 65
835000 65
835200 65
835400 65
835600 65
835800 65
836000 65
836200 65
836400 65
836600 65
836800 65
837000 65
837200 65
837400 65
837600 65
837800 65
838000 65
838200 65
838400 65
838600 65
838800 65
839000 65
839200 65
839400 65
839600 65
839800 65
840000 65
840200 65
840400 65
840600 65
840800 65
841000 65
841200 65
841400 65
841600 65
841800 65
842000 65
842200 65
842400 65
842600 65
842800 65
843000 65
843200 65
843400 65
843600 65
843800 65
844000 65
844200 65
844400 65
844600 65
844800 65
845000 65
845200 65
845400 65
845600 65
845800 65
846000 65
846200 65
846400 65
846600 65
846800 65
847000 65
847200 65
847400 65
847600 65
847800 65
848000 65
848200 65
848400 65
848600 65
848800 65
849000 65
849200 65
849400 65
849600 65
849800 65
850000 65
850200 65
850400 65
850600 65
850800 65
851000 65
851200 65
851400 65
851600 65
851800 65
852000 65
852200 65
852400 65
852600 65
852800 65
853000 65
853200 65
853400 65
853600 65
853800 65
854000 65
854200 65
854400 65
854600 65
854800 65
855000 65
855200 65
855400 65
855600 65
855800 65
856000 65
856200 65
856400 65
856600 65
856800 65
857000 65
857200 65
857400 65
857600 65
857800 65
858000 65
858200 65
858400 65
858600 65
858800 65
859000 65
859200 65
859400 65
859600 65
859800 65
860000 65
860200 65
860400 65
860600 65
860800 65
861000 65
861200 65
861400 65
861600 65
861800 65
862000 65
862200 65
862400 65
862600 65
862800 65
863000 65
863200 65
863400 65
863600 65
863800 65
864000 65
864200 65
864400 65
864600 65
864800 65
865000 65
865200 65
865400 65
865600 65
865800 65
866000 65
866200 65
866400 65
866600 65
866800 65
867000 65
867200 65
867400 65
867600 65
867800 65
868000 65
868200 65
868400 65
868600 65
868800 65
869000 65
869200 65
869400 65
869600 65
869800 65
870000 65
870200 65
870400 65
870600 65
870800 65
871000 65
871200 65
871400 65
871600 65
871800 65
872000 65
872200 65
872400 65
872600 65
872800 65
873000 65
873200 65
873400 65
873600 65
873800 65
874000 65
874200 65
874400 65
874600 65
874800 65
875000 65
875200 65
875400 65
875600 65
875800 65
876000 65
876200 65
876400 65
876600 65
876800 65
877000 65
877200 65
877400 65
877600 65
877800 65
878000 65
878200 65
878400 65
878600 65
878800 65
879000 65
879200 65
879400 65
879600 65
879800 65
880000 65
880200 65
880400 65
880600 65
880800 65
881000 65
881200 65
881400 65
881600 65
881800 65
882000 65
882200 65
882400 65
882600 65
882800 65
883000 65
883200 65
883400 65
883600 65
883800 65
884000 65
884200 65
884400 65
884600 65
884800 65
885000 65
885200 65
885400 65
885600 65
885800 65
886000 65
886200 65
886400 65
886600 65
886800 65
887000 65
887200 65
887400 65
887600 65
887800 65
888000 65
888200 65
888400 65
888600 65
888800 65
889000 65
889200 65
889400 65
889600 65
889800 65
890000 65
890200 65
890400 65
890600 65
890800 65
891000 65
891200 65
891400 65
891600 65
891800 65
892000 65
892200 65
892400 65
892600 65
892800 65
893000 65
893200 65
893400 65
893600 65
893800 65
894000 65
894200 65
894400 65
894600 65
894800 65
895000 65
895200 65
895400 65
895600 65
895800 65
896000 65
896200 65
896400 65
896600 65
896800 65
897000 65
897200 65
897400 65
897600 65
897800 65
898000 65
898200 65
898400 65
898600 65
898800 65
899000 65
899200 65
899400 65
899600 65
899800 65
900000 65
900200 65
900400 65
900600 65
900800 65
901000 65
901200 65
901400 65
901600 65
901800 65
902000 65
902200 65
902400 65
902600 65
902800 65
903000 65
903200 65
903400 65
903600 65
903800 65
904000 65
904200 65
904400 65
904600 65
904800 65
905000 65
905200 65
905400 65
905600 65
905800 65
906000 65
906200 65
906400 65
906600 65
906800 65
907000 65
907200 65
907400 65
907600 65
907800 65
908000 65
908200 65
908400 65
908600 65
908800 65
909000 65
909200 65
909400 65
909600 65
909800 65
910000 65
910200 65
910400 65
910600 65
910800 65
911000 65
911200 65
911400 65
911600 65
911800 65
912000 65
912200 65
912400 65
912600 65
912800 65
913000 65
913200 65
913400 65
913600 65
913800 65
914000 65
914200 65
914400 65
914600 65
914800 65
915000 65
915200 65
915400 65
915600 65
915800 65
916000 65
916200 65
916400 65
916600 65
916800 65
917000 65
917200 65
917400 65
917600 65
917800 65
918000 65
918200 65
918400 65
918600 65
918800 65
919000 65
919200 65
919400 65
919600 65
919800 65
920000 65
920200 65
920400 65
920600 65
920800 65
921000 65
921200 65
921400 65
921600 65
921800 65
922000 65
922200 65
922400 65
922600 65
922800 65
923000 65
923200 65
923400 65
923600 65
923800 65
924000 65
924200 65
924400 65
924600 65
924800 65
925000 65
925200 65
925400 65
925600 65
925800 65
926000 65
926200 65
926400 65
926600 65
926800 65
927000 65
927200 65
927400 65
927600 65
927800 65
928000 65
928200 65
928400 65
928600 65
928800 65
929000 65
929200 65
929400 65
929600 65
929800 65
930000 65
930200 65
930400 65
930600 65
930800 65
931000 65
931200 65
931400 65
931600 65
931800 65
932000 65
932200 65
932400 65
932600 65
932800 65
933000 65
933200 65
933400 65
933600 65
933800 65
934000 65
934200 65
934400 65
934600 65
934800 65
935000 65
935200 65
935400 65
935600 65
935800 65
936000 65
936200 65
936400 65
936600 65
936800 65
937000 65
937200 65
937400 65
937600 65
937800 65
938000 65
938200 65
938400 65
938600 65
938800 65
939000 65
939200 65
939400 65
939600 65
939800 65
940000 65
940200 65
940400 65
940600 65
940800 65
941000 65
941200 65
941400 65
941600 65
941800 65
942000 65
942200 65
942400 65
942600 65
942800 65
943000 65
943200 65
943400 65
943600 65
943800 65
944000 65
944200 65
944400 65
944600 65
944800 65
945000 65
945200 65
945400 65
945600 65
945800 65
946000 65
946200 65
946400 65
946600 65
946800 65
947000 65
947200 65
947400 65
947600 65
947800 65
948000 65
948200 65
948400 65
948600 65
948800 65
949000 65
949200 65
949400 65
949600 65
949800 65
950000 65
950200 65
950400 65
950600 65
950800 65
951000 65
951200 65
951400 65
951600 65
951800 65
952000 65
952200 65
952400 65
952600 65
952800 65
953000 65
953200 65
953400 65
953600 65
953800 65
954000 65
954200 65
954400 65
954600 65
954800 65
955000 65
955200 65
955400 65
955600 65
955800 65
956000 65
956200 65
956400 65
956600 65
956800 65
957000 65
957200 65
957400 65
957600 65
957800 65
958000 65
958200 65
958400 65
958600 65
958800 65
959000 65
959200 65
959400 65
959600 65
959800 65
960000 65
960200 65
960400 65
960600 65
960800 65
961000 65
961200 65
961400 65
961600 65
961800 65
962000 65
962200 65
962400 65
962600 65
962800 65
963000 65
963200 65
963400 65
963600 65
963800 65
964000 65
964200 65
964400 65
964600 65
964800 65
965000 65
965200 65
965400 65
965600 65
965800 65
966000 65
966200 65
966400 65
966600 65
966800 65
967000 65
967200 65
967400 65
967600 65
967800 65
968000 65
968200 65
968400 65
968600 65
968800 65
969000 65
969200 65
969400 65
969600 65
969800 65
970000 65
970200 65
970400 65
970600 65
970800 65
971000 65
971200 65
971400 65
971600 65
971800 65
972000 65
972200 65
972400 65
972600 65
972800 65
973000 65
973200 65
973400 65
973600 65
973800 65
974000 65
974200 65
974400 65
974600 65
974800 65
975000 65
975200 65
975400 65
975600 65
975800 65
976000 65
976200 65
976400 65
976600 65
976800 65
977000 65
977200 65
977400 65
977600 65
977800 65
978000 65
978200 65
978400 65
978600 65
978800 65
979000 65
979200 65
979400 65
979600 65
979800 65
980000 65
980200 65
980400 65
980600 65
980800 65
981000 65
981200 65
981400 65
981600 65
981800 65
982000 65
982200 65
982400 65
982600 65
982800 65
983000 65
983200 65
983400 65
983600 65
983800 65
984000 65
984200 65
984400 65
984600 65
984800 65
985000 65
985200 65
985400 65
985600 65
985800 65
986000 65
986200 65
986400 65
986600 65
986800 65
987000 65
987200 65
987400 65
987600 65
987800 65
988000 65
988200 65
988400 65
988600 65
988800 65
989000 65
989200 65
989400 65
989600 65
989800 65
990000 65
990200 65
990400 65
990600 65
990800 65
991000 65
991200 65
991400 65
991600 65
991800 65
992000 65
992200 65
992400 65
992600 65
992800 65
993000 65
993200 65
993400 65
993600 65
993800 65
994000 65
994200 65
994400 65
994600 65
994800 65
995000 65
995200 65
995400 65
995600 65
995800 65
996000 65
996200 65
996400 65
996600 65
996800 65
997000 65
997200 65
997400 65
997600 65
997800 65
998000 65
998200 65
998400 65
998600 65
998800 65
999000 65
999200 65
999400 65
999600 65
999800 65
1000000 65
