200 150
400 142
600 155
800 146
1000 145
1200 141
1400 151
1600 137
1800 152
2000 145
2200 140
2400 127
2600 157
2800 146
3000 150
3200 165
3400 139
3600 172
3800 141
4000 143
4200 156
4400 155
4600 148
4800 140
5000 147
5200 156
5400 157
5600 149
5800 142
6000 137
6200 157
6400 160
6600 147
6800 152
7000 146
7200 156
7400 157
7600 168
7800 161
8000 140
8200 140
8400 135
8600 136
8800 159
9000 163
9200 140
9400 145
9600 148
9800 135
10000 161
10200 155
10400 163
10600 168
10800 133
11000 143
11200 150
11400 147
11600 152
11800 159
12000 147
12200 148
12400 170
12600 155
12800 142
13000 153
13200 164
13400 162
13600 148
13800 144
14000 126
14200 138
14400 159
14600 148
14800 157
15000 143
15200 135
15400 145
15600 163
15800 145
16000 147
16200 147
16400 140
16600 172
16800 146
17000 145
17200 172
17400 150
17600 165
17800 153
18000 152
18200 148
18400 162
18600 165
18800 153
19000 163
19200 134
19400 151
19600 161
19800 165
20000 154
20200 132
20400 159
20600 141
20800 169
21000 155
21200 160
21400 158
21600 165
21800 154
22000 155
22200 139
22400 148
22600 157
22800 146
23000 159
23200 175
23400 153
23600 159
23800 158
24000 141
24200 150
24400 145
24600 157
24800 157
25000 165
25200 146
25400 153
25600 148
25800 163
26000 162
26200 164
26400 141
26600 161
26800 165
27000 159
27200 164
27400 146
27600 135
27800 152
28000 171
28200 141
28400 150
28600 132
28800 152
29000 161
29200 139
29400 137
29600 146
29800 165
30000 152
30200 163
30400 159
30600 133
30800 152
31000 139
31200 158
31400 141
31600 150
31800 150
32000 146
32200 161
32400 158
32600 137
32800 133
33000 144
33200 142
33400 148
33600 163
33800 151
34000 154
34200 154
34400 158
34600 144
34800 159
35000 140
35200 155
35400 149
35600 137
35800 137
36000 163
36200 147
36400 145
36600 149
36800 145
37000 169
37200 147
37400 157
37600 159
37800 145
38000 159
38200 159
38400 162
38600 153
38800 164
39000 155
39200 160
39400 145
39600 127
39800 149
40000 138
40200 156
40400 171
40600 154
40800 147
41000 150
41200 137
41400 163
41600 155
41800 148
42000 135
42200 158
42400 149
42600 162
42800 141
43000 155
43200 143
43400 141
43600 142
43800 144
44000 143
44200 139
44400 164
44600 155
44800 151
45000 158
45200 138
45400 142
45600 154
45800 145
46000 170
46200 145
46400 161
46600 161
46800 149
47000 130
47200 148
47400 163
47600 152
47800 158
48000 143
48200 156
48400 157
48600 154
48800 137
49000 167
49200 154
49400 155
49600 165
49800 154
50000 175
50200 164
50400 159
50600 149
50800 156
51000 126
51200 148
51400 161
51600 169
51800 141
52000 131
52200 151
52400 142
52600 148
52800 127
53000 156
53200 160
53400 152
53600 146
53800 138
54000 152
54200 165
54400 158
54600 162
54800 148
55000 165
55200 162
55400 157
55600 147
55800 148
56000 158
56200 139
56400 139
56600 141
56800 157
57000 143
57200 169
57400 142
57600 146
57800 149
58000 159
58200 166
58400 169
58600 141
58800 146
59000 160
59200 133
59400 161
59600 149
59800 132
60000 134
60200 158
60400 127
60600 164
60800 160
61000 132
61200 160
61400 144
61600 148
61800 143
62000 166
62200 168
62400 161
62600 153
62800 138
63000 146
63200 148
63400 139
63600 174
63800 138
64000 162
64200 169
64400 147
64600 148
64800 168
65000 161
65200 157
65400 154
65600 157
65800 156
66000 147
66200 135
66400 146
66600 146
66800 147
67000 155
67200 140
67400 154
67600 143
67800 127
68000 164
68200 156
68400 167
68600 163
68800 149
69000 148
69200 142
69400 155
69600 163
69800 152
70000 138
70200 152
70400 166
70600 149
70800 134
71000 170
71200 136
71400 142
71600 138
71800 153
72000 152
72200 156
72400 143
72600 150
72800 147
73000 147
73200 155
73400 153
73600 159
73800 145
74000 124
74200 141
74400 155
74600 170
74800 154
75000 138
75200 141
75400 142
75600 146
75800 152
76000 149
76200 154
76400 144
76600 131
76800 135
77000 136
77200 154
77400 151
77600 147
77800 147
78000 159
78200 153
78400 165
78600 159
78800 151
79000 156
79200 164
79400 150
79600 146
79800 131
80000 135
80200 149
80400 141
80600 167
80800 127
81000 150
81200 148
81400 154
81600 163
81800 155
82000 163
82200 143
82400 155
82600 149
82800 140
83000 155
83200 153
83400 160
83600 160
83800 132
84000 161
84200 150
84400 153
84600 162
84800 143
85000 143
85200 144
85400 149
85600 149
85800 138
86000 140
86200 156
86400 149
86600 144
86800 151
87000 160
87200 144
87400 159
87600 160
87800 168
88000 145
88200 161
88400 170
88600 156
88800 136
89000 171
89200 160
89400 149
89600 161
89800 145
90000 168
90200 167
90400 158
90600 148
90800 133
91000 139
91200 144
91400 156
91600 166
91800 163
92000 150
92200 151
92400 164
92600 147
92800 135
93000 141
93200 151
93400 139
93600 139
93800 160
94000 145
94200 153
94400 151
94600 152
94800 143
95000 152
95200 169
95400 118
95600 149
95800 140
96000 142
96200 156
96400 161
96600 144
96800 158
97000 160
97200 126
97400 145
97600 149
97800 175
98000 159
98200 165
98400 149
98600 147
98800 164
99000 142
99200 150
99400 142
99600 158
99800 138
100000 161
100200 174
100400 141
100600 144
100800 124
101000 160
101200 143
101400 151
101600 176
101800 137
102000 139
102200 145
102400 124
102600 170
102800 136
103000 158
103200 159
103400 149
103600 157
103800 166
104000 146
104200 158
104400 169
104600 177
104800 156
105000 137
105200 155
105400 137
105600 155
105800 142
106000 166
106200 150
106400 144
106600 154
106800 151
107000 155
107200 150
107400 180
107600 160
107800 161
108000 141
108200 160
108400 153
108600 167
108800 144
109000 163
109200 151
109400 144
109600 159
109800 155
110000 140
110200 144
110400 143
110600 152
110800 140
111000 147
111200 144
111400 151
111600 152
111800 137
112000 163
112200 147
112400 130
112600 148
112800 145
113000 145
113200 140
113400 158
113600 170
113800 170
114000 159
114200 152
114400 136
114600 150
114800 153
115000 140
115200 164
115400 143
115600 134
115800 161
116000 136
116200 152
116400 157
116600 155
116800 152
117000 154
117200 169
117400 131
117600 125
117800 146
118000 155
118200 145
118400 159
118600 142
118800 156
119000 150
119200 143
119400 160
119600 151
119800 153
120000 157
120200 148
120400 137
120600 159
120800 154
121000 147
121200 148
121400 153
121600 148
121800 134
122000 155
122200 159
122400 152
122600 150
122800 146
123000 147
123200 135
123400 158
123600 150
123800 165
124000 146
124200 158
124400 150
124600 156
124800 155
125000 150
125200 159
125400 132
125600 170
125800 155
126000 159
126200 170
126400 157
126600 163
126800 148
127000 142
127200 157
127400 146
127600 160
127800 157
128000 168
128200 134
128400 169
128600 158
128800 148
129000 160
129200 141
129400 137
129600 151
129800 168
130000 158
130200 160
130400 154
130600 151
130800 172
131000 156
131200 147
131400 146
131600 160
131800 154
132000 158
132200 149
132400 155
132600 149
132800 149
133000 137
133200 132
133400 166
133600 134
133800 163
134000 145
134200 163
134400 154
134600 144
134800 146
135000 148
135200 140
135400 157
135600 149
135800 150
136000 150
136200 133
136400 138
136600 150
136800 150
137000 167
137200 146
137400 142
137600 160
137800 140
138000 156
138200 155
138400 146
138600 155
138800 129
139000 149
139200 135
139400 151
139600 144
139800 154
140000 161
140200 143
140400 163
140600 159
140800 158
141000 152
141200 142
141400 154
141600 162
141800 149
142000 157
142200 152
142400 152
142600 160
142800 161
143000 164
143200 152
143400 159
143600 125
143800 159
144000 144
144200 166
144400 136
144600 158
144800 137
145000 148
145200 131
145400 163
145600 141
145800 158
146000 162
146200 151
146400 154
146600 161
146800 145
147000 155
147200 156
147400 146
147600 151
147800 133
148000 161
148200 146
148400 149
148600 144
148800 175
149000 171
149200 150
149400 153
149600 154
149800 136
150000 141
150200 152
150400 167
150600 154
150800 147
151000 154
151200 149
151400 161
151600 113
151800 143
152000 164
152200 157
152400 165
152600 146
152800 151
153000 122
153200 157
153400 146
153600 164
153800 133
154000 150
154200 128
154400 135
154600 156
154800 150
155000 168
155200 149
155400 150
155600 146
155800 142
156000 156
156200 137
156400 138
156600 143
156800 155
157000 137
157200 156
157400 159
157600 142
157800 159
158000 127
158200 165
158400 157
158600 157
158800 164
159000 163
159200 154
159400 154
159600 163
159800 164
160000 171
160200 156
160400 149
160600 171
160800 134
161000 163
161200 130
161400 151
161600 150
161800 167
162000 155
162200 162
162400 157
162600 133
162800 135
163000 149
163200 158
163400 171
163600 159
163800 165
164000 158
164200 139
164400 151
164600 171
164800 143
165000 144
165200 153
165400 128
165600 152
165800 143
166000 154
166200 151
166400 135
166600 138
166800 124
167000 138
167200 136
167400 160
167600 164
167800 173
168000 148
168200 162
168400 143
168600 139
168800 152
169000 152
169200 149
169400 150
169600 172
169800 153
170000 135
170200 158
170400 161
170600 146
170800 157
171000 156
171200 139
171400 150
171600 159
171800 141
172000 160
172200 162
172400 140
172600 136
172800 131
173000 163
173200 154
173400 146
173600 147
173800 157
174000 147
174200 141
174400 163
174600 175
174800 147
175000 121
175200 168
175400 128
175600 135
175800 167
176000 147
176200 127
176400 144
176600 154
176800 125
177000 149
177200 146
177400 161
177600 152
177800 148
178000 145
178200 173
178400 164
178600 155
178800 154
179000 135
179200 169
179400 153
179600 143
179800 157
180000 151
180200 129
180400 130
180600 162
180800 158
181000 156
181200 151
181400 143
181600 156
181800 133
182000 172
182200 138
182400 159
182600 127
182800 151
183000 170
183200 133
183400 154
183600 169
183800 144
184000 167
184200 153
184400 155
184600 154
184800 148
185000 165
185200 142
185400 140
185600 137
185800 160
186000 140
186200 170
186400 151
186600 156
186800 156
187000 162
187200 152
187400 132
187600 149
187800 145
188000 128
188200 158
188400 155
188600 156
188800 150
189000 146
189200 139
189400 157
189600 163
189800 151
190000 144
190200 131
190400 149
190600 132
190800 169
191000 153
191200 144
191400 156
191600 144
191800 156
192000 134
192200 142
192400 149
192600 142
192800 147
193000 157
193200 149
193400 179
193600 145
193800 147
194000 143
194200 140
194400 152
194600 151
194800 146
195000 161
195200 140
195400 160
195600 139
195800 135
196000 151
196200 166
196400 160
196600 137
196800 146
197000 148
197200 158
197400 143
197600 144
197800 151
198000 145
198200 142
198400 158
198600 143
198800 135
199000 155
199200 139
199400 169
199600 134
199800 143
200000 159
200200 157
200400 160
200600 171
200800 152
201000 142
201200 172
201400 148
201600 159
201800 170
202000 144
202200 168
202400 153
202600 151
202800 150
203000 121
203200 153
203400 150
203600 130
203800 167
204000 141
204200 139
204400 162
204600 162
204800 157
205000 162
205200 151
205400 151
205600 139
205800 153
206000 157
206200 136
206400 134
206600 145
206800 130
207000 128
207200 152
207400 147
207600 160
207800 173
208000 159
208200 145
208400 155
208600 155
208800 161
209000 137
209200 138
209400 165
209600 151
209800 143
210000 142
210200 166
210400 149
210600 160
210800 159
211000 147
211200 150
211400 142
211600 150
211800 130
212000 157
212200 156
212400 157
212600 140
212800 157
213000 133
213200 148
213400 141
213600 140
213800 136
214000 128
214200 153
214400 133
214600 158
214800 151
215000 166
215200 146
215400 151
215600 156
215800 149
216000 142
216200 148
216400 160
216600 139
216800 151
217000 155
217200 155
217400 161
217600 148
217800 148
218000 148
218200 152
218400 139
218600 134
218800 170
219000 144
219200 157
219400 173
219600 167
219800 139
220000 145
220200 136
220400 142
220600 167
220800 176
221000 157
221200 143
221400 151
221600 126
221800 160
222000 138
222200 121
222400 176
222600 154
222800 147
223000 150
223200 145
223400 143
223600 154
223800 169
224000 124
224200 161
224400 142
224600 151
224800 157
225000 139
225200 143
225400 168
225600 137
225800 139
226000 149
226200 147
226400 150
226600 144
226800 140
227000 163
227200 146
227400 147
227600 156
227800 148
228000 140
228200 153
228400 137
228600 130
228800 155
229000 158
229200 147
229400 154
229600 161
229800 146
230000 145
230200 154
230400 142
230600 145
230800 153
231000 157
231200 152
231400 155
231600 143
231800 165
232000 163
232200 163
232400 163
232600 134
232800 156
233000 135
233200 155
233400 150
233600 165
233800 137
234000 159
234200 141
234400 159
234600 169
234800 163
235000 156
235200 130
235400 139
235600 164
235800 132
236000 164
236200 162
236400 134
236600 151
236800 164
237000 134
237200 161
237400 162
237600 157
237800 136
238000 143
238200 145
238400 150
238600 144
238800 148
239000 159
239200 166
239400 143
239600 144
239800 140
240000 138
240200 135
240400 157
240600 149
240800 156
241000 144
241200 154
241400 162
241600 174
241800 160
242000 133
242200 154
242400 164
242600 145
242800 150
243000 130
243200 161
243400 145
243600 148
243800 147
244000 154
244200 168
244400 167
244600 142
244800 134
245000 164
245200 140
245400 153
245600 147
245800 136
246000 154
246200 138
246400 157
246600 162
246800 143
247000 144
247200 164
247400 163
247600 162
247800 148
248000 145
248200 149
248400 144
248600 166
248800 157
249000 147
249200 169
249400 174
249600 160
249800 152
250000 132
250200 162
250400 155
250600 167
250800 157
251000 163
251200 144
251400 164
251600 147
251800 164
252000 141
252200 142
252400 151
252600 157
252800 142
253000 152
253200 162
253400 145
253600 161
253800 146
254000 137
254200 160
254400 149
254600 145
254800 178
255000 149
255200 154
255400 146
255600 168
255800 152
256000 181
256200 139
256400 153
256600 159
256800 154
257000 144
257200 154
257400 149
257600 146
257800 158
258000 139
258200 144
258400 133
258600 146
258800 153
259000 141
259200 129
259400 156
259600 144
259800 146
260000 136
260200 154
260400 137
260600 160
260800 149
261000 170
261200 127
261400 152
261600 162
261800 166
262000 129
262200 143
262400 149
262600 145
262800 147
263000 158
263200 154
263400 159
263600 158
263800 151
264000 165
264200 145
264400 167
264600 162
264800 140
265000 143
265200 157
265400 161
265600 155
265800 150
266000 148
266200 161
266400 173
266600 150
266800 145
267000 165
267200 172
267400 149
267600 140
267800 141
268000 139
268200 137
268400 129
268600 142
268800 160
269000 149
269200 159
269400 141
269600 149
269800 157
270000 157
270200 154
270400 152
270600 121
270800 178
271000 152
271200 149
271400 149
271600 128
271800 152
272000 151
272200 145
272400 154
272600 145
272800 167
273000 150
273200 149
273400 161
273600 163
273800 147
274000 148
274200 148
274400 154
274600 149
274800 136
275000 146
275200 166
275400 153
275600 153
275800 151
276000 129
276200 139
276400 152
276600 155
276800 140
277000 151
277200 152
277400 139
277600 134
277800 146
278000 146
278200 142
278400 167
278600 166
278800 146
279000 146
279200 154
279400 148
279600 166
279800 143
280000 157
280200 144
280400 158
280600 166
280800 150
281000 157
281200 163
281400 166
281600 139
281800 144
282000 170
282200 143
282400 163
282600 145
282800 187
283000 169
283200 148
283400 158
283600 158
283800 162
284000 124
284200 140
284400 164
284600 147
284800 126
285000 153
285200 134
285400 164
285600 150
285800 153
286000 139
286200 166
286400 149
286600 149
286800 148
287000 169
287200 163
287400 167
287600 148
287800 145
288000 158
288200 150
288400 149
288600 164
288800 140
289000 146
289200 140
289400 161
289600 143
289800 137
290000 139
290200 154
290400 141
290600 157
290800 127
291000 138
291200 148
291400 154
291600 143
291800 168
292000 155
292200 155
292400 172
292600 136
292800 155
293000 150
293200 154
293400 157
293600 148
293800 137
294000 146
294200 153
294400 126
294600 149
294800 159
295000 170
295200 143
295400 146
295600 146
295800 167
296000 156
296200 143
296400 129
296600 147
296800 144
297000 145
297200 148
297400 148
297600 129
297800 153
298000 131
298200 155
298400 124
298600 157
298800 156
299000 153
299200 163
299400 172
299600 173
299800 173
300000 132
300200 145
300400 146
300600 160
300800 148
301000 170
301200 149
301400 145
301600 153
301800 152
302000 171
302200 160
302400 171
302600 141
302800 160
303000 152
303200 142
303400 145
303600 142
303800 156
304000 147
304200 154
304400 138
304600 152
304800 153
305000 151
305200 141
305400 165
305600 147
305800 132
306000 147
306200 152
306400 159
306600 145
306800 134
307000 147
307200 150
307400 135
307600 144
307800 141
308000 159
308200 155
308400 155
308600 147
308800 153
309000 153
309200 163
309400 167
309600 175
309800 164
310000 145
310200 148
310400 121
310600 149
310800 137
311000 150
311200 156
311400 135
311600 157
311800 134
312000 148
312200 138
312400 143
312600 165
312800 135
313000 132
313200 153
313400 161
313600 138
313800 153
314000 163
314200 143
314400 149
314600 142
314800 156
315000 165
315200 152
315400 149
315600 152
315800 151
316000 148
316200 158
316400 164
316600 147
316800 134
317000 143
317200 150
317400 113
317600 153
317800 141
318000 161
318200 164
318400 148
318600 140
318800 142
319000 143
319200 166
319400 146
319600 147
319800 167
320000 136
320200 182
320400 152
320600 128
320800 148
321000 148
321200 157
321400 139
321600 153
321800 159
322000 149
322200 163
322400 154
322600 144
322800 156
323000 158
323200 139
323400 137
323600 162
323800 160
324000 152
324200 158
324400 133
324600 146
324800 122
325000 133
325200 152
325400 140
325600 147
325800 143
326000 143
326200 160
326400 149
326600 157
326800 166
327000 152
327200 162
327400 148
327600 140
327800 139
328000 164
328200 178
328400 150
328600 140
328800 144
329000 159
329200 149
329400 153
329600 142
329800 159
330000 159
330200 150
330400 142
330600 152
330800 151
331000 150
331200 151
331400 149
331600 146
331800 150
332000 161
332200 155
332400 147
332600 146
332800 165
333000 152
333200 143
333400 145
333600 154
333800 142
334000 165
334200 155
334400 154
334600 154
334800 155
335000 161
335200 155
335400 148
335600 158
335800 159
336000 139
336200 169
336400 167
336600 142
336800 153
337000 143
337200 142
337400 159
337600 156
337800 146
338000 167
338200 151
338400 155
338600 138
338800 149
339000 138
339200 149
339400 151
339600 148
339800 156
340000 129
340200 146
340400 152
340600 147
340800 148
341000 145
341200 163
341400 171
341600 163
341800 162
342000 163
342200 152
342400 145
342600 151
342800 148
343000 149
343200 151
343400 148
343600 154
343800 148
344000 132
344200 155
344400 143
344600 147
344800 153
345000 147
345200 168
345400 167
345600 153
345800 151
346000 143
346200 147
346400 148
346600 151
346800 154
347000 145
347200 153
347400 138
347600 165
347800 146
348000 150
348200 148
348400 154
348600 157
348800 161
349000 132
349200 133
349400 162
349600 153
349800 134
350000 174
350200 136
350400 150
350600 135
350800 138
351000 164
351200 143
351400 157
351600 150
351800 148
352000 150
352200 134
352400 167
352600 139
352800 139
353000 153
353200 162
353400 156
353600 150
353800 141
354000 148
354200 167
354400 151
354600 142
354800 158
355000 165
355200 142
355400 155
355600 159
355800 146
356000 154
356200 137
356400 134
356600 142
356800 158
357000 161
357200 147
357400 142
357600 156
357800 173
358000 146
358200 161
358400 139
358600 150
358800 170
359000 159
359200 163
359400 157
359600 161
359800 153
360000 139
360200 153
360400 138
360600 138
360800 163
361000 158
361200 155
361400 139
361600 158
361800 131
362000 183
362200 146
362400 153
362600 145
362800 160
363000 146
363200 149
363400 159
363600 134
363800 157
364000 153
364200 177
364400 167
364600 165
364800 159
365000 172
365200 138
365400 158
365600 164
365800 157
366000 145
366200 161
366400 168
366600 142
366800 163
367000 168
367200 146
367400 157
367600 156
367800 137
368000 161
368200 155
368400 158
368600 163
368800 143
369000 155
369200 135
369400 151
369600 133
369800 142
370000 159
370200 153
370400 142
370600 145
370800 149
371000 149
371200 175
371400 144
371600 137
371800 166
372000 158
372200 155
372400 168
372600 155
372800 150
373000 130
373200 157
373400 149
373600 150
373800 161
374000 160
374200 147
374400 167
374600 129
374800 131
375000 160
375200 151
375400 128
375600 133
375800 143
376000 158
376200 140
376400 140
376600 163
376800 161
377000 151
377200 128
377400 139
377600 130
377800 168
378000 135
378200 152
378400 157
378600 151
378800 156
379000 171
379200 141
379400 139
379600 140
379800 161
380000 167
380200 155
380400 150
380600 114
380800 153
381000 142
381200 147
381400 145
381600 145
381800 158
382000 175
382200 142
382400 142
382600 170
382800 145
383000 165
383200 145
383400 131
383600 167
383800 138
384000 136
384200 137
384400 148
384600 154
384800 153
385000 156
385200 158
385400 166
385600 157
385800 148
386000 153
386200 159
386400 161
386600 152
386800 157
387000 149
387200 160
387400 162
387600 160
387800 136
388000 142
388200 139
388400 158
388600 142
388800 141
389000 153
389200 147
389400 135
389600 153
389800 153
390000 142
390200 161
390400 170
390600 166
390800 163
391000 143
391200 156
391400 150
391600 144
391800 140
392000 166
392200 148
392400 142
392600 151
392800 158
393000 153
393200 155
393400 142
393600 165
393800 152
394000 140
394200 140
394400 151
394600 147
394800 151
395000 166
395200 155
395400 151
395600 152
395800 146
396000 151
396200 162
396400 153
396600 150
396800 158
397000 163
397200 165
397400 163
397600 158
397800 141
398000 157
398200 134
398400 153
398600 166
398800 143
399000 137
399200 149
399400 155
399600 150
399800 138
400000 138
400200 170
400400 130
400600 142
400800 176
401000 136
401200 138
401400 167
401600 155
401800 148
402000 162
402200 143
402400 160
402600 149
402800 159
403000 154
403200 154
403400 148
403600 132
403800 162
404000 155
404200 159
404400 134
404600 146
404800 161
405000 158
405200 173
405400 142
405600 138
405800 165
406000 147
406200 150
406400 140
406600 152
406800 165
407000 162
407200 145
407400 142
407600 162
407800 162
408000 134
408200 152
408400 145
408600 163
408800 156
409000 172
409200 123
409400 162
409600 142
409800 163
410000 160
410200 162
410400 157
410600 141
410800 146
411000 156
411200 137
411400 129
411600 149
411800 139
412000 155
412200 146
412400 169
412600 143
412800 142
413000 160
413200 151
413400 142
413600 156
413800 142
414000 133
414200 154
414400 147
414600 139
414800 148
415000 147
415200 143
415400 144
415600 153
415800 152
416000 169
416200 150
416400 137
416600 146
416800 144
417000 152
417200 173
417400 147
417600 144
417800 159
418000 155
418200 124
418400 157
418600 133
418800 148
419000 149
419200 139
419400 165
419600 147
419800 169
420000 165
420200 158
420400 152
420600 153
420800 157
421000 123
421200 164
421400 156
421600 152
421800 162
422000 156
422200 141
422400 139
422600 149
422800 142
423000 142
423200 140
423400 150
423600 142
423800 162
424000 155
424200 161
424400 146
424600 166
424800 161
425000 146
425200 146
425400 143
425600 144
425800 134
426000 151
426200 147
426400 140
426600 149
426800 159
427000 147
427200 163
427400 138
427600 144
427800 149
428000 155
428200 164
428400 165
428600 160
428800 127
429000 146
429200 150
429400 156
429600 158
429800 161
430000 145
430200 137
430400 142
430600 169
430800 160
431000 168
431200 138
431400 137
431600 154
431800 154
432000 130
432200 149
432400 168
432600 145
432800 156
433000 151
433200 155
433400 157
433600 168
433800 159
434000 157
434200 165
434400 143
434600 151
434800 156
435000 145
435200 153
435400 148
435600 152
435800 158
436000 163
436200 157
436400 140
436600 157
436800 154
437000 147
437200 151
437400 128
437600 145
437800 157
438000 159
438200 142
438400 135
438600 129
438800 145
439000 152
439200 146
439400 142
439600 169
439800 129
440000 144
440200 160
440400 141
440600 154
440800 144
441000 155
441200 162
441400 139
441600 155
441800 148
442000 165
442200 145
442400 143
442600 145
442800 175
443000 168
443200 142
443400 150
443600 161
443800 149
444000 156
444200 141
444400 169
444600 142
444800 152
445000 149
445200 150
445400 139
445600 155
445800 152
446000 159
446200 149
446400 156
446600 173
446800 154
447000 157
447200 161
447400 151
447600 137
447800 162
448000 158
448200 144
448400 146
448600 146
448800 149
449000 144
449200 141
449400 144
449600 156
449800 138
450000 167
450200 158
450400 155
450600 156
450800 152
451000 139
451200 136
451400 169
451600 142
451800 150
452000 154
452200 150
452400 140
452600 162
452800 149
453000 143
453200 154
453400 137
453600 159
453800 155
454000 147
454200 143
454400 146
454600 128
454800 146
455000 161
455200 157
455400 162
455600 157
455800 144
456000 172
456200 156
456400 155
456600 142
456800 144
457000 141
457200 151
457400 159
457600 162
457800 158
458000 156
458200 167
458400 140
458600 131
458800 161
459000 166
459200 137
459400 147
459600 162
459800 139
460000 147
460200 143
460400 149
460600 145
460800 168
461000 143
461200 128
461400 153
461600 146
461800 153
462000 128
462200 140
462400 154
462600 166
462800 172
463000 161
463200 156
463400 149
463600 145
463800 138
464000 160
464200 133
464400 160
464600 150
464800 160
465000 157
465200 154
465400 169
465600 153
465800 140
466000 126
466200 155
466400 162
466600 149
466800 154
467000 136
467200 136
467400 149
467600 149
467800 144
468000 170
468200 134
468400 163
468600 156
468800 129
469000 168
469200 141
469400 142
469600 145
469800 169
470000 165
470200 161
470400 156
470600 144
470800 164
471000 185
471200 158
471400 148
471600 159
471800 148
472000 137
472200 150
472400 148
472600 134
472800 153
473000 134
473200 151
473400 158
473600 147
473800 156
474000 144
474200 133
474400 145
474600 167
474800 161
475000 146
475200 147
475400 159
475600 159
475800 136
476000 167
476200 146
476400 134
476600 157
476800 138
477000 157
477200 156
477400 162
477600 154
477800 152
478000 150
478200 147
478400 165
478600 162
478800 152
479000 152
479200 161
479400 145
479600 133
479800 160
480000 165
480200 147
480400 168
480600 146
480800 159
481000 135
481200 150
481400 141
481600 157
481800 158
482000 148
482200 139
482400 166
482600 148
482800 146
483000 156
483200 168
483400 153
483600 142
483800 160
484000 163
484200 173
484400 168
484600 158
484800 159
485000 124
485200 159
485400 152
485600 142
485800 150
486000 155
486200 167
486400 137
486600 161
486800 159
487000 151
487200 152
487400 145
487600 160
487800 163
488000 149
488200 152
488400 117
488600 154
488800 159
489000 158
489200 158
489400 147
489600 166
489800 155
490000 142
490200 134
490400 138
490600 155
490800 147
491000 162
491200 144
491400 164
491600 146
491800 136
492000 157
492200 155
492400 136
492600 165
492800 147
493000 150
493200 152
493400 149
493600 156
493800 149
494000 147
494200 155
494400 131
494600 130
494800 148
495000 148
495200 136
495400 163
495600 147
495800 149
496000 132
496200 130
496400 170
496600 147
496800 138
497000 155
497200 142
497400 164
497600 135
497800 154
498000 145
498200 151
498400 138
498600 144
498800 137
499000 151
499200 160
499400 157
499600 149
499800 151
500000 160
500200 163
500400 168
500600 154
500800 153
501000 161
501200 159
501400 148
501600 159
501800 161
502000 139
502200 145
502400 166
502600 142
502800 162
503000 124
503200 153
503400 146
503600 152
503800 131
504000 145
504200 162
504400 164
504600 163
504800 146
505000 148
505200 157
505400 143
505600 147
505800 130
506000 132
506200 149
506400 164
506600 162
506800 147
507000 165
507200 144
507400 156
507600 134
507800 164
508000 166
508200 147
508400 145
508600 152
508800 145
509000 157
509200 163
509400 166
509600 148
509800 155
510000 164
510200 171
510400 155
510600 142
510800 142
511000 148
511200 141
511400 157
511600 146
511800 151
512000 140
512200 162
512400 132
512600 145
512800 151
513000 161
513200 161
513400 141
513600 156
513800 135
514000 161
514200 154
514400 160
514600 151
514800 140
515000 157
515200 142
515400 145
515600 139
515800 131
516000 143
516200 135
516400 155
516600 167
516800 153
517000 160
517200 149
517400 163
517600 136
517800 152
518000 143
518200 146
518400 124
518600 154
518800 141
519000 159
519200 172
519400 141
519600 157
519800 165
520000 140
520200 138
520400 132
520600 143
520800 151
521000 158
521200 142
521400 174
521600 158
521800 148
522000 155
522200 170
522400 169
522600 136
522800 147
523000 159
523200 162
523400 169
523600 158
523800 152
524000 162
524200 131
524400 172
524600 149
524800 135
525000 156
525200 143
525400 146
525600 151
525800 133
526000 141
526200 140
526400 146
526600 144
526800 163
527000 131
527200 133
527400 162
527600 149
527800 140
528000 136
528200 159
528400 141
528600 145
528800 157
529000 146
529200 147
529400 155
529600 165
529800 156
530000 141
530200 159
530400 145
530600 136
530800 151
531000 150
531200 152
531400 151
531600 148
531800 137
532000 141
532200 147
532400 140
532600 140
532800 146
533000 144
533200 162
533400 135
533600 165
533800 147
534000 139
534200 156
534400 172
534600 136
534800 136
535000 148
535200 151
535400 165
535600 142
535800 154
536000 133
536200 150
536400 138
536600 150
536800 136
537000 154
537200 150
537400 153
537600 156
537800 161
538000 171
538200 162
538400 151
538600 158
538800 156
539000 168
539200 159
539400 145
539600 140
539800 154
540000 173
540200 155
540400 169
540600 162
540800 158
541000 136
541200 151
541400 145
541600 166
541800 168
542000 159
542200 148
542400 158
542600 145
542800 161
543000 151
543200 143
543400 146
543600 142
543800 139
544000 143
544200 152
544400 155
544600 137
544800 161
545000 164
545200 137
545400 151
545600 144
545800 145
546000 162
546200 144
546400 144
546600 125
546800 146
547000 116
547200 164
547400 154
547600 154
547800 145
548000 141
548200 134
548400 143
548600 144
548800 140
549000 161
549200 168
549400 154
549600 139
549800 172
550000 160
550200 128
550400 144
550600 134
550800 147
551000 155
551200 147
551400 146
551600 132
551800 149
552000 165
552200 149
552400 151
552600 167
552800 131
553000 163
553200 160
553400 145
553600 143
553800 136
554000 136
554200 165
554400 162
554600 131
554800 147
555000 154
555200 155
555400 159
555600 147
555800 131
556000 142
556200 164
556400 124
556600 149
556800 146
557000 143
557200 167
557400 159
557600 153
557800 152
558000 157
558200 172
558400 140
558600 148
558800 136
559000 151
559200 162
559400 166
559600 136
559800 141
560000 148
560200 166
560400 144
560600 160
560800 162
561000 141
561200 157
561400 162
561600 116
561800 118
562000 159
562200 152
562400 166
562600 138
562800 149
563000 163
563200 142
563400 135
563600 152
563800 169
564000 161
564200 156
564400 152
564600 154
564800 151
565000 140
565200 132
565400 151
565600 171
565800 154
566000 138
566200 151
566400 161
566600 129
566800 128
567000 157
567200 162
567400 156
567600 138
567800 125
568000 144
568200 158
568400 157
568600 152
568800 160
569000 135
569200 154
569400 152
569600 154
569800 155
570000 128
570200 140
570400 141
570600 173
570800 133
571000 158
571200 127
571400 158
571600 152
571800 124
572000 151
572200 148
572400 158
572600 131
572800 150
573000 158
573200 138
573400 147
573600 146
573800 161
574000 167
574200 164
574400 159
574600 167
574800 149
575000 145
575200 150
575400 153
575600 135
575800 140
576000 141
576200 167
576400 133
576600 146
576800 151
577000 151
577200 154
577400 164
577600 153
577800 164
578000 148
578200 171
578400 159
578600 149
578800 155
579000 152
579200 134
579400 140
579600 134
579800 162
580000 155
580200 155
580400 152
580600 144
580800 137
581000 151
581200 145
581400 144
581600 148
581800 116
582000 142
582200 168
582400 162
582600 134
582800 169
583000 143
583200 166
583400 158
583600 156
583800 166
584000 143
584200 150
584400 133
584600 141
584800 136
585000 159
585200 160
585400 148
585600 158
585800 131
586000 147
586200 140
586400 165
586600 145
586800 167
587000 150
587200 144
587400 154
587600 135
587800 157
588000 161
588200 138
588400 153
588600 152
588800 156
589000 155
589200 151
589400 155
589600 153
589800 148
590000 155
590200 158
590400 157
590600 147
590800 158
591000 139
591200 141
591400 147
591600 146
591800 159
592000 151
592200 156
592400 164
592600 146
592800 154
593000 163
593200 139
593400 147
593600 146
593800 143
594000 148
594200 146
594400 155
594600 169
594800 141
595000 151
595200 153
595400 143
595600 157
595800 162
596000 161
596200 140
596400 164
596600 166
596800 160
597000 155
597200 150
597400 155
597600 147
597800 147
598000 160
598200 150
598400 137
598600 159
598800 136
599000 133
599200 142
599400 157
599600 147
599800 144
600000 156
600200 159
600400 142
600600 160
600800 153
601000 148
601200 136
601400 141
601600 158
601800 159
602000 153
602200 160
602400 154
602600 158
602800 142
603000 157
603200 167
603400 127
603600 146
603800 138
604000 145
604200 174
604400 131
604600 150
604800 160
605000 136
605200 167
605400 161
605600 147
605800 147
606000 149
606200 157
606400 144
606600 142
606800 135
607000 156
607200 162
607400 159
607600 161
607800 150
608000 140
608200 165
608400 154
608600 142
608800 158
609000 138
609200 163
609400 157
609600 131
609800 139
610000 165
610200 162
610400 152
610600 151
610800 137
611000 145
611200 151
611400 143
611600 153
611800 140
612000 135
612200 134
612400 147
612600 143
612800 153
613000 153
613200 151
613400 161
613600 163
613800 153
614000 150
614200 159
614400 154
614600 143
614800 136
615000 151
615200 157
615400 168
615600 149
615800 161
616000 141
616200 134
616400 171
616600 154
616800 128
617000 166
617200 147
617400 153
617600 151
617800 155
618000 150
618200 164
618400 166
618600 130
618800 152
619000 140
619200 167
619400 166
619600 140
619800 166
620000 150
620200 149
620400 135
620600 147
620800 147
621000 138
621200 153
621400 148
621600 147
621800 148
622000 154
622200 173
622400 151
622600 140
622800 150
623000 157
623200 151
623400 151
623600 138
623800 143
624000 133
624200 163
624400 159
624600 114
624800 142
625000 164
625200 141
625400 173
625600 152
625800 133
626000 169
626200 143
626400 161
626600 141
626800 166
627000 158
627200 134
627400 150
627600 148
627800 157
628000 150
628200 157
628400 155
628600 156
628800 145
629000 157
629200 148
629400 153
629600 160
629800 134
630000 163
630200 151
630400 154
630600 144
630800 153
631000 158
631200 144
631400 126
631600 160
631800 157
632000 152
632200 147
632400 151
632600 150
632800 154
633000 153
633200 145
633400 148
633600 149
633800 159
634000 133
634200 153
634400 161
634600 144
634800 156
635000 145
635200 145
635400 139
635600 157
635800 127
636000 150
636200 136
636400 141
636600 158
636800 143
637000 150
637200 161
637400 157
637600 157
637800 130
638000 168
638200 157
638400 158
638600 152
638800 153
639000 152
639200 137
639400 152
639600 154
639800 148
640000 142
640200 123
640400 151
640600 151
640800 128
641000 142
641200 148
641400 155
641600 158
641800 147
642000 141
642200 145
642400 144
642600 170
642800 167
643000 170
643200 148
643400 131
643600 147
643800 133
644000 142
644200 165
644400 145
644600 182
644800 151
645000 157
645200 145
645400 153
645600 143
645800 155
646000 156
646200 158
646400 152
646600 160
646800 144
647000 147
647200 167
647400 143
647600 160
647800 166
648000 157
648200 132
648400 155
648600 147
648800 155
649000 152
649200 148
649400 135
649600 156
649800 147
650000 151
650200 147
650400 135
650600 165
650800 137
651000 159
651200 162
651400 140
651600 128
651800 164
652000 172
652200 167
652400 155
652600 128
652800 139
653000 157
653200 148
653400 148
653600 145
653800 165
654000 146
654200 159
654400 175
654600 134
654800 162
655000 134
655200 146
655400 139
655600 154
655800 152
656000 147
656200 154
656400 149
656600 155
656800 158
657000 134
657200 153
657400 139
657600 156
657800 143
658000 147
658200 149
658400 126
658600 143
658800 144
659000 159
659200 147
659400 138
659600 142
659800 138
660000 153
660200 150
660400 135
660600 161
660800 162
661000 130
661200 138
661400 154
661600 155
661800 144
662000 157
662200 155
662400 167
662600 168
662800 161
663000 126
663200 145
663400 127
663600 154
663800 125
664000 145
664200 153
664400 154
664600 163
664800 145
665000 157
665200 169
665400 155
665600 139
665800 141
666000 146
666200 164
666400 156
666600 143
666800 141
667000 141
667200 155
667400 136
667600 162
667800 135
668000 160
668200 144
668400 138
668600 153
668800 143
669000 154
669200 138
669400 169
669600 133
669800 156
670000 158
670200 145
670400 156
670600 158
670800 143
671000 170
671200 143
671400 170
671600 169
671800 148
672000 132
672200 149
672400 167
672600 169
672800 148
673000 149
673200 135
673400 152
673600 159
673800 138
674000 153
674200 153
674400 167
674600 131
674800 162
675000 156
675200 129
675400 144
675600 148
675800 146
676000 146
676200 134
676400 142
676600 145
676800 139
677000 149
677200 155
677400 152
677600 160
677800 141
678000 140
678200 154
678400 165
678600 156
678800 165
679000 152
679200 124
679400 155
679600 139
679800 160
680000 165
680200 152
680400 157
680600 170
680800 135
681000 155
681200 127
681400 146
681600 169
681800 150
682000 154
682200 155
682400 165
682600 167
682800 149
683000 119
683200 158
683400 168
683600 130
683800 152
684000 147
684200 156
684400 158
684600 160
684800 151
685000 164
685200 163
685400 140
685600 156
685800 144
686000 150
686200 140
686400 149
686600 162
686800 141
687000 166
687200 145
687400 140
687600 165
687800 141
688000 140
688200 130
688400 165
688600 143
688800 144
689000 146
689200 150
689400 143
689600 128
689800 171
690000 156
690200 138
690400 153
690600 156
690800 175
691000 156
691200 157
691400 149
691600 141
691800 154
692000 161
692200 147
692400 164
692600 136
692800 157
693000 122
693200 142
693400 136
693600 139
693800 152
694000 168
694200 134
694400 139
694600 141
694800 168
695000 150
695200 163
695400 140
695600 140
695800 151
696000 156
696200 153
696400 147
696600 155
696800 149
697000 162
697200 145
697400 129
697600 169
697800 155
698000 150
698200 152
698400 146
698600 145
698800 142
699000 148
699200 151
699400 122
699600 127
699800 145
700000 146
700200 156
700400 155
700600 163
700800 140
701000 152
701200 154
701400 170
701600 148
701800 151
702000 148
702200 147
702400 154
702600 164
702800 145
703000 153
703200 152
703400 149
703600 150
703800 158
704000 145
704200 150
704400 164
704600 147
704800 161
705000 158
705200 158
705400 158
705600 140
705800 129
706000 154
706200 152
706400 161
706600 152
706800 154
707000 164
707200 137
707400 143
707600 143
707800 147
708000 161
708200 155
708400 143
708600 189
708800 143
709000 160
709200 168
709400 144
709600 150
709800 152
710000 164
710200 151
710400 130
710600 147
710800 152
711000 177
711200 137
711400 176
711600 140
711800 167
712000 145
712200 164
712400 154
712600 141
712800 164
713000 148
713200 146
713400 144
713600 154
713800 175
714000 137
714200 134
714400 153
714600 153
714800 152
715000 133
715200 136
715400 146
715600 135
715800 150
716000 152
716200 157
716400 152
716600 152
716800 151
717000 148
717200 162
717400 159
717600 156
717800 143
718000 159
718200 162
718400 144
718600 151
718800 174
719000 129
719200 172
719400 149
719600 136
719800 143
720000 157
720200 133
720400 145
720600 177
720800 146
721000 121
721200 141
721400 134
721600 147
721800 147
722000 147
722200 160
722400 146
722600 150
722800 144
723000 132
723200 165
723400 172
723600 142
723800 145
724000 156
724200 139
724400 139
724600 140
724800 144
725000 160
725200 150
725400 147
725600 153
725800 140
726000 159
726200 148
726400 142
726600 159
726800 152
727000 154
727200 127
727400 153
727600 152
727800 149
728000 154
728200 142
728400 149
728600 150
728800 160
729000 139
729200 159
729400 158
729600 151
729800 149
730000 144
730200 147
730400 151
730600 166
730800 154
731000 159
731200 160
731400 146
731600 166
731800 138
732000 151
732200 147
732400 151
732600 128
732800 158
733000 163
733200 162
733400 158
733600 165
733800 154
734000 134
734200 156
734400 163
734600 157
734800 150
735000 156
735200 158
735400 146
735600 158
735800 146
736000 150
736200 172
736400 129
736600 169
736800 160
737000 146
737200 138
737400 127
737600 156
737800 146
738000 149
738200 154
738400 150
738600 154
738800 149
739000 155
739200 153
739400 142
739600 159
739800 142
740000 163
740200 132
740400 151
740600 181
740800 165
741000 140
741200 131
741400 137
741600 148
741800 165
742000 131
742200 131
742400 142
742600 157
742800 157
743000 142
743200 166
743400 150
743600 139
743800 140
744000 125
744200 133
744400 147
744600 141
744800 156
745000 160
745200 149
745400 164
745600 168
745800 152
746000 143
746200 145
746400 162
746600 157
746800 141
747000 145
747200 136
747400 154
747600 135
747800 158
748000 138
748200 143
748400 158
748600 147
748800 143
749000 142
749200 141
749400 156
749600 144
749800 148
750000 155
750200 136
750400 145
750600 133
750800 131
751000 152
751200 145
751400 123
751600 145
751800 137
752000 159
752200 130
752400 154
752600 168
752800 157
753000 151
753200 141
753400 152
753600 140
753800 134
754000 166
754200 145
754400 156
754600 164
754800 139
755000 147
755200 133
755400 136
755600 171
755800 154
756000 130
756200 169
756400 159
756600 149
756800 145
757000 140
757200 145
757400 157
757600 163
757800 160
758000 151
758200 141
758400 140
758600 155
758800 144
759000 139
759200 150
759400 164
759600 151
759800 135
760000 149
760200 140
760400 151
760600 146
760800 156
761000 157
761200 152
761400 151
761600 171
761800 160
762000 162
762200 165
762400 160
762600 148
762800 139
763000 173
763200 140
763400 165
763600 149
763800 165
764000 148
764200 149
764400 149
764600 140
764800 155
765000 166
765200 166
765400 150
765600 146
765800 161
766000 143
766200 157
766400 134
766600 166
766800 130
767000 152
767200 146
767400 152
767600 156
767800 147
768000 151
768200 142
768400 171
768600 151
768800 142
769000 163
769200 161
769400 146
769600 149
769800 145
770000 132
770200 139
770400 152
770600 141
770800 138
771000 150
771200 138
771400 144
771600 153
771800 135
772000 148
772200 161
772400 153
772600 145
772800 149
773000 134
773200 141
773400 138
773600 149
773800 144
774000 157
774200 138
774400 154
774600 162
774800 147
775000 144
775200 157
775400 157
775600 140
775800 153
776000 138
776200 166
776400 159
776600 142
776800 125
777000 161
777200 154
777400 148
777600 152
777800 145
778000 124
778200 158
778400 171
778600 136
778800 150
779000 128
779200 137
779400 153
779600 143
779800 148
780000 155
780200 143
780400 160
780600 148
780800 139
781000 168
781200 134
781400 143
781600 161
781800 156
782000 163
782200 162
782400 164
782600 147
782800 158
783000 161
783200 172
783400 149
783600 155
783800 158
784000 147
784200 135
784400 158
784600 153
784800 158
785000 162
785200 167
785400 145
785600 159
785800 157
786000 141
786200 148
786400 132
786600 158
786800 139
787000 145
787200 155
787400 167
787600 165
787800 143
788000 146
788200 158
788400 122
788600 150
788800 144
789000 157
789200 138
789400 130
789600 154
789800 147
790000 142
790200 146
790400 140
790600 151
790800 154
791000 172
791200 166
791400 162
791600 160
791800 139
792000 156
792200 159
792400 154
792600 150
792800 135
793000 155
793200 130
793400 170
793600 152
793800 153
794000 168
794200 152
794400 138
794600 155
794800 147
795000 138
795200 150
795400 173
795600 154
795800 159
796000 135
796200 150
796400 146
796600 146
796800 149
797000 147
797200 151
797400 163
797600 163
797800 138
798000 150
798200 159
798400 157
798600 140
798800 155
799000 141
799200 149
799400 170
799600 155
799800 149
800000 160
800200 135
800400 155
800600 161
800800 147
801000 156
801200 154
801400 140
801600 162
801800 137
802000 177
802200 154
802400 151
802600 154
802800 142
803000 138
803200 151
803400 144
803600 146
803800 161
804000 134
804200 142
804400 148
804600 171
804800 158
805000 161
805200 153
805400 151
805600 153
805800 141
806000 156
806200 162
806400 141
806600 151
806800 137
807000 146
807200 152
807400 166
807600 151
807800 147
808000 158
808200 155
808400 154
808600 162
808800 160
809000 155
809200 144
809400 159
809600 144
809800 168
810000 169
810200 141
810400 148
810600 161
810800 168
811000 163
811200 168
811400 159
811600 140
811800 165
812000 146
812200 141
812400 147
812600 140
812800 168
813000 147
813200 170
813400 128
813600 155
813800 134
814000 156
814200 149
814400 145
814600 140
814800 150
815000 155
815200 166
815400 130
815600 155
815800 167
816000 160
816200 156
816400 169
816600 130
816800 143
817000 163
817200 149
817400 156
817600 153
817800 158
818000 133
818200 144
818400 154
818600 145
818800 144
819000 153
819200 153
819400 148
819600 132
819800 149
820000 170
820200 152
820400 150
820600 168
820800 150
821000 147
821200 148
821400 130
821600 138
821800 153
822000 147
822200 162
822400 150
822600 153
822800 154
823000 158
823200 156
823400 148
823600 141
823800 145
824000 135
824200 163
824400 164
824600 143
824800 147
825000 151
825200 136
825400 169
825600 138
825800 161
826000 156
826200 144
826400 139
826600 160
826800 174
827000 157
827200 157
827400 156
827600 139
827800 143
828000 159
828200 144
828400 158
828600 156
828800 131
829000 142
829200 164
829400 146
829600 141
829800 159
830000 156
830200 157
830400 152
830600 142
830800 135
831000 161
831200 158
831400 149
831600 148
831800 155
832000 154
832200 148
832400 158
832600 156
832800 151
833000 138
833200 155
833400 158
833600 148
833800 137
834000 165
834200 150
834400 142
834600 154
834800 156
835000 149
835200 166
835400 148
835600 151
835800 152
836000 140
836200 157
836400 152
836600 140
836800 137
837000 131
837200 147
837400 174
837600 126
837800 167
838000 168
838200 150
838400 157
838600 143
838800 156
839000 143
839200 129
839400 161
839600 153
839800 165
840000 159
840200 153
840400 146
840600 154
840800 131
841000 149
841200 138
841400 155
841600 140
841800 139
842000 148
842200 149
842400 149
842600 147
842800 156
843000 157
843200 165
843400 160
843600 156
843800 153
844000 143
844200 154
844400 169
844600 138
844800 139
845000 154
845200 152
845400 160
845600 128
845800 156
846000 150
846200 140
846400 156
846600 161
846800 153
847000 161
847200 149
847400 148
847600 148
847800 141
848000 164
848200 165
848400 134
848600 143
848800 141
849000 161
849200 157
849400 147
849600 153
849800 159
850000 146
850200 147
850400 160
850600 148
850800 142
851000 146
851200 149
851400 158
851600 147
851800 142
852000 139
852200 154
852400 141
852600 159
852800 135
853000 142
853200 161
853400 149
853600 148
853800 153
854000 162
854200 160
854400 162
854600 154
854800 158
855000 131
855200 154
855400 142
855600 145
855800 160
856000 150
856200 143
856400 142
856600 150
856800 141
857000 149
857200 163
857400 145
857600 154
857800 160
858000 157
858200 145
858400 160
858600 171
858800 132
859000 150
859200 127
859400 152
859600 136
859800 144
860000 160
860200 153
860400 154
860600 161
860800 156
861000 168
861200 152
861400 160
861600 153
861800 145
862000 131
862200 135
862400 123
862600 140
862800 153
863000 144
863200 178
863400 159
863600 149
863800 157
864000 158
864200 139
864400 142
864600 164
864800 145
865000 152
865200 154
865400 155
865600 141
865800 136
866000 139
866200 167
866400 150
866600 153
866800 166
867000 149
867200 139
867400 166
867600 152
867800 165
868000 171
868200 146
868400 151
868600 132
868800 161
869000 138
869200 140
869400 157
869600 168
869800 146
870000 162
870200 161
870400 165
870600 138
870800 170
871000 154
871200 151
871400 149
871600 148
871800 154
872000 146
872200 151
872400 154
872600 156
872800 153
873000 158
873200 137
873400 140
873600 152
873800 146
874000 140
874200 147
874400 146
874600 160
874800 153
875000 162
875200 156
875400 133
875600 139
875800 141
876000 145
876200 127
876400 142
876600 162
876800 155
877000 144
877200 156
877400 149
877600 151
877800 173
878000 141
878200 152
878400 155
878600 163
878800 134
879000 137
879200 135
879400 127
879600 149
879800 136
880000 151
880200 157
880400 135
880600 142
880800 143
881000 174
881200 152
881400 140
881600 133
881800 153
882000 134
882200 159
882400 155
882600 137
882800 145
883000 129
883200 158
883400 155
883600 156
883800 152
884000 147
884200 163
884400 157
884600 158
884800 159
885000 172
885200 156
885400 144
885600 170
885800 159
886000 161
886200 150
886400 154
886600 137
886800 137
887000 156
887200 137
887400 149
887600 144
887800 159
888000 159
888200 161
888400 156
888600 163
888800 157
889000 157
889200 138
889400 156
889600 160
889800 149
890000 142
890200 137
890400 146
890600 163
890800 147
891000 144
891200 141
891400 146
891600 149
891800 146
892000 153
892200 162
892400 161
892600 136
892800 148
893000 155
893200 160
893400 141
893600 149
893800 150
894000 135
894200 152
894400 160
894600 157
894800 152
895000 158
895200 174
895400 160
895600 161
895800 158
896000 127
896200 157
896400 128
896600 154
896800 155
897000 153
897200 138
897400 170
897600 146
897800 156
898000 158
898200 154
898400 155
898600 164
898800 169
899000 160
899200 154
899400 157
899600 153
899800 153
900000 165
900200 159
900400 147
900600 158
900800 157
901000 134
901200 161
901400 148
901600 139
901800 140
902000 154
902200 140
902400 152
902600 152
902800 171
903000 152
903200 146
903400 157
903600 142
903800 148
904000 153
904200 151
904400 149
904600 158
904800 128
905000 164
905200 151
905400 153
905600 123
905800 153
906000 144
906200 154
906400 162
906600 142
906800 157
907000 142
907200 153
907400 142
907600 151
907800 148
908000 134
908200 156
908400 162
908600 142
908800 158
909000 166
909200 144
909400 136
909600 141
909800 123
910000 134
910200 150
910400 164
910600 152
910800 150
911000 158
911200 151
911400 154
911600 142
911800 142
912000 154
912200 150
912400 149
912600 153
912800 150
913000 144
913200 140
913400 142
913600 138
913800 164
914000 143
914200 146
914400 149
914600 163
914800 139
915000 153
915200 160
915400 171
915600 128
915800 162
916000 148
916200 143
916400 142
916600 165
916800 145
917000 165
917200 169
917400 161
917600 136
917800 146
918000 148
918200 159
918400 155
918600 132
918800 153
919000 146
919200 153
919400 156
919600 142
919800 164
920000 159
920200 154
920400 155
920600 149
920800 141
921000 169
921200 158
921400 161
921600 157
921800 130
922000 146
922200 166
922400 145
922600 152
922800 135
923000 148
923200 155
923400 147
923600 151
923800 135
924000 145
924200 160
924400 160
924600 156
924800 158
925000 146
925200 142
925400 143
925600 157
925800 163
926000 147
926200 140
926400 168
926600 137
926800 156
927000 151
927200 167
927400 120
927600 151
927800 155
928000 167
928200 140
928400 159
928600 143
928800 157
929000 159
929200 166
929400 135
929600 130
929800 128
930000 135
930200 147
930400 141
930600 140
930800 137
931000 149
931200 153
931400 162
931600 152
931800 157
932000 152
932200 138
932400 153
932600 144
932800 165
933000 158
933200 133
933400 160
933600 162
933800 153
934000 147
934200 145
934400 155
934600 158
934800 157
935000 154
935200 152
935400 149
935600 160
935800 152
936000 146
936200 149
936400 134
936600 147
936800 141
937000 136
937200 162
937400 145
937600 151
937800 154
938000 140
938200 156
938400 164
938600 162
938800 158
939000 130
939200 160
939400 156
939600 148
939800 129
940000 157
940200 130
940400 149
940600 135
940800 162
941000 127
941200 151
941400 147
941600 180
941800 136
942000 153
942200 175
942400 143
942600 146
942800 151
943000 150
943200 166
943400 144
943600 157
943800 168
944000 139
944200 147
944400 159
944600 148
944800 152
945000 145
945200 152
945400 133
945600 151
945800 138
946000 170
946200 131
946400 139
946600 162
946800 144
947000 146
947200 166
947400 139
947600 144
947800 132
948000 159
948200 137
948400 152
948600 142
948800 163
949000 153
949200 162
949400 172
949600 163
949800 155
950000 153
950200 161
950400 124
950600 151
950800 145
951000 150
951200 166
951400 171
951600 145
951800 148
952000 146
952200 158
952400 143
952600 141
952800 137
953000 155
953200 156
953400 148
953600 145
953800 168
954000 145
954200 160
954400 131
954600 163
954800 163
955000 156
955200 160
955400 135
955600 150
955800 154
956000 134
956200 172
956400 167
956600 158
956800 166
957000 144
957200 164
957400 151
957600 141
957800 143
958000 150
958200 151
958400 159
958600 153
958800 139
959000 158
959200 167
959400 131
959600 152
959800 133
960000 163
960200 150
960400 154
960600 161
960800 151
961000 160
961200 142
961400 151
961600 146
961800 134
962000 152
962200 141
962400 145
962600 171
962800 156
963000 152
963200 148
963400 158
963600 140
963800 177
964000 156
964200 152
964400 142
964600 147
964800 162
965000 139
965200 151
965400 158
965600 140
965800 150
966000 144
966200 156
966400 146
966600 155
966800 146
967000 164
967200 151
967400 163
967600 157
967800 160
968000 162
968200 146
968400 146
968600 139
968800 147
969000 151
969200 139
969400 150
969600 159
969800 144
970000 133
970200 138
970400 148
970600 142
970800 147
971000 151
971200 155
971400 155
971600 161
971800 158
972000 158
972200 156
972400 131
972600 144
972800 146
973000 144
973200 146
973400 168
973600 134
973800 144
974000 150
974200 158
974400 137
974600 162
974800 147
975000 145
975200 164
975400 153
975600 143
975800 133
976000 144
976200 148
976400 132
976600 148
976800 137
977000 142
977200 158
977400 133
977600 168
977800 145
978000 159
978200 147
978400 156
978600 133
978800 151
979000 164
979200 154
979400 127
979600 124
979800 178
980000 147
980200 155
980400 148
980600 164
980800 163
981000 150
981200 136
981400 151
981600 144
981800 161
982000 147
982200 130
982400 162
982600 137
982800 167
983000 158
983200 161
983400 164
983600 155
983800 151
984000 137
984200 164
984400 166
984600 145
984800 156
985000 148
985200 122
985400 156
985600 154
985800 172
986000 166
986200 154
986400 157
986600 155
986800 146
987000 134
987200 149
987400 164
987600 150
987800 159
988000 142
988200 146
988400 160
988600 143
988800 147
989000 149
989200 136
989400 138
989600 161
989800 159
990000 127
990200 150
990400 154
990600 145
990800 178
991000 162
991200 154
991400 164
991600 138
991800 150
992000 157
992200 154
992400 153
992600 151
992800 129
993000 154
993200 131
993400 158
993600 139
993800 155
994000 149
994200 157
994400 153
994600 159
994800 155
995000 135
995200 154
995400 162
995600 154
995800 169
996000 137
996200 148
996400 180
996600 145
996800 151
997000 157
997200 169
997400 150
997600 141
997800 140
998000 169
998200 149
998400 157
998600 149
998800 162
999000 152
999200 161
999400 153
999600 152
999800 152
1000000 148
