50 196
100 196
150 196
200 196
250 196
300 196
350 196
400 196
450 196
500 196
550 196
600 196
650 196
700 196
750 184
800 165
850 165
900 165
950 165
1000 165
1050 165
1100 165
1150 149
1200 149
1250 149
1300 149
1350 149
1400 149
1450 149
1500 149
1550 149
1600 149
1650 149
1700 149
1750 149
1800 149
1850 149
1900 149
1950 149
2000 149
2050 149
2100 149
2150 149
2200 149
2250 149
2300 149
2350 149
2400 149
2450 149
2500 149
2550 149
2600 149
2650 149
2700 149
2750 149
2800 149
2850 149
2900 149
2950 149
3000 145
3050 145
3100 145
3150 145
3200 145
3250 145
3300 145
3350 145
3400 145
3450 141
3500 141
3550 141
3600 141
3650 141
3700 141
3750 141
3800 141
3850 141
3900 141
3950 141
4000 141
4050 141
4100 141
4150 141
4200 141
4250 141
4300 141
4350 141
4400 141
4450 141
4500 141
4550 141
4600 141
4650 141
4700 133
4750 133
4800 133
4850 133
4900 133
4950 133
5000 133
5050 133
5100 133
5150 122
5200 122
5250 122
5300 122
5350 122
5400 122
5450 122
5500 122
5550 122
5600 122
5650 122
5700 122
5750 122
5800 122
5850 122
5900 122
5950 122
6000 122
6050 122
6100 122
6150 122
6200 122
6250 122
6300 122
6350 122
6400 122
6450 122
6500 122
6550 122
6600 122
6650 122
6700 122
6750 122
6800 122
6850 122
6900 122
6950 122
7000 122
7050 122
7100 122
7150 122
7200 122
7250 122
7300 122
7350 122
7400 122
7450 122
7500 122
7550 122
7600 122
7650 122
7700 122
7750 122
7800 122
7850 122
7900 122
7950 122
8000 122
8050 122
8100 122
8150 122
8200 122
8250 122
8300 122
8350 122
8400 122
8450 122
8500 122
8550 122
8600 122
8650 122
8700 122
8750 122
8800 122
8850 122
8900 122
8950 122
9000 122
9050 122
9100 122
9150 122
9200 122
9250 122
9300 122
9350 122
9400 122
9450 122
9500 122
9550 122
9600 122
9650 119
9700 119
9750 119
9800 119
9850 119
9900 119
9950 119
10000 119
10050 119
10100 119
10150 119
10200 119
10250 119
10300 119
10350 115
10400 115
10450 115
10500 115
10550 115
10600 115
10650 115
10700 115
10750 115
10800 115
10850 115
10900 115
10950 115
11000 115
11050 115
11100 115
11150 115
11200 115
11250 115
11300 115
11350 115
11400 115
11450 115
11500 115
11550 115
11600 115
11650 115
11700 115
11750 115
11800 115
11850 115
11900 115
11950 115
12000 115
12050 115
12100 115
12150 115
12200 115
12250 115
12300 115
12350 115
12400 115
12450 115
12500 115
12550 115
12600 115
12650 115
12700 115
12750 108
12800 108
12850 108
12900 108
12950 108
13000 104
13050 104
13100 104
13150 104
13200 104
13250 104
13300 104
13350 104
13400 104
13450 104
13500 104
13550 104
13600 104
13650 104
13700 104
13750 104
13800 104
13850 104
13900 104
13950 101
14000 101
14050 101
14100 101
14150 101
14200 101
14250 101
14300 101
14350 101
14400 101
14450 101
14500 101
14550 101
14600 101
14650 101
14700 101
14750 101
14800 101
14850 101
14900 101
14950 101
15000 101
15050 101
15100 101
15150 101
15200 101
15250 101
15300 101
15350 101
15400 101
15450 101
15500 101
15550 101
15600 101
15650 101
15700 101
15750 101
15800 101
15850 101
15900 101
15950 101
16000 101
16050 101
16100 101
16150 101
16200 101
16250 101
16300 101
16350 101
16400 101
16450 101
16500 101
16550 101
16600 101
16650 101
16700 101
16750 101
16800 101
16850 101
16900 101
16950 101
17000 101
17050 95
17100 95
17150 95
17200 95
17250 93
17300 93
17350 93
17400 93
17450 93
17500 93
17550 91
17600 91
17650 91
17700 91
17750 91
17800 91
17850 91
17900 91
17950 91
18000 91
18050 91
18100 91
18150 91
18200 91
18250 91
18300 91
18350 91
18400 91
18450 91
18500 91
18550 91
18600 91
18650 91
18700 91
18750 91
18800 91
18850 91
18900 91
18950 91
19000 91
19050 91
19100 91
19150 91
19200 91
19250 91
19300 91
19350 91
19400 91
19450 91
19500 91
19550 91
19600 91
19650 91
19700 91
19750 91
19800 91
19850 91
19900 91
19950 91
20000 91
20050 91
20100 91
20150 91
20200 91
20250 91
20300 91
20350 91
20400 91
20450 91
20500 91
20550 91
20600 91
20650 91
20700 91
20750 91
20800 91
20850 91
20900 91
20950 91
21000 91
21050 91
21100 91
21150 91
21200 91
21250 91
21300 91
21350 91
21400 91
21450 91
21500 91
21550 91
21600 91
21650 91
21700 91
21750 91
21800 91
21850 91
21900 91
21950 91
22000 91
22050 91
22100 91
22150 91
22200 91
22250 91
22300 91
22350 91
22400 91
22450 91
22500 91
22550 91
22600 91
22650 91
22700 91
22750 91
22800 91
22850 91
22900 91
22950 91
23000 91
23050 91
23100 91
23150 91
23200 91
23250 91
23300 91
23350 91
23400 91
23450 91
23500 91
23550 91
23600 91
23650 91
23700 91
23750 91
23800 91
23850 91
23900 91
23950 91
24000 91
24050 91
24100 91
24150 91
24200 91
24250 91
24300 91
24350 91
24400 91
24450 91
24500 91
24550 91
24600 91
24650 91
24700 91
24750 91
24800 91
24850 91
24900 91
24950 91
25000 91
25050 91
25100 91
25150 91
25200 91
25250 91
25300 91
25350 91
25400 91
25450 91
25500 91
25550 91
25600 91
25650 91
25700 91
25750 91
25800 91
25850 91
25900 91
25950 91
26000 91
26050 91
26100 91
26150 91
26200 91
26250 91
26300 91
26350 91
26400 91
26450 91
26500 91
26550 91
26600 91
26650 91
26700 91
26750 91
26800 91
26850 91
26900 91
26950 91
27000 91
27050 91
27100 91
27150 91
27200 91
27250 91
27300 91
27350 91
27400 91
27450 91
27500 91
27550 91
27600 91
27650 91
27700 91
27750 91
27800 91
27850 91
27900 91
27950 91
28000 91
28050 91
28100 91
28150 91
28200 91
28250 91
28300 91
28350 91
28400 91
28450 91
28500 91
28550 91
28600 91
28650 91
28700 91
28750 91
28800 91
28850 91
28900 91
28950 91
29000 91
29050 91
29100 91
29150 91
29200 91
29250 91
29300 91
29350 91
29400 91
29450 91
29500 91
29550 91
29600 91
29650 91
29700 91
29750 91
29800 91
29850 91
29900 91
29950 91
30000 91
30050 91
30100 91
30150 91
30200 91
30250 91
30300 91
30350 91
30400 91
30450 91
30500 91
30550 91
30600 91
30650 91
30700 91
30750 91
30800 91
30850 91
30900 91
30950 91
31000 91
31050 91
31100 91
31150 91
31200 91
31250 91
31300 91
31350 91
31400 91
31450 91
31500 91
31550 91
31600 91
31650 91
31700 91
31750 91
31800 91
31850 91
31900 91
31950 91
32000 91
32050 91
32100 91
32150 91
32200 91
32250 91
32300 91
32350 91
32400 91
32450 91
32500 91
32550 91
32600 91
32650 88
32700 88
32750 88
32800 88
32850 88
32900 88
32950 83
33000 83
33050 83
33100 83
33150 83
33200 83
33250 83
33300 83
33350 83
33400 83
33450 83
33500 83
33550 83
33600 83
33650 83
33700 83
33750 83
33800 78
33850 78
33900 78
33950 78
34000 78
34050 78
34100 78
34150 78
34200 78
34250 78
34300 78
34350 78
34400 78
34450 78
34500 78
34550 78
34600 78
34650 78
34700 78
34750 78
34800 76
34850 76
34900 76
34950 76
35000 76
35050 76
35100 76
35150 76
35200 76
35250 76
35300 76
35350 76
35400 76
35450 76
35500 76
35550 76
35600 76
35650 76
35700 76
35750 76
35800 76
35850 76
35900 76
35950 76
36000 76
36050 76
36100 76
36150 76
36200 74
36250 74
36300 74
36350 74
36400 74
36450 74
36500 74
36550 74
36600 74
36650 74
36700 74
36750 74
36800 74
36850 74
36900 74
36950 74
37000 74
37050 74
37100 74
37150 74
37200 74
37250 74
37300 74
37350 74
37400 74
37450 74
37500 74
37550 74
37600 74
37650 74
37700 74
37750 74
37800 74
37850 74
37900 74
37950 74
38000 74
38050 74
38100 74
38150 74
38200 74
38250 74
38300 74
38350 74
38400 74
38450 74
38500 74
38550 74
38600 74
38650 74
38700 74
38750 74
38800 74
38850 74
38900 74
38950 74
39000 74
39050 74
39100 74
39150 74
39200 74
39250 74
39300 74
39350 74
39400 74
39450 74
39500 74
39550 74
39600 74
39650 74
39700 74
39750 74
39800 74
39850 74
39900 74
39950 74
40000 74
40050 74
40100 74
40150 74
40200 74
40250 74
40300 74
40350 74
40400 74
40450 74
40500 74
40550 74
40600 74
40650 74
40700 74
40750 74
40800 74
40850 74
40900 74
40950 74
41000 74
41050 74
41100 74
41150 74
41200 74
41250 74
41300 74
41350 74
41400 74
41450 74
41500 74
41550 74
41600 74
41650 74
41700 74
41750 74
41800 74
41850 74
41900 74
41950 74
42000 74
42050 74
42100 74
42150 74
42200 74
42250 74
42300 74
42350 74
42400 74
42450 74
42500 74
42550 74
42600 74
42650 74
42700 74
42750 74
42800 74
42850 74
42900 74
42950 74
43000 74
43050 74
43100 74
43150 74
43200 74
43250 74
43300 74
43350 74
43400 74
43450 74
43500 74
43550 74
43600 74
43650 74
43700 74
43750 74
43800 74
43850 74
43900 74
43950 74
44000 74
44050 74
44100 74
44150 74
44200 74
44250 74
44300 74
44350 74
44400 74
44450 74
44500 74
44550 74
44600 74
44650 74
44700 74
44750 74
44800 74
44850 74
44900 74
44950 74
45000 74
45050 74
45100 74
45150 74
45200 74
45250 74
45300 74
45350 74
45400 74
45450 74
45500 74
45550 74
45600 74
45650 74
45700 74
45750 74
45800 74
45850 74
45900 74
45950 74
46000 74
46050 74
46100 74
46150 74
46200 74
46250 74
46300 74
46350 74
46400 74
46450 74
46500 74
46550 74
46600 74
46650 74
46700 74
46750 74
46800 74
46850 74
46900 74
46950 74
47000 74
47050 74
47100 74
47150 74
47200 74
47250 74
47300 74
47350 74
47400 74
47450 74
47500 74
47550 74
47600 74
47650 74
47700 74
47750 74
47800 74
47850 74
47900 74
47950 74
48000 74
48050 74
48100 74
48150 74
48200 74
48250 74
48300 74
48350 74
48400 74
48450 74
48500 74
48550 74
48600 74
48650 74
48700 74
48750 74
48800 74
48850 74
48900 74
48950 74
49000 74
49050 74
49100 74
49150 74
49200 74
49250 74
49300 74
49350 74
49400 74
49450 74
49500 74
49550 74
49600 74
49650 74
49700 74
49750 74
49800 74
49850 74
49900 74
49950 74
50000 74
50050 74
50100 74
50150 74
50200 74
50250 74
50300 74
50350 74
50400 74
50450 74
50500 74
50550 74
50600 74
50650 74
50700 74
50750 74
50800 74
50850 74
50900 74
50950 74
51000 74
51050 74
51100 74
51150 74
51200 74
51250 74
51300 74
51350 74
51400 74
51450 74
51500 74
51550 74
51600 74
51650 74
51700 74
51750 74
51800 74
51850 74
51900 74
51950 74
52000 74
52050 74
52100 74
52150 74
52200 74
52250 74
52300 74
52350 74
52400 74
52450 74
52500 74
52550 74
52600 74
52650 74
52700 74
52750 74
52800 74
52850 74
52900 74
52950 74
53000 74
53050 74
53100 74
53150 74
53200 74
53250 74
53300 74
53350 74
53400 74
53450 74
53500 74
53550 74
53600 74
53650 74
53700 74
53750 74
53800 74
53850 74
53900 74
53950 74
54000 74
54050 74
54100 74
54150 74
54200 74
54250 74
54300 74
54350 74
54400 74
54450 74
54500 74
54550 74
54600 74
54650 74
54700 74
54750 74
54800 74
54850 74
54900 74
54950 74
55000 74
55050 74
55100 74
55150 74
55200 74
55250 74
55300 74
55350 74
55400 74
55450 74
55500 74
55550 74
55600 74
55650 74
55700 74
55750 74
55800 74
55850 74
55900 74
55950 74
56000 74
56050 74
56100 74
56150 74
56200 74
56250 74
56300 74
56350 74
56400 74
56450 74
56500 74
56550 74
56600 74
56650 74
56700 74
56750 74
56800 74
56850 74
56900 74
56950 74
57000 74
57050 74
57100 74
57150 74
57200 74
57250 74
57300 74
57350 74
57400 74
57450 74
57500 74
57550 74
57600 74
