10 79
20 79
30 79
40 79
50 79
60 79
70 79
80 79
90 79
100 79
110 79
120 79
130 79
140 79
150 79
160 79
170 79
180 79
190 79
200 79
210 79
220 79
230 79
240 79
250 79
260 79
270 79
280 79
290 79
300 79
310 79
320 79
330 79
340 79
350 79
360 79
370 79
380 79
390 79
400 79
410 79
420 79
430 79
440 79
450 79
460 79
470 79
480 79
490 79
500 79
510 79
520 79
530 79
540 79
550 79
560 79
570 79
580 79
590 79
600 79
610 79
620 79
630 79
640 79
650 79
660 79
670 79
680 79
690 79
700 79
710 79
720 79
730 79
740 79
750 79
760 79
770 79
780 79
790 79
800 79
810 79
820 79
830 79
840 79
850 79
860 79
870 79
880 79
890 79
900 79
910 79
920 79
930 79
940 79
950 79
960 79
970 79
980 79
990 79
1000 79
1010 79
1020 79
1030 79
1040 79
1050 79
1060 79
1070 79
1080 79
1090 79
1100 79
1110 79
1120 79
1130 79
1140 79
1150 79
1160 79
1170 79
1180 79
1190 79
1200 79
1210 79
1220 79
1230 79
1240 79
1250 79
1260 79
1270 79
1280 79
1290 79
1300 79
1310 79
1320 79
1330 79
1340 79
1350 79
1360 79
1370 79
1380 79
1390 79
1400 79
1410 79
1420 79
1430 79
1440 79
1450 79
1460 79
1470 79
1480 79
1490 79
1500 79
1510 79
1520 79
1530 79
1540 79
1550 79
1560 79
1570 79
1580 79
1590 79
1600 79
1610 79
1620 79
1630 79
1640 79
1650 79
1660 79
1670 79
1680 79
1690 79
1700 79
1710 79
1720 79
1730 79
1740 79
1750 79
1760 79
1770 79
1780 79
1790 79
1800 79
1810 79
1820 79
1830 79
1840 79
1850 79
1860 79
1870 79
1880 79
1890 79
1900 79
1910 79
1920 79
1930 79
1940 79
1950 79
1960 79
1970 79
1980 79
1990 79
2000 79
2010 79
2020 79
2030 79
2040 79
2050 79
2060 79
2070 79
2080 79
2090 79
2100 79
2110 79
2120 79
2130 79
2140 79
2150 79
2160 79
2170 79
2180 79
2190 79
2200 79
2210 79
2220 79
2230 79
2240 79
2250 79
2260 79
2270 79
2280 79
2290 79
2300 79
2310 79
2320 79
2330 79
2340 79
2350 79
2360 79
2370 79
2380 79
2390 79
2400 79
2410 79
2420 79
2430 79
2440 79
2450 79
2460 79
2470 79
2480 79
2490 79
2500 79
2510 79
2520 79
2530 79
2540 79
2550 79
2560 79
2570 79
2580 79
2590 79
2600 79
2610 79
2620 79
2630 79
2640 79
2650 79
2660 79
2670 79
2680 79
2690 79
2700 79
2710 79
2720 79
2730 79
2740 79
2750 79
2760 79
2770 79
2780 79
2790 79
2800 79
2810 79
2820 79
2830 79
2840 79
2850 79
2860 79
2870 79
2880 79
2890 79
2900 79
2910 79
2920 79
2930 79
2940 79
2950 79
2960 79
2970 79
2980 79
2990 79
3000 79
3010 79
3020 79
3030 79
3040 79
3050 79
3060 79
3070 79
3080 79
3090 79
3100 79
3110 79
3120 79
3130 79
3140 79
3150 79
3160 79
3170 79
3180 79
3190 79
3200 79
3210 79
3220 79
3230 79
3240 79
3250 79
3260 79
3270 79
3280 79
3290 79
3300 79
3310 79
3320 79
3330 79
3340 79
3350 79
3360 79
3370 79
3380 79
3390 79
3400 79
3410 79
3420 79
3430 79
3440 79
3450 79
3460 79
3470 79
3480 79
3490 79
3500 79
3510 79
3520 79
3530 79
3540 79
3550 79
3560 79
3570 79
3580 79
3590 79
3600 79
3610 79
3620 79
3630 79
3640 79
3650 79
3660 79
3670 79
3680 79
3690 79
3700 79
3710 79
3720 79
3730 79
3740 79
3750 79
3760 79
3770 79
3780 79
3790 79
3800 79
3810 79
3820 79
3830 79
3840 79
3850 79
3860 79
3870 79
3880 79
3890 79
3900 79
3910 79
3920 79
3930 79
3940 79
3950 79
3960 79
3970 79
3980 79
3990 79
4000 79
4010 79
4020 79
4030 79
4040 79
4050 79
4060 79
4070 79
4080 79
4090 79
4100 79
4110 79
4120 79
4130 79
4140 79
4150 79
4160 79
4170 79
4180 79
4190 79
4200 79
4210 79
4220 79
4230 79
4240 79
4250 79
4260 79
4270 79
4280 79
4290 79
4300 79
4310 79
4320 79
4330 79
4340 79
4350 79
4360 79
4370 79
4380 79
4390 79
4400 79
4410 79
4420 79
4430 79
4440 79
4450 79
4460 79
4470 79
4480 79
4490 79
4500 79
4510 79
4520 79
4530 79
4540 79
4550 79
4560 79
4570 79
4580 79
4590 79
4600 79
4610 79
4620 79
4630 79
4640 79
4650 79
4660 79
4670 79
4680 79
4690 79
4700 79
4710 79
4720 79
4730 79
4740 79
4750 79
4760 79
4770 79
4780 79
4790 79
4800 79
4810 79
4820 79
4830 79
4840 79
4850 79
4860 79
4870 79
4880 79
4890 79
4900 79
4910 79
4920 79
4930 79
4940 79
4950 79
4960 79
4970 79
4980 79
4990 79
5000 79
5010 79
5020 79
5030 79
5040 79
5050 79
5060 79
5070 79
5080 79
5090 79
5100 79
5110 79
5120 79
5130 79
5140 79
5150 79
5160 79
5170 79
5180 79
5190 79
5200 79
5210 79
5220 79
5230 79
5240 79
5250 79
5260 79
5270 79
5280 79
5290 79
5300 79
5310 79
5320 79
5330 79
5340 79
5350 79
5360 79
5370 79
5380 79
5390 79
5400 79
5410 79
5420 79
5430 79
5440 79
5450 79
5460 79
5470 79
5480 79
5490 79
5500 79
5510 79
5520 79
5530 79
5540 79
5550 79
5560 79
5570 79
5580 79
5590 79
5600 79
5610 79
5620 79
5630 79
5640 79
5650 79
5660 79
5670 79
5680 79
5690 79
5700 79
5710 79
5720 79
5730 79
5740 79
5750 79
5760 79
5770 79
5780 79
5790 79
5800 79
5810 79
5820 79
5830 79
5840 79
5850 78
5860 78
5870 75
5880 75
5890 75
5900 75
5910 75
5920 75
5930 75
5940 75
5950 75
5960 75
5970 75
5980 75
5990 75
6000 75
6010 75
6020 75
6030 75
6040 75
6050 75
6060 75
6070 75
6080 75
6090 75
6100 75
6110 75
6120 75
6130 75
6140 75
6150 75
6160 75
6170 75
6180 75
6190 75
6200 75
6210 75
6220 75
6230 75
6240 75
6250 75
6260 75
6270 75
6280 75
6290 75
6300 75
6310 75
6320 75
6330 75
6340 75
6350 75
6360 75
6370 75
6380 75
6390 75
6400 75
6410 75
6420 75
6430 75
6440 75
6450 75
6460 75
6470 75
6480 75
6490 75
6500 75
6510 75
6520 75
6530 75
6540 75
6550 75
6560 75
6570 75
6580 75
6590 75
6600 75
6610 75
6620 75
6630 75
6640 75
6650 75
6660 75
6670 75
6680 75
6690 75
6700 75
6710 75
6720 75
6730 75
6740 75
6750 75
6760 75
6770 75
6780 75
6790 75
6800 75
6810 75
6820 75
6830 75
6840 75
6850 75
6860 75
6870 75
6880 75
6890 75
6900 75
6910 75
6920 75
6930 75
6940 75
6950 75
6960 75
6970 75
6980 75
6990 75
7000 75
7010 75
7020 75
7030 75
7040 75
7050 75
7060 75
7070 75
7080 75
7090 75
7100 75
7110 75
7120 75
7130 75
7140 75
7150 75
7160 75
7170 75
7180 75
7190 75
7200 75
7210 75
7220 75
7230 75
7240 75
7250 75
7260 75
7270 75
7280 75
7290 75
7300 75
7310 75
7320 75
7330 75
7340 75
7350 75
7360 75
7370 75
7380 75
7390 75
7400 75
7410 75
7420 75
7430 75
7440 75
7450 75
7460 75
7470 75
7480 75
7490 75
7500 75
7510 75
7520 75
7530 75
7540 75
7550 75
7560 75
7570 75
7580 75
7590 75
7600 75
7610 75
7620 75
7630 75
7640 75
7650 75
7660 75
7670 75
7680 75
7690 75
7700 75
7710 75
7720 75
7730 75
7740 75
7750 75
7760 75
7770 75
7780 75
7790 75
7800 75
7810 75
7820 75
7830 75
7840 75
7850 75
7860 75
7870 75
7880 75
7890 75
7900 75
7910 75
7920 75
7930 75
7940 75
7950 75
7960 75
7970 75
7980 75
7990 75
8000 75
8010 75
8020 75
8030 75
8040 75
8050 75
8060 75
8070 75
8080 75
8090 75
8100 75
8110 75
8120 75
8130 75
8140 75
8150 75
8160 75
8170 75
8180 75
8190 75
8200 75
8210 75
8220 75
8230 75
8240 75
8250 75
8260 75
8270 75
8280 75
8290 75
8300 75
8310 75
8320 75
8330 75
8340 75
8350 75
8360 75
8370 75
8380 75
8390 75
8400 75
8410 75
8420 75
8430 75
8440 75
8450 75
8460 75
8470 75
8480 75
8490 75
8500 75
8510 75
8520 75
8530 75
8540 75
8550 75
8560 75
8570 75
8580 75
8590 75
8600 75
8610 75
8620 75
8630 75
8640 75
8650 75
8660 75
8670 75
8680 75
8690 75
8700 75
8710 75
8720 75
8730 75
8740 75
8750 75
8760 75
8770 75
8780 75
8790 75
8800 75
8810 75
8820 75
8830 75
8840 75
8850 75
8860 75
8870 75
8880 75
8890 75
8900 75
8910 75
8920 75
8930 75
8940 75
8950 75
8960 75
8970 75
8980 75
8990 75
9000 75
9010 75
9020 75
9030 75
9040 75
9050 75
9060 75
9070 75
9080 75
9090 75
9100 75
9110 75
9120 75
9130 75
9140 75
9150 75
9160 75
9170 75
9180 75
9190 75
9200 75
9210 75
9220 75
9230 75
9240 75
9250 75
9260 75
9270 75
9280 75
9290 75
9300 75
9310 75
9320 75
9330 75
9340 75
9350 75
9360 75
9370 75
9380 75
9390 75
9400 75
9410 75
9420 75
9430 75
9440 75
9450 75
9460 75
9470 72
9480 72
9490 72
9500 72
9510 72
9520 72
9530 72
9540 72
9550 72
9560 72
9570 72
9580 72
9590 72
9600 72
9610 72
9620 72
9630 72
9640 72
9650 72
9660 72
9670 72
9680 72
9690 72
9700 72
9710 72
9720 72
9730 72
9740 72
9750 72
9760 72
9770 72
9780 72
9790 72
9800 72
9810 72
9820 72
9830 72
9840 72
9850 72
9860 72
9870 72
9880 72
9890 72
9900 72
9910 72
9920 72
9930 72
9940 72
9950 72
9960 72
9970 72
9980 72
9990 72
10000 72
10010 72
10020 72
10030 72
10040 72
10050 72
10060 72
10070 72
10080 72
10090 72
10100 72
10110 72
10120 72
10130 72
10140 72
10150 72
10160 72
10170 72
10180 72
10190 72
10200 72
10210 72
10220 72
10230 72
10240 72
10250 72
10260 72
10270 72
10280 72
10290 72
10300 72
10310 72
10320 72
10330 72
10340 72
10350 72
10360 72
10370 72
10380 72
10390 72
10400 72
10410 72
10420 72
10430 72
10440 72
10450 72
10460 72
10470 72
10480 72
10490 72
10500 72
10510 72
10520 72
10530 72
10540 72
10550 72
10560 72
10570 72
10580 72
10590 72
10600 72
10610 72
10620 72
10630 72
10640 72
10650 72
10660 72
10670 72
10680 72
10690 72
10700 72
10710 72
10720 72
10730 72
10740 72
10750 72
10760 72
10770 72
