500 146
1000 126
1500 158
2000 134
2500 158
3000 122
3500 152
4000 151
4500 149
5000 149
5500 138
6000 153
6500 139
7000 140
7500 144
8000 145
8500 149
9000 168
9500 161
10000 147
10500 134
11000 147
11500 125
12000 155
12500 138
13000 144
13500 158
14000 151
14500 128
15000 155
15500 154
16000 145
16500 147
17000 143
17500 153
18000 155
18500 132
19000 128
19500 154
20000 150
20500 149
21000 146
21500 156
22000 141
22500 150
23000 151
23500 149
24000 154
24500 165
25000 137
25500 128
26000 146
26500 131
27000 142
27500 155
28000 144
28500 128
29000 139
29500 167
30000 131
30500 150
31000 160
31500 134
32000 153
32500 132
33000 171
33500 162
34000 162
34500 148
35000 156
35500 142
36000 155
36500 152
37000 161
37500 159
38000 153
38500 131
39000 157
39500 162
40000 154
40500 154
41000 154
41500 164
42000 141
42500 139
43000 134
43500 153
44000 136
44500 156
45000 157
45500 135
46000 133
46500 143
47000 127
47500 132
48000 157
48500 141
49000 162
49500 130
50000 150
50500 155
51000 124
51500 125
52000 140
52500 161
53000 132
53500 168
54000 144
54500 141
55000 139
55500 145
56000 132
56500 133
57000 135
57500 142
58000 160
58500 155
59000 111
59500 152
60000 149
60500 146
61000 143
61500 157
62000 147
62500 131
63000 146
63500 165
64000 158
64500 164
65000 136
65500 140
66000 151
66500 142
67000 147
67500 132
68000 169
68500 163
69000 144
69500 136
70000 148
70500 141
71000 135
71500 144
72000 144
72500 142
73000 145
73500 154
74000 132
74500 153
75000 131
75500 145
76000 165
76500 140
77000 147
77500 142
78000 157
78500 128
79000 145
79500 156
80000 143
80500 144
81000 152
81500 146
82000 125
82500 152
83000 140
83500 119
84000 142
84500 165
85000 143
85500 134
86000 132
86500 137
87000 125
87500 144
88000 145
88500 138
89000 156
89500 135
90000 141
90500 145
91000 136
91500 146
92000 138
92500 146
93000 125
93500 116
94000 126
94500 140
95000 135
95500 134
96000 146
96500 121
97000 137
97500 113
98000 138
98500 147
99000 136
99500 132
100000 139
100500 101
101000 129
101500 125
102000 144
102500 120
103000 145
103500 136
104000 117
104500 129
105000 145
105500 114
106000 144
106500 128
107000 134
107500 109
108000 136
108500 131
109000 145
109500 129
110000 131
110500 116
111000 146
111500 127
112000 141
112500 166
113000 141
113500 154
114000 121
114500 126
115000 135
115500 140
116000 137
116500 127
117000 132
117500 133
118000 130
118500 152
119000 136
119500 113
120000 153
120500 149
121000 122
121500 126
122000 155
122500 136
123000 140
123500 139
124000 130
124500 140
125000 130
125500 119
126000 127
126500 140
127000 133
127500 126
128000 136
128500 151
129000 124
129500 136
130000 141
130500 121
131000 133
131500 153
132000 125
132500 134
133000 126
133500 113
134000 136
134500 128
135000 136
135500 127
136000 138
136500 128
137000 119
137500 135
138000 134
138500 115
139000 127
139500 154
140000 139
140500 125
141000 145
141500 122
142000 126
142500 147
143000 127
143500 145
144000 118
144500 117
145000 107
145500 143
146000 113
146500 122
147000 161
147500 137
148000 140
148500 118
149000 140
149500 143
150000 118
150500 132
151000 127
151500 120
152000 151
152500 116
153000 131
153500 146
154000 124
154500 167
155000 125
155500 156
156000 129
156500 155
157000 136
157500 127
158000 129
158500 111
159000 138
159500 136
160000 146
160500 119
161000 127
161500 132
162000 146
162500 135
163000 136
163500 142
164000 122
164500 115
165000 133
165500 129
166000 133
166500 152
167000 137
167500 116
168000 134
168500 118
169000 147
169500 124
170000 103
170500 133
171000 112
171500 126
172000 125
172500 147
173000 119
173500 114
174000 122
174500 139
175000 141
175500 107
176000 129
176500 138
177000 111
177500 118
178000 124
178500 111
179000 131
179500 110
180000 125
180500 121
181000 120
181500 127
182000 135
182500 148
183000 124
183500 125
184000 109
184500 120
185000 119
185500 121
186000 116
186500 121
187000 101
187500 120
188000 116
188500 108
189000 144
189500 123
190000 104
190500 115
191000 106
191500 106
192000 108
192500 115
193000 114
193500 113
194000 111
194500 113
195000 126
195500 103
196000 108
196500 143
197000 128
197500 123
198000 107
198500 132
199000 107
199500 96
200000 137
200500 123
201000 107
201500 153
202000 102
202500 113
203000 113
203500 105
204000 139
204500 123
205000 108
205500 136
206000 111
206500 126
207000 111
207500 129
208000 103
208500 90
209000 128
209500 116
210000 127
210500 106
211000 132
211500 127
212000 133
212500 135
213000 104
213500 101
214000 126
214500 85
215000 132
215500 129
216000 112
216500 149
217000 115
217500 115
218000 98
218500 95
219000 108
219500 128
220000 108
220500 122
221000 120
221500 119
222000 136
222500 144
223000 99
223500 97
224000 100
224500 96
225000 117
225500 90
226000 97
226500 106
227000 112
227500 133
228000 116
228500 95
229000 104
229500 103
230000 127
230500 105
231000 103
231500 110
232000 110
232500 88
233000 104
233500 97
234000 131
234500 144
235000 106
235500 109
236000 107
236500 102
237000 100
237500 97
238000 88
238500 100
239000 102
239500 95
240000 95
240500 91
241000 88
241500 101
242000 87
242500 100
243000 87
243500 85
244000 83
244500 87
245000 86
245500 83
246000 127
246500 111
247000 80
247500 89
248000 105
248500 113
249000 87
249500 99
250000 90
250500 110
251000 107
251500 100
252000 105
252500 96
253000 128
253500 92
254000 85
254500 106
255000 100
255500 101
256000 83
256500 87
257000 87
257500 132
258000 99
258500 88
259000 83
259500 96
260000 89
260500 86
261000 87
261500 93
262000 82
262500 87
263000 90
263500 79
264000 104
264500 89
265000 97
265500 96
266000 85
266500 105
267000 86
267500 105
268000 93
268500 83
269000 92
269500 81
270000 82
270500 84
271000 86
271500 98
272000 103
272500 115
273000 82
273500 79
274000 78
274500 103
275000 80
275500 100
276000 88
276500 93
277000 79
277500 78
278000 80
278500 78
279000 79
279500 80
280000 100
280500 76
281000 83
281500 80
282000 111
282500 87
283000 84
283500 78
284000 96
284500 85
285000 82
285500 80
286000 115
286500 87
287000 81
287500 75
288000 82
288500 78
289000 94
289500 82
290000 76
290500 73
291000 78
291500 77
292000 80
292500 79
293000 110
293500 77
294000 86
294500 79
295000 73
295500 76
296000 74
296500 77
297000 72
297500 76
298000 84
298500 76
299000 134
299500 83
300000 117
300500 78
301000 86
301500 106
302000 91
302500 90
303000 89
303500 98
304000 105
304500 89
305000 79
305500 74
306000 106
306500 90
307000 77
307500 73
308000 70
308500 73
309000 70
309500 70
310000 72
310500 72
311000 71
311500 71
312000 74
312500 75
313000 75
313500 74
314000 73
314500 74
315000 72
315500 76
316000 78
316500 123
317000 82
317500 75
318000 73
318500 79
319000 75
319500 72
320000 71
320500 70
321000 71
321500 71
322000 71
322500 70
323000 70
323500 75
324000 75
324500 71
325000 73
325500 71
326000 70
326500 71
327000 71
327500 72
328000 74
328500 77
329000 71
329500 72
330000 72
330500 70
331000 71
331500 71
332000 70
332500 72
333000 70
333500 71
334000 71
334500 69
335000 69
335500 70
336000 69
336500 69
337000 71
337500 72
338000 71
338500 71
339000 71
339500 71
340000 71
340500 71
341000 72
341500 73
342000 72
342500 94
343000 71
343500 65
344000 65
344500 65
345000 66
345500 65
346000 65
346500 65
347000 65
347500 65
348000 65
348500 65
349000 65
349500 65
350000 65
350500 65
351000 65
351500 65
352000 65
352500 65
353000 65
353500 65
354000 65
354500 65
355000 65
355500 65
356000 66
356500 66
357000 65
357500 65
358000 65
358500 65
359000 67
359500 65
360000 65
360500 65
361000 66
361500 66
362000 65
362500 65
363000 65
363500 66
364000 66
364500 66
365000 65
365500 65
366000 65
366500 65
367000 65
367500 65
368000 65
368500 65
369000 65
369500 65
370000 65
370500 65
371000 67
371500 66
372000 66
372500 66
373000 65
373500 65
374000 65
374500 65
375000 65
375500 65
376000 65
376500 65
377000 65
377500 65
378000 65
378500 65
379000 65
379500 65
380000 65
380500 65
381000 65
381500 66
382000 66
382500 66
383000 65
383500 65
384000 65
384500 65
385000 65
385500 65
386000 65
386500 65
387000 65
387500 65
388000 65
388500 65
389000 65
389500 65
390000 65
390500 65
391000 65
391500 65
392000 65
392500 65
393000 65
393500 65
394000 65
394500 65
395000 65
395500 65
396000 65
396500 65
397000 65
397500 65
398000 65
398500 65
399000 65
399500 65
400000 65
400500 65
401000 65
401500 65
402000 65
402500 65
403000 65
403500 65
404000 65
404500 65
405000 65
405500 65
406000 65
406500 65
407000 65
407500 65
408000 65
408500 65
409000 65
409500 65
410000 65
410500 65
411000 65
411500 65
412000 65
412500 65
413000 65
413500 65
414000 65
414500 65
415000 65
415500 65
416000 65
416500 65
417000 65
417500 65
418000 65
418500 65
419000 65
419500 65
420000 65
420500 65
421000 65
421500 65
422000 65
422500 65
423000 65
423500 65
424000 65
424500 65
425000 65
425500 65
426000 65
426500 65
427000 65
427500 65
428000 65
428500 65
429000 65
429500 65
430000 65
430500 65
431000 65
431500 65
432000 65
432500 65
433000 65
433500 65
434000 65
434500 65
435000 65
435500 65
436000 65
436500 65
437000 65
437500 65
438000 65
438500 65
439000 65
439500 65
440000 65
440500 65
441000 65
441500 65
442000 65
442500 65
443000 65
443500 65
444000 65
444500 65
445000 65
445500 65
446000 65
446500 65
447000 65
447500 65
448000 65
448500 65
449000 65
449500 65
450000 65
450500 65
451000 65
451500 65
452000 65
452500 65
453000 65
453500 65
454000 65
454500 65
455000 65
455500 65
456000 65
456500 65
457000 65
457500 65
458000 65
458500 65
459000 65
459500 65
460000 65
460500 65
461000 65
461500 65
462000 65
462500 65
463000 65
463500 65
464000 65
464500 65
465000 65
465500 65
466000 65
466500 65
467000 65
467500 65
468000 65
468500 65
469000 65
469500 65
470000 65
470500 65
471000 65
471500 65
472000 65
472500 65
473000 65
473500 65
474000 65
474500 65
475000 65
475500 65
476000 65
476500 65
477000 65
477500 65
478000 65
478500 65
479000 65
479500 65
480000 65
480500 65
481000 65
481500 65
482000 65
482500 65
483000 65
483500 65
484000 65
484500 65
485000 65
485500 65
486000 65
486500 65
487000 65
487500 65
488000 65
488500 65
489000 65
489500 65
490000 65
490500 65
491000 65
491500 65
492000 65
492500 65
493000 65
493500 65
494000 65
494500 65
495000 65
495500 65
496000 65
496500 65
497000 65
497500 65
498000 65
498500 65
499000 65
499500 65
500000 65
500500 65
501000 65
501500 65
502000 65
502500 65
503000 65
503500 65
504000 65
504500 65
505000 65
505500 65
506000 65
506500 65
507000 65
507500 65
508000 65
508500 65
509000 65
509500 65
510000 65
510500 65
511000 65
511500 65
512000 65
512500 65
513000 65
513500 65
514000 65
514500 65
515000 65
515500 65
516000 65
516500 65
517000 65
517500 65
518000 65
518500 65
519000 65
519500 65
520000 65
520500 65
521000 65
521500 65
522000 65
522500 65
523000 65
523500 65
524000 65
524500 65
525000 65
525500 65
526000 65
526500 65
527000 65
527500 65
528000 65
528500 65
529000 65
529500 65
530000 65
530500 65
531000 65
531500 65
532000 65
532500 65
533000 65
533500 65
534000 65
534500 65
535000 65
535500 65
536000 65
536500 65
537000 65
537500 65
538000 65
538500 65
539000 65
539500 65
540000 65
540500 65
541000 65
541500 65
542000 65
542500 65
543000 65
543500 65
544000 65
544500 65
545000 65
545500 65
546000 65
546500 65
547000 65
547500 65
548000 65
548500 65
549000 65
549500 65
550000 65
550500 65
551000 65
551500 65
552000 65
552500 65
553000 65
553500 65
554000 65
554500 65
555000 65
555500 65
556000 65
556500 65
557000 65
557500 65
558000 65
558500 65
559000 65
559500 65
560000 65
560500 65
561000 65
561500 65
562000 65
562500 65
563000 65
563500 65
564000 65
564500 65
565000 65
565500 65
566000 65
566500 65
567000 65
567500 65
568000 65
568500 65
569000 65
569500 65
570000 65
570500 65
571000 65
571500 65
572000 65
572500 65
573000 65
573500 65
574000 65
574500 65
575000 65
575500 65
576000 65
576500 65
577000 65
577500 65
578000 65
578500 65
579000 65
579500 65
580000 65
580500 65
581000 65
581500 65
582000 65
582500 65
583000 65
583500 65
584000 65
584500 65
585000 65
585500 65
586000 65
586500 65
587000 65
587500 65
588000 65
588500 65
589000 65
589500 65
590000 65
590500 65
591000 65
591500 65
592000 65
592500 65
593000 65
593500 65
594000 65
594500 65
595000 65
595500 65
596000 65
596500 65
597000 65
597500 65
598000 65
598500 65
599000 65
599500 65
600000 65
600500 65
601000 65
601500 65
602000 65
602500 65
603000 65
603500 65
604000 65
604500 65
605000 65
605500 65
606000 65
606500 65
607000 65
607500 65
608000 65
608500 65
609000 65
609500 65
610000 65
610500 65
611000 65
611500 65
612000 65
612500 65
613000 65
613500 65
614000 65
614500 65
615000 65
615500 65
616000 65
616500 65
617000 65
617500 65
618000 65
618500 65
619000 65
619500 65
620000 65
620500 65
621000 65
621500 65
622000 65
622500 65
623000 65
623500 65
624000 65
624500 65
625000 65
625500 65
626000 65
626500 65
627000 65
627500 65
628000 65
628500 65
629000 65
629500 65
630000 65
630500 65
631000 65
631500 65
632000 65
632500 65
633000 65
633500 65
634000 65
634500 65
635000 65
635500 65
636000 65
636500 65
637000 65
637500 65
638000 65
638500 65
639000 65
639500 65
640000 65
640500 65
641000 65
641500 65
642000 65
642500 65
643000 65
643500 65
644000 65
644500 65
645000 65
645500 65
646000 65
646500 65
647000 65
647500 65
648000 65
648500 65
649000 65
649500 65
650000 65
650500 65
651000 65
651500 65
652000 65
652500 65
653000 65
653500 65
654000 65
654500 65
655000 65
655500 65
656000 65
