50 196
100 196
150 196
200 196
250 196
300 196
350 196
400 196
450 196
500 196
550 196
600 196
650 196
700 196
750 196
800 196
850 196
900 196
950 196
1000 196
1050 196
1100 196
1150 196
1200 196
1250 187
1300 187
1350 187
1400 187
1450 187
1500 187
1550 187
1600 187
1650 187
1700 187
1750 184
1800 184
1850 184
1900 184
1950 184
2000 184
2050 184
2100 184
2150 184
2200 184
2250 184
2300 184
2350 184
2400 184
2450 184
2500 184
2550 184
2600 184
2650 184
2700 184
2750 184
2800 184
2850 184
2900 184
2950 184
3000 184
3050 184
3100 184
3150 173
3200 173
3250 173
3300 173
3350 173
3400 173
3450 173
3500 173
3550 173
3600 173
3650 173
3700 173
3750 173
3800 173
3850 173
3900 173
3950 173
4000 173
4050 173
4100 173
4150 173
4200 173
4250 173
4300 173
4350 173
4400 173
4450 139
4500 139
4550 139
4600 139
4650 139
4700 139
4750 139
4800 139
4850 139
4900 139
4950 139
5000 139
5050 139
5100 139
5150 139
5200 139
5250 139
5300 139
5350 139
5400 139
5450 139
5500 139
5550 139
5600 139
5650 139
5700 139
5750 139
5800 139
5850 139
5900 139
5950 139
6000 139
6050 139
6100 139
6150 139
6200 139
6250 139
6300 139
6350 139
6400 139
6450 139
6500 139
6550 139
6600 139
6650 139
6700 139
6750 139
6800 139
6850 139
6900 139
6950 139
7000 139
7050 139
7100 139
7150 139
7200 139
7250 147
7300 147
7350 147
7400 147
7450 147
7500 147
7550 147
7600 147
7650 147
7700 147
7750 147
7800 147
7850 147
7900 147
7950 147
8000 147
8050 147
8100 147
8150 147
8200 147
8250 147
8300 147
8350 147
8400 147
8450 147
8500 147
8550 140
8600 140
8650 140
8700 140
8750 140
8800 140
8850 140
8900 140
8950 140
9000 140
9050 140
9100 140
9150 140
9200 140
9250 140
9300 132
9350 132
9400 132
9450 132
9500 132
9550 132
9600 132
9650 132
9700 132
9750 132
9800 132
9850 132
9900 132
9950 132
10000 132
10050 121
10100 121
10150 121
10200 121
10250 121
10300 121
10350 121
10400 121
10450 121
10500 121
10550 121
10600 121
10650 121
10700 121
10750 121
10800 121
10850 121
10900 121
10950 121
11000 121
11050 117
11100 117
11150 117
11200 117
11250 117
11300 117
11350 117
11400 117
11450 117
11500 117
11550 117
11600 117
11650 117
11700 117
11750 117
11800 117
11850 117
11900 117
11950 117
12000 117
12050 117
12100 117
12150 117
12200 117
12250 117
12300 117
12350 117
12400 117
12450 117
12500 117
12550 117
12600 117
12650 117
12700 117
12750 117
12800 117
12850 117
12900 117
12950 117
13000 117
13050 117
13100 117
13150 117
13200 117
13250 117
13300 117
13350 117
13400 117
13450 117
13500 117
13550 117
13600 117
13650 117
13700 117
13750 117
13800 117
13850 117
13900 117
13950 117
14000 117
14050 117
14100 106
14150 106
14200 106
14250 106
14300 106
14350 106
14400 106
14450 106
14500 106
14550 106
14600 106
14650 106
14700 98
14750 98
14800 98
14850 98
14900 98
14950 98
15000 98
15050 98
15100 98
15150 98
15200 98
15250 98
15300 98
15350 98
15400 98
15450 98
15500 98
15550 98
15600 98
15650 98
15700 98
15750 98
15800 98
15850 98
15900 98
15950 98
16000 98
16050 98
16100 98
16150 98
16200 98
16250 98
16300 98
16350 98
16400 98
16450 98
16500 98
16550 98
16600 98
16650 98
16700 98
16750 98
16800 98
16850 98
16900 98
16950 98
17000 98
17050 98
17100 98
17150 98
17200 98
17250 98
17300 98
17350 98
17400 98
17450 98
17500 98
17550 98
17600 98
17650 98
17700 98
17750 98
17800 98
17850 98
17900 98
17950 98
18000 98
18050 98
18100 98
18150 98
18200 98
18250 98
18300 98
18350 98
18400 97
18450 97
18500 97
18550 97
18600 97
18650 97
18700 97
18750 97
18800 97
18850 97
18900 97
18950 97
19000 97
19050 97
19100 97
19150 97
19200 97
19250 97
19300 97
19350 97
19400 97
19450 97
19500 97
19550 97
19600 97
19650 97
19700 97
19750 97
19800 97
19850 97
19900 97
19950 97
20000 97
20050 97
20100 97
20150 97
20200 97
20250 97
20300 97
20350 97
20400 97
20450 97
20500 97
20550 97
20600 97
20650 97
20700 97
20750 97
20800 97
20850 97
20900 97
20950 97
21000 97
21050 97
21100 97
21150 97
21200 97
21250 97
21300 97
21350 97
21400 97
21450 97
21500 97
21550 97
21600 97
21650 97
21700 97
21750 97
21800 97
21850 97
21900 97
21950 97
22000 97
22050 97
22100 97
22150 97
22200 97
22250 97
22300 97
22350 97
22400 97
22450 96
22500 96
22550 96
22600 96
22650 96
22700 96
22750 96
22800 96
22850 96
22900 93
22950 93
23000 93
23050 93
23100 93
23150 93
23200 93
23250 93
23300 93
23350 93
23400 93
23450 93
23500 93
23550 93
23600 93
23650 93
23700 93
23750 93
23800 93
23850 93
23900 93
23950 93
24000 93
24050 91
24100 91
24150 91
24200 91
24250 91
24300 91
24350 91
24400 91
24450 91
24500 91
24550 91
24600 91
24650 91
24700 91
24750 91
24800 91
24850 91
24900 91
24950 91
25000 91
25050 91
25100 91
25150 91
25200 91
25250 91
25300 91
25350 91
25400 91
25450 91
25500 91
25550 91
25600 91
25650 91
25700 91
25750 91
25800 91
25850 91
25900 91
25950 91
26000 91
26050 91
26100 91
26150 91
26200 91
26250 91
26300 91
26350 91
26400 91
26450 91
26500 91
26550 89
26600 89
26650 89
26700 89
26750 89
26800 89
26850 89
26900 89
26950 89
27000 89
27050 89
27100 89
27150 89
27200 89
27250 89
27300 89
27350 89
27400 89
27450 89
27500 89
27550 89
27600 87
27650 87
27700 87
27750 87
27800 87
27850 87
27900 87
27950 87
28000 87
28050 87
28100 87
28150 87
28200 87
28250 87
28300 87
28350 87
28400 87
28450 87
28500 87
28550 87
28600 87
28650 87
28700 87
28750 87
28800 87
28850 87
28900 87
28950 87
29000 87
29050 86
29100 86
29150 86
29200 86
29250 86
29300 86
29350 86
29400 86
29450 82
29500 82
29550 82
29600 82
29650 82
29700 82
29750 82
29800 82
29850 82
29900 82
29950 82
30000 82
30050 82
30100 81
30150 81
30200 81
30250 81
30300 81
30350 81
30400 81
30450 81
30500 81
30550 81
30600 81
30650 81
30700 81
30750 80
30800 80
30850 80
30900 80
30950 80
31000 80
31050 80
31100 80
31150 80
31200 80
31250 80
31300 80
31350 80
31400 80
31450 80
31500 80
31550 80
31600 80
31650 80
31700 80
31750 80
31800 80
31850 80
31900 77
31950 77
32000 77
32050 77
32100 77
32150 77
32200 77
32250 77
32300 77
32350 77
32400 77
32450 77
32500 77
32550 77
32600 77
32650 77
32700 77
32750 77
32800 77
32850 77
32900 77
32950 77
33000 77
33050 77
33100 77
33150 77
33200 77
33250 75
33300 75
33350 75
33400 75
33450 75
33500 75
33550 75
33600 75
33650 75
33700 75
33750 75
33800 75
33850 75
33900 75
33950 75
34000 75
34050 75
34100 75
34150 75
34200 75
34250 75
34300 75
34350 75
34400 75
34450 75
34500 75
34550 75
34600 75
34650 75
34700 75
34750 75
34800 75
34850 75
34900 75
34950 75
35000 75
35050 75
35100 75
35150 75
35200 75
35250 75
35300 75
35350 75
35400 75
35450 75
35500 75
35550 75
35600 75
35650 75
35700 75
35750 75
35800 75
35850 75
35900 75
35950 75
36000 75
36050 75
36100 75
36150 75
36200 75
36250 75
36300 75
36350 75
36400 75
36450 75
36500 75
36550 75
36600 75
36650 75
36700 75
36750 75
36800 75
36850 75
36900 75
36950 75
37000 75
37050 75
37100 75
37150 75
37200 75
37250 75
37300 75
37350 75
37400 75
37450 75
37500 75
37550 75
37600 75
37650 75
37700 75
37750 75
37800 75
37850 75
37900 75
37950 75
38000 75
38050 75
38100 75
38150 75
38200 75
38250 75
38300 75
38350 75
38400 75
38450 75
38500 75
38550 75
38600 75
38650 75
38700 75
38750 75
38800 75
38850 75
38900 75
38950 75
39000 75
39050 75
39100 75
39150 75
39200 75
39250 75
39300 75
39350 75
39400 75
39450 75
39500 75
39550 75
39600 75
39650 75
39700 75
39750 75
39800 75
39850 75
39900 75
39950 75
40000 75
40050 75
40100 75
40150 75
40200 75
40250 75
40300 75
40350 75
40400 75
40450 75
40500 75
40550 75
40600 75
40650 75
40700 75
40750 75
40800 75
40850 75
40900 75
40950 75
41000 75
41050 75
41100 75
41150 75
41200 75
41250 75
41300 75
41350 75
41400 75
41450 75
41500 75
41550 75
41600 75
41650 75
41700 75
41750 75
41800 75
41850 75
41900 75
41950 75
42000 75
42050 75
42100 75
42150 75
42200 75
42250 75
42300 75
42350 75
42400 75
42450 75
42500 75
42550 75
42600 75
42650 75
42700 75
42750 75
42800 75
42850 75
42900 75
42950 75
43000 75
43050 75
43100 75
43150 75
43200 75
43250 75
43300 75
43350 75
43400 75
43450 75
43500 75
43550 75
43600 75
43650 75
43700 75
43750 75
43800 75
43850 75
43900 75
43950 75
44000 75
44050 75
44100 75
44150 75
44200 75
44250 75
44300 75
44350 75
44400 75
44450 75
44500 75
44550 75
44600 75
44650 75
44700 75
44750 75
44800 75
44850 75
44900 75
44950 75
45000 75
45050 75
45100 75
45150 75
45200 75
45250 75
45300 75
45350 75
45400 75
45450 75
45500 75
45550 75
45600 75
45650 75
45700 75
45750 75
45800 75
45850 75
45900 75
45950 75
46000 75
46050 75
46100 75
46150 75
46200 75
46250 75
46300 75
46350 75
46400 75
46450 75
46500 75
46550 75
46600 75
46650 75
46700 75
46750 75
46800 75
46850 75
46900 75
46950 75
47000 75
47050 75
47100 75
47150 75
47200 75
47250 75
47300 75
47350 75
47400 75
47450 75
47500 75
47550 75
47600 75
47650 75
47700 75
47750 75
47800 75
47850 75
47900 75
47950 75
48000 75
48050 75
48100 75
48150 75
48200 75
48250 75
48300 75
48350 75
48400 75
48450 75
48500 75
48550 75
48600 75
48650 75
48700 75
48750 75
48800 75
48850 75
48900 75
48950 75
49000 75
49050 75
49100 75
49150 75
49200 75
49250 75
49300 75
49350 75
49400 75
49450 75
49500 75
49550 75
49600 75
49650 75
49700 75
49750 75
49800 75
49850 75
49900 75
49950 75
50000 75
50050 75
50100 75
50150 75
50200 75
50250 75
50300 75
50350 75
50400 75
50450 75
50500 75
50550 75
50600 75
50650 75
50700 75
50750 75
50800 75
50850 75
50900 75
50950 75
51000 75
51050 75
51100 75
51150 75
51200 75
51250 75
51300 75
51350 75
51400 75
51450 75
51500 75
51550 75
51600 75
51650 75
51700 75
51750 75
51800 75
51850 75
51900 75
51950 75
52000 75
52050 75
52100 75
52150 75
52200 75
52250 75
52300 75
52350 75
52400 75
52450 75
52500 75
52550 75
52600 75
52650 75
52700 75
52750 75
52800 75
52850 75
52900 75
52950 75
53000 75
53050 75
53100 75
53150 75
53200 75
53250 75
53300 75
53350 75
53400 75
53450 75
53500 75
53550 75
53600 75
53650 75
53700 75
53750 75
53800 75
53850 75
53900 75
53950 75
54000 75
54050 75
54100 75
54150 75
54200 75
54250 75
54300 75
54350 75
54400 75
54450 75
54500 75
54550 75
54600 75
54650 75
54700 75
54750 75
54800 75
54850 75
54900 75
54950 75
55000 75
55050 75
55100 75
55150 75
55200 75
55250 75
55300 75
55350 75
55400 75
55450 75
55500 75
55550 75
55600 75
55650 75
55700 75
55750 75
55800 75
55850 75
55900 75
55950 75
56000 75
56050 75
56100 75
56150 75
56200 75
56250 75
56300 75
56350 75
56400 75
56450 75
56500 75
56550 75
56600 75
56650 75
56700 75
56750 75
56800 75
56850 75
56900 75
56950 75
57000 75
57050 75
57100 75
57150 75
57200 75
57250 75
57300 75
57350 75
57400 75
57450 75
57500 75
57550 75
57600 75
