200 159
400 149
600 159
800 136
1000 155
1200 150
1400 162
1600 158
1800 140
2000 163
2200 142
2400 132
2600 147
2800 140
3000 156
3200 169
3400 148
3600 151
3800 154
4000 171
4200 142
4400 161
4600 153
4800 144
5000 121
5200 156
5400 161
5600 137
5800 166
6000 153
6200 159
6400 153
6600 128
6800 128
7000 144
7200 153
7400 162
7600 149
7800 151
8000 155
8200 162
8400 156
8600 155
8800 127
9000 144
9200 157
9400 160
9600 162
9800 134
10000 163
10200 140
10400 164
10600 147
10800 138
11000 148
11200 163
11400 147
11600 146
11800 156
12000 124
12200 155
12400 174
12600 158
12800 146
13000 129
13200 127
13400 153
13600 159
13800 143
14000 136
14200 143
14400 152
14600 140
14800 163
15000 135
15200 139
15400 141
15600 166
15800 154
16000 135
16200 167
16400 159
16600 141
16800 161
17000 146
17200 161
17400 160
17600 149
17800 158
18000 151
18200 141
18400 171
18600 160
18800 114
19000 128
19200 158
19400 148
19600 153
19800 155
20000 155
20200 163
20400 126
20600 160
20800 155
21000 174
21200 139
21400 148
21600 143
21800 133
22000 148
22200 144
22400 139
22600 166
22800 175
23000 160
23200 155
23400 161
23600 137
23800 138
24000 158
24200 151
24400 167
24600 143
24800 154
25000 150
25200 130
25400 157
25600 151
25800 141
26000 137
26200 139
26400 152
26600 152
26800 145
27000 133
27200 159
27400 156
27600 151
27800 147
28000 150
28200 155
28400 169
28600 164
28800 174
29000 153
29200 151
29400 163
29600 160
29800 154
30000 150
30200 148
30400 151
30600 137
30800 157
31000 133
31200 146
31400 138
31600 158
31800 145
32000 146
32200 164
32400 155
32600 130
32800 158
33000 158
33200 130
33400 159
33600 136
33800 164
34000 132
34200 148
34400 127
34600 152
34800 159
35000 149
35200 153
35400 156
35600 141
35800 164
36000 145
36200 145
36400 158
36600 144
36800 156
37000 158
37200 151
37400 126
37600 152
37800 151
38000 118
38200 166
38400 141
38600 146
38800 143
39000 151
39200 136
39400 151
39600 169
39800 133
40000 150
40200 140
40400 171
40600 153
40800 159
41000 165
41200 150
41400 128
41600 146
41800 160
42000 146
42200 157
42400 168
42600 166
42800 156
43000 146
43200 150
43400 174
43600 143
43800 146
44000 158
44200 146
44400 140
44600 162
44800 160
45000 133
45200 157
45400 145
45600 149
45800 126
46000 149
46200 134
46400 139
46600 151
46800 158
47000 146
47200 153
47400 157
47600 153
47800 157
48000 150
48200 145
48400 142
48600 165
48800 161
49000 145
49200 155
49400 159
49600 159
49800 147
50000 157
50200 140
50400 140
50600 134
50800 157
51000 152
51200 156
51400 157
51600 130
51800 163
52000 162
52200 139
52400 165
52600 158
52800 150
53000 165
53200 140
53400 156
53600 156
53800 144
54000 164
54200 135
54400 150
54600 156
54800 159
55000 147
55200 147
55400 137
55600 164
55800 138
56000 147
56200 143
56400 143
56600 144
56800 148
57000 153
57200 131
57400 148
57600 144
57800 145
58000 158
58200 126
58400 147
58600 145
58800 140
59000 151
59200 151
59400 153
59600 153
59800 156
60000 160
60200 151
60400 139
60600 155
60800 160
61000 158
61200 149
61400 156
61600 169
61800 162
62000 141
62200 140
62400 146
62600 154
62800 141
63000 160
63200 160
63400 142
63600 147
63800 142
64000 124
64200 137
64400 145
64600 136
64800 159
65000 156
65200 153
65400 157
65600 147
65800 153
66000 152
66200 134
66400 141
66600 143
66800 124
67000 156
67200 156
67400 151
67600 144
67800 161
68000 159
68200 160
68400 151
68600 153
68800 127
69000 140
69200 150
69400 158
69600 165
69800 149
70000 160
70200 155
70400 151
70600 158
70800 145
71000 160
71200 145
71400 135
71600 140
71800 134
72000 158
72200 147
72400 147
72600 151
72800 156
73000 142
73200 145
73400 158
73600 138
73800 147
74000 151
74200 146
74400 155
74600 140
74800 158
75000 155
75200 165
75400 144
75600 144
75800 161
76000 140
76200 165
76400 146
76600 151
76800 123
77000 168
77200 156
77400 134
77600 154
77800 151
78000 139
78200 153
78400 156
78600 137
78800 152
79000 147
79200 141
79400 157
79600 144
79800 149
80000 171
80200 155
80400 142
80600 151
80800 153
81000 155
81200 141
81400 165
81600 146
81800 157
82000 131
82200 138
82400 127
82600 134
82800 159
83000 111
83200 144
83400 165
83600 154
83800 150
84000 147
84200 145
84400 161
84600 143
84800 142
85000 151
85200 140
85400 146
85600 154
85800 173
86000 132
86200 137
86400 158
86600 146
86800 168
87000 145
87200 143
87400 155
87600 159
87800 144
88000 149
88200 159
88400 146
88600 156
88800 137
89000 139
89200 155
89400 147
89600 152
89800 164
90000 140
90200 147
90400 148
90600 161
90800 125
91000 144
91200 153
91400 156
91600 163
91800 149
92000 164
92200 158
92400 169
92600 140
92800 133
93000 154
93200 155
93400 152
93600 149
93800 165
94000 162
94200 144
94400 147
94600 138
94800 152
95000 147
95200 152
95400 139
95600 156
95800 162
96000 144
96200 132
96400 130
96600 147
96800 160
97000 167
97200 150
97400 155
97600 141
97800 140
98000 137
98200 142
98400 157
98600 160
98800 148
99000 143
99200 144
99400 158
99600 157
99800 152
100000 163
100200 160
100400 148
100600 130
100800 157
101000 127
101200 160
101400 162
101600 127
101800 164
102000 147
102200 133
102400 161
102600 163
102800 133
103000 157
103200 153
103400 165
103600 154
103800 154
104000 151
104200 151
104400 149
104600 149
104800 143
105000 151
105200 164
105400 164
105600 140
105800 153
106000 152
106200 151
106400 151
106600 147
106800 140
107000 158
107200 163
107400 141
107600 150
107800 168
108000 146
108200 139
108400 155
108600 140
108800 143
109000 131
109200 160
109400 156
109600 138
109800 160
110000 139
110200 166
110400 152
110600 146
110800 144
111000 154
111200 140
111400 154
111600 162
111800 164
112000 140
112200 147
112400 157
112600 143
112800 129
113000 150
113200 173
113400 149
113600 137
113800 158
114000 150
114200 143
114400 150
114600 158
114800 165
115000 129
115200 153
115400 143
115600 141
115800 150
116000 148
116200 168
116400 145
116600 135
116800 153
117000 152
117200 154
117400 149
117600 151
117800 170
118000 144
118200 146
118400 136
118600 122
118800 157
119000 131
119200 173
119400 154
119600 163
119800 145
120000 142
120200 168
120400 160
120600 149
120800 180
121000 158
121200 166
121400 154
121600 136
121800 146
122000 153
122200 167
122400 135
122600 163
122800 146
123000 160
123200 148
123400 166
123600 172
123800 149
124000 148
124200 157
124400 142
124600 151
124800 150
125000 172
125200 180
125400 157
125600 146
125800 147
126000 136
126200 139
126400 145
126600 156
126800 152
127000 145
127200 160
127400 151
127600 150
127800 143
128000 164
128200 143
128400 141
128600 156
128800 162
129000 158
129200 150
129400 145
129600 158
129800 131
130000 151
130200 148
130400 148
130600 172
130800 144
131000 164
131200 162
131400 169
131600 150
131800 146
132000 147
132200 155
132400 175
132600 158
132800 173
133000 160
133200 150
133400 159
133600 158
133800 168
134000 143
134200 153
134400 162
134600 132
134800 159
135000 152
135200 157
135400 165
135600 158
135800 138
136000 155
136200 169
136400 179
136600 143
136800 172
137000 137
137200 146
137400 165
137600 146
137800 156
138000 154
138200 148
138400 152
138600 164
138800 145
139000 133
139200 141
139400 152
139600 137
139800 153
140000 158
140200 156
140400 155
140600 130
140800 130
141000 177
141200 147
141400 142
141600 156
141800 119
142000 165
142200 161
142400 133
142600 136
142800 131
143000 151
143200 136
143400 150
143600 163
143800 148
144000 170
144200 152
144400 154
144600 151
144800 130
145000 159
145200 147
145400 155
145600 159
145800 148
146000 145
146200 156
146400 155
146600 154
146800 151
147000 141
147200 161
147400 158
147600 125
147800 149
148000 159
148200 151
148400 152
148600 157
148800 151
149000 148
149200 160
149400 164
149600 151
149800 165
150000 153
150200 144
150400 142
150600 136
150800 151
151000 158
151200 142
151400 147
151600 158
151800 159
152000 138
152200 143
152400 162
152600 149
152800 142
153000 165
153200 139
153400 130
153600 168
153800 157
154000 158
154200 154
154400 146
154600 152
154800 163
155000 147
155200 153
155400 159
155600 151
155800 134
156000 146
156200 146
156400 151
156600 144
156800 163
157000 143
157200 143
157400 127
157600 138
157800 171
158000 151
158200 173
158400 139
158600 130
158800 140
159000 174
159200 161
159400 160
159600 140
159800 136
160000 147
160200 148
160400 130
160600 174
160800 130
161000 138
161200 153
161400 160
161600 141
161800 146
162000 148
162200 154
162400 154
162600 136
162800 140
163000 142
163200 148
163400 148
163600 149
163800 165
164000 158
164200 144
164400 159
164600 169
164800 132
165000 164
165200 152
165400 149
165600 156
165800 173
166000 158
166200 134
166400 169
166600 148
166800 156
167000 159
167200 142
167400 136
167600 134
167800 137
168000 142
168200 148
168400 151
168600 149
168800 140
169000 159
169200 152
169400 161
169600 136
169800 149
170000 159
170200 143
170400 167
170600 145
170800 139
171000 127
171200 139
171400 145
171600 174
171800 156
172000 151
172200 138
172400 140
172600 149
172800 148
173000 142
173200 157
173400 142
173600 157
173800 163
174000 164
174200 155
174400 146
174600 173
174800 168
175000 162
175200 143
175400 170
175600 137
175800 154
176000 155
176200 169
176400 166
176600 152
176800 155
177000 176
177200 159
177400 166
177600 160
177800 147
178000 153
178200 159
178400 155
178600 153
178800 127
179000 142
179200 141
179400 147
179600 155
179800 147
180000 165
180200 137
180400 155
180600 161
180800 156
181000 154
181200 157
181400 144
181600 146
181800 147
182000 151
182200 147
182400 148
182600 132
182800 162
183000 159
183200 149
183400 158
183600 156
183800 151
184000 138
184200 142
184400 157
184600 137
184800 139
185000 152
185200 157
185400 170
185600 139
185800 159
186000 141
186200 151
186400 135
186600 140
186800 144
187000 163
187200 152
187400 149
187600 156
187800 137
188000 148
188200 164
188400 139
188600 154
188800 144
189000 151
189200 158
189400 157
189600 176
189800 153
190000 153
190200 142
190400 140
190600 142
190800 156
191000 130
191200 160
191400 158
191600 135
191800 146
192000 147
192200 137
192400 147
192600 147
192800 142
193000 176
193200 146
193400 164
193600 135
193800 164
194000 151
194200 158
194400 139
194600 146
194800 171
195000 135
195200 156
195400 142
195600 134
195800 140
196000 154
196200 145
196400 153
196600 157
196800 148
197000 154
197200 157
197400 143
197600 157
197800 152
198000 153
198200 140
198400 162
198600 144
198800 140
199000 157
199200 148
199400 166
199600 139
199800 134
200000 139
200200 149
200400 166
200600 162
200800 134
201000 145
201200 144
201400 151
201600 158
201800 156
202000 144
202200 147
202400 142
202600 166
202800 150
203000 153
203200 152
203400 161
203600 135
203800 136
204000 165
204200 161
204400 146
204600 159
204800 152
205000 145
205200 149
205400 139
205600 163
205800 143
206000 129
206200 151
206400 165
206600 127
206800 169
207000 147
207200 133
207400 156
207600 153
207800 146
208000 140
208200 141
208400 150
208600 155
208800 158
209000 136
209200 155
209400 123
209600 162
209800 129
210000 152
210200 149
210400 144
210600 149
210800 146
211000 145
211200 135
211400 154
211600 134
211800 160
212000 135
212200 155
212400 124
212600 146
212800 143
213000 157
213200 164
213400 130
213600 139
213800 147
214000 160
214200 133
214400 145
214600 152
214800 158
215000 163
215200 147
215400 165
215600 146
215800 165
216000 156
216200 159
216400 146
216600 156
216800 143
217000 160
217200 162
217400 145
217600 138
217800 175
218000 154
218200 134
218400 172
218600 151
218800 169
219000 162
219200 160
219400 163
219600 170
219800 133
220000 156
220200 143
220400 151
220600 133
220800 142
221000 162
221200 154
221400 157
221600 137
221800 145
222000 160
222200 148
222400 160
222600 152
222800 161
223000 157
223200 149
223400 149
223600 167
223800 162
224000 139
224200 147
224400 143
224600 146
224800 133
225000 132
225200 139
225400 153
225600 153
225800 128
226000 141
226200 145
226400 158
226600 156
226800 158
227000 169
227200 134
227400 144
227600 156
227800 171
228000 139
228200 138
228400 169
228600 174
228800 143
229000 151
229200 147
229400 162
229600 155
229800 162
230000 136
230200 169
230400 161
230600 130
230800 161
231000 140
231200 170
231400 163
231600 151
231800 145
232000 155
232200 143
232400 146
232600 140
232800 150
233000 160
233200 149
233400 150
233600 153
233800 135
234000 152
234200 146
234400 155
234600 147
234800 164
235000 163
235200 147
235400 161
235600 169
235800 155
236000 165
236200 150
236400 162
236600 119
236800 145
237000 150
237200 153
237400 173
237600 157
237800 151
238000 151
238200 146
238400 163
238600 166
238800 147
239000 154
239200 139
239400 133
239600 149
239800 153
240000 147
240200 175
240400 149
240600 170
240800 159
241000 148
241200 153
241400 139
241600 150
241800 139
242000 172
242200 162
242400 146
242600 157
242800 145
243000 138
243200 153
243400 148
243600 150
243800 150
244000 154
244200 157
244400 164
244600 154
244800 154
245000 154
245200 160
245400 137
245600 167
245800 141
246000 140
246200 154
246400 147
246600 156
246800 145
247000 163
247200 142
247400 135
247600 146
247800 153
248000 144
248200 161
248400 121
248600 140
248800 146
249000 162
249200 168
249400 156
249600 150
249800 162
250000 152
250200 145
250400 167
250600 139
250800 156
251000 151
251200 151
251400 141
251600 156
251800 158
252000 156
252200 151
252400 162
252600 129
252800 170
253000 154
253200 148
253400 135
253600 152
253800 149
254000 147
254200 154
254400 169
254600 151
254800 150
255000 138
255200 164
255400 139
255600 172
255800 162
256000 151
256200 155
256400 138
256600 141
256800 160
257000 130
257200 148
257400 143
257600 172
257800 168
258000 154
258200 161
258400 140
258600 157
258800 149
259000 149
259200 148
259400 134
259600 147
259800 166
260000 150
260200 159
260400 170
260600 138
260800 149
261000 145
261200 176
261400 155
261600 158
261800 171
262000 164
262200 161
262400 146
262600 155
262800 152
263000 156
263200 178
263400 175
263600 139
263800 146
264000 149
264200 147
264400 159
264600 132
264800 149
265000 158
265200 154
265400 148
265600 168
265800 157
266000 154
266200 152
266400 147
266600 154
266800 159
267000 152
267200 148
267400 119
267600 154
267800 140
268000 151
268200 140
268400 169
268600 150
268800 153
269000 143
269200 149
269400 123
269600 153
269800 140
270000 156
270200 148
270400 148
270600 147
270800 146
271000 164
271200 157
271400 161
271600 149
271800 152
272000 138
272200 150
272400 154
272600 154
272800 145
273000 149
273200 143
273400 144
273600 155
273800 135
274000 151
274200 150
274400 159
274600 152
274800 161
275000 146
275200 162
275400 152
275600 151
275800 132
276000 153
276200 136
276400 154
276600 141
276800 164
277000 150
277200 146
277400 136
277600 151
277800 155
278000 162
278200 156
278400 134
278600 140
278800 135
279000 159
279200 156
279400 147
279600 146
279800 141
280000 133
280200 124
280400 137
280600 151
280800 155
281000 168
281200 147
281400 148
281600 134
281800 141
282000 147
282200 152
282400 139
282600 137
282800 134
283000 157
283200 157
283400 161
283600 148
283800 149
284000 145
284200 156
284400 153
284600 124
284800 165
285000 127
285200 140
285400 159
285600 150
285800 144
286000 128
286200 153
286400 140
286600 148
286800 161
287000 152
287200 154
287400 171
287600 136
287800 169
288000 161
288200 152
288400 137
288600 149
288800 145
289000 157
289200 145
289400 133
289600 152
289800 145
290000 138
290200 156
290400 160
290600 157
290800 163
291000 139
291200 169
291400 138
291600 132
291800 160
292000 140
292200 162
292400 146
292600 156
292800 143
293000 152
293200 154
293400 134
293600 147
293800 150
294000 154
294200 149
294400 143
294600 141
294800 152
295000 145
295200 125
295400 138
295600 142
295800 144
296000 141
296200 166
296400 157
296600 152
296800 136
297000 161
297200 132
297400 152
297600 143
297800 168
298000 147
298200 153
298400 159
298600 126
298800 139
299000 151
299200 157
299400 127
299600 166
299800 140
300000 140
300200 166
300400 148
300600 151
300800 146
301000 143
301200 155
301400 149
301600 150
301800 143
302000 153
302200 158
302400 152
302600 157
302800 155
303000 158
303200 149
303400 166
303600 155
303800 143
304000 147
304200 159
304400 128
304600 131
304800 156
305000 166
305200 144
305400 163
305600 161
305800 120
306000 149
306200 149
306400 153
306600 167
306800 150
307000 167
307200 136
307400 137
307600 163
307800 151
308000 138
308200 149
308400 180
308600 159
308800 152
309000 149
309200 146
309400 155
309600 145
309800 142
310000 148
310200 153
310400 146
310600 132
310800 152
311000 140
311200 159
311400 139
311600 153
311800 178
312000 151
312200 136
312400 143
312600 140
312800 143
313000 145
313200 154
313400 150
313600 153
313800 133
314000 157
314200 152
314400 126
314600 143
314800 154
315000 161
315200 163
315400 164
315600 163
315800 154
316000 168
316200 124
316400 150
316600 157
316800 153
317000 112
317200 135
317400 151
317600 159
317800 175
318000 148
318200 146
318400 149
318600 119
318800 125
319000 133
319200 143
319400 144
319600 147
319800 139
320000 136
320200 144
320400 143
320600 167
320800 153
321000 145
321200 158
321400 159
321600 146
321800 159
322000 153
322200 150
322400 151
322600 162
322800 152
323000 140
323200 156
323400 138
323600 157
323800 152
324000 160
324200 162
324400 162
324600 129
324800 154
325000 135
325200 145
325400 148
325600 143
325800 163
326000 155
326200 156
326400 145
326600 137
326800 157
327000 171
327200 137
327400 150
327600 162
327800 134
328000 149
328200 160
328400 159
328600 170
328800 175
329000 143
329200 137
329400 136
329600 151
329800 154
330000 136
330200 142
330400 136
330600 148
330800 134
331000 140
331200 156
331400 131
331600 125
331800 143
332000 134
332200 148
332400 167
332600 150
332800 149
333000 164
333200 155
333400 161
333600 164
333800 137
334000 149
334200 162
334400 158
334600 162
334800 149
335000 138
335200 145
335400 141
335600 155
335800 161
336000 144
336200 130
336400 139
336600 163
336800 151
337000 144
337200 140
337400 157
337600 150
337800 144
338000 142
338200 143
338400 152
338600 159
338800 150
339000 162
339200 164
339400 145
339600 156
339800 144
340000 128
340200 168
340400 164
340600 159
340800 155
341000 158
341200 131
341400 131
341600 149
341800 155
342000 176
342200 158
342400 156
342600 142
342800 133
343000 164
343200 167
343400 151
343600 136
343800 120
344000 147
344200 153
344400 156
344600 144
344800 146
345000 149
345200 150
345400 152
345600 152
345800 146
346000 160
346200 152
346400 164
346600 126
346800 139
347000 165
347200 147
347400 155
347600 144
347800 147
348000 161
348200 148
348400 156
348600 162
348800 146
349000 139
349200 155
349400 156
349600 139
349800 156
350000 150
350200 150
350400 156
350600 122
350800 149
351000 147
351200 163
351400 153
351600 140
351800 159
352000 153
352200 169
352400 138
352600 163
352800 147
353000 159
353200 139
353400 141
353600 149
353800 150
354000 139
354200 138
354400 161
354600 142
354800 179
355000 143
355200 145
355400 150
355600 152
355800 144
356000 154
356200 153
356400 141
356600 134
356800 155
357000 152
357200 150
357400 159
357600 134
357800 157
358000 139
358200 159
358400 148
358600 153
358800 137
359000 159
359200 155
359400 158
359600 140
359800 162
360000 147
360200 154
360400 156
360600 130
360800 151
361000 123
361200 154
361400 155
361600 145
361800 136
362000 149
362200 144
362400 178
362600 161
362800 158
363000 161
363200 140
363400 138
363600 144
363800 147
364000 158
364200 142
364400 148
364600 158
364800 150
365000 164
365200 135
365400 143
365600 138
365800 143
366000 146
366200 147
366400 155
366600 156
366800 142
367000 142
367200 141
367400 146
367600 142
367800 135
368000 139
368200 163
368400 163
368600 161
368800 140
369000 157
369200 156
369400 157
369600 153
369800 168
370000 161
370200 161
370400 159
370600 146
370800 138
371000 144
371200 136
371400 149
371600 146
371800 158
372000 148
372200 145
372400 146
372600 147
372800 156
373000 176
373200 163
373400 145
373600 142
373800 157
374000 167
374200 150
374400 128
374600 154
374800 148
375000 144
375200 163
375400 150
375600 146
375800 158
376000 152
376200 129
376400 143
376600 147
376800 157
377000 143
377200 143
377400 151
377600 152
377800 161
378000 154
378200 161
378400 157
378600 141
378800 133
379000 149
379200 154
379400 142
379600 142
379800 153
380000 156
380200 150
380400 165
380600 150
380800 143
381000 132
381200 140
381400 156
381600 169
381800 159
382000 149
382200 146
382400 155
382600 151
382800 157
383000 138
383200 161
383400 151
383600 138
383800 157
384000 140
384200 158
384400 159
384600 159
384800 159
385000 140
385200 143
385400 166
385600 155
385800 152
386000 146
386200 146
386400 150
386600 130
386800 155
387000 179
387200 164
387400 151
387600 148
387800 143
388000 165
388200 145
388400 157
388600 137
388800 172
389000 161
389200 156
389400 159
389600 151
389800 146
390000 147
390200 167
390400 145
390600 168
390800 146
391000 136
391200 142
391400 162
391600 155
391800 128
392000 159
392200 144
392400 156
392600 151
392800 146
393000 158
393200 135
393400 150
393600 153
393800 164
394000 134
394200 142
394400 124
394600 165
394800 144
395000 174
395200 143
395400 154
395600 147
395800 151
396000 161
396200 148
396400 148
396600 151
396800 132
397000 158
397200 135
397400 151
397600 135
397800 147
398000 160
398200 154
398400 159
398600 146
398800 141
399000 165
399200 152
399400 174
399600 144
399800 156
400000 148
400200 146
400400 156
400600 135
400800 146
401000 163
401200 131
401400 166
401600 145
401800 144
402000 150
402200 159
402400 148
402600 159
402800 144
403000 123
403200 169
403400 178
403600 136
403800 160
404000 153
404200 158
404400 148
404600 152
404800 144
405000 149
405200 145
405400 147
405600 162
405800 162
406000 145
406200 143
406400 129
406600 145
406800 164
407000 162
407200 168
407400 149
407600 150
407800 145
408000 145
408200 143
408400 152
408600 146
408800 152
409000 155
409200 146
409400 131
409600 152
409800 170
410000 152
410200 141
410400 172
410600 157
410800 155
411000 127
411200 157
411400 151
411600 146
411800 153
412000 165
412200 168
412400 145
412600 138
412800 150
413000 134
413200 140
413400 152
413600 158
413800 138
414000 163
414200 161
414400 142
414600 139
414800 143
415000 151
415200 151
415400 138
415600 128
415800 153
416000 157
416200 152
416400 135
416600 136
416800 142
417000 137
417200 147
417400 138
417600 152
417800 165
418000 145
418200 167
418400 135
418600 150
418800 151
419000 153
419200 145
419400 134
419600 168
419800 158
420000 155
420200 156
420400 173
420600 136
420800 172
421000 145
421200 155
421400 158
421600 157
421800 142
422000 120
422200 157
422400 149
422600 155
422800 156
423000 162
423200 162
423400 157
423600 167
423800 172
424000 165
424200 141
424400 163
424600 144
424800 174
425000 156
425200 140
425400 121
425600 146
425800 158
426000 157
426200 147
426400 156
426600 154
426800 161
427000 162
427200 159
427400 166
427600 150
427800 156
428000 145
428200 154
428400 148
428600 140
428800 168
429000 171
429200 146
429400 148
429600 146
429800 157
430000 164
430200 151
430400 166
430600 167
430800 155
431000 161
431200 147
431400 140
431600 161
431800 134
432000 150
432200 157
432400 160
432600 158
432800 155
433000 170
433200 162
433400 161
433600 142
433800 150
434000 166
434200 155
434400 151
434600 153
434800 155
435000 165
435200 157
435400 145
435600 129
435800 158
436000 148
436200 163
436400 138
436600 137
436800 155
437000 157
437200 143
437400 131
437600 138
437800 134
438000 151
438200 164
438400 143
438600 157
438800 154
439000 145
439200 155
439400 137
439600 136
439800 128
440000 174
440200 136
440400 176
440600 158
440800 152
441000 154
441200 155
441400 142
441600 147
441800 143
442000 139
442200 166
442400 137
442600 164
442800 148
443000 153
443200 155
443400 164
443600 164
443800 158
444000 146
444200 146
444400 156
444600 153
444800 151
445000 150
445200 148
445400 149
445600 154
445800 155
446000 133
446200 142
446400 147
446600 145
446800 144
447000 143
447200 154
447400 169
447600 159
447800 149
448000 135
448200 150
448400 154
448600 154
448800 128
449000 150
449200 143
449400 130
449600 151
449800 150
450000 166
450200 136
450400 150
450600 135
450800 154
451000 165
451200 145
451400 169
451600 143
451800 142
452000 142
452200 151
452400 156
452600 150
452800 133
453000 137
453200 152
453400 148
453600 116
453800 161
454000 152
454200 144
454400 150
454600 169
454800 153
455000 161
455200 164
455400 152
455600 158
455800 161
456000 146
456200 155
456400 149
456600 149
456800 151
457000 156
457200 162
457400 145
457600 159
457800 145
458000 155
458200 156
458400 142
458600 157
458800 133
459000 139
459200 152
459400 154
459600 133
459800 161
460000 157
460200 154
460400 148
460600 129
460800 141
461000 140
461200 162
461400 164
461600 159
461800 158
462000 159
462200 144
462400 152
462600 148
462800 155
463000 140
463200 144
463400 151
463600 167
463800 137
464000 153
464200 145
464400 152
464600 154
464800 138
465000 147
465200 161
465400 125
465600 156
465800 145
466000 150
466200 168
466400 149
466600 149
466800 138
467000 163
467200 156
467400 150
467600 154
467800 161
468000 163
468200 133
468400 150
468600 151
468800 139
469000 147
469200 152
469400 153
469600 148
469800 149
470000 167
470200 117
470400 144
470600 142
470800 148
471000 144
471200 158
471400 147
471600 149
471800 159
472000 146
472200 169
472400 141
472600 162
472800 167
473000 160
473200 162
473400 161
473600 139
473800 153
474000 149
474200 162
474400 159
474600 143
474800 159
475000 163
475200 143
475400 177
475600 151
475800 153
476000 127
476200 144
476400 161
476600 166
476800 149
477000 139
477200 155
477400 147
477600 144
477800 165
478000 157
478200 146
478400 157
478600 162
478800 161
479000 135
479200 158
479400 129
479600 161
479800 163
480000 142
480200 149
480400 143
480600 162
480800 157
481000 156
481200 151
481400 143
481600 166
481800 151
482000 159
482200 168
482400 140
482600 150
482800 141
483000 160
483200 150
483400 142
483600 146
483800 159
484000 166
484200 145
484400 139
484600 149
484800 149
485000 145
485200 158
485400 135
485600 140
485800 161
486000 163
486200 166
486400 141
486600 160
486800 143
487000 139
487200 149
487400 132
487600 150
487800 139
488000 139
488200 160
488400 145
488600 147
488800 153
489000 142
489200 149
489400 176
489600 138
489800 161
490000 170
490200 159
490400 141
490600 148
490800 163
491000 153
491200 135
491400 141
491600 146
491800 144
492000 147
492200 150
492400 155
492600 166
492800 132
493000 145
493200 137
493400 145
493600 148
493800 138
494000 160
494200 135
494400 153
494600 159
494800 151
495000 152
495200 154
495400 152
495600 162
495800 147
496000 166
496200 134
496400 151
496600 142
496800 146
497000 138
497200 152
497400 130
497600 148
497800 169
498000 135
498200 138
498400 153
498600 133
498800 152
499000 151
499200 141
499400 167
499600 158
499800 143
500000 145
500200 129
500400 154
500600 160
500800 145
501000 149
501200 134
501400 155
501600 143
501800 145
502000 157
502200 144
502400 144
502600 127
502800 155
503000 164
503200 145
503400 126
503600 159
503800 147
504000 160
504200 155
504400 158
504600 146
504800 146
505000 147
505200 152
505400 153
505600 146
505800 145
506000 134
506200 157
506400 145
506600 156
506800 164
507000 160
507200 154
507400 148
507600 166
507800 168
508000 167
508200 128
508400 159
508600 141
508800 167
509000 165
509200 150
509400 172
509600 149
509800 148
510000 151
510200 153
510400 151
510600 152
510800 173
511000 140
511200 142
511400 140
511600 152
511800 144
512000 126
512200 165
512400 152
512600 145
512800 155
513000 147
513200 166
513400 158
513600 145
513800 148
514000 160
514200 140
514400 138
514600 137
514800 141
515000 120
515200 153
515400 149
515600 133
515800 159
516000 150
516200 160
516400 145
516600 167
516800 141
517000 119
517200 132
517400 127
517600 152
517800 141
518000 168
518200 146
518400 153
518600 156
518800 165
519000 150
519200 147
519400 147
519600 165
519800 152
520000 137
520200 140
520400 172
520600 144
520800 137
521000 141
521200 146
521400 141
521600 158
521800 151
522000 128
522200 145
522400 138
522600 150
522800 123
523000 152
523200 157
523400 161
523600 160
523800 163
524000 145
524200 170
524400 156
524600 144
524800 139
525000 147
525200 164
525400 157
525600 141
525800 159
526000 155
526200 162
526400 149
526600 150
526800 118
527000 117
527200 150
527400 124
527600 128
527800 152
528000 139
528200 145
528400 164
528600 139
528800 157
529000 134
529200 144
529400 155
529600 140
529800 137
530000 134
530200 171
530400 165
530600 163
530800 151
531000 154
531200 147
531400 166
531600 163
531800 137
532000 147
532200 144
532400 139
532600 158
532800 155
533000 172
533200 159
533400 140
533600 152
533800 139
534000 167
534200 139
534400 163
534600 159
534800 139
535000 151
535200 155
535400 136
535600 165
535800 146
536000 171
536200 164
536400 148
536600 159
536800 157
537000 152
537200 168
537400 150
537600 151
537800 152
538000 174
538200 151
538400 158
538600 142
538800 139
539000 152
539200 144
539400 148
539600 156
539800 146
540000 153
540200 146
540400 150
540600 147
540800 148
541000 152
541200 129
541400 136
541600 140
541800 156
542000 141
542200 163
542400 152
542600 152
542800 151
543000 150
543200 142
543400 141
543600 136
543800 150
544000 130
544200 137
544400 135
544600 160
544800 151
545000 156
545200 155
545400 158
545600 151
545800 142
546000 150
546200 146
546400 142
546600 154
546800 126
547000 152
547200 173
547400 149
547600 147
547800 176
548000 147
548200 158
548400 136
548600 153
548800 147
549000 146
549200 164
549400 155
549600 143
549800 158
550000 154
550200 141
550400 129
550600 146
550800 139
551000 160
551200 143
551400 156
551600 139
551800 146
552000 157
552200 139
552400 153
552600 148
552800 155
553000 141
553200 167
553400 137
553600 146
553800 152
554000 150
554200 163
554400 150
554600 153
554800 152
555000 150
555200 152
555400 169
555600 170
555800 141
556000 139
556200 155
556400 165
556600 151
556800 143
557000 153
557200 145
557400 141
557600 135
557800 158
558000 148
558200 149
558400 158
558600 130
558800 158
559000 161
559200 149
559400 164
559600 147
559800 142
560000 137
560200 159
560400 161
560600 161
560800 133
561000 144
561200 150
561400 159
561600 170
561800 150
562000 141
562200 127
562400 156
562600 165
562800 154
563000 161
563200 131
563400 141
563600 140
563800 158
564000 157
564200 152
564400 164
564600 164
564800 132
565000 155
565200 135
565400 146
565600 174
565800 129
566000 135
566200 155
566400 174
566600 159
566800 168
567000 166
567200 138
567400 158
567600 163
567800 150
568000 140
568200 154
568400 141
568600 142
568800 145
569000 143
569200 147
569400 130
569600 156
569800 148
570000 139
570200 155
570400 144
570600 170
570800 160
571000 156
571200 152
571400 156
571600 162
571800 157
572000 147
572200 145
572400 148
572600 170
572800 161
573000 146
573200 142
573400 147
573600 134
573800 143
574000 150
574200 135
574400 157
574600 164
574800 143
575000 150
575200 169
575400 166
575600 150
575800 147
576000 144
576200 146
576400 141
576600 154
576800 141
577000 155
577200 162
577400 142
577600 149
577800 152
578000 134
578200 133
578400 142
578600 123
578800 155
579000 161
579200 147
579400 153
579600 143
579800 161
580000 165
580200 150
580400 142
580600 127
580800 140
581000 155
581200 152
581400 152
581600 146
581800 136
582000 137
582200 163
582400 151
582600 161
582800 172
583000 133
583200 147
583400 175
583600 161
583800 155
584000 156
584200 159
584400 147
584600 147
584800 157
585000 173
585200 151
585400 163
585600 158
585800 164
586000 145
586200 154
586400 155
586600 128
586800 134
587000 159
587200 144
587400 137
587600 173
587800 137
588000 132
588200 148
588400 144
588600 161
588800 162
589000 156
589200 158
589400 148
589600 145
589800 156
590000 157
590200 145
590400 144
590600 147
590800 158
591000 157
591200 143
591400 163
591600 137
591800 162
592000 148
592200 167
592400 145
592600 134
592800 165
593000 157
593200 159
593400 143
593600 158
593800 154
594000 147
594200 138
594400 139
594600 139
594800 163
595000 143
595200 138
595400 160
595600 154
595800 150
596000 167
596200 162
596400 150
596600 154
596800 153
597000 152
597200 153
597400 142
597600 161
597800 132
598000 128
598200 153
598400 166
598600 131
598800 145
599000 155
599200 137
599400 123
599600 144
599800 155
600000 139
600200 143
600400 163
600600 149
600800 135
601000 172
601200 178
601400 136
601600 147
601800 131
602000 152
602200 146
602400 152
602600 176
602800 155
603000 158
603200 154
603400 148
603600 147
603800 145
604000 160
604200 141
604400 148
604600 152
604800 162
605000 153
605200 133
605400 162
605600 174
605800 145
606000 152
606200 151
606400 150
606600 139
606800 154
607000 150
607200 143
607400 143
607600 166
607800 139
608000 145
608200 161
608400 155
608600 154
608800 153
609000 152
609200 135
609400 133
609600 147
609800 155
610000 130
610200 153
610400 166
610600 147
610800 154
611000 162
611200 171
611400 137
611600 156
611800 147
612000 139
612200 159
612400 138
612600 164
612800 135
613000 172
613200 159
613400 139
613600 161
613800 163
614000 151
614200 169
614400 141
614600 147
614800 147
615000 171
615200 136
615400 138
615600 142
615800 169
616000 145
616200 147
616400 163
616600 135
616800 148
617000 141
617200 153
617400 149
617600 173
617800 158
618000 170
618200 149
618400 124
618600 161
618800 150
619000 153
619200 148
619400 150
619600 169
619800 159
620000 139
620200 127
620400 157
620600 159
620800 167
621000 150
621200 148
621400 138
621600 156
621800 150
622000 156
622200 166
622400 141
622600 142
622800 161
623000 159
623200 152
623400 156
623600 154
623800 168
624000 156
624200 144
624400 159
624600 157
624800 134
625000 139
625200 154
625400 135
625600 164
625800 168
626000 134
626200 162
626400 137
626600 131
626800 136
627000 139
627200 149
627400 156
627600 170
627800 151
628000 154
628200 162
628400 183
628600 145
628800 146
629000 139
629200 141
629400 159
629600 162
629800 165
630000 131
630200 146
630400 151
630600 159
630800 160
631000 168
631200 147
631400 160
631600 149
631800 161
632000 161
632200 156
632400 148
632600 147
632800 147
633000 144
633200 158
633400 159
633600 166
633800 172
634000 153
634200 122
634400 133
634600 142
634800 129
635000 138
635200 137
635400 140
635600 139
635800 149
636000 142
636200 164
636400 167
636600 156
636800 170
637000 154
637200 164
637400 151
637600 153
637800 168
638000 154
638200 148
638400 150
638600 132
638800 153
639000 155
639200 148
639400 138
639600 140
639800 144
640000 161
640200 148
640400 142
640600 159
640800 148
641000 128
641200 147
641400 153
641600 144
641800 151
642000 141
642200 145
642400 155
642600 147
642800 135
643000 148
643200 136
643400 168
643600 138
643800 149
644000 168
644200 149
644400 166
644600 146
644800 144
645000 140
645200 150
645400 148
645600 139
645800 147
646000 139
646200 154
646400 166
646600 167
646800 153
647000 155
647200 146
647400 133
647600 144
647800 167
648000 150
648200 154
648400 148
648600 158
648800 142
649000 149
649200 149
649400 150
649600 169
649800 160
650000 136
650200 125
650400 158
650600 159
650800 164
651000 158
651200 154
651400 162
651600 159
651800 134
652000 143
652200 130
652400 166
652600 150
652800 155
653000 166
653200 142
653400 138
653600 139
653800 167
654000 143
654200 170
654400 139
654600 137
654800 145
655000 158
655200 135
655400 140
655600 143
655800 141
656000 147
656200 148
656400 147
656600 156
656800 156
657000 143
657200 165
657400 132
657600 162
657800 160
658000 154
658200 155
658400 150
658600 160
658800 155
659000 151
659200 138
659400 141
659600 135
659800 142
660000 153
660200 140
660400 163
660600 144
660800 132
661000 150
661200 128
661400 157
661600 152
661800 154
662000 161
662200 147
662400 162
662600 170
662800 154
663000 159
663200 149
663400 154
663600 130
663800 153
664000 155
664200 159
664400 144
664600 162
664800 146
665000 153
665200 144
665400 146
665600 135
665800 139
666000 157
666200 154
666400 158
666600 156
666800 148
667000 150
667200 156
667400 168
667600 154
667800 144
668000 159
668200 150
668400 136
668600 150
668800 151
669000 164
669200 169
669400 155
669600 138
669800 125
670000 147
670200 145
670400 157
670600 150
670800 144
671000 155
671200 171
671400 137
671600 150
671800 160
672000 141
672200 150
672400 151
672600 133
672800 150
673000 158
673200 156
673400 168
673600 155
673800 154
674000 134
674200 149
674400 151
674600 150
674800 145
675000 155
675200 158
675400 139
675600 159
675800 153
676000 132
676200 150
676400 153
676600 141
676800 142
677000 154
677200 148
677400 152
677600 138
677800 145
678000 166
678200 151
678400 131
678600 150
678800 147
679000 143
679200 153
679400 149
679600 144
679800 154
680000 137
680200 160
680400 162
680600 154
680800 161
681000 148
681200 168
681400 150
681600 137
681800 156
682000 145
682200 164
682400 157
682600 168
682800 170
683000 151
683200 149
683400 154
683600 138
683800 108
684000 149
684200 148
684400 130
684600 149
684800 154
685000 154
685200 133
685400 127
685600 153
685800 155
686000 138
686200 156
686400 154
686600 144
686800 140
687000 136
687200 146
687400 144
687600 139
687800 144
688000 146
688200 132
688400 128
688600 155
688800 156
689000 156
689200 168
689400 152
689600 139
689800 145
690000 144
690200 146
690400 152
690600 137
690800 143
691000 144
691200 165
691400 154
691600 154
691800 174
692000 164
692200 156
692400 157
692600 138
692800 150
693000 135
693200 141
693400 141
693600 155
693800 155
694000 154
694200 145
694400 145
694600 154
694800 155
695000 154
695200 151
695400 146
695600 148
695800 149
696000 171
696200 127
696400 143
696600 166
696800 143
697000 160
697200 152
697400 140
697600 135
697800 148
698000 145
698200 151
698400 163
698600 143
698800 174
699000 141
699200 135
699400 148
699600 158
699800 156
700000 158
700200 144
700400 143
700600 150
700800 160
701000 150
701200 161
701400 134
701600 138
701800 176
702000 155
702200 156
702400 149
702600 157
702800 156
703000 147
703200 166
703400 141
703600 154
703800 163
704000 162
704200 144
704400 140
704600 150
704800 157
705000 137
705200 151
705400 153
705600 133
705800 143
706000 156
706200 154
706400 148
706600 164
706800 140
707000 153
707200 156
707400 161
707600 135
707800 136
708000 154
708200 151
708400 147
708600 146
708800 148
709000 171
709200 157
709400 152
709600 151
709800 165
710000 172
710200 150
710400 177
710600 152
710800 155
711000 144
711200 169
711400 144
711600 153
711800 151
712000 151
712200 158
712400 161
712600 153
712800 163
713000 166
713200 142
713400 148
713600 156
713800 160
714000 142
714200 153
714400 133
714600 145
714800 160
715000 166
715200 164
715400 145
715600 149
715800 162
716000 150
716200 165
716400 165
716600 131
716800 146
717000 154
717200 161
717400 156
717600 165
717800 146
718000 152
718200 158
718400 151
718600 158
718800 156
719000 149
719200 151
719400 146
719600 135
719800 144
720000 156
720200 155
720400 147
720600 160
720800 151
721000 138
721200 148
721400 164
721600 147
721800 152
722000 133
722200 148
722400 140
722600 137
722800 134
723000 151
723200 147
723400 137
723600 151
723800 143
724000 158
724200 141
724400 158
724600 146
724800 154
725000 161
725200 160
725400 145
725600 167
725800 156
726000 180
726200 147
726400 133
726600 147
726800 158
727000 143
727200 149
727400 133
727600 134
727800 157
728000 142
728200 159
728400 133
728600 148
728800 149
729000 157
729200 129
729400 147
729600 153
729800 151
730000 142
730200 147
730400 146
730600 138
730800 141
731000 154
731200 151
731400 144
731600 163
731800 120
732000 152
732200 166
732400 163
732600 151
732800 155
733000 158
733200 159
733400 152
733600 153
733800 143
734000 149
734200 162
734400 155
734600 152
734800 148
735000 155
735200 155
735400 149
735600 154
735800 147
736000 151
736200 170
736400 155
736600 156
736800 144
737000 161
737200 154
737400 146
737600 148
737800 151
738000 155
738200 157
738400 120
738600 158
738800 149
739000 151
739200 138
739400 151
739600 163
739800 147
740000 152
740200 128
740400 131
740600 154
740800 154
741000 154
741200 130
741400 145
741600 150
741800 154
742000 152
742200 153
742400 135
742600 148
742800 150
743000 148
743200 133
743400 154
743600 158
743800 153
744000 143
744200 157
744400 143
744600 162
744800 145
745000 139
745200 152
745400 166
745600 152
745800 149
746000 161
746200 156
746400 155
746600 147
746800 158
747000 126
747200 146
747400 137
747600 137
747800 163
748000 158
748200 168
748400 153
748600 154
748800 141
749000 129
749200 152
749400 147
749600 144
749800 133
750000 148
750200 145
750400 161
750600 130
750800 172
751000 151
751200 143
751400 145
751600 151
751800 125
752000 151
752200 151
752400 172
752600 144
752800 146
753000 137
753200 158
753400 131
753600 141
753800 162
754000 142
754200 156
754400 163
754600 166
754800 147
755000 172
755200 160
755400 151
755600 156
755800 150
756000 155
756200 141
756400 148
756600 150
756800 141
757000 149
757200 142
757400 166
757600 163
757800 174
758000 135
758200 152
758400 141
758600 161
758800 151
759000 157
759200 127
759400 148
759600 140
759800 124
760000 171
760200 141
760400 167
760600 148
760800 158
761000 159
761200 145
761400 147
761600 166
761800 147
762000 148
762200 132
762400 150
762600 167
762800 141
763000 145
763200 158
763400 151
763600 140
763800 150
764000 167
764200 149
764400 141
764600 138
764800 151
765000 154
765200 167
765400 139
765600 151
765800 163
766000 141
766200 146
766400 156
766600 161
766800 125
767000 150
767200 128
767400 135
767600 143
767800 153
768000 146
768200 155
768400 152
768600 153
768800 137
769000 151
769200 169
769400 135
769600 140
769800 160
770000 150
770200 153
770400 157
770600 157
770800 146
771000 133
771200 152
771400 156
771600 155
771800 163
772000 144
772200 150
772400 148
772600 145
772800 166
773000 170
773200 169
773400 143
773600 152
773800 132
774000 150
774200 150
774400 159
774600 137
774800 164
775000 140
775200 142
775400 142
775600 172
775800 146
776000 143
776200 152
776400 139
776600 150
776800 159
777000 174
777200 153
777400 175
777600 144
777800 152
778000 164
778200 157
778400 148
778600 161
778800 161
779000 128
779200 154
779400 139
779600 142
779800 163
780000 156
780200 150
780400 147
780600 130
780800 153
781000 145
781200 140
781400 141
781600 148
781800 146
782000 157
782200 171
782400 150
782600 135
782800 151
783000 149
783200 140
783400 150
783600 159
783800 164
784000 156
784200 154
784400 152
784600 149
784800 160
785000 130
785200 142
785400 143
785600 155
785800 154
786000 161
786200 145
786400 139
786600 128
786800 149
787000 153
787200 161
787400 162
787600 153
787800 154
788000 155
788200 167
788400 154
788600 144
788800 160
789000 153
789200 133
789400 139
789600 157
789800 135
790000 144
790200 151
790400 151
790600 126
790800 147
791000 148
791200 148
791400 141
791600 155
791800 143
792000 125
792200 127
792400 134
792600 120
792800 136
793000 126
793200 142
793400 154
793600 149
793800 128
794000 146
794200 153
794400 156
794600 167
794800 147
795000 152
795200 164
795400 161
795600 150
795800 160
796000 127
796200 127
796400 143
796600 150
796800 126
797000 151
797200 156
797400 143
797600 157
797800 148
798000 174
798200 138
798400 159
798600 128
798800 158
799000 154
799200 139
799400 132
799600 122
799800 153
800000 154
800200 178
800400 163
800600 147
800800 164
801000 153
801200 144
801400 151
801600 150
801800 172
802000 137
802200 152
802400 128
802600 144
802800 142
803000 135
803200 140
803400 143
803600 158
803800 166
804000 171
804200 151
804400 133
804600 154
804800 164
805000 155
805200 144
805400 141
805600 143
805800 162
806000 143
806200 135
806400 171
806600 144
806800 147
807000 157
807200 156
807400 149
807600 162
807800 134
808000 156
808200 154
808400 142
808600 153
808800 160
809000 147
809200 137
809400 151
809600 146
809800 139
810000 145
810200 145
810400 153
810600 159
810800 111
811000 153
811200 135
811400 158
811600 149
811800 153
812000 156
812200 151
812400 138
812600 145
812800 167
813000 159
813200 139
813400 159
813600 141
813800 154
814000 150
814200 148
814400 168
814600 156
814800 131
815000 162
815200 142
815400 154
815600 158
815800 134
816000 155
816200 156
816400 146
816600 150
816800 152
817000 123
817200 165
817400 146
817600 160
817800 144
818000 162
818200 161
818400 147
818600 144
818800 129
819000 135
819200 144
819400 159
819600 165
819800 153
820000 140
820200 156
820400 142
820600 154
820800 143
821000 156
821200 144
821400 141
821600 147
821800 155
822000 154
822200 148
822400 144
822600 145
822800 151
823000 139
823200 139
823400 165
823600 163
823800 154
824000 157
824200 131
824400 166
824600 153
824800 150
825000 147
825200 148
825400 156
825600 147
825800 154
826000 145
826200 137
826400 138
826600 139
826800 133
827000 161
827200 150
827400 132
827600 173
827800 149
828000 141
828200 155
828400 141
828600 140
828800 146
829000 148
829200 149
829400 141
829600 141
829800 140
830000 176
830200 142
830400 160
830600 169
830800 157
831000 152
831200 139
831400 165
831600 158
831800 147
832000 168
832200 152
832400 149
832600 160
832800 161
833000 164
833200 157
833400 150
833600 143
833800 141
834000 149
834200 155
834400 142
834600 158
834800 125
835000 151
835200 159
835400 142
835600 146
835800 154
836000 145
836200 136
836400 145
836600 159
836800 135
837000 149
837200 170
837400 156
837600 151
837800 148
838000 154
838200 161
838400 151
838600 159
838800 164
839000 144
839200 159
839400 161
839600 160
839800 135
840000 147
840200 135
840400 140
840600 162
840800 154
841000 141
841200 140
841400 141
841600 152
841800 147
842000 154
842200 137
842400 165
842600 155
842800 147
843000 148
843200 127
843400 164
843600 147
843800 176
844000 152
844200 153
844400 167
844600 147
844800 158
845000 145
845200 154
845400 159
845600 138
845800 137
846000 160
846200 181
846400 148
846600 139
846800 156
847000 181
847200 157
847400 166
847600 143
847800 158
848000 147
848200 146
848400 160
848600 142
848800 150
849000 147
849200 150
849400 151
849600 152
849800 147
850000 150
850200 164
850400 149
850600 114
850800 149
851000 145
851200 149
851400 156
851600 165
851800 159
852000 151
852200 139
852400 158
852600 153
852800 169
853000 150
853200 149
853400 160
853600 163
853800 164
854000 151
854200 173
854400 147
854600 147
854800 142
855000 162
855200 149
855400 159
855600 154
855800 155
856000 167
856200 149
856400 158
856600 161
856800 156
857000 154
857200 138
857400 158
857600 144
857800 145
858000 124
858200 149
858400 142
858600 133
858800 159
859000 137
859200 145
859400 158
859600 164
859800 146
860000 159
860200 139
860400 140
860600 144
860800 151
861000 147
861200 149
861400 145
861600 150
861800 153
862000 139
862200 139
862400 149
862600 157
862800 144
863000 154
863200 144
863400 169
863600 150
863800 152
864000 146
864200 108
864400 126
864600 147
864800 155
865000 144
865200 152
865400 155
865600 157
865800 150
866000 142
866200 159
866400 145
866600 135
866800 146
867000 156
867200 153
867400 159
867600 145
867800 131
868000 138
868200 136
868400 145
868600 158
868800 135
869000 142
869200 141
869400 145
869600 152
869800 156
870000 163
870200 147
870400 163
870600 158
870800 148
871000 175
871200 166
871400 131
871600 132
871800 158
872000 161
872200 138
872400 151
872600 142
872800 152
873000 148
873200 146
873400 150
873600 141
873800 149
874000 139
874200 161
874400 166
874600 163
874800 142
875000 159
875200 145
875400 164
875600 140
875800 146
876000 162
876200 164
876400 172
876600 172
876800 150
877000 126
877200 141
877400 153
877600 144
877800 161
878000 148
878200 157
878400 143
878600 136
878800 131
879000 135
879200 138
879400 164
879600 145
879800 145
880000 164
880200 169
880400 157
880600 124
880800 136
881000 154
881200 163
881400 153
881600 134
881800 147
882000 139
882200 155
882400 133
882600 153
882800 163
883000 145
883200 142
883400 162
883600 152
883800 163
884000 159
884200 149
884400 156
884600 157
884800 145
885000 146
885200 150
885400 153
885600 138
885800 144
886000 148
886200 163
886400 136
886600 143
886800 161
887000 139
887200 134
887400 118
887600 142
887800 147
888000 162
888200 165
888400 152
888600 146
888800 146
889000 165
889200 153
889400 138
889600 135
889800 143
890000 167
890200 150
890400 156
890600 159
890800 156
891000 162
891200 165
891400 138
891600 125
891800 148
892000 158
892200 142
892400 161
892600 160
892800 150
893000 159
893200 166
893400 150
893600 138
893800 156
894000 137
894200 158
894400 147
894600 163
894800 142
895000 135
895200 158
895400 154
895600 165
895800 154
896000 167
896200 142
896400 144
896600 157
896800 140
897000 173
897200 159
897400 128
897600 133
897800 151
898000 161
898200 143
898400 167
898600 130
898800 155
899000 155
899200 156
899400 147
899600 153
899800 145
900000 146
900200 153
900400 149
900600 153
900800 147
901000 138
901200 151
901400 166
901600 159
901800 158
902000 141
902200 139
902400 136
902600 164
902800 143
903000 139
903200 144
903400 152
903600 169
903800 132
904000 150
904200 160
904400 144
904600 168
904800 151
905000 154
905200 138
905400 149
905600 150
905800 177
906000 150
906200 148
906400 161
906600 158
906800 148
907000 143
907200 149
907400 166
907600 136
907800 168
908000 136
908200 158
908400 145
908600 135
908800 139
909000 153
909200 146
909400 138
909600 161
909800 150
910000 165
910200 134
910400 173
910600 133
910800 170
911000 134
911200 153
911400 165
911600 170
911800 161
912000 141
912200 153
912400 149
912600 142
912800 143
913000 140
913200 146
913400 145
913600 158
913800 149
914000 153
914200 141
914400 161
914600 139
914800 143
915000 153
915200 139
915400 152
915600 150
915800 139
916000 148
916200 165
916400 143
916600 138
916800 132
917000 141
917200 148
917400 128
917600 125
917800 147
918000 132
918200 139
918400 159
918600 152
918800 150
919000 154
919200 148
919400 151
919600 137
919800 160
920000 140
920200 139
920400 160
920600 152
920800 168
921000 149
921200 154
921400 152
921600 155
921800 147
922000 150
922200 138
922400 156
922600 155
922800 153
923000 152
923200 147
923400 163
923600 161
923800 167
924000 158
924200 155
924400 141
924600 143
924800 138
925000 149
925200 147
925400 161
925600 144
925800 144
926000 167
926200 160
926400 164
926600 146
926800 146
927000 157
927200 163
927400 152
927600 146
927800 169
928000 151
928200 128
928400 168
928600 172
928800 166
929000 145
929200 141
929400 141
929600 145
929800 167
930000 161
930200 140
930400 143
930600 137
930800 147
931000 144
931200 153
931400 149
931600 144
931800 170
932000 163
932200 155
932400 147
932600 153
932800 154
933000 146
933200 151
933400 148
933600 166
933800 139
934000 155
934200 152
934400 134
934600 158
934800 145
935000 157
935200 133
935400 153
935600 144
935800 158
936000 148
936200 146
936400 170
936600 146
936800 127
937000 158
937200 144
937400 153
937600 144
937800 164
938000 150
938200 144
938400 138
938600 138
938800 136
939000 142
939200 144
939400 150
939600 146
939800 149
940000 145
940200 168
940400 137
940600 174
940800 155
941000 158
941200 149
941400 148
941600 141
941800 149
942000 152
942200 149
942400 161
942600 131
942800 132
943000 165
943200 137
943400 146
943600 145
943800 154
944000 149
944200 141
944400 147
944600 137
944800 168
945000 156
945200 142
945400 155
945600 127
945800 150
946000 150
946200 155
946400 148
946600 151
946800 131
947000 148
947200 174
947400 152
947600 136
947800 165
948000 141
948200 162
948400 139
948600 163
948800 175
949000 149
949200 157
949400 149
949600 149
949800 162
950000 138
950200 128
950400 138
950600 146
950800 151
951000 155
951200 154
951400 160
951600 151
951800 154
952000 162
952200 157
952400 153
952600 160
952800 127
953000 164
953200 155
953400 155
953600 164
953800 168
954000 143
954200 155
954400 145
954600 142
954800 146
955000 143
955200 154
955400 139
955600 156
955800 152
956000 158
956200 151
956400 149
956600 144
956800 163
957000 167
957200 148
957400 147
957600 115
957800 116
958000 166
958200 145
958400 158
958600 158
958800 141
959000 159
959200 164
959400 146
959600 145
959800 159
960000 157
960200 133
960400 163
960600 167
960800 159
961000 154
961200 148
961400 136
961600 154
961800 157
962000 145
962200 145
962400 144
962600 170
962800 167
963000 155
963200 146
963400 148
963600 148
963800 138
964000 150
964200 138
964400 157
964600 158
964800 139
965000 146
965200 152
965400 136
965600 138
965800 147
966000 138
966200 135
966400 154
966600 157
966800 166
967000 155
967200 168
967400 147
967600 152
967800 155
968000 136
968200 155
968400 143
968600 129
968800 163
969000 140
969200 147
969400 136
969600 132
969800 162
970000 168
970200 136
970400 161
970600 163
970800 151
971000 159
971200 151
971400 161
971600 148
971800 157
972000 131
972200 148
972400 156
972600 137
972800 150
973000 155
973200 147
973400 163
973600 146
973800 154
974000 156
974200 151
974400 180
974600 143
974800 149
975000 138
975200 131
975400 149
975600 160
975800 156
976000 166
976200 152
976400 170
976600 159
976800 146
977000 150
977200 146
977400 144
977600 140
977800 155
978000 152
978200 159
978400 135
978600 164
978800 134
979000 150
979200 177
979400 143
979600 154
979800 137
980000 145
980200 124
980400 167
980600 160
980800 136
981000 135
981200 147
981400 153
981600 141
981800 146
982000 157
982200 164
982400 141
982600 149
982800 138
983000 152
983200 155
983400 150
983600 154
983800 146
984000 171
984200 176
984400 145
984600 165
984800 165
985000 157
985200 154
985400 149
985600 157
985800 163
986000 160
986200 155
986400 143
986600 161
986800 150
987000 154
987200 144
987400 120
987600 159
987800 137
988000 143
988200 164
988400 137
988600 146
988800 143
989000 161
989200 139
989400 160
989600 156
989800 149
990000 139
990200 156
990400 149
990600 163
990800 128
991000 147
991200 160
991400 158
991600 148
991800 148
992000 150
992200 150
992400 148
992600 147
992800 156
993000 148
993200 144
993400 145
993600 131
993800 158
994000 151
994200 155
994400 136
994600 119
994800 150
995000 160
995200 161
995400 174
995600 144
995800 152
996000 150
996200 166
996400 162
996600 144
996800 150
997000 144
997200 154
997400 148
997600 149
997800 164
998000 172
998200 149
998400 133
998600 165
998800 161
999000 144
999200 151
999400 157
999600 153
999800 149
1000000 141
