500 138
1000 142
1500 155
2000 146
2500 145
3000 143
3500 155
4000 142
4500 136
5000 152
5500 154
6000 145
6500 149
7000 153
7500 145
8000 152
8500 117
9000 170
9500 147
10000 147
10500 159
11000 148
11500 150
12000 148
12500 149
13000 146
13500 156
14000 143
14500 147
15000 148
15500 156
16000 149
16500 129
17000 143
17500 132
18000 131
18500 158
19000 148
19500 136
20000 155
20500 166
21000 149
21500 165
22000 154
22500 154
23000 124
23500 136
24000 140
24500 141
25000 145
25500 153
26000 160
26500 149
27000 155
27500 147
28000 133
28500 139
29000 158
29500 144
30000 147
30500 147
31000 146
31500 149
32000 151
32500 170
33000 138
33500 136
34000 136
34500 157
35000 132
35500 152
36000 162
36500 128
37000 146
37500 151
38000 141
38500 146
39000 158
39500 162
40000 173
40500 166
41000 146
41500 136
42000 151
42500 151
43000 148
43500 145
44000 147
44500 142
45000 144
45500 152
46000 145
46500 139
47000 158
47500 149
48000 145
48500 147
49000 148
49500 156
50000 139
50500 136
51000 139
51500 142
52000 154
52500 147
53000 167
53500 150
54000 160
54500 161
55000 141
55500 141
56000 162
56500 137
57000 145
57500 153
58000 149
58500 123
59000 147
59500 153
60000 146
60500 127
61000 141
61500 148
62000 151
62500 144
63000 137
63500 147
64000 150
64500 153
65000 136
65500 141
66000 161
66500 141
67000 127
67500 145
68000 160
68500 134
69000 145
69500 149
70000 118
70500 138
71000 134
71500 116
72000 144
72500 140
73000 142
73500 131
74000 130
74500 144
75000 158
75500 153
76000 138
76500 135
77000 146
77500 139
78000 143
78500 148
79000 135
79500 123
80000 141
80500 152
81000 170
81500 145
82000 150
82500 122
83000 149
83500 125
84000 130
84500 125
85000 117
85500 137
86000 151
86500 139
87000 124
87500 135
88000 153
88500 145
89000 132
89500 141
90000 134
90500 142
91000 125
91500 142
92000 152
92500 127
93000 133
93500 151
94000 138
94500 116
95000 135
95500 146
96000 141
96500 136
97000 148
97500 134
98000 134
98500 118
99000 169
99500 151
100000 166
100500 156
101000 142
101500 134
102000 135
102500 151
103000 134
103500 139
104000 142
104500 138
105000 132
105500 140
106000 124
106500 124
107000 134
107500 161
108000 128
108500 139
109000 132
109500 140
110000 122
110500 128
111000 152
111500 111
112000 145
112500 126
113000 144
113500 136
114000 155
114500 151
115000 140
115500 156
116000 128
116500 133
117000 124
117500 125
118000 130
118500 134
119000 144
119500 144
120000 155
120500 126
121000 145
121500 145
122000 136
122500 134
123000 151
123500 142
124000 136
124500 149
125000 134
125500 136
126000 123
126500 152
127000 113
127500 148
128000 130
128500 123
129000 132
129500 144
130000 133
130500 132
131000 126
131500 138
132000 117
132500 143
133000 110
133500 128
134000 133
134500 149
135000 136
135500 135
136000 140
136500 141
137000 136
137500 127
138000 117
138500 151
139000 130
139500 120
140000 133
140500 147
141000 142
141500 133
142000 143
142500 120
143000 132
143500 122
144000 134
144500 129
145000 124
145500 132
146000 122
146500 128
147000 134
147500 127
148000 130
148500 126
149000 144
149500 130
150000 134
150500 147
151000 108
151500 134
152000 116
152500 126
153000 114
153500 120
154000 135
154500 145
155000 126
155500 136
156000 135
156500 101
157000 125
157500 128
158000 110
158500 112
159000 144
159500 113
160000 119
160500 142
161000 112
161500 124
162000 148
162500 132
163000 132
163500 148
164000 102
164500 126
165000 129
165500 116
166000 131
166500 116
167000 107
167500 143
168000 147
168500 99
169000 116
169500 128
170000 140
170500 139
171000 115
171500 149
172000 127
172500 145
173000 128
173500 127
174000 126
174500 133
175000 135
175500 128
176000 123
176500 132
177000 127
177500 132
178000 123
178500 148
179000 130
179500 131
180000 125
180500 102
181000 119
181500 123
182000 147
182500 137
183000 131
183500 114
184000 109
184500 122
185000 110
185500 153
186000 117
186500 115
187000 129
187500 106
188000 119
188500 110
189000 127
189500 102
190000 96
190500 93
191000 124
191500 118
192000 116
192500 131
193000 103
193500 122
194000 144
194500 125
195000 103
195500 149
196000 120
196500 109
197000 113
197500 112
198000 101
198500 120
199000 114
199500 110
200000 117
200500 124
201000 125
201500 91
202000 108
202500 136
203000 102
203500 131
204000 113
204500 109
205000 119
205500 103
206000 120
206500 159
207000 116
207500 117
208000 114
208500 125
209000 102
209500 111
210000 106
210500 118
211000 106
211500 107
212000 110
212500 128
213000 120
213500 106
214000 109
214500 132
215000 127
215500 132
216000 125
216500 121
217000 123
217500 103
218000 111
218500 108
219000 97
219500 131
220000 112
220500 104
221000 87
221500 111
222000 92
222500 100
223000 101
223500 112
224000 92
224500 96
225000 123
225500 105
226000 110
226500 102
227000 110
227500 111
228000 109
228500 135
229000 104
229500 111
230000 110
230500 91
231000 102
231500 105
232000 109
232500 121
233000 101
233500 110
234000 91
234500 105
235000 93
235500 106
236000 106
236500 89
237000 95
237500 108
238000 106
238500 104
239000 90
239500 78
240000 88
240500 111
241000 113
241500 114
242000 102
242500 105
243000 99
243500 84
244000 97
244500 88
245000 110
245500 89
246000 107
246500 102
247000 91
247500 93
248000 109
248500 101
249000 104
249500 101
250000 102
250500 96
251000 95
251500 124
252000 83
252500 90
253000 116
253500 85
254000 87
254500 113
255000 93
255500 92
256000 105
256500 103
257000 109
257500 85
258000 91
258500 87
259000 83
259500 80
260000 81
260500 82
261000 93
261500 95
262000 93
262500 91
263000 97
263500 83
264000 93
264500 139
265000 91
265500 91
266000 86
266500 101
267000 86
267500 82
268000 87
268500 89
269000 86
269500 84
270000 90
270500 90
271000 88
271500 89
272000 133
272500 89
273000 82
273500 80
274000 87
274500 87
275000 84
275500 92
276000 79
276500 150
277000 78
277500 80
278000 100
278500 105
279000 88
279500 98
280000 94
280500 87
281000 74
281500 82
282000 138
282500 90
283000 87
283500 86
284000 94
284500 104
285000 90
285500 111
286000 81
286500 80
287000 92
287500 79
288000 80
288500 83
289000 78
289500 78
290000 76
290500 84
291000 83
291500 76
292000 84
292500 79
293000 82
293500 75
294000 72
294500 72
295000 80
295500 104
296000 121
296500 92
297000 82
297500 92
298000 81
298500 85
299000 80
299500 70
300000 78
300500 79
301000 75
301500 74
302000 73
302500 73
303000 68
303500 65
304000 65
304500 75
305000 79
305500 97
306000 95
306500 73
307000 73
307500 71
308000 79
308500 80
309000 74
309500 75
310000 75
310500 74
311000 74
311500 77
312000 74
312500 76
313000 74
313500 78
314000 77
314500 80
315000 79
315500 78
316000 75
316500 70
317000 69
317500 71
318000 69
318500 70
319000 120
319500 78
320000 72
320500 73
321000 84
321500 78
322000 79
322500 75
323000 136
323500 73
324000 111
324500 90
325000 71
325500 70
326000 72
326500 71
327000 73
327500 70
328000 70
328500 70
329000 71
329500 72
330000 71
330500 71
331000 71
331500 71
332000 70
332500 72
333000 71
333500 70
334000 70
334500 70
335000 69
335500 68
336000 69
336500 68
337000 69
337500 69
338000 69
338500 69
339000 69
339500 69
340000 69
340500 70
341000 69
341500 69
342000 69
342500 69
343000 69
343500 70
344000 70
344500 70
345000 68
345500 68
346000 68
346500 68
347000 68
347500 68
348000 68
348500 68
349000 68
349500 68
350000 68
350500 68
351000 68
351500 68
352000 68
352500 68
353000 68
353500 68
354000 68
354500 68
355000 68
355500 68
356000 68
356500 68
357000 69
357500 69
358000 71
358500 68
359000 68
359500 68
360000 68
360500 68
361000 68
361500 69
362000 69
362500 68
363000 68
363500 68
364000 68
364500 68
365000 68
365500 68
366000 68
366500 68
367000 68
367500 68
368000 68
368500 68
369000 68
369500 69
370000 68
370500 68
371000 68
371500 68
372000 68
372500 68
373000 69
373500 69
374000 68
374500 68
375000 68
375500 68
376000 68
376500 68
377000 68
377500 68
378000 68
378500 68
379000 68
379500 68
380000 68
380500 68
381000 68
381500 68
382000 68
382500 68
383000 68
383500 68
384000 68
384500 68
385000 68
385500 68
386000 68
386500 68
387000 68
387500 68
388000 68
388500 68
389000 68
389500 68
390000 68
390500 68
391000 68
391500 68
392000 68
392500 68
393000 68
393500 68
394000 68
394500 68
395000 68
395500 68
396000 68
396500 68
397000 68
397500 68
398000 68
398500 68
399000 68
399500 68
400000 68
400500 68
401000 68
401500 68
402000 68
402500 68
403000 68
403500 68
404000 68
404500 68
405000 68
405500 68
406000 68
406500 68
407000 68
407500 68
408000 68
408500 68
409000 68
409500 68
410000 68
410500 68
411000 68
411500 68
412000 68
412500 68
413000 68
413500 68
414000 68
414500 68
415000 68
415500 68
416000 68
416500 68
417000 68
417500 68
418000 68
418500 68
419000 68
419500 68
420000 68
420500 68
421000 68
421500 68
422000 68
422500 68
423000 68
423500 68
424000 68
424500 68
425000 68
425500 68
426000 68
426500 68
427000 68
427500 68
428000 68
428500 68
429000 68
429500 68
430000 68
430500 68
431000 68
431500 68
432000 68
432500 68
433000 68
433500 68
434000 68
434500 68
435000 68
435500 68
436000 68
436500 68
437000 68
437500 68
438000 68
438500 68
439000 68
439500 68
440000 68
440500 68
441000 68
441500 68
442000 68
442500 68
443000 68
443500 68
444000 68
444500 68
445000 68
445500 68
446000 68
446500 68
447000 68
447500 68
448000 68
448500 68
449000 68
449500 68
450000 68
450500 68
451000 68
451500 68
452000 68
452500 68
453000 68
453500 68
454000 68
454500 68
455000 68
455500 68
456000 68
456500 68
457000 68
457500 68
458000 68
458500 68
459000 68
459500 68
460000 68
460500 68
461000 68
461500 68
462000 68
462500 68
463000 68
463500 68
464000 68
464500 68
465000 68
465500 68
466000 68
466500 68
467000 68
467500 68
468000 68
468500 68
469000 68
469500 68
470000 68
470500 68
471000 68
471500 68
472000 68
472500 68
473000 68
473500 68
474000 68
474500 68
475000 68
475500 68
476000 68
476500 68
477000 68
477500 68
478000 68
478500 68
479000 68
479500 68
480000 68
480500 68
481000 68
481500 68
482000 68
482500 68
483000 68
483500 68
484000 68
484500 68
485000 68
485500 68
486000 68
486500 68
487000 68
487500 68
488000 68
488500 68
489000 68
489500 68
490000 68
490500 68
491000 68
491500 68
492000 68
492500 68
493000 68
493500 68
494000 68
494500 68
495000 68
495500 68
496000 68
496500 68
497000 68
497500 68
498000 68
498500 68
499000 68
499500 68
500000 68
500500 68
501000 68
501500 68
502000 68
502500 68
503000 68
503500 68
504000 68
504500 68
505000 68
505500 68
506000 68
506500 68
507000 68
507500 68
508000 68
508500 68
509000 68
509500 68
510000 68
510500 68
511000 68
511500 68
512000 68
512500 68
513000 68
513500 68
514000 68
514500 68
515000 68
515500 68
516000 68
516500 68
517000 68
517500 68
518000 68
518500 68
519000 68
519500 68
520000 68
520500 68
521000 68
521500 68
522000 68
522500 68
523000 68
523500 68
524000 68
524500 68
525000 68
525500 68
526000 68
526500 68
527000 68
527500 68
528000 68
528500 68
529000 68
529500 68
530000 68
530500 68
531000 68
531500 68
532000 68
532500 68
533000 68
533500 68
534000 68
534500 68
535000 68
535500 68
536000 68
536500 68
537000 68
537500 68
538000 68
538500 68
539000 68
539500 68
540000 68
540500 68
541000 68
541500 68
542000 68
542500 68
543000 68
543500 68
544000 68
544500 68
545000 68
545500 68
546000 68
546500 68
547000 68
547500 68
548000 68
548500 68
549000 68
549500 68
550000 68
550500 68
551000 68
551500 68
552000 68
552500 68
553000 68
553500 68
554000 68
554500 68
555000 68
555500 68
556000 68
556500 68
557000 68
557500 68
558000 68
558500 68
559000 68
559500 68
560000 68
560500 68
561000 68
561500 68
562000 68
562500 68
563000 68
563500 68
564000 68
564500 68
565000 68
565500 68
566000 68
566500 68
567000 68
567500 68
568000 68
568500 68
569000 68
569500 68
570000 68
570500 68
571000 68
571500 68
572000 68
572500 68
573000 68
573500 68
574000 68
574500 68
575000 68
575500 68
576000 68
576500 68
577000 68
577500 68
578000 68
578500 68
579000 68
579500 68
580000 68
580500 68
581000 68
581500 68
582000 68
582500 68
583000 68
583500 68
584000 68
584500 68
585000 68
585500 68
586000 68
586500 68
587000 68
587500 68
588000 68
588500 68
589000 68
589500 68
590000 68
590500 68
591000 68
591500 68
592000 68
592500 68
593000 68
593500 68
594000 68
594500 68
595000 68
595500 68
596000 68
596500 68
597000 68
597500 68
598000 68
598500 68
599000 68
599500 68
600000 68
600500 68
601000 68
601500 68
602000 68
602500 68
603000 68
603500 68
604000 68
604500 68
605000 68
605500 68
606000 68
606500 68
607000 68
607500 68
608000 68
608500 68
609000 68
609500 68
610000 68
610500 68
611000 68
611500 68
612000 68
612500 68
613000 68
613500 68
614000 68
614500 68
615000 68
615500 68
616000 68
616500 68
617000 68
617500 68
618000 68
618500 68
619000 68
619500 68
620000 68
620500 68
621000 68
621500 68
622000 68
622500 68
623000 68
623500 68
624000 68
624500 68
625000 68
625500 68
626000 68
626500 68
627000 68
627500 68
628000 68
628500 68
629000 68
629500 68
630000 68
630500 68
631000 68
631500 68
632000 68
632500 68
633000 68
633500 68
634000 68
634500 68
635000 68
635500 68
636000 68
636500 68
637000 68
637500 68
638000 68
638500 68
639000 68
639500 68
640000 68
640500 68
641000 68
641500 68
642000 68
642500 68
643000 68
643500 68
644000 68
644500 68
645000 68
645500 68
646000 68
646500 68
647000 68
647500 68
648000 68
648500 68
649000 68
649500 68
650000 68
650500 68
651000 68
651500 68
652000 68
652500 68
653000 68
653500 68
654000 68
654500 68
655000 68
655500 68
656000 68
656500 68
657000 68
657500 68
658000 68
658500 68
659000 68
659500 68
660000 68
