500 133
1000 118
1500 151
2000 139
2500 150
3000 155
3500 165
4000 153
4500 156
5000 144
5500 151
6000 145
6500 146
7000 159
7500 151
8000 147
8500 147
9000 136
9500 159
10000 139
10500 153
11000 143
11500 152
12000 144
12500 141
13000 145
13500 134
14000 149
14500 138
15000 158
15500 140
16000 146
16500 130
17000 153
17500 160
18000 170
18500 132
19000 156
19500 152
20000 142
20500 150
21000 143
21500 149
22000 154
22500 103
23000 158
23500 131
24000 148
24500 149
25000 153
25500 133
26000 161
26500 155
27000 137
27500 142
28000 149
28500 147
29000 147
29500 148
30000 118
30500 116
31000 146
31500 139
32000 155
32500 136
33000 153
33500 144
34000 151
34500 146
35000 158
35500 137
36000 161
36500 145
37000 133
37500 150
38000 154
38500 154
39000 139
39500 138
40000 145
40500 146
41000 148
41500 141
42000 121
42500 136
43000 160
43500 139
44000 148
44500 136
45000 162
45500 147
46000 112
46500 137
47000 149
47500 129
48000 138
48500 146
49000 144
49500 120
50000 139
50500 148
51000 141
51500 134
52000 151
52500 162
53000 146
53500 134
54000 136
54500 158
55000 139
55500 145
56000 154
56500 153
57000 139
57500 122
58000 146
58500 128
59000 142
59500 143
60000 158
60500 135
61000 143
61500 140
62000 142
62500 140
63000 134
63500 143
64000 147
64500 138
65000 147
65500 151
66000 135
66500 145
67000 140
67500 140
68000 166
68500 154
69000 150
69500 158
70000 155
70500 146
71000 153
71500 149
72000 142
72500 127
73000 135
73500 120
74000 144
74500 150
75000 141
75500 143
76000 150
76500 167
77000 157
77500 127
78000 144
78500 143
79000 129
79500 133
80000 161
80500 138
81000 157
81500 145
82000 145
82500 160
83000 145
83500 147
84000 130
84500 122
85000 155
85500 112
86000 139
86500 128
87000 147
87500 156
88000 126
88500 150
89000 147
89500 156
90000 161
90500 155
91000 131
91500 141
92000 135
92500 122
93000 149
93500 143
94000 138
94500 123
95000 139
95500 142
96000 151
96500 148
97000 140
97500 131
98000 138
98500 126
99000 114
99500 129
100000 139
100500 138
101000 150
101500 136
102000 123
102500 134
103000 148
103500 151
104000 127
104500 128
105000 126
105500 123
106000 141
106500 131
107000 130
107500 130
108000 155
108500 147
109000 133
109500 140
110000 136
110500 123
111000 133
111500 133
112000 126
112500 134
113000 146
113500 130
114000 123
114500 137
115000 145
115500 115
116000 143
116500 133
117000 137
117500 143
118000 146
118500 146
119000 146
119500 142
120000 136
120500 155
121000 143
121500 141
122000 129
122500 134
123000 140
123500 134
124000 151
124500 154
125000 134
125500 121
126000 140
126500 141
127000 153
127500 134
128000 127
128500 134
129000 131
129500 142
130000 137
130500 131
131000 131
131500 140
132000 127
132500 140
133000 119
133500 134
134000 126
134500 136
135000 116
135500 128
136000 147
136500 135
137000 151
137500 107
138000 120
138500 119
139000 129
139500 117
140000 131
140500 139
141000 149
141500 129
142000 147
142500 125
143000 157
143500 123
144000 134
144500 127
145000 130
145500 107
146000 139
146500 130
147000 118
147500 149
148000 129
148500 136
149000 142
149500 115
150000 130
150500 140
151000 132
151500 127
152000 156
152500 125
153000 130
153500 139
154000 137
154500 127
155000 125
155500 119
156000 126
156500 135
157000 141
157500 122
158000 149
158500 119
159000 116
159500 116
160000 120
160500 113
161000 139
161500 131
162000 120
162500 128
163000 122
163500 162
164000 120
164500 147
165000 122
165500 131
166000 112
166500 108
167000 141
167500 115
168000 115
168500 122
169000 119
169500 160
170000 138
170500 115
171000 126
171500 109
172000 136
172500 116
173000 115
173500 130
174000 108
174500 103
175000 105
175500 129
176000 124
176500 104
177000 119
177500 111
178000 127
178500 121
179000 127
179500 140
180000 116
180500 126
181000 120
181500 136
182000 140
182500 110
183000 117
183500 138
184000 109
184500 110
185000 143
185500 114
186000 121
186500 143
187000 118
187500 125
188000 127
188500 127
189000 134
189500 108
190000 108
190500 141
191000 130
191500 120
192000 124
192500 120
193000 116
193500 107
194000 99
194500 121
195000 141
195500 114
196000 117
196500 127
197000 104
197500 104
198000 127
198500 108
199000 106
199500 103
200000 126
200500 107
201000 130
201500 132
202000 114
202500 111
203000 114
203500 111
204000 101
204500 117
205000 106
205500 132
206000 102
206500 117
207000 93
207500 118
208000 112
208500 90
209000 105
209500 122
210000 134
210500 112
211000 129
211500 142
212000 90
212500 126
213000 109
213500 117
214000 99
214500 110
215000 105
215500 103
216000 132
216500 137
217000 114
217500 128
218000 113
218500 97
219000 100
219500 94
220000 99
220500 121
221000 114
221500 105
222000 107
222500 108
223000 117
223500 95
224000 112
224500 86
225000 110
225500 118
226000 89
226500 92
227000 112
227500 129
228000 117
228500 119
229000 87
229500 128
230000 117
230500 105
231000 105
231500 99
232000 136
232500 108
233000 84
233500 120
234000 87
234500 94
235000 105
235500 120
236000 96
236500 104
237000 100
237500 97
238000 87
238500 102
239000 94
239500 99
240000 96
240500 100
241000 119
241500 102
242000 93
242500 91
243000 87
243500 96
244000 94
244500 107
245000 99
245500 95
246000 107
246500 100
247000 97
247500 106
248000 94
248500 95
249000 79
249500 90
250000 112
250500 81
251000 74
251500 89
252000 115
252500 129
253000 88
253500 104
254000 109
254500 97
255000 108
255500 96
256000 97
256500 147
257000 83
257500 116
258000 97
258500 90
259000 85
259500 97
260000 112
260500 96
261000 96
261500 84
262000 87
262500 86
263000 99
263500 92
264000 84
264500 86
265000 164
265500 91
266000 85
266500 72
267000 94
267500 74
268000 81
268500 81
269000 92
269500 91
270000 118
270500 92
271000 84
271500 85
272000 75
272500 78
273000 94
273500 99
274000 87
274500 90
275000 77
275500 120
276000 116
276500 94
277000 80
277500 111
278000 79
278500 80
279000 73
279500 74
280000 88
280500 81
281000 83
281500 83
282000 78
282500 72
283000 71
283500 75
284000 74
284500 81
285000 71
285500 75
286000 72
286500 103
287000 89
287500 76
288000 85
288500 72
289000 71
289500 122
290000 105
290500 91
291000 78
291500 76
292000 71
292500 69
293000 72
293500 73
294000 80
294500 79
295000 81
295500 79
296000 79
296500 74
297000 71
297500 73
298000 69
298500 75
299000 71
299500 69
300000 68
300500 67
301000 68
301500 69
302000 70
302500 71
303000 69
303500 71
304000 73
304500 127
305000 75
305500 94
306000 93
306500 83
307000 79
307500 72
308000 71
308500 71
309000 67
309500 65
310000 68
310500 68
311000 70
311500 67
312000 70
312500 70
313000 66
313500 71
314000 67
314500 74
315000 70
315500 70
316000 70
316500 66
317000 71
317500 70
318000 71
318500 66
319000 66
319500 68
320000 71
320500 84
321000 78
321500 73
322000 73
322500 96
323000 83
323500 128
324000 79
324500 76
325000 71
325500 73
326000 73
326500 82
327000 80
327500 80
328000 77
328500 76
329000 75
329500 75
330000 81
330500 76
331000 77
331500 91
332000 72
332500 67
333000 67
333500 69
334000 67
334500 67
335000 67
335500 69
336000 67
336500 67
337000 67
337500 68
338000 67
338500 67
339000 67
339500 67
340000 67
340500 68
341000 71
341500 69
342000 67
342500 68
343000 68
343500 67
344000 67
344500 68
345000 67
345500 67
346000 67
346500 67
347000 67
347500 67
348000 68
348500 67
349000 66
349500 67
350000 68
350500 68
351000 67
351500 67
352000 66
352500 67
353000 67
353500 66
354000 66
354500 66
355000 66
355500 66
356000 66
356500 66
357000 66
357500 66
358000 67
358500 67
359000 67
359500 66
360000 66
360500 67
361000 65
361500 65
362000 65
362500 65
363000 65
363500 65
364000 65
364500 65
365000 65
365500 65
366000 65
366500 65
367000 65
367500 65
368000 65
368500 65
369000 65
369500 65
370000 65
370500 65
371000 65
371500 65
372000 65
372500 65
373000 65
373500 65
374000 65
374500 65
375000 65
375500 66
376000 66
376500 65
377000 65
377500 66
378000 66
378500 66
379000 65
379500 65
380000 65
380500 65
381000 65
381500 65
382000 66
382500 66
383000 66
383500 66
384000 66
384500 66
385000 66
385500 66
386000 66
386500 66
387000 66
387500 66
388000 66
388500 66
389000 66
389500 66
390000 66
390500 66
391000 66
391500 65
392000 65
392500 65
393000 65
393500 65
394000 65
394500 65
395000 65
395500 65
396000 65
396500 65
397000 65
397500 65
398000 65
398500 65
399000 65
399500 65
400000 65
400500 65
401000 65
401500 65
402000 65
402500 65
403000 65
403500 65
404000 65
404500 65
405000 65
405500 65
406000 65
406500 65
407000 65
407500 65
408000 65
408500 65
409000 65
409500 65
410000 65
410500 65
411000 65
411500 65
412000 65
412500 65
413000 65
413500 65
414000 65
414500 65
415000 65
415500 65
416000 65
416500 65
417000 65
417500 65
418000 65
418500 65
419000 65
419500 65
420000 65
420500 65
421000 65
421500 65
422000 65
422500 65
423000 65
423500 65
424000 65
424500 65
425000 65
425500 65
426000 65
426500 65
427000 65
427500 65
428000 65
428500 65
429000 65
429500 65
430000 65
430500 65
431000 65
431500 65
432000 65
432500 65
433000 65
433500 65
434000 65
434500 65
435000 65
435500 65
436000 65
436500 65
437000 65
437500 65
438000 65
438500 65
439000 65
439500 65
440000 65
440500 65
441000 65
441500 65
442000 65
442500 65
443000 65
443500 65
444000 65
444500 65
445000 65
445500 65
446000 65
446500 65
447000 65
447500 65
448000 65
448500 65
449000 65
449500 65
450000 65
450500 65
451000 65
451500 65
452000 65
452500 65
453000 65
453500 65
454000 65
454500 65
455000 65
455500 65
456000 65
456500 65
457000 65
457500 65
458000 65
458500 65
459000 65
459500 65
460000 65
460500 65
461000 65
461500 65
462000 65
462500 65
463000 65
463500 65
464000 65
464500 65
465000 65
465500 65
466000 65
466500 65
467000 65
467500 65
468000 65
468500 65
469000 65
469500 65
470000 65
470500 65
471000 65
471500 65
472000 65
472500 65
473000 65
473500 65
474000 65
474500 65
475000 65
475500 65
476000 65
476500 65
477000 65
477500 65
478000 65
478500 65
479000 65
479500 65
480000 65
480500 65
481000 65
481500 65
482000 65
482500 65
483000 65
483500 65
484000 65
484500 65
485000 65
485500 65
486000 65
486500 65
487000 65
487500 65
488000 65
488500 65
489000 65
489500 65
490000 65
490500 65
491000 65
491500 65
492000 65
492500 65
493000 65
493500 65
494000 65
494500 65
495000 65
495500 65
496000 65
496500 65
497000 65
497500 65
498000 65
498500 65
499000 65
499500 65
500000 65
500500 65
501000 65
501500 65
502000 65
502500 65
503000 65
503500 65
504000 65
504500 65
505000 65
505500 65
506000 65
506500 65
507000 65
507500 65
508000 65
508500 65
509000 65
509500 65
510000 65
510500 65
511000 65
511500 65
512000 65
512500 65
513000 65
513500 65
514000 65
514500 65
515000 65
515500 65
516000 65
516500 65
517000 65
517500 65
518000 65
518500 65
519000 65
519500 65
520000 65
520500 65
521000 65
521500 65
522000 65
522500 65
523000 65
523500 65
524000 65
524500 65
525000 65
525500 65
526000 65
526500 65
527000 65
527500 65
528000 65
528500 65
529000 65
529500 65
530000 65
530500 65
531000 65
531500 65
532000 65
532500 65
533000 65
533500 65
534000 65
534500 65
535000 65
535500 65
536000 65
536500 65
537000 65
537500 65
538000 65
538500 65
539000 65
539500 65
540000 65
540500 65
541000 65
541500 65
542000 65
542500 65
543000 65
543500 65
544000 65
544500 65
545000 65
545500 65
546000 65
546500 65
547000 65
547500 65
548000 65
548500 65
549000 65
549500 65
550000 65
550500 65
551000 65
551500 65
552000 65
552500 65
553000 65
553500 65
554000 65
554500 65
555000 65
555500 65
556000 65
556500 65
557000 65
557500 65
558000 65
558500 65
559000 65
559500 65
560000 65
560500 65
561000 65
561500 65
562000 65
562500 65
563000 65
563500 65
564000 65
564500 65
565000 65
565500 65
566000 65
566500 65
567000 65
567500 65
568000 65
568500 65
569000 65
569500 65
570000 65
570500 65
571000 65
571500 65
572000 65
572500 65
573000 65
573500 65
574000 65
574500 65
575000 65
575500 65
576000 65
576500 65
577000 65
577500 65
578000 65
578500 65
579000 65
579500 65
580000 65
580500 65
581000 65
581500 65
582000 65
582500 65
583000 65
583500 65
584000 65
584500 65
585000 65
585500 65
586000 65
586500 65
587000 65
587500 65
588000 65
588500 65
589000 65
589500 65
590000 65
590500 65
591000 65
591500 65
592000 65
592500 65
593000 65
593500 65
594000 65
594500 65
595000 65
595500 65
596000 65
596500 65
597000 65
597500 65
598000 65
598500 65
599000 65
599500 65
600000 65
600500 65
601000 65
601500 65
602000 65
602500 65
603000 65
603500 65
604000 65
604500 65
605000 65
605500 65
606000 65
606500 65
607000 65
607500 65
608000 65
608500 65
609000 65
609500 65
610000 65
610500 65
611000 65
611500 65
612000 65
612500 65
613000 65
613500 65
614000 65
614500 65
615000 65
615500 65
616000 65
616500 65
617000 65
617500 65
618000 65
618500 65
619000 65
619500 65
620000 65
620500 65
621000 65
621500 65
622000 65
622500 65
623000 65
623500 65
624000 65
624500 65
625000 65
625500 65
626000 65
626500 65
627000 65
627500 65
628000 65
628500 65
629000 65
629500 65
630000 65
630500 65
631000 65
631500 65
632000 65
632500 65
633000 65
633500 65
634000 65
634500 65
635000 65
635500 65
636000 65
636500 65
637000 65
637500 65
638000 65
638500 65
639000 65
639500 65
640000 65
640500 65
641000 65
641500 65
642000 65
642500 65
643000 65
643500 65
644000 65
644500 65
645000 65
645500 65
646000 65
646500 65
647000 65
647500 65
648000 65
648500 65
649000 65
649500 65
650000 65
650500 65
651000 65
651500 65
652000 65
652500 65
653000 65
653500 65
654000 65
654500 65
655000 65
655500 65
656000 65
656500 65
