500 152
1000 142
1500 156
2000 135
2500 138
3000 143
3500 135
4000 139
4500 154
5000 124
5500 136
6000 150
6500 149
7000 154
7500 154
8000 125
8500 143
9000 149
9500 123
10000 149
10500 158
11000 142
11500 135
12000 156
12500 169
13000 153
13500 161
14000 150
14500 143
15000 167
15500 148
16000 136
16500 153
17000 140
17500 146
18000 157
18500 160
19000 152
19500 146
20000 154
20500 169
21000 157
21500 146
22000 134
22500 145
23000 164
23500 166
24000 166
24500 149
25000 130
25500 145
26000 136
26500 155
27000 147
27500 146
28000 142
28500 147
29000 159
29500 152
30000 149
30500 170
31000 146
31500 141
32000 142
32500 156
33000 128
33500 159
34000 148
34500 156
35000 145
35500 145
36000 125
36500 154
37000 150
37500 149
38000 163
38500 137
39000 136
39500 142
40000 159
40500 148
41000 155
41500 139
42000 125
42500 138
43000 142
43500 153
44000 135
44500 159
45000 148
45500 107
46000 134
46500 160
47000 150
47500 149
48000 143
48500 130
49000 155
49500 153
50000 158
50500 150
51000 145
51500 153
52000 124
52500 146
53000 139
53500 162
54000 146
54500 147
55000 147
55500 152
56000 163
56500 160
57000 142
57500 143
58000 129
58500 156
59000 126
59500 162
60000 135
60500 152
61000 139
61500 152
62000 153
62500 151
63000 145
63500 138
64000 157
64500 153
65000 150
65500 128
66000 144
66500 143
67000 135
67500 161
68000 151
68500 141
69000 141
69500 128
70000 160
70500 151
71000 152
71500 144
72000 155
72500 160
73000 158
73500 138
74000 151
74500 136
75000 147
75500 157
76000 135
76500 166
77000 126
77500 160
78000 156
78500 151
79000 165
79500 124
80000 143
80500 149
81000 134
81500 150
82000 151
82500 143
83000 135
83500 134
84000 156
84500 132
85000 142
85500 147
86000 167
86500 168
87000 133
87500 118
88000 148
88500 153
89000 148
89500 134
90000 136
90500 147
91000 170
91500 144
92000 150
92500 152
93000 130
93500 145
94000 158
94500 155
95000 145
95500 171
96000 148
96500 156
97000 148
97500 149
98000 149
98500 132
99000 140
99500 154
100000 143
100500 137
101000 128
101500 123
102000 126
102500 139
103000 118
103500 154
104000 139
104500 134
105000 125
105500 145
106000 141
106500 154
107000 155
107500 140
108000 158
108500 144
109000 125
109500 139
110000 133
110500 134
111000 137
111500 126
112000 162
112500 139
113000 134
113500 154
114000 128
114500 141
115000 150
115500 148
116000 150
116500 139
117000 130
117500 143
118000 127
118500 142
119000 153
119500 138
120000 145
120500 152
121000 132
121500 143
122000 138
122500 133
123000 125
123500 134
124000 142
124500 136
125000 138
125500 142
126000 132
126500 149
127000 148
127500 138
128000 151
128500 138
129000 134
129500 133
130000 156
130500 162
131000 140
131500 143
132000 134
132500 126
133000 144
133500 126
134000 146
134500 141
135000 151
135500 135
136000 137
136500 141
137000 148
137500 117
138000 132
138500 128
139000 138
139500 156
140000 132
140500 141
141000 147
141500 122
142000 140
142500 157
143000 131
143500 122
144000 134
144500 128
145000 138
145500 138
146000 138
146500 152
147000 128
147500 132
148000 115
148500 159
149000 129
149500 141
150000 120
150500 127
151000 136
151500 117
152000 136
152500 121
153000 132
153500 137
154000 120
154500 145
155000 144
155500 144
156000 143
156500 130
157000 123
157500 136
158000 137
158500 125
159000 126
159500 137
160000 132
160500 146
161000 142
161500 130
162000 125
162500 132
163000 144
163500 144
164000 137
164500 151
165000 135
165500 135
166000 150
166500 132
167000 135
167500 140
168000 134
168500 143
169000 162
169500 135
170000 141
170500 114
171000 114
171500 149
172000 141
172500 146
173000 137
173500 149
174000 128
174500 147
175000 142
175500 112
176000 132
176500 128
177000 145
177500 141
178000 135
178500 142
179000 130
179500 147
180000 150
180500 151
181000 135
181500 128
182000 115
182500 121
183000 156
183500 154
184000 150
184500 136
185000 136
185500 125
186000 142
186500 122
187000 125
187500 151
188000 135
188500 143
189000 159
189500 160
190000 124
190500 131
191000 144
191500 157
192000 138
192500 129
193000 155
193500 141
194000 145
194500 170
195000 123
195500 148
196000 156
196500 120
197000 138
197500 153
198000 132
198500 131
199000 137
199500 154
200000 137
200500 128
201000 114
201500 129
202000 135
202500 111
203000 122
203500 125
204000 114
204500 114
205000 123
205500 103
206000 102
206500 121
207000 127
207500 107
208000 109
208500 126
209000 98
209500 128
210000 118
210500 122
211000 125
211500 138
212000 119
212500 138
213000 124
213500 114
214000 130
214500 105
215000 124
215500 105
216000 114
216500 130
217000 129
217500 128
218000 127
218500 88
219000 119
219500 120
220000 122
220500 110
221000 130
221500 126
222000 130
222500 122
223000 121
223500 129
224000 129
224500 115
225000 124
225500 122
226000 108
226500 117
227000 118
227500 124
228000 126
228500 126
229000 117
229500 124
230000 113
230500 120
231000 138
231500 110
232000 110
232500 122
233000 107
233500 141
234000 125
234500 128
235000 118
235500 100
236000 104
236500 105
237000 145
237500 118
238000 124
238500 122
239000 147
239500 129
240000 105
240500 128
241000 112
241500 122
242000 140
242500 103
243000 106
243500 108
244000 112
244500 129
245000 115
245500 111
246000 111
246500 113
247000 115
247500 107
248000 100
248500 126
249000 128
249500 100
250000 138
250500 126
251000 118
251500 149
252000 118
252500 108
253000 116
253500 130
254000 97
254500 104
255000 105
255500 112
256000 107
256500 127
257000 100
257500 99
258000 138
258500 127
259000 124
259500 124
260000 125
260500 126
261000 108
261500 133
262000 106
262500 103
263000 121
263500 127
264000 102
264500 131
265000 127
265500 145
266000 105
266500 130
267000 121
267500 112
268000 110
268500 119
269000 123
269500 102
270000 102
270500 130
271000 106
271500 123
272000 113
272500 102
273000 121
273500 116
274000 130
274500 116
275000 132
275500 103
276000 113
276500 133
277000 122
277500 128
278000 122
278500 103
279000 114
279500 104
280000 114
280500 105
281000 125
281500 121
282000 93
282500 126
283000 120
283500 126
284000 121
284500 104
285000 97
285500 107
286000 126
286500 116
287000 106
287500 117
288000 124
288500 108
289000 97
289500 108
290000 91
290500 118
291000 98
291500 128
292000 118
292500 117
293000 122
293500 109
294000 106
294500 123
295000 84
295500 100
296000 120
296500 132
297000 114
297500 115
298000 118
298500 108
299000 112
299500 101
300000 130
300500 80
301000 100
301500 70
302000 70
302500 71
303000 89
303500 85
304000 114
304500 81
305000 71
305500 72
306000 75
306500 75
307000 73
307500 72
308000 72
308500 77
309000 73
309500 77
310000 78
310500 73
311000 74
311500 71
312000 78
312500 78
313000 73
313500 76
314000 75
314500 73
315000 70
315500 69
316000 70
316500 69
317000 99
317500 82
318000 101
318500 74
319000 79
319500 76
320000 99
320500 91
321000 84
321500 79
322000 74
322500 71
323000 71
323500 73
324000 73
324500 77
325000 76
325500 85
326000 88
326500 77
327000 76
327500 127
328000 81
328500 73
329000 70
329500 72
330000 72
330500 72
331000 98
331500 87
332000 83
332500 72
333000 94
333500 78
334000 80
334500 116
335000 87
335500 81
336000 80
336500 77
337000 74
337500 69
338000 69
338500 72
339000 73
339500 74
340000 69
340500 74
341000 82
341500 80
342000 77
342500 134
343000 84
343500 93
344000 78
344500 80
345000 75
345500 71
346000 71
346500 77
347000 72
347500 72
348000 72
348500 71
349000 75
349500 73
350000 74
350500 81
351000 71
351500 74
352000 74
352500 76
353000 92
353500 79
354000 87
354500 91
355000 85
355500 79
356000 70
356500 71
357000 70
357500 71
358000 72
358500 72
359000 72
359500 72
360000 74
360500 72
361000 71
361500 71
362000 74
362500 74
363000 72
363500 72
364000 69
364500 71
365000 69
365500 71
366000 70
366500 68
367000 72
367500 73
368000 71
368500 69
369000 70
369500 69
370000 70
370500 72
371000 70
371500 73
372000 70
372500 71
373000 70
373500 72
374000 70
374500 70
375000 70
375500 72
376000 81
376500 76
377000 73
377500 76
378000 73
378500 71
379000 70
379500 70
380000 69
380500 74
381000 70
381500 73
382000 75
382500 81
383000 79
383500 138
384000 78
384500 74
385000 77
385500 76
386000 75
386500 73
387000 73
387500 75
388000 73
388500 109
389000 79
389500 75
390000 77
390500 100
391000 89
391500 111
392000 80
392500 77
393000 72
393500 72
394000 73
394500 71
395000 72
395500 72
396000 73
396500 72
397000 73
397500 85
398000 83
398500 92
399000 81
399500 76
400000 73
400500 70
401000 70
401500 70
402000 70
402500 70
403000 70
403500 70
404000 70
404500 70
405000 70
405500 70
406000 70
406500 140
407000 92
407500 72
408000 72
408500 72
409000 72
409500 87
410000 111
410500 82
411000 78
411500 84
412000 72
412500 72
413000 70
413500 70
414000 70
414500 70
415000 70
415500 70
416000 70
416500 70
417000 70
417500 70
418000 70
418500 70
419000 70
419500 70
420000 70
420500 70
421000 70
421500 70
422000 70
422500 70
423000 70
423500 70
424000 70
424500 70
425000 70
425500 70
426000 70
426500 70
427000 70
427500 70
428000 70
428500 70
429000 69
429500 69
430000 69
430500 69
431000 69
431500 69
432000 69
432500 69
433000 69
433500 69
434000 69
434500 69
435000 69
435500 68
436000 68
436500 68
437000 68
437500 68
438000 68
438500 68
439000 68
439500 68
440000 68
440500 68
441000 68
441500 68
442000 69
442500 69
443000 69
443500 69
444000 69
444500 69
445000 69
445500 68
446000 68
446500 68
447000 68
447500 68
448000 68
448500 68
449000 68
449500 68
450000 68
450500 68
451000 68
451500 68
452000 68
452500 68
453000 68
453500 68
454000 68
454500 68
455000 68
455500 68
456000 68
456500 68
457000 68
457500 68
458000 68
458500 68
459000 68
459500 68
460000 68
460500 68
461000 68
461500 68
462000 68
462500 68
463000 68
463500 68
464000 68
464500 68
465000 68
465500 68
466000 68
466500 68
467000 68
467500 68
468000 68
468500 68
469000 68
469500 68
470000 68
470500 68
471000 68
471500 68
472000 68
472500 68
473000 68
473500 68
474000 68
474500 68
475000 68
475500 68
476000 68
476500 68
477000 68
477500 68
478000 68
478500 68
479000 68
479500 68
480000 68
480500 68
481000 68
481500 68
482000 68
482500 68
483000 68
483500 68
484000 68
484500 68
485000 68
485500 68
486000 68
486500 68
487000 68
487500 68
488000 68
488500 68
489000 68
489500 68
490000 68
490500 68
491000 68
491500 68
492000 68
492500 68
493000 68
493500 68
494000 68
494500 68
495000 68
495500 68
496000 68
496500 68
497000 68
497500 68
498000 68
498500 68
499000 68
499500 68
500000 68
500500 68
501000 68
501500 68
502000 68
502500 68
503000 68
503500 68
504000 68
504500 68
505000 68
505500 68
506000 68
506500 68
507000 68
507500 68
508000 68
508500 68
509000 68
509500 68
510000 68
510500 68
511000 68
511500 68
512000 68
512500 68
513000 68
513500 68
514000 68
514500 68
515000 68
515500 68
516000 68
516500 68
517000 68
517500 68
518000 68
518500 68
519000 68
519500 68
520000 68
520500 68
521000 68
521500 68
522000 68
522500 68
523000 68
523500 68
524000 68
524500 68
525000 68
525500 68
526000 68
526500 68
527000 68
527500 68
528000 68
528500 68
529000 68
529500 68
530000 68
530500 68
531000 68
531500 68
532000 68
532500 68
533000 68
533500 68
534000 68
534500 68
535000 68
535500 68
536000 68
536500 68
537000 68
537500 68
538000 68
538500 68
539000 68
539500 68
540000 68
540500 68
541000 68
541500 68
542000 68
542500 68
543000 68
543500 68
544000 68
544500 68
545000 68
545500 68
546000 68
546500 68
547000 68
547500 68
548000 68
548500 68
549000 68
549500 68
550000 68
550500 68
551000 68
551500 68
552000 68
552500 68
553000 68
553500 68
554000 68
554500 68
555000 68
555500 68
556000 68
556500 68
557000 68
557500 68
558000 68
558500 68
559000 68
559500 68
560000 68
560500 68
561000 68
561500 68
562000 68
562500 68
563000 68
563500 68
564000 68
564500 68
565000 68
565500 68
566000 68
566500 68
567000 68
567500 68
568000 68
568500 68
569000 68
569500 68
570000 68
570500 68
571000 68
571500 68
572000 68
572500 68
573000 68
573500 68
574000 68
574500 68
575000 68
575500 68
576000 68
576500 68
577000 68
577500 68
578000 68
578500 68
579000 68
579500 68
580000 68
580500 68
581000 68
581500 68
582000 68
582500 68
583000 68
583500 68
584000 68
584500 68
585000 68
585500 68
586000 68
586500 68
587000 68
587500 68
588000 68
588500 68
589000 68
589500 68
590000 68
590500 68
591000 68
591500 68
592000 68
592500 68
593000 68
593500 68
594000 68
594500 68
595000 68
595500 68
596000 68
596500 68
597000 68
597500 68
598000 68
598500 68
599000 68
599500 68
600000 68
600500 68
601000 68
601500 68
602000 68
602500 68
603000 68
603500 68
604000 68
604500 68
605000 68
605500 68
606000 68
606500 68
607000 68
607500 68
608000 68
608500 68
609000 68
609500 68
610000 68
610500 68
611000 68
611500 68
612000 68
612500 68
613000 68
613500 68
614000 68
614500 68
615000 68
615500 68
616000 68
616500 68
617000 68
617500 68
618000 68
618500 68
619000 68
619500 68
620000 68
620500 68
621000 68
621500 68
622000 68
622500 68
623000 68
623500 68
624000 68
624500 68
625000 68
625500 68
626000 68
626500 68
627000 68
627500 68
628000 68
628500 68
629000 68
629500 68
630000 68
630500 68
631000 68
631500 68
632000 68
632500 68
633000 68
633500 68
634000 68
634500 68
635000 68
635500 68
636000 68
636500 68
637000 68
637500 68
638000 68
638500 68
639000 68
639500 68
640000 68
640500 68
641000 68
641500 68
642000 68
642500 68
643000 68
643500 68
644000 68
644500 68
645000 68
645500 68
646000 68
646500 68
647000 68
647500 68
648000 68
648500 68
649000 68
649500 68
650000 68
650500 68
651000 68
651500 68
652000 68
652500 68
653000 68
653500 68
654000 68
654500 68
655000 68
655500 68
656000 68
656500 68
657000 68
657500 68
658000 68
658500 68
659000 68
659500 68
660000 68
660500 68
661000 68
661500 68
662000 68
662500 68
663000 68
663500 68
664000 68
664500 68
665000 68
665500 68
666000 68
666500 68
667000 68
667500 68
668000 68
668500 68
669000 68
669500 68
670000 68
670500 68
671000 68
671500 68
672000 68
672500 68
673000 68
673500 68
674000 68
674500 68
675000 68
675500 68
676000 68
676500 68
677000 68
677500 68
678000 68
678500 68
679000 68
679500 68
680000 68
680500 68
681000 68
681500 68
682000 68
682500 68
683000 68
683500 68
684000 68
684500 68
685000 68
685500 68
686000 68
686500 68
687000 68
687500 68
688000 68
688500 68
689000 68
689500 68
690000 68
690500 68
691000 68
691500 68
692000 68
692500 68
693000 68
693500 68
694000 68
694500 68
695000 68
695500 68
696000 68
696500 68
697000 68
697500 68
698000 68
698500 68
699000 68
699500 68
700000 68
