500 148
1000 150
1500 129
2000 149
2500 140
3000 168
3500 145
4000 151
4500 145
5000 145
5500 171
6000 149
6500 154
7000 154
7500 157
8000 150
8500 147
9000 135
9500 147
10000 134
10500 149
11000 156
11500 150
12000 129
12500 158
13000 152
13500 145
14000 152
14500 143
15000 147
15500 157
16000 143
16500 146
17000 142
17500 162
18000 145
18500 137
19000 143
19500 133
20000 129
20500 170
21000 149
21500 144
22000 148
22500 132
23000 136
23500 151
24000 137
24500 157
25000 162
25500 134
26000 147
26500 149
27000 140
27500 144
28000 150
28500 150
29000 156
29500 144
30000 128
30500 141
31000 134
31500 141
32000 153
32500 131
33000 146
33500 137
34000 144
34500 168
35000 127
35500 147
36000 141
36500 139
37000 153
37500 147
38000 114
38500 143
39000 120
39500 130
40000 164
40500 132
41000 136
41500 144
42000 144
42500 142
43000 144
43500 162
44000 127
44500 145
45000 129
45500 144
46000 159
46500 128
47000 138
47500 142
48000 139
48500 150
49000 137
49500 130
50000 158
50500 144
51000 140
51500 157
52000 138
52500 142
53000 161
53500 130
54000 122
54500 131
55000 135
55500 162
56000 139
56500 117
57000 140
57500 145
58000 150
58500 144
59000 146
59500 134
60000 122
60500 140
61000 115
61500 137
62000 144
62500 139
63000 146
63500 122
64000 137
64500 125
65000 142
65500 155
66000 131
66500 155
67000 154
67500 135
68000 141
68500 162
69000 149
69500 154
70000 156
70500 132
71000 155
71500 124
72000 138
72500 132
73000 146
73500 141
74000 157
74500 127
75000 143
75500 145
76000 143
76500 133
77000 135
77500 127
78000 150
78500 137
79000 132
79500 142
80000 149
80500 137
81000 130
81500 138
82000 140
82500 145
83000 149
83500 152
84000 134
84500 146
85000 134
85500 126
86000 132
86500 130
87000 141
87500 129
88000 126
88500 137
89000 138
89500 156
90000 158
90500 128
91000 127
91500 144
92000 128
92500 144
93000 141
93500 153
94000 137
94500 131
95000 127
95500 147
96000 130
96500 147
97000 130
97500 139
98000 145
98500 138
99000 128
99500 138
100000 140
100500 132
101000 116
101500 142
102000 133
102500 145
103000 151
103500 131
104000 150
104500 149
105000 117
105500 142
106000 158
106500 141
107000 140
107500 135
108000 134
108500 150
109000 127
109500 148
110000 141
110500 146
111000 128
111500 137
112000 125
112500 145
113000 131
113500 128
114000 133
114500 110
115000 141
115500 132
116000 155
116500 149
117000 132
117500 134
118000 139
118500 114
119000 121
119500 141
120000 138
120500 153
121000 149
121500 132
122000 120
122500 122
123000 135
123500 149
124000 150
124500 153
125000 135
125500 115
126000 142
126500 130
127000 123
127500 124
128000 98
128500 125
129000 134
129500 140
130000 127
130500 141
131000 133
131500 156
132000 142
132500 134
133000 127
133500 145
134000 124
134500 153
135000 134
135500 151
136000 131
136500 141
137000 113
137500 122
138000 123
138500 134
139000 132
139500 142
140000 134
140500 150
141000 146
141500 150
142000 139
142500 124
143000 117
143500 113
144000 142
144500 136
145000 120
145500 118
146000 116
146500 134
147000 136
147500 120
148000 125
148500 129
149000 127
149500 110
150000 120
150500 117
151000 141
151500 103
152000 159
152500 125
153000 154
153500 157
154000 115
154500 120
155000 121
155500 134
156000 111
156500 118
157000 128
157500 137
158000 163
158500 123
159000 119
159500 134
160000 118
160500 124
161000 125
161500 121
162000 144
162500 146
163000 143
163500 127
164000 135
164500 141
165000 122
165500 126
166000 171
166500 111
167000 115
167500 126
168000 131
168500 114
169000 110
169500 119
170000 129
170500 137
171000 119
171500 122
172000 119
172500 143
173000 134
173500 126
174000 129
174500 127
175000 123
175500 139
176000 130
176500 138
177000 108
177500 120
178000 107
178500 133
179000 107
179500 132
180000 119
180500 100
181000 120
181500 114
182000 124
182500 131
183000 106
183500 125
184000 111
184500 108
185000 123
185500 131
186000 114
186500 115
187000 124
187500 121
188000 112
188500 119
189000 127
189500 98
190000 116
190500 116
191000 113
191500 131
192000 114
192500 112
193000 137
193500 106
194000 128
194500 104
195000 117
195500 115
196000 118
196500 121
197000 97
197500 115
198000 104
198500 129
199000 126
199500 106
200000 127
200500 129
201000 105
201500 122
202000 129
202500 104
203000 111
203500 125
204000 123
204500 121
205000 109
205500 111
206000 113
206500 128
207000 113
207500 115
208000 114
208500 103
209000 116
209500 121
210000 103
210500 128
211000 112
211500 111
212000 115
212500 107
213000 123
213500 124
214000 94
214500 99
215000 129
215500 112
216000 125
216500 97
217000 114
217500 117
218000 94
218500 90
219000 96
219500 99
220000 105
220500 133
221000 112
221500 106
222000 98
222500 95
223000 124
223500 104
224000 107
224500 117
225000 107
225500 88
226000 100
226500 120
227000 121
227500 98
228000 93
228500 105
229000 99
229500 105
230000 96
230500 91
231000 124
231500 134
232000 100
232500 99
233000 100
233500 115
234000 99
234500 95
235000 109
235500 102
236000 116
236500 105
237000 127
237500 99
238000 98
238500 103
239000 100
239500 119
240000 98
240500 100
241000 92
241500 119
242000 86
242500 94
243000 114
243500 110
244000 99
244500 129
245000 97
245500 97
246000 118
246500 110
247000 93
247500 96
248000 96
248500 85
249000 94
249500 95
250000 81
250500 87
251000 114
251500 122
252000 85
252500 99
253000 91
253500 76
254000 98
254500 97
255000 144
255500 85
256000 121
256500 108
257000 92
257500 95
258000 133
258500 86
259000 81
259500 99
260000 78
260500 117
261000 105
261500 89
262000 83
262500 82
263000 85
263500 92
264000 105
264500 108
265000 95
265500 114
266000 85
266500 104
267000 92
267500 91
268000 86
268500 79
269000 76
269500 82
270000 91
270500 75
271000 80
271500 92
272000 96
272500 95
273000 77
273500 85
274000 83
274500 85
275000 77
275500 103
276000 86
276500 77
277000 84
277500 78
278000 126
278500 78
279000 78
279500 82
280000 76
280500 75
281000 80
281500 134
282000 131
282500 121
283000 76
283500 80
284000 99
284500 80
285000 83
285500 80
286000 73
286500 75
287000 74
287500 81
288000 78
288500 82
289000 101
289500 88
290000 95
290500 98
291000 104
291500 81
292000 79
292500 123
293000 89
293500 78
294000 97
294500 104
295000 128
295500 79
296000 76
296500 73
297000 73
297500 74
298000 79
298500 76
299000 74
299500 101
300000 74
300500 76
301000 72
301500 72
302000 69
302500 72
303000 71
303500 68
304000 71
304500 68
305000 71
305500 71
306000 68
306500 69
307000 73
307500 79
308000 76
308500 77
309000 70
309500 73
310000 71
310500 70
311000 67
311500 67
312000 67
312500 68
313000 83
313500 73
314000 73
314500 75
315000 102
315500 116
316000 101
316500 79
317000 77
317500 77
318000 75
318500 78
319000 77
319500 73
320000 75
320500 73
321000 68
321500 68
322000 69
322500 66
323000 66
323500 66
324000 68
324500 67
325000 67
325500 70
326000 71
326500 68
327000 66
327500 66
328000 68
328500 67
329000 67
329500 69
330000 66
330500 71
331000 71
331500 73
332000 72
332500 67
333000 66
333500 66
334000 66
334500 66
335000 66
335500 66
336000 67
336500 66
337000 66
337500 67
338000 66
338500 67
339000 66
339500 66
340000 66
340500 67
341000 68
341500 68
342000 66
342500 66
343000 66
343500 65
344000 65
344500 66
345000 66
345500 66
346000 65
346500 65
347000 67
347500 66
348000 66
348500 66
349000 67
349500 66
350000 66
350500 66
351000 66
351500 66
352000 66
352500 65
353000 65
353500 66
354000 65
354500 65
355000 66
355500 66
356000 66
356500 65
357000 65
357500 65
358000 65
358500 65
359000 65
359500 65
360000 66
360500 65
361000 65
361500 65
362000 65
362500 66
363000 67
363500 66
364000 65
364500 65
365000 65
365500 65
366000 65
366500 65
367000 65
367500 66
368000 65
368500 65
369000 65
369500 65
370000 65
370500 65
371000 65
371500 65
372000 65
372500 65
373000 65
373500 65
374000 65
374500 65
375000 65
375500 65
376000 65
376500 65
377000 65
377500 65
378000 65
378500 65
379000 65
379500 65
380000 65
380500 65
381000 65
381500 65
382000 65
382500 65
383000 65
383500 65
384000 65
384500 65
385000 65
385500 65
386000 65
386500 65
387000 65
387500 65
388000 65
388500 65
389000 65
389500 65
390000 65
390500 65
391000 65
391500 65
392000 65
392500 66
393000 65
393500 65
394000 65
394500 65
395000 65
395500 65
396000 65
396500 65
397000 65
397500 65
398000 65
398500 65
399000 65
399500 65
400000 65
400500 65
401000 65
401500 65
402000 65
402500 65
403000 65
403500 65
404000 65
404500 65
405000 65
405500 65
406000 65
406500 65
407000 65
407500 65
408000 65
408500 65
409000 65
409500 65
410000 65
410500 65
411000 65
411500 65
412000 65
412500 65
413000 65
413500 65
414000 65
414500 65
415000 65
415500 65
416000 65
416500 65
417000 65
417500 65
418000 65
418500 65
419000 65
419500 65
420000 65
420500 65
421000 65
421500 65
422000 65
422500 65
423000 65
423500 65
424000 65
424500 65
425000 65
425500 65
426000 65
426500 65
427000 65
427500 65
428000 65
428500 65
429000 65
429500 65
430000 65
430500 65
431000 65
431500 65
432000 65
432500 65
433000 65
433500 65
434000 65
434500 65
435000 65
435500 65
436000 65
436500 65
437000 65
437500 65
438000 65
438500 65
439000 65
439500 65
440000 65
440500 65
441000 65
441500 65
442000 65
442500 65
443000 65
443500 65
444000 65
444500 65
445000 65
445500 65
446000 65
446500 65
447000 65
447500 65
448000 65
448500 65
449000 65
449500 65
450000 65
450500 65
451000 65
451500 65
452000 65
452500 65
453000 65
453500 65
454000 65
454500 65
455000 65
455500 65
456000 65
456500 65
457000 65
457500 65
458000 65
458500 65
459000 65
459500 65
460000 65
460500 65
461000 65
461500 65
462000 65
462500 65
463000 65
463500 65
464000 65
464500 65
465000 65
465500 65
466000 65
466500 65
467000 65
467500 65
468000 65
468500 65
469000 65
469500 65
470000 65
470500 65
471000 65
471500 65
472000 65
472500 65
473000 65
473500 65
474000 65
474500 65
475000 65
475500 65
476000 65
476500 65
477000 65
477500 65
478000 65
478500 65
479000 65
479500 65
480000 65
480500 65
481000 65
481500 65
482000 65
482500 65
483000 65
483500 65
484000 65
484500 65
485000 65
485500 65
486000 65
486500 65
487000 65
487500 65
488000 65
488500 65
489000 65
489500 65
490000 65
490500 65
491000 65
491500 65
492000 65
492500 65
493000 65
493500 65
494000 65
494500 65
495000 65
495500 65
496000 65
496500 65
497000 65
497500 65
498000 65
498500 65
499000 65
499500 65
500000 65
500500 65
501000 65
501500 65
502000 65
502500 65
503000 65
503500 65
504000 65
504500 65
505000 65
505500 65
506000 65
506500 65
507000 65
507500 65
508000 65
508500 65
509000 65
509500 65
510000 65
510500 65
511000 65
511500 65
512000 65
512500 65
513000 65
513500 65
514000 65
514500 65
515000 65
515500 65
516000 65
516500 65
517000 65
517500 65
518000 65
518500 65
519000 65
519500 65
520000 65
520500 65
521000 65
521500 65
522000 65
522500 65
523000 65
523500 65
524000 65
524500 65
525000 65
525500 65
526000 65
526500 65
527000 65
527500 65
528000 65
528500 65
529000 65
529500 65
530000 65
530500 65
531000 65
531500 65
532000 65
532500 65
533000 65
533500 65
534000 65
534500 65
535000 65
535500 65
536000 65
536500 65
537000 65
537500 65
538000 65
538500 65
539000 65
539500 65
540000 65
540500 65
541000 65
541500 65
542000 65
542500 65
543000 65
543500 65
544000 65
544500 65
545000 65
545500 65
546000 65
546500 65
547000 65
547500 65
548000 65
548500 65
549000 65
549500 65
550000 65
550500 65
551000 65
551500 65
552000 65
552500 65
553000 65
553500 65
554000 65
554500 65
555000 65
555500 65
556000 65
556500 65
557000 65
557500 65
558000 65
558500 65
559000 65
559500 65
560000 65
560500 65
561000 65
561500 65
562000 65
562500 65
563000 65
563500 65
564000 65
564500 65
565000 65
565500 65
566000 65
566500 65
567000 65
567500 65
568000 65
568500 65
569000 65
569500 65
570000 65
570500 65
571000 65
571500 65
572000 65
572500 65
573000 65
573500 65
574000 65
574500 65
575000 65
575500 65
576000 65
576500 65
577000 65
577500 65
578000 65
578500 65
579000 65
579500 65
580000 65
580500 65
581000 65
581500 65
582000 65
582500 65
583000 65
583500 65
584000 65
584500 65
585000 65
585500 65
586000 65
586500 65
587000 65
587500 65
588000 65
588500 65
589000 65
589500 65
590000 65
590500 65
591000 65
591500 65
592000 65
592500 65
593000 65
593500 65
594000 65
594500 65
595000 65
595500 65
596000 65
596500 65
597000 65
597500 65
598000 65
598500 65
599000 65
599500 65
600000 65
600500 65
601000 65
601500 65
602000 65
602500 65
603000 65
603500 65
604000 65
604500 65
605000 65
605500 65
606000 65
606500 65
607000 65
607500 65
608000 65
608500 65
609000 65
609500 65
610000 65
610500 65
611000 65
611500 65
612000 65
612500 65
613000 65
613500 65
614000 65
614500 65
615000 65
615500 65
616000 65
616500 65
617000 65
617500 65
618000 65
618500 65
619000 65
619500 65
620000 65
620500 65
621000 65
621500 65
622000 65
622500 65
623000 65
623500 65
624000 65
624500 65
625000 65
625500 65
626000 65
626500 65
627000 65
627500 65
628000 65
628500 65
629000 65
629500 65
630000 65
630500 65
631000 65
631500 65
632000 65
632500 65
633000 65
633500 65
634000 65
634500 65
635000 65
635500 65
636000 65
636500 65
637000 65
637500 65
638000 65
638500 65
639000 65
639500 65
640000 65
640500 65
641000 65
641500 65
642000 65
642500 65
643000 65
643500 65
644000 65
644500 65
645000 65
645500 65
646000 65
646500 65
647000 65
647500 65
648000 65
648500 65
649000 65
649500 65
650000 65
650500 65
651000 65
651500 65
652000 65
652500 65
653000 65
653500 65
654000 65
654500 65
655000 65
655500 65
656000 65
