10 155
20 150
30 138
40 156
50 145
60 140
70 152
80 139
90 137
100 152
110 155
120 129
130 143
140 156
150 142
160 131
170 154
180 158
190 170
200 155
210 140
220 143
230 166
240 145
250 161
260 160
270 154
280 144
290 145
300 166
310 164
320 138
330 132
340 148
350 142
360 159
370 155
380 146
390 147
400 162
410 167
420 141
430 164
440 151
450 158
460 158
470 140
480 176
490 160
500 156
510 146
520 155
530 157
540 172
550 159
560 143
570 130
580 138
590 159
600 142
610 164
620 141
630 164
640 155
650 146
660 153
670 143
680 144
690 141
700 151
710 157
720 148
730 148
740 149
750 168
760 162
770 133
780 136
790 164
800 158
810 164
820 141
830 168
840 174
850 151
860 152
870 156
880 147
890 140
900 161
910 145
920 143
930 154
940 134
950 142
960 138
970 145
980 139
990 149
1000 149
1010 149
1020 135
1030 147
1040 131
1050 142
1060 143
1070 148
1080 153
1090 168
1100 163
1110 123
1120 135
1130 156
1140 133
1150 140
1160 150
1170 154
1180 154
1190 164
1200 147
1210 150
1220 147
1230 145
1240 140
1250 150
1260 154
1270 148
1280 152
1290 145
1300 149
1310 141
1320 134
1330 140
1340 144
1350 152
1360 153
1370 138
1380 146
1390 167
1400 147
1410 155
1420 160
1430 157
1440 146
1450 155
1460 143
1470 138
1480 152
1490 141
1500 144
1510 161
1520 139
1530 149
1540 161
1550 163
1560 153
1570 146
1580 143
1590 141
1600 150
1610 156
1620 143
1630 143
1640 153
1650 161
1660 133
1670 148
1680 142
1690 153
1700 152
1710 136
1720 131
1730 137
1740 173
1750 153
1760 145
1770 146
1780 148
1790 154
1800 137
1810 144
1820 134
1830 146
1840 156
1850 158
1860 134
1870 141
1880 132
1890 159
1900 168
1910 147
1920 159
1930 137
1940 161
1950 158
1960 162
1970 157
1980 166
1990 124
2000 140
2010 144
2020 138
2030 146
2040 126
2050 139
2060 145
2070 145
2080 150
2090 171
2100 148
2110 151
2120 166
2130 166
2140 148
2150 153
2160 138
2170 164
2180 129
2190 135
2200 154
2210 132
2220 152
2230 149
2240 160
2250 133
2260 155
2270 147
2280 155
2290 151
2300 157
2310 153
2320 158
2330 149
2340 162
2350 171
2360 167
2370 141
2380 146
2390 171
2400 141
2410 151
2420 136
2430 133
2440 120
2450 133
2460 163
2470 134
2480 155
2490 136
2500 146
2510 149
2520 151
2530 143
2540 139
2550 141
2560 133
2570 149
2580 151
2590 143
2600 150
2610 134
2620 135
2630 145
2640 144
2650 134
2660 131
2670 157
2680 126
2690 154
2700 144
2710 152
2720 141
2730 156
2740 150
2750 148
2760 130
2770 141
2780 133
2790 148
2800 142
2810 157
2820 155
2830 155
2840 154
2850 138
2860 136
2870 133
2880 161
2890 159
2900 155
2910 150
2920 150
2930 128
2940 139
2950 150
2960 152
2970 170
2980 159
2990 139
3000 137
3010 132
3020 138
3030 149
3040 143
3050 142
3060 134
3070 129
3080 135
3090 143
3100 143
3110 128
3120 123
3130 134
3140 146
3150 139
3160 134
3170 110
3180 141
3190 141
3200 162
3210 132
3220 137
3230 147
3240 137
3250 120
3260 148
3270 135
3280 150
3290 137
3300 131
3310 141
3320 157
3330 156
3340 143
3350 125
3360 142
3370 130
3380 124
3390 136
3400 155
3410 151
3420 168
3430 148
3440 145
3450 135
3460 144
3470 155
3480 140
3490 123
3500 113
3510 145
3520 149
3530 153
3540 143
3550 135
3560 138
3570 135
3580 143
3590 140
3600 141
3610 147
3620 153
3630 146
3640 144
3650 140
3660 143
3670 130
3680 135
3690 125
3700 142
3710 148
3720 122
3730 130
3740 124
3750 125
3760 150
3770 145
3780 151
3790 136
3800 118
3810 125
3820 123
3830 150
3840 149
3850 160
3860 156
3870 123
3880 130
3890 139
3900 138
3910 127
3920 127
3930 134
3940 127
3950 125
3960 141
3970 137
3980 143
3990 123
4000 116
4010 133
4020 118
4030 135
4040 133
4050 132
4060 139
4070 126
4080 123
4090 129
4100 121
4110 108
4120 129
4130 139
4140 133
4150 132
4160 135
4170 137
4180 141
4190 161
4200 172
4210 156
4220 145
4230 157
4240 144
4250 132
4260 133
4270 142
4280 128
4290 133
4300 125
4310 139
4320 157
4330 133
4340 132
4350 127
4360 140
4370 125
4380 126
4390 129
4400 136
4410 115
4420 116
4430 119
4440 121
4450 132
4460 126
4470 131
4480 124
4490 123
4500 125
4510 124
4520 139
4530 108
4540 112
4550 112
4560 126
4570 124
4580 129
4590 124
4600 123
4610 129
4620 136
4630 134
4640 125
4650 125
4660 143
4670 138
4680 138
4690 118
4700 135
4710 140
4720 133
4730 127
4740 125
4750 127
4760 126
4770 129
4780 132
4790 133
4800 128
4810 113
4820 120
4830 123
4840 117
4850 126
4860 123
4870 132
4880 127
4890 126
4900 129
4910 125
4920 121
4930 115
4940 112
4950 110
4960 113
4970 112
4980 104
4990 115
5000 105
5010 105
5020 98
5030 108
5040 108
5050 101
5060 101
5070 113
5080 112
5090 115
5100 110
5110 112
5120 105
5130 115
5140 115
5150 127
5160 127
5170 123
5180 109
5190 118
5200 118
5210 112
5220 103
5230 102
5240 110
5250 122
5260 125
5270 128
5280 121
5290 117
5300 111
5310 114
5320 109
5330 104
5340 105
5350 105
5360 107
5370 108
5380 113
5390 113
5400 117
5410 113
5420 109
5430 109
5440 116
5450 108
5460 108
5470 108
5480 108
5490 103
5500 92
5510 94
5520 95
5530 95
5540 99
5550 99
5560 98
5570 99
5580 100
5590 100
5600 100
5610 99
5620 103
5630 102
5640 102
5650 102
5660 102
5670 104
5680 99
5690 99
5700 104
5710 104
5720 101
5730 102
5740 95
5750 92
5760 86
5770 86
5780 86
5790 86
5800 81
5810 81
5820 79
5830 79
5840 79
5850 78
5860 78
5870 75
5880 75
5890 76
5900 76
5910 76
5920 76
5930 76
5940 84
5950 84
5960 82
5970 82
5980 82
5990 82
6000 82
6010 82
6020 82
6030 82
6040 82
6050 82
6060 82
6070 81
6080 81
6090 81
6100 81
6110 81
6120 81
6130 83
6140 83
6150 82
6160 82
6170 82
6180 82
6190 84
6200 84
6210 79
6220 79
6230 79
6240 79
6250 79
6260 79
6270 79
6280 79
6290 79
6300 79
6310 79
6320 79
6330 84
6340 79
6350 79
6360 79
6370 79
6380 80
6390 80
6400 80
6410 80
6420 80
6430 80
6440 80
6450 79
6460 79
6470 79
6480 79
6490 79
6500 79
6510 79
6520 79
6530 79
6540 79
6550 79
6560 79
6570 78
6580 78
6590 78
6600 78
6610 78
6620 78
6630 78
6640 78
6650 78
6660 78
6670 78
6680 78
6690 78
6700 78
6710 78
6720 80
6730 79
6740 79
6750 79
6760 79
6770 79
6780 79
6790 79
6800 79
6810 79
6820 79
6830 79
6840 79
6850 79
6860 79
6870 77
6880 77
6890 77
6900 77
6910 77
6920 77
6930 77
6940 77
6950 77
6960 77
6970 77
6980 76
6990 76
7000 76
7010 76
7020 76
7030 76
7040 76
7050 76
7060 76
7070 76
7080 76
7090 76
7100 76
7110 76
7120 76
7130 76
7140 76
7150 76
7160 76
7170 76
7180 76
7190 76
7200 76
7210 76
7220 76
7230 76
7240 76
7250 76
7260 76
7270 76
7280 76
7290 76
7300 76
7310 76
7320 76
7330 75
7340 75
7350 75
7360 75
7370 75
7380 75
7390 75
7400 75
7410 75
7420 75
7430 75
7440 75
7450 75
7460 75
7470 75
7480 75
7490 75
7500 75
7510 75
7520 75
7530 75
7540 75
7550 75
7560 75
7570 75
7580 75
7590 75
7600 75
7610 75
7620 75
7630 75
7640 75
7650 75
7660 75
7670 75
7680 75
7690 75
7700 75
7710 75
7720 75
7730 75
7740 75
7750 75
7760 75
7770 75
7780 75
7790 75
7800 75
7810 75
7820 75
7830 75
7840 75
7850 75
7860 75
7870 75
7880 75
7890 75
7900 75
7910 75
7920 75
7930 75
7940 75
7950 75
7960 75
7970 75
7980 75
7990 75
8000 75
8010 75
8020 75
8030 75
8040 75
8050 75
8060 75
8070 75
8080 75
8090 75
8100 75
8110 75
8120 75
8130 75
8140 75
8150 75
8160 75
8170 75
8180 75
8190 75
8200 75
8210 75
8220 75
8230 75
8240 75
8250 75
8260 75
8270 75
8280 75
8290 75
8300 75
8310 75
8320 75
8330 75
8340 75
8350 75
8360 75
8370 75
8380 75
8390 75
8400 75
8410 75
8420 75
8430 75
8440 75
8450 75
8460 75
8470 75
8480 75
8490 75
8500 75
8510 75
8520 75
8530 75
8540 75
8550 75
8560 75
8570 75
8580 75
8590 75
8600 75
8610 75
8620 75
8630 75
8640 75
8650 75
8660 75
8670 75
8680 75
8690 75
8700 75
8710 75
8720 75
8730 75
8740 75
8750 75
8760 75
8770 75
8780 75
8790 75
8800 75
8810 75
8820 75
8830 75
8840 75
8850 75
8860 75
8870 75
8880 75
8890 75
8900 75
8910 75
8920 75
8930 75
8940 75
8950 75
8960 75
8970 75
8980 75
8990 75
9000 75
9010 75
9020 75
9030 75
9040 75
9050 75
9060 75
9070 75
9080 75
9090 75
9100 75
9110 75
9120 75
9130 75
9140 75
9150 75
9160 75
9170 75
9180 75
9190 75
9200 75
9210 75
9220 75
9230 75
9240 75
9250 75
9260 75
9270 75
9280 75
9290 75
9300 75
9310 75
9320 75
9330 75
9340 75
9350 75
9360 75
9370 75
9380 75
9390 75
9400 75
9410 75
9420 75
9430 75
9440 75
9450 75
9460 75
9470 72
9480 72
9490 72
9500 72
9510 72
9520 72
9530 72
9540 72
9550 72
9560 72
9570 72
9580 72
9590 72
9600 72
9610 72
9620 72
9630 72
9640 72
9650 72
9660 72
9670 72
9680 72
9690 72
9700 72
9710 72
9720 72
9730 72
9740 72
9750 72
9760 72
9770 72
9780 72
9790 72
9800 72
9810 72
9820 72
9830 72
9840 72
9850 72
9860 72
9870 72
9880 72
9890 72
9900 72
9910 72
9920 72
9930 72
9940 72
9950 72
9960 72
9970 72
9980 72
9990 72
10000 72
10010 72
10020 72
10030 72
10040 72
10050 72
10060 72
10070 72
10080 72
10090 72
10100 72
10110 72
10120 72
10130 72
10140 72
10150 72
10160 72
10170 72
10180 72
10190 72
10200 72
10210 72
10220 72
10230 72
10240 72
10250 72
10260 72
10270 72
10280 72
10290 72
10300 72
10310 72
10320 72
10330 72
10340 72
10350 72
10360 72
10370 72
10380 72
10390 72
10400 72
10410 72
10420 72
10430 72
10440 72
10450 72
10460 72
10470 72
10480 72
10490 72
10500 72
10510 72
10520 72
10530 72
10540 72
10550 72
10560 72
10570 72
10580 72
10590 72
10600 72
10610 72
10620 72
10630 72
10640 72
10650 72
10660 72
10670 72
10680 72
10690 72
10700 72
10710 72
10720 72
10730 72
10740 72
10750 72
10760 72
10770 72
