10 147
20 143
30 141
40 152
50 151
60 155
70 158
80 156
90 152
100 132
110 144
120 150
130 154
140 151
150 148
160 163
170 159
180 152
190 146
200 148
210 164
220 144
230 157
240 146
250 160
260 150
270 136
280 171
290 160
300 146
310 149
320 165
330 146
340 141
350 152
360 160
370 148
380 158
390 140
400 139
410 133
420 153
430 150
440 165
450 173
460 151
470 154
480 157
490 178
500 149
510 165
520 142
530 159
540 158
550 161
560 151
570 155
580 163
590 170
600 156
610 126
620 153
630 166
640 160
650 131
660 149
670 147
680 166
690 148
700 161
710 144
720 141
730 150
740 144
750 155
760 157
770 137
780 152
790 147
800 125
810 158
820 128
830 143
840 139
850 148
860 142
870 157
880 162
890 161
900 151
910 164
920 155
930 154
940 140
950 142
960 165
970 153
980 149
990 162
1000 139
1010 144
1020 160
1030 162
1040 135
1050 161
1060 153
1070 154
1080 144
1090 155
1100 156
1110 161
1120 151
1130 147
1140 136
1150 142
1160 123
1170 149
1180 154
1190 164
1200 162
1210 147
1220 135
1230 139
1240 142
1250 140
1260 154
1270 173
1280 172
1290 166
1300 154
1310 142
1320 151
1330 136
1340 155
1350 160
1360 149
1370 146
1380 153
1390 157
1400 135
1410 149
1420 153
1430 154
1440 163
1450 152
1460 137
1470 147
1480 136
1490 147
1500 150
1510 149
1520 156
1530 157
1540 163
1550 151
1560 139
1570 142
1580 147
1590 164
1600 157
1610 138
1620 152
1630 157
1640 139
1650 170
1660 155
1670 158
1680 148
1690 135
1700 126
1710 150
1720 152
1730 148
1740 160
1750 155
1760 153
1770 147
1780 147
1790 149
1800 155
1810 155
1820 148
1830 135
1840 144
1850 150
1860 142
1870 142
1880 152
1890 147
1900 134
1910 136
1920 161
1930 168
1940 132
1950 136
1960 135
1970 144
1980 160
1990 135
2000 143
2010 140
2020 169
2030 147
2040 136
2050 144
2060 163
2070 165
2080 142
2090 160
2100 170
2110 173
2120 164
2130 151
2140 142
2150 172
2160 156
2170 144
2180 144
2190 146
2200 152
2210 166
2220 159
2230 139
2240 147
2250 144
2260 156
2270 154
2280 159
2290 136
2300 156
2310 154
2320 138
2330 187
2340 130
2350 159
2360 135
2370 144
2380 156
2390 134
2400 166
2410 161
2420 170
2430 145
2440 165
2450 135
2460 161
2470 149
2480 146
2490 134
2500 124
2510 134
2520 136
2530 143
2540 156
2550 167
2560 168
2570 140
2580 154
2590 148
2600 124
2610 145
2620 153
2630 137
2640 148
2650 148
2660 145
2670 146
2680 151
2690 133
2700 144
2710 147
2720 149
2730 160
2740 168
2750 148
2760 132
2770 135
2780 150
2790 158
2800 141
2810 147
2820 149
2830 142
2840 143
2850 154
2860 139
2870 153
2880 157
2890 150
2900 146
2910 147
2920 147
2930 135
2940 139
2950 140
2960 140
2970 170
2980 141
2990 147
3000 129
3010 128
3020 127
3030 147
3040 135
3050 157
3060 150
3070 141
3080 141
3090 144
3100 148
3110 126
3120 124
3130 150
3140 143
3150 121
3160 139
3170 135
3180 137
3190 129
3200 147
3210 131
3220 124
3230 135
3240 146
3250 140
3260 130
3270 147
3280 147
3290 145
3300 148
3310 122
3320 130
3330 140
3340 148
3350 130
3360 147
3370 125
3380 135
3390 135
3400 157
3410 152
3420 158
3430 146
3440 137
3450 150
3460 130
3470 131
3480 143
3490 154
3500 133
3510 144
3520 114
3530 133
3540 131
3550 140
3560 138
3570 131
3580 160
3590 136
3600 143
3610 130
3620 140
3630 155
3640 142
3650 153
3660 150
3670 122
3680 133
3690 125
3700 146
3710 152
3720 146
3730 157
3740 155
3750 150
3760 133
3770 125
3780 135
3790 160
3800 135
3810 133
3820 138
3830 140
3840 158
3850 145
3860 170
3870 165
3880 132
3890 130
3900 141
3910 153
3920 131
3930 131
3940 151
3950 127
3960 123
3970 129
3980 133
3990 114
4000 116
4010 122
4020 118
4030 100
4040 130
4050 173
4060 136
4070 145
4080 130
4090 132
4100 146
4110 127
4120 135
4130 148
4140 135
4150 142
4160 130
4170 155
4180 137
4190 146
4200 140
4210 150
4220 139
4230 132
4240 138
4250 139
4260 147
4270 137
4280 139
4290 114
4300 114
4310 131
4320 120
4330 139
4340 112
4350 112
4360 119
4370 130
4380 124
4390 136
4400 125
4410 125
4420 146
4430 137
4440 123
4450 121
4460 128
4470 129
4480 152
4490 141
4500 137
4510 121
4520 146
4530 147
4540 142
4550 135
4560 131
4570 129
4580 120
4590 121
4600 127
4610 114
4620 107
4630 121
4640 147
4650 130
4660 115
4670 118
4680 132
4690 130
4700 126
4710 125
4720 120
4730 136
4740 129
4750 119
4760 102
4770 120
4780 122
4790 126
4800 116
4810 104
4820 108
4830 108
4840 106
4850 110
4860 119
4870 109
4880 104
4890 106
4900 114
4910 116
4920 117
4930 119
4940 115
4950 120
4960 135
4970 129
4980 135
4990 118
5000 120
5010 126
5020 113
5030 113
5040 109
5050 113
5060 109
5070 109
5080 109
5090 114
5100 115
5110 110
5120 113
5130 118
5140 116
5150 108
5160 111
5170 116
5180 115
5190 115
5200 132
5210 129
5220 124
5230 119
5240 119
5250 116
5260 119
5270 112
5280 113
5290 113
5300 124
5310 122
5320 111
5330 108
5340 108
5350 109
5360 111
5370 110
5380 105
5390 105
5400 102
5410 104
5420 100
5430 98
5440 98
5450 97
5460 97
5470 96
5480 96
5490 100
5500 93
5510 93
5520 92
5530 88
5540 88
5550 88
5560 90
5570 90
5580 92
5590 90
5600 90
5610 90
5620 90
5630 90
5640 90
5650 90
5660 90
5670 90
5680 94
5690 93
5700 95
5710 94
5720 94
5730 89
5740 86
5750 86
5760 85
5770 85
5780 85
5790 86
5800 88
5810 88
5820 88
5830 88
5840 88
5850 82
5860 82
5870 82
5880 84
5890 83
5900 83
5910 83
5920 83
5930 81
5940 81
5950 81
5960 81
5970 81
5980 81
5990 81
6000 81
6010 81
6020 81
6030 81
6040 81
6050 81
6060 81
6070 81
6080 81
6090 81
6100 81
6110 81
6120 81
6130 81
6140 81
6150 81
6160 81
6170 81
6180 80
6190 80
6200 80
6210 81
6220 81
6230 81
6240 81
6250 81
6260 81
6270 81
6280 81
6290 81
6300 83
6310 83
6320 83
6330 83
6340 83
6350 79
6360 79
6370 79
6380 79
6390 79
6400 78
6410 78
6420 78
6430 78
6440 78
6450 79
6460 79
6470 79
6480 79
6490 78
6500 78
6510 78
6520 81
6530 82
6540 82
6550 82
6560 82
6570 82
6580 82
6590 82
6600 82
6610 81
6620 81
6630 81
6640 81
6650 81
6660 82
6670 83
6680 83
6690 83
6700 83
6710 83
6720 78
6730 78
6740 78
6750 78
6760 78
6770 78
6780 78
6790 78
6800 78
6810 78
6820 78
6830 78
6840 79
6850 79
6860 79
6870 79
6880 79
6890 77
6900 77
6910 77
6920 77
6930 76
6940 76
6950 76
6960 76
6970 76
6980 76
6990 76
7000 76
7010 76
7020 76
7030 76
7040 76
7050 76
7060 76
7070 76
7080 76
7090 76
7100 76
7110 76
7120 76
7130 76
7140 76
7150 76
7160 76
7170 76
7180 76
7190 76
7200 76
7210 76
7220 76
7230 76
7240 76
7250 76
7260 76
7270 76
7280 76
7290 76
7300 76
7310 76
7320 72
7330 72
7340 72
7350 72
7360 72
7370 72
7380 72
7390 72
7400 72
7410 72
7420 72
7430 72
7440 72
7450 72
7460 72
7470 72
7480 72
7490 72
7500 72
7510 72
7520 72
7530 72
7540 72
7550 72
7560 72
7570 72
7580 72
7590 72
7600 72
7610 72
7620 72
7630 72
7640 72
7650 72
7660 72
7670 72
7680 72
7690 72
7700 72
7710 72
7720 72
7730 72
7740 72
7750 72
7760 72
7770 72
7780 72
7790 72
7800 72
7810 72
7820 72
7830 72
7840 72
7850 72
7860 72
7870 71
7880 71
7890 71
7900 71
7910 71
7920 71
7930 71
7940 71
7950 71
7960 71
7970 71
7980 71
7990 71
8000 71
8010 71
8020 71
8030 71
8040 71
8050 71
8060 71
8070 71
8080 71
8090 71
8100 71
8110 71
8120 71
8130 71
8140 71
8150 71
8160 71
8170 71
8180 71
8190 71
8200 71
8210 71
8220 71
8230 71
8240 71
8250 71
8260 71
8270 71
8280 71
8290 71
8300 71
8310 71
8320 71
8330 71
8340 71
8350 71
8360 71
8370 71
8380 71
8390 71
8400 71
8410 71
8420 71
8430 71
8440 71
8450 71
8460 71
8470 71
8480 71
8490 71
8500 71
8510 71
8520 71
8530 71
8540 71
8550 71
8560 71
8570 71
8580 71
8590 71
8600 71
8610 71
8620 71
8630 71
8640 71
8650 71
8660 71
8670 71
8680 71
8690 71
8700 71
8710 71
8720 71
8730 71
8740 71
8750 71
8760 71
8770 71
8780 71
8790 71
8800 71
8810 71
8820 71
8830 71
8840 71
8850 71
8860 71
8870 71
8880 71
8890 71
8900 71
8910 71
8920 71
8930 71
8940 71
8950 71
8960 71
8970 71
8980 71
8990 71
9000 71
9010 71
9020 71
9030 71
9040 71
9050 71
9060 71
9070 71
9080 71
9090 71
9100 71
9110 71
9120 71
9130 71
9140 71
9150 71
9160 71
9170 71
9180 71
9190 71
9200 71
9210 71
9220 71
9230 71
9240 71
9250 71
9260 71
9270 71
9280 71
9290 71
9300 71
9310 71
9320 71
9330 71
9340 71
9350 71
9360 71
9370 71
9380 71
9390 71
9400 71
9410 71
9420 71
9430 71
9440 71
9450 71
9460 71
9470 71
9480 71
9490 71
9500 71
9510 71
9520 71
9530 71
9540 71
9550 71
9560 71
9570 71
9580 71
9590 71
9600 71
9610 71
9620 71
9630 71
9640 71
9650 71
9660 71
9670 71
9680 71
9690 71
9700 71
9710 71
9720 71
9730 71
9740 71
9750 71
9760 71
9770 71
9780 71
9790 71
9800 71
9810 71
9820 71
9830 71
9840 71
9850 71
9860 71
9870 71
9880 71
9890 71
9900 71
9910 71
9920 71
9930 71
9940 71
9950 71
9960 71
9970 71
9980 71
9990 71
10000 71
10010 71
10020 71
10030 71
10040 71
10050 71
10060 71
10070 71
10080 71
10090 71
10100 71
10110 71
10120 71
10130 71
10140 71
10150 71
10160 71
10170 71
10180 71
10190 71
10200 71
10210 71
10220 71
10230 71
10240 71
10250 71
10260 71
10270 71
10280 71
10290 71
10300 71
10310 71
10320 71
10330 71
10340 71
10350 71
10360 71
10370 71
10380 71
10390 71
10400 71
10410 71
10420 71
10430 71
10440 71
10450 71
10460 71
10470 71
10480 71
10490 71
10500 71
10510 71
10520 71
10530 71
10540 71
10550 71
10560 71
10570 71
10580 71
10590 71
10600 71
10610 71
10620 71
10630 71
10640 71
10650 71
10660 71
10670 71
10680 71
10690 71
10700 71
10710 71
10720 71
10730 71
10740 71
10750 71
10760 71
10770 71
