500 151
1000 153
1500 150
2000 144
2500 153
3000 132
3500 151
4000 168
4500 140
5000 147
5500 144
6000 145
6500 144
7000 157
7500 139
8000 153
8500 157
9000 146
9500 161
10000 150
10500 142
11000 129
11500 151
12000 149
12500 125
13000 118
13500 161
14000 150
14500 159
15000 140
15500 139
16000 148
16500 153
17000 159
17500 142
18000 156
18500 157
19000 133
19500 162
20000 143
20500 143
21000 139
21500 168
22000 137
22500 160
23000 128
23500 158
24000 141
24500 148
25000 149
25500 158
26000 149
26500 154
27000 129
27500 144
28000 156
28500 148
29000 142
29500 145
30000 154
30500 156
31000 143
31500 167
32000 150
32500 148
33000 141
33500 134
34000 136
34500 151
35000 116
35500 137
36000 137
36500 138
37000 143
37500 149
38000 155
38500 148
39000 142
39500 161
40000 162
40500 150
41000 146
41500 136
42000 143
42500 154
43000 168
43500 135
44000 153
44500 147
45000 149
45500 127
46000 134
46500 135
47000 136
47500 153
48000 144
48500 141
49000 154
49500 124
50000 129
50500 137
51000 154
51500 142
52000 153
52500 145
53000 142
53500 146
54000 146
54500 156
55000 158
55500 147
56000 133
56500 147
57000 148
57500 131
58000 136
58500 148
59000 123
59500 122
60000 150
60500 142
61000 166
61500 143
62000 131
62500 131
63000 140
63500 146
64000 152
64500 146
65000 152
65500 144
66000 142
66500 161
67000 153
67500 127
68000 136
68500 147
69000 142
69500 152
70000 150
70500 129
71000 132
71500 146
72000 130
72500 151
73000 132
73500 157
74000 122
74500 136
75000 126
75500 150
76000 153
76500 137
77000 155
77500 148
78000 149
78500 142
79000 135
79500 152
80000 144
80500 154
81000 135
81500 124
82000 141
82500 139
83000 144
83500 140
84000 129
84500 134
85000 138
85500 153
86000 152
86500 152
87000 127
87500 137
88000 142
88500 144
89000 133
89500 136
90000 133
90500 156
91000 138
91500 145
92000 146
92500 143
93000 150
93500 131
94000 156
94500 161
95000 134
95500 145
96000 140
96500 146
97000 148
97500 148
98000 156
98500 147
99000 144
99500 142
100000 150
100500 135
101000 142
101500 138
102000 122
102500 144
103000 137
103500 137
104000 133
104500 149
105000 155
105500 130
106000 121
106500 141
107000 147
107500 149
108000 140
108500 151
109000 134
109500 146
110000 133
110500 136
111000 142
111500 128
112000 130
112500 150
113000 126
113500 117
114000 134
114500 142
115000 152
115500 129
116000 141
116500 144
117000 144
117500 128
118000 139
118500 156
119000 147
119500 140
120000 119
120500 134
121000 118
121500 135
122000 135
122500 147
123000 140
123500 140
124000 135
124500 117
125000 136
125500 125
126000 122
126500 147
127000 135
127500 138
128000 132
128500 129
129000 120
129500 131
130000 137
130500 142
131000 133
131500 131
132000 134
132500 144
133000 139
133500 129
134000 140
134500 125
135000 148
135500 128
136000 133
136500 130
137000 151
137500 111
138000 122
138500 122
139000 116
139500 128
140000 130
140500 157
141000 153
141500 130
142000 107
142500 135
143000 118
143500 134
144000 129
144500 132
145000 130
145500 129
146000 130
146500 126
147000 127
147500 121
148000 124
148500 122
149000 144
149500 139
150000 119
150500 138
151000 138
151500 135
152000 149
152500 131
153000 125
153500 124
154000 128
154500 129
155000 141
155500 143
156000 119
156500 148
157000 130
157500 108
158000 144
158500 126
159000 131
159500 118
160000 130
160500 118
161000 121
161500 133
162000 133
162500 173
163000 125
163500 131
164000 124
164500 112
165000 121
165500 120
166000 120
166500 113
167000 120
167500 127
168000 116
168500 97
169000 137
169500 120
170000 127
170500 132
171000 116
171500 126
172000 134
172500 141
173000 137
173500 130
174000 141
174500 130
175000 133
175500 118
176000 109
176500 115
177000 123
177500 113
178000 128
178500 123
179000 119
179500 121
180000 108
180500 127
181000 123
181500 129
182000 120
182500 103
183000 125
183500 118
184000 109
184500 118
185000 125
185500 117
186000 109
186500 113
187000 117
187500 119
188000 131
188500 121
189000 115
189500 103
190000 116
190500 147
191000 99
191500 119
192000 123
192500 118
193000 131
193500 102
194000 100
194500 119
195000 154
195500 134
196000 118
196500 109
197000 117
197500 95
198000 120
198500 120
199000 116
199500 111
200000 101
200500 116
201000 106
201500 110
202000 99
202500 139
203000 118
203500 98
204000 110
204500 115
205000 132
205500 97
206000 115
206500 101
207000 98
207500 106
208000 126
208500 125
209000 128
209500 103
210000 114
210500 110
211000 98
211500 129
212000 144
212500 106
213000 130
213500 112
214000 98
214500 114
215000 99
215500 106
216000 103
216500 118
217000 101
217500 130
218000 115
218500 108
219000 104
219500 92
220000 116
220500 100
221000 107
221500 84
222000 111
222500 106
223000 97
223500 92
224000 124
224500 128
225000 115
225500 103
226000 103
226500 102
227000 100
227500 161
228000 86
228500 107
229000 99
229500 112
230000 103
230500 102
231000 93
231500 96
232000 95
232500 96
233000 101
233500 113
234000 103
234500 85
235000 102
235500 135
236000 98
236500 100
237000 102
237500 97
238000 107
238500 107
239000 97
239500 97
240000 92
240500 102
241000 134
241500 98
242000 88
242500 106
243000 94
243500 152
244000 95
244500 113
245000 97
245500 118
246000 89
246500 115
247000 111
247500 96
248000 118
248500 116
249000 114
249500 101
250000 90
250500 107
251000 104
251500 97
252000 95
252500 102
253000 95
253500 120
254000 96
254500 100
255000 93
255500 97
256000 103
256500 95
257000 91
257500 82
258000 95
258500 90
259000 87
259500 85
260000 90
260500 90
261000 91
261500 79
262000 96
262500 85
263000 84
263500 124
264000 128
264500 119
265000 80
265500 89
266000 97
266500 103
267000 83
267500 84
268000 118
268500 97
269000 92
269500 98
270000 85
270500 141
271000 100
271500 86
272000 89
272500 96
273000 90
273500 90
274000 126
274500 92
275000 93
275500 84
276000 91
276500 84
277000 88
277500 80
278000 90
278500 79
279000 81
279500 109
280000 110
280500 91
281000 84
281500 84
282000 118
282500 108
283000 91
283500 107
284000 82
284500 106
285000 85
285500 77
286000 82
286500 84
287000 72
287500 83
288000 91
288500 83
289000 80
289500 85
290000 79
290500 80
291000 73
291500 76
292000 74
292500 71
293000 76
293500 76
294000 78
294500 142
295000 82
295500 97
296000 85
296500 80
297000 76
297500 89
298000 80
298500 77
299000 77
299500 75
300000 82
300500 96
301000 104
301500 72
302000 72
302500 68
303000 74
303500 73
304000 67
304500 75
305000 84
305500 69
306000 67
306500 66
307000 68
307500 68
308000 68
308500 67
309000 66
309500 68
310000 69
310500 67
311000 70
311500 67
312000 69
312500 70
313000 69
313500 70
314000 81
314500 74
315000 74
315500 74
316000 73
316500 72
317000 70
317500 71
318000 72
318500 71
319000 73
319500 72
320000 74
320500 74
321000 71
321500 130
322000 149
322500 96
323000 76
323500 70
324000 68
324500 66
325000 70
325500 68
326000 68
326500 68
327000 68
327500 66
328000 68
328500 69
329000 68
329500 69
330000 66
330500 66
331000 66
331500 66
332000 66
332500 65
333000 65
333500 68
334000 67
334500 66
335000 66
335500 66
336000 66
336500 66
337000 67
337500 66
338000 68
338500 66
339000 67
339500 67
340000 66
340500 69
341000 69
341500 66
342000 66
342500 66
343000 65
343500 66
344000 66
344500 65
345000 65
345500 66
346000 66
346500 66
347000 67
347500 66
348000 66
348500 66
349000 67
349500 67
350000 67
350500 66
351000 67
351500 66
352000 65
352500 65
353000 65
353500 65
354000 65
354500 65
355000 65
355500 65
356000 65
356500 65
357000 65
357500 65
358000 65
358500 65
359000 65
359500 65
360000 65
360500 67
361000 66
361500 66
362000 65
362500 65
363000 65
363500 65
364000 65
364500 65
365000 65
365500 65
366000 65
366500 65
367000 66
367500 65
368000 65
368500 65
369000 65
369500 66
370000 65
370500 66
371000 65
371500 65
372000 65
372500 65
373000 65
373500 65
374000 65
374500 65
375000 65
375500 65
376000 65
376500 65
377000 65
377500 65
378000 65
378500 65
379000 65
379500 65
380000 65
380500 65
381000 65
381500 65
382000 65
382500 65
383000 65
383500 65
384000 65
384500 65
385000 65
385500 65
386000 65
386500 65
387000 65
387500 65
388000 65
388500 65
389000 65
389500 65
390000 65
390500 65
391000 65
391500 65
392000 65
392500 65
393000 65
393500 65
394000 65
394500 65
395000 65
395500 65
396000 65
396500 65
397000 65
397500 65
398000 65
398500 65
399000 65
399500 65
400000 65
400500 65
401000 65
401500 65
402000 65
402500 66
403000 66
403500 65
404000 65
404500 65
405000 65
405500 65
406000 65
406500 65
407000 65
407500 65
408000 65
408500 65
409000 65
409500 65
410000 65
410500 65
411000 65
411500 65
412000 65
412500 65
413000 65
413500 65
414000 65
414500 65
415000 65
415500 65
416000 65
416500 65
417000 65
417500 65
418000 65
418500 65
419000 65
419500 65
420000 65
420500 65
421000 65
421500 65
422000 65
422500 65
423000 65
423500 65
424000 65
424500 65
425000 65
425500 65
426000 65
426500 65
427000 65
427500 65
428000 65
428500 65
429000 65
429500 65
430000 65
430500 65
431000 65
431500 65
432000 65
432500 65
433000 65
433500 65
434000 65
434500 65
435000 65
435500 65
436000 65
436500 65
437000 65
437500 65
438000 65
438500 65
439000 65
439500 65
440000 65
440500 65
441000 65
441500 65
442000 65
442500 65
443000 65
443500 65
444000 65
444500 65
445000 65
445500 65
446000 65
446500 65
447000 65
447500 65
448000 65
448500 65
449000 65
449500 65
450000 65
450500 65
451000 65
451500 65
452000 65
452500 65
453000 65
453500 65
454000 65
454500 65
455000 65
455500 65
456000 65
456500 65
457000 65
457500 65
458000 65
458500 65
459000 65
459500 65
460000 65
460500 65
461000 65
461500 65
462000 65
462500 65
463000 65
463500 65
464000 65
464500 65
465000 65
465500 65
466000 65
466500 65
467000 65
467500 65
468000 65
468500 65
469000 65
469500 65
470000 65
470500 65
471000 65
471500 65
472000 65
472500 65
473000 65
473500 65
474000 65
474500 65
475000 65
475500 65
476000 65
476500 65
477000 65
477500 65
478000 65
478500 65
479000 65
479500 65
480000 65
480500 65
481000 65
481500 65
482000 65
482500 65
483000 65
483500 65
484000 65
484500 65
485000 65
485500 65
486000 65
486500 65
487000 65
487500 65
488000 65
488500 65
489000 65
489500 65
490000 65
490500 65
491000 65
491500 65
492000 65
492500 65
493000 65
493500 65
494000 65
494500 65
495000 65
495500 65
496000 65
496500 65
497000 65
497500 65
498000 65
498500 65
499000 65
499500 65
500000 65
500500 65
501000 65
501500 65
502000 65
502500 65
503000 65
503500 65
504000 65
504500 65
505000 65
505500 65
506000 65
506500 65
507000 65
507500 65
508000 65
508500 65
509000 65
509500 65
510000 65
510500 65
511000 65
511500 65
512000 65
512500 65
513000 65
513500 65
514000 65
514500 65
515000 65
515500 65
516000 65
516500 65
517000 65
517500 65
518000 65
518500 65
519000 65
519500 65
520000 65
520500 65
521000 65
521500 65
522000 65
522500 65
523000 65
523500 65
524000 65
524500 65
525000 65
525500 65
526000 65
526500 65
527000 65
527500 65
528000 65
528500 65
529000 65
529500 65
530000 65
530500 65
531000 65
531500 65
532000 65
532500 65
533000 65
533500 65
534000 65
534500 65
535000 65
535500 65
536000 65
536500 65
537000 65
537500 65
538000 65
538500 65
539000 65
539500 65
540000 65
540500 65
541000 65
541500 65
542000 65
542500 65
543000 65
543500 65
544000 65
544500 65
545000 65
545500 65
546000 65
546500 65
547000 65
547500 65
548000 65
548500 65
549000 65
549500 65
550000 65
550500 65
551000 65
551500 65
552000 65
552500 65
553000 65
553500 65
554000 65
554500 65
555000 65
555500 65
556000 65
556500 65
557000 65
557500 65
558000 65
558500 65
559000 65
559500 65
560000 65
560500 65
561000 65
561500 65
562000 65
562500 65
563000 65
563500 65
564000 65
564500 65
565000 65
565500 65
566000 65
566500 65
567000 65
567500 65
568000 65
568500 65
569000 65
569500 65
570000 65
570500 65
571000 65
571500 65
572000 65
572500 65
573000 65
573500 65
574000 65
574500 65
575000 65
575500 65
576000 65
576500 65
577000 65
577500 65
578000 65
578500 65
579000 65
579500 65
580000 65
580500 65
581000 65
581500 65
582000 65
582500 65
583000 65
583500 65
584000 65
584500 65
585000 65
585500 65
586000 65
586500 65
587000 65
587500 65
588000 65
588500 65
589000 65
589500 65
590000 65
590500 65
591000 65
591500 65
592000 65
592500 65
593000 65
593500 65
594000 65
594500 65
595000 65
595500 65
596000 65
596500 65
597000 65
597500 65
598000 65
598500 65
599000 65
599500 65
600000 65
600500 65
601000 65
601500 65
602000 65
602500 65
603000 65
603500 65
604000 65
604500 65
605000 65
605500 65
606000 65
606500 65
607000 65
607500 65
608000 65
608500 65
609000 65
609500 65
610000 65
610500 65
611000 65
611500 65
612000 65
612500 65
613000 65
613500 65
614000 65
614500 65
615000 65
615500 65
616000 65
616500 65
617000 65
617500 65
618000 65
618500 65
619000 65
619500 65
620000 65
620500 65
621000 65
621500 65
622000 65
622500 65
623000 65
623500 65
624000 65
624500 65
625000 65
625500 65
626000 65
626500 65
627000 65
627500 65
628000 65
628500 65
629000 65
629500 65
630000 65
630500 65
631000 65
631500 65
632000 65
632500 65
633000 65
633500 65
634000 65
634500 65
635000 65
635500 65
636000 65
636500 65
637000 65
637500 65
638000 65
638500 65
639000 65
639500 65
640000 65
640500 65
641000 65
641500 65
642000 65
642500 65
643000 65
643500 65
644000 65
644500 65
645000 65
645500 65
646000 65
646500 65
647000 65
647500 65
648000 65
648500 65
649000 65
649500 65
650000 65
650500 65
651000 65
651500 65
652000 65
652500 65
653000 65
653500 65
654000 65
654500 65
655000 65
655500 65
656000 65
656500 65
