500 167
1000 142
1500 166
2000 146
2500 146
3000 149
3500 167
4000 129
4500 160
5000 147
5500 160
6000 164
6500 165
7000 161
7500 154
8000 146
8500 142
9000 141
9500 150
10000 147
10500 165
11000 152
11500 151
12000 154
12500 138
13000 143
13500 155
14000 126
14500 160
15000 122
15500 134
16000 151
16500 143
17000 164
17500 159
18000 153
18500 134
19000 164
19500 133
20000 163
20500 139
21000 137
21500 163
22000 134
22500 143
23000 144
23500 137
24000 139
24500 139
25000 149
25500 121
26000 134
26500 155
27000 171
27500 149
28000 172
28500 159
29000 162
29500 146
30000 144
30500 146
31000 153
31500 142
32000 156
32500 145
33000 142
33500 152
34000 142
34500 148
35000 151
35500 140
36000 153
36500 138
37000 134
37500 163
38000 142
38500 157
39000 151
39500 149
40000 156
40500 136
41000 151
41500 127
42000 136
42500 160
43000 145
43500 159
44000 147
44500 127
45000 129
45500 151
46000 140
46500 130
47000 158
47500 158
48000 142
48500 152
49000 152
49500 139
50000 162
50500 139
51000 155
51500 144
52000 127
52500 152
53000 133
53500 124
54000 159
54500 126
55000 121
55500 149
56000 148
56500 171
57000 145
57500 145
58000 161
58500 148
59000 147
59500 165
60000 141
60500 142
61000 145
61500 160
62000 129
62500 157
63000 132
63500 150
64000 160
64500 127
65000 143
65500 132
66000 141
66500 145
67000 145
67500 155
68000 132
68500 148
69000 153
69500 133
70000 144
70500 148
71000 131
71500 135
72000 141
72500 135
73000 162
73500 126
74000 147
74500 151
75000 159
75500 142
76000 157
76500 138
77000 150
77500 120
78000 147
78500 145
79000 146
79500 149
80000 143
80500 154
81000 139
81500 141
82000 141
82500 139
83000 153
83500 164
84000 123
84500 128
85000 147
85500 119
86000 132
86500 137
87000 142
87500 110
88000 154
88500 127
89000 141
89500 134
90000 160
90500 153
91000 130
91500 142
92000 134
92500 137
93000 132
93500 137
94000 134
94500 123
95000 163
95500 135
96000 138
96500 157
97000 150
97500 154
98000 136
98500 136
99000 131
99500 161
100000 140
100500 121
101000 144
101500 127
102000 127
102500 138
103000 127
103500 139
104000 141
104500 130
105000 132
105500 135
106000 151
106500 126
107000 114
107500 124
108000 132
108500 143
109000 146
109500 140
110000 146
110500 127
111000 144
111500 129
112000 131
112500 139
113000 164
113500 150
114000 137
114500 139
115000 150
115500 117
116000 128
116500 134
117000 139
117500 133
118000 133
118500 147
119000 139
119500 122
120000 129
120500 130
121000 119
121500 135
122000 161
122500 136
123000 154
123500 147
124000 137
124500 120
125000 141
125500 133
126000 150
126500 138
127000 117
127500 140
128000 134
128500 149
129000 151
129500 136
130000 143
130500 137
131000 127
131500 123
132000 116
132500 136
133000 127
133500 145
134000 139
134500 119
135000 145
135500 128
136000 140
136500 133
137000 137
137500 132
138000 155
138500 135
139000 138
139500 119
140000 123
140500 118
141000 124
141500 123
142000 144
142500 123
143000 96
143500 134
144000 123
144500 127
145000 113
145500 125
146000 159
146500 136
147000 108
147500 132
148000 132
148500 152
149000 140
149500 137
150000 140
150500 114
151000 144
151500 122
152000 116
152500 109
153000 144
153500 135
154000 140
154500 123
155000 124
155500 117
156000 139
156500 140
157000 110
157500 152
158000 120
158500 146
159000 109
159500 113
160000 130
160500 125
161000 125
161500 128
162000 134
162500 118
163000 139
163500 122
164000 126
164500 133
165000 117
165500 131
166000 132
166500 124
167000 116
167500 138
168000 117
168500 134
169000 146
169500 115
170000 114
170500 114
171000 134
171500 120
172000 120
172500 116
173000 153
173500 124
174000 137
174500 134
175000 122
175500 120
176000 118
176500 114
177000 115
177500 99
178000 101
178500 113
179000 125
179500 131
180000 141
180500 119
181000 121
181500 123
182000 121
182500 143
183000 151
183500 126
184000 132
184500 122
185000 124
185500 128
186000 137
186500 117
187000 117
187500 125
188000 164
188500 117
189000 124
189500 157
190000 94
190500 117
191000 112
191500 119
192000 121
192500 123
193000 129
193500 108
194000 127
194500 130
195000 126
195500 132
196000 107
196500 116
197000 154
197500 95
198000 119
198500 124
199000 111
199500 118
200000 123
200500 129
201000 112
201500 113
202000 128
202500 121
203000 115
203500 115
204000 114
204500 101
205000 89
205500 111
206000 109
206500 101
207000 108
207500 108
208000 105
208500 105
209000 109
209500 106
210000 94
210500 105
211000 114
211500 107
212000 97
212500 100
213000 111
213500 108
214000 88
214500 114
215000 100
215500 103
216000 98
216500 124
217000 129
217500 119
218000 102
218500 115
219000 122
219500 112
220000 108
220500 118
221000 101
221500 95
222000 104
222500 103
223000 107
223500 105
224000 136
224500 113
225000 94
225500 117
226000 113
226500 98
227000 115
227500 114
228000 110
228500 122
229000 98
229500 100
230000 115
230500 92
231000 104
231500 99
232000 103
232500 108
233000 164
233500 97
234000 119
234500 118
235000 106
235500 154
236000 114
236500 121
237000 95
237500 90
238000 106
238500 103
239000 123
239500 113
240000 102
240500 98
241000 98
241500 102
242000 94
242500 109
243000 92
243500 112
244000 94
244500 114
245000 138
245500 95
246000 94
246500 110
247000 98
247500 107
248000 91
248500 90
249000 123
249500 91
250000 92
250500 115
251000 82
251500 86
252000 88
252500 92
253000 86
253500 90
254000 115
254500 134
255000 92
255500 90
256000 107
256500 91
257000 93
257500 87
258000 92
258500 95
259000 88
259500 87
260000 107
260500 86
261000 100
261500 98
262000 129
262500 79
263000 104
263500 93
264000 102
264500 90
265000 102
265500 91
266000 89
266500 79
267000 138
267500 84
268000 81
268500 117
269000 103
269500 106
270000 150
270500 75
271000 85
271500 86
272000 90
272500 72
273000 75
273500 76
274000 82
274500 112
275000 102
275500 97
276000 98
276500 75
277000 78
277500 85
278000 75
278500 75
279000 78
279500 104
280000 87
280500 107
281000 95
281500 78
282000 151
282500 92
283000 82
283500 83
284000 75
284500 74
285000 82
285500 117
286000 81
286500 86
287000 83
287500 80
288000 79
288500 105
289000 78
289500 103
290000 91
290500 100
291000 85
291500 75
292000 71
292500 69
293000 75
293500 77
294000 73
294500 83
295000 80
295500 75
296000 82
296500 72
297000 71
297500 86
298000 97
298500 82
299000 81
299500 90
300000 81
300500 89
301000 80
301500 79
302000 75
302500 72
303000 72
303500 72
304000 73
304500 98
305000 94
305500 78
306000 79
306500 82
307000 77
307500 80
308000 75
308500 75
309000 83
309500 76
310000 76
310500 73
311000 70
311500 69
312000 70
312500 72
313000 71
313500 70
314000 73
314500 71
315000 72
315500 68
316000 69
316500 68
317000 69
317500 68
318000 68
318500 68
319000 68
319500 68
320000 72
320500 69
321000 75
321500 69
322000 70
322500 69
323000 70
323500 71
324000 69
324500 71
325000 69
325500 69
326000 69
326500 68
327000 69
327500 69
328000 69
328500 70
329000 69
329500 69
330000 69
330500 69
331000 71
331500 71
332000 70
332500 69
333000 69
333500 70
334000 69
334500 69
335000 69
335500 69
336000 70
336500 71
337000 71
337500 69
338000 69
338500 69
339000 69
339500 69
340000 69
340500 69
341000 69
341500 69
342000 69
342500 68
343000 70
343500 72
344000 70
344500 68
345000 68
345500 68
346000 68
346500 68
347000 72
347500 68
348000 68
348500 68
349000 68
349500 68
350000 68
350500 68
351000 68
351500 68
352000 69
352500 68
353000 69
353500 68
354000 68
354500 68
355000 68
355500 68
356000 68
356500 68
357000 68
357500 68
358000 68
358500 68
359000 68
359500 68
360000 69
360500 69
361000 69
361500 68
362000 68
362500 68
363000 68
363500 68
364000 69
364500 68
365000 68
365500 68
366000 68
366500 68
367000 68
367500 68
368000 68
368500 68
369000 68
369500 68
370000 68
370500 68
371000 68
371500 68
372000 69
372500 68
373000 68
373500 68
374000 68
374500 68
375000 68
375500 68
376000 68
376500 68
377000 68
377500 68
378000 68
378500 68
379000 68
379500 68
380000 68
380500 68
381000 68
381500 68
382000 68
382500 68
383000 68
383500 68
384000 68
384500 68
385000 68
385500 68
386000 68
386500 68
387000 68
387500 68
388000 68
388500 68
389000 68
389500 68
390000 68
390500 68
391000 68
391500 68
392000 68
392500 68
393000 68
393500 68
394000 68
394500 68
395000 68
395500 68
396000 68
396500 68
397000 68
397500 68
398000 68
398500 68
399000 68
399500 68
400000 68
400500 68
401000 68
401500 68
402000 68
402500 68
403000 68
403500 68
404000 68
404500 68
405000 68
405500 68
406000 68
406500 68
407000 68
407500 68
408000 68
408500 68
409000 68
409500 68
410000 68
410500 68
411000 68
411500 68
412000 68
412500 68
413000 68
413500 68
414000 68
414500 68
415000 68
415500 68
416000 68
416500 68
417000 68
417500 68
418000 68
418500 68
419000 68
419500 68
420000 68
420500 68
421000 68
421500 68
422000 68
422500 68
423000 68
423500 68
424000 68
424500 68
425000 68
425500 68
426000 68
426500 68
427000 68
427500 68
428000 68
428500 68
429000 68
429500 68
430000 68
430500 68
431000 68
431500 68
432000 68
432500 68
433000 68
433500 68
434000 68
434500 68
435000 68
435500 68
436000 68
436500 68
437000 68
437500 68
438000 68
438500 68
439000 68
439500 68
440000 68
440500 68
441000 68
441500 68
442000 68
442500 68
443000 68
443500 68
444000 68
444500 68
445000 68
445500 68
446000 68
446500 68
447000 68
447500 68
448000 68
448500 68
449000 68
449500 68
450000 68
450500 68
451000 68
451500 68
452000 68
452500 68
453000 68
453500 68
454000 68
454500 68
455000 68
455500 68
456000 68
456500 68
457000 68
457500 68
458000 68
458500 68
459000 68
459500 68
460000 68
460500 68
461000 68
461500 68
462000 68
462500 68
463000 68
463500 68
464000 68
464500 68
465000 68
465500 68
466000 68
466500 68
467000 68
467500 68
468000 68
468500 68
469000 68
469500 68
470000 68
470500 68
471000 68
471500 68
472000 68
472500 68
473000 68
473500 68
474000 68
474500 68
475000 68
475500 68
476000 68
476500 68
477000 68
477500 68
478000 68
478500 68
479000 68
479500 68
480000 68
480500 68
481000 68
481500 68
482000 68
482500 68
483000 68
483500 68
484000 68
484500 68
485000 68
485500 68
486000 68
486500 68
487000 68
487500 68
488000 68
488500 68
489000 68
489500 68
490000 68
490500 68
491000 68
491500 68
492000 68
492500 68
493000 68
493500 68
494000 68
494500 68
495000 68
495500 68
496000 68
496500 68
497000 68
497500 68
498000 68
498500 68
499000 68
499500 68
500000 68
500500 68
501000 68
501500 68
502000 68
502500 68
503000 68
503500 68
504000 68
504500 68
505000 68
505500 68
506000 68
506500 68
507000 68
507500 68
508000 68
508500 68
509000 68
509500 68
510000 68
510500 68
511000 68
511500 68
512000 68
512500 68
513000 68
513500 68
514000 68
514500 68
515000 68
515500 68
516000 68
516500 68
517000 68
517500 68
518000 68
518500 68
519000 68
519500 68
520000 68
520500 68
521000 68
521500 68
522000 68
522500 68
523000 68
523500 68
524000 68
524500 68
525000 68
525500 68
526000 68
526500 68
527000 68
527500 68
528000 68
528500 68
529000 68
529500 68
530000 68
530500 68
531000 68
531500 68
532000 68
532500 68
533000 68
533500 68
534000 68
534500 68
535000 68
535500 68
536000 68
536500 68
537000 68
537500 68
538000 68
538500 68
539000 68
539500 68
540000 68
540500 68
541000 68
541500 68
542000 68
542500 68
543000 68
543500 68
544000 68
544500 68
545000 68
545500 68
546000 68
546500 68
547000 68
547500 68
548000 68
548500 68
549000 68
549500 68
550000 68
550500 68
551000 68
551500 68
552000 68
552500 68
553000 68
553500 68
554000 68
554500 68
555000 68
555500 68
556000 68
556500 68
557000 68
557500 68
558000 68
558500 68
559000 68
559500 68
560000 68
560500 68
561000 68
561500 68
562000 68
562500 68
563000 68
563500 68
564000 68
564500 68
565000 68
565500 68
566000 68
566500 68
567000 68
567500 68
568000 68
568500 68
569000 68
569500 68
570000 68
570500 68
571000 68
571500 68
572000 68
572500 68
573000 68
573500 68
574000 68
574500 68
575000 68
575500 68
576000 68
576500 68
577000 68
577500 68
578000 68
578500 68
579000 68
579500 68
580000 68
580500 68
581000 68
581500 68
582000 68
582500 68
583000 68
583500 68
584000 68
584500 68
585000 68
585500 68
586000 68
586500 68
587000 68
587500 68
588000 68
588500 68
589000 68
589500 68
590000 68
590500 68
591000 68
591500 68
592000 68
592500 68
593000 68
593500 68
594000 68
594500 68
595000 68
595500 68
596000 68
596500 68
597000 68
597500 68
598000 68
598500 68
599000 68
599500 68
600000 68
600500 68
601000 68
601500 68
602000 68
602500 68
603000 68
603500 68
604000 68
604500 68
605000 68
605500 68
606000 68
606500 68
607000 68
607500 68
608000 68
608500 68
609000 68
609500 68
610000 68
610500 68
611000 68
611500 68
612000 68
612500 68
613000 68
613500 68
614000 68
614500 68
615000 68
615500 68
616000 68
616500 68
617000 68
617500 68
618000 68
618500 68
619000 68
619500 68
620000 68
620500 68
621000 68
621500 68
622000 68
622500 68
623000 68
623500 68
624000 68
624500 68
625000 68
625500 68
626000 68
626500 68
627000 68
627500 68
628000 68
628500 68
629000 68
629500 68
630000 68
630500 68
631000 68
631500 68
632000 68
632500 68
633000 68
633500 68
634000 68
634500 68
635000 68
635500 68
636000 68
636500 68
637000 68
637500 68
638000 68
638500 68
639000 68
639500 68
640000 68
640500 68
641000 68
641500 68
642000 68
642500 68
643000 68
643500 68
644000 68
644500 68
645000 68
645500 68
646000 68
646500 68
647000 68
647500 68
648000 68
648500 68
649000 68
649500 68
650000 68
650500 68
651000 68
651500 68
652000 68
652500 68
653000 68
653500 68
654000 68
654500 68
655000 68
655500 68
656000 68
656500 68
657000 68
657500 68
658000 68
658500 68
659000 68
659500 68
660000 68
