50 166
100 165
150 161
200 159
250 153
300 156
350 161
400 140
450 145
500 165
550 131
600 160
650 144
700 155
750 149
800 150
850 133
900 150
950 144
1000 149
1050 134
1100 142
1150 147
1200 140
1250 144
1300 144
1350 158
1400 148
1450 167
1500 150
1550 138
1600 159
1650 156
1700 166
1750 149
1800 151
1850 139
1900 161
1950 149
2000 155
2050 138
2100 140
2150 139
2200 156
2250 144
2300 162
2350 155
2400 143
2450 159
2500 177
2550 175
2600 153
2650 143
2700 158
2750 154
2800 155
2850 147
2900 162
2950 145
3000 134
3050 149
3100 155
3150 143
3200 145
3250 127
3300 141
3350 149
3400 157
3450 133
3500 147
3550 147
3600 161
3650 142
3700 155
3750 168
3800 154
3850 153
3900 122
3950 163
4000 138
4050 140
4100 165
4150 156
4200 147
4250 158
4300 153
4350 153
4400 150
4450 130
4500 142
4550 151
4600 146
4650 135
4700 158
4750 148
4800 149
4850 153
4900 150
4950 142
5000 161
5050 149
5100 137
5150 145
5200 146
5250 143
5300 152
5350 151
5400 157
5450 157
5500 164
5550 152
5600 142
5650 157
5700 136
5750 150
5800 139
5850 148
5900 142
5950 150
6000 149
6050 148
6100 139
6150 151
6200 129
6250 137
6300 159
6350 147
6400 136
6450 147
6500 161
6550 142
6600 134
6650 180
6700 155
6750 160
6800 151
6850 157
6900 165
6950 142
7000 134
7050 159
7100 151
7150 146
7200 174
7250 153
7300 150
7350 144
7400 158
7450 154
7500 161
7550 144
7600 165
7650 144
7700 132
7750 146
7800 133
7850 151
7900 128
7950 136
8000 145
8050 164
8100 129
8150 153
8200 140
8250 141
8300 154
8350 163
8400 164
8450 144
8500 146
8550 160
8600 146
8650 149
8700 130
8750 181
8800 158
8850 153
8900 166
8950 144
9000 146
9050 146
9100 166
9150 136
9200 135
9250 147
9300 150
9350 160
9400 143
9450 144
9500 147
9550 157
9600 144
9650 147
9700 151
9750 155
9800 135
9850 163
9900 145
9950 156
10000 158
10050 161
10100 140
10150 156
10200 136
10250 137
10300 136
10350 141
10400 173
10450 149
10500 154
10550 166
10600 152
10650 153
10700 157
10750 159
10800 153
10850 164
10900 159
10950 146
11000 169
11050 133
11100 172
11150 148
11200 146
11250 165
11300 168
11350 159
11400 152
11450 150
11500 164
11550 147
11600 139
11650 156
11700 153
11750 161
11800 158
11850 155
11900 159
11950 157
12000 155
12050 148
12100 155
12150 146
12200 144
12250 157
12300 165
12350 148
12400 151
12450 156
12500 157
12550 154
12600 159
12650 146
12700 144
12750 148
12800 150
12850 147
12900 136
12950 160
13000 155
13050 151
13100 149
13150 147
13200 170
13250 156
13300 149
13350 155
13400 152
13450 139
13500 153
13550 144
13600 141
13650 129
13700 162
13750 151
13800 145
13850 131
13900 157
13950 153
14000 171
14050 146
14100 159
14150 170
14200 113
14250 139
14300 142
14350 150
14400 147
14450 130
14500 167
14550 128
14600 156
14650 130
14700 156
14750 148
14800 149
14850 145
14900 149
14950 151
15000 148
15050 160
15100 126
15150 128
15200 149
15250 147
15300 146
15350 132
15400 123
15450 151
15500 148
15550 144
15600 138
15650 158
15700 154
15750 140
15800 150
15850 118
15900 157
15950 156
16000 157
16050 157
16100 147
16150 152
16200 150
16250 144
16300 143
16350 141
16400 164
16450 158
16500 157
16550 139
16600 141
16650 144
16700 154
16750 148
16800 156
16850 153
16900 150
16950 129
17000 138
17050 152
17100 135
17150 142
17200 146
17250 145
17300 145
17350 147
17400 161
17450 145
17500 147
17550 134
17600 157
17650 148
17700 140
17750 153
17800 159
17850 136
17900 133
17950 145
18000 129
18050 139
18100 145
18150 142
18200 150
18250 133
18300 147
18350 145
18400 164
18450 139
18500 152
18550 151
18600 158
18650 151
18700 153
18750 159
18800 139
18850 152
18900 162
18950 140
19000 150
19050 151
19100 166
19150 155
19200 150
19250 150
19300 121
19350 145
19400 154
19450 153
19500 154
19550 138
19600 160
19650 159
19700 170
19750 150
19800 143
19850 158
19900 157
19950 144
20000 158
20050 134
20100 139
20150 154
20200 151
20250 160
20300 141
20350 155
20400 141
20450 156
20500 155
20550 142
20600 168
20650 154
20700 158
20750 142
20800 165
20850 138
20900 156
20950 145
21000 155
21050 142
21100 156
21150 157
21200 145
21250 138
21300 149
21350 146
21400 156
21450 153
21500 176
21550 143
21600 157
21650 163
21700 158
21750 152
21800 145
21850 150
21900 141
21950 154
22000 136
22050 141
22100 139
22150 147
22200 140
22250 154
22300 126
22350 136
22400 162
22450 156
22500 153
22550 164
22600 152
22650 161
22700 159
22750 132
22800 158
22850 138
22900 145
22950 150
23000 163
23050 152
23100 155
23150 150
23200 145
23250 161
23300 129
23350 140
23400 150
23450 161
23500 164
23550 158
23600 138
23650 157
23700 143
23750 144
23800 148
23850 125
23900 138
23950 139
24000 140
24050 141
24100 138
24150 137
24200 161
24250 133
24300 151
24350 145
24400 145
24450 149
24500 147
24550 153
24600 152
24650 144
24700 147
24750 157
24800 135
24850 161
24900 147
24950 149
25000 133
25050 124
25100 152
25150 129
25200 162
25250 157
25300 140
25350 132
25400 154
25450 135
25500 151
25550 154
25600 140
25650 152
25700 156
25750 153
25800 154
25850 155
25900 156
25950 146
26000 139
26050 135
26100 137
26150 162
26200 154
26250 125
26300 153
26350 142
26400 155
26450 150
26500 156
26550 155
26600 137
26650 150
26700 150
26750 140
26800 155
26850 141
26900 143
26950 139
27000 145
27050 136
27100 141
27150 157
27200 140
27250 150
27300 140
27350 133
27400 139
27450 138
27500 146
27550 156
27600 142
27650 148
27700 127
27750 159
27800 150
27850 130
27900 123
27950 149
28000 153
28050 180
28100 169
28150 144
28200 164
28250 170
28300 153
28350 159
28400 159
28450 155
28500 135
28550 151
28600 155
28650 155
28700 141
28750 155
28800 152
28850 133
28900 147
28950 151
29000 133
29050 147
29100 140
29150 157
29200 138
29250 153
29300 145
29350 141
29400 137
29450 141
29500 134
29550 137
29600 148
29650 123
29700 143
29750 155
29800 153
29850 141
29900 129
29950 132
30000 157
30050 158
30100 144
30150 140
30200 156
30250 144
30300 119
30350 158
30400 140
30450 129
30500 143
30550 142
30600 150
30650 135
30700 150
30750 146
30800 145
30850 148
30900 127
30950 162
31000 153
31050 122
31100 161
31150 146
31200 160
31250 153
31300 137
31350 168
31400 169
31450 144
31500 145
31550 150
31600 142
31650 137
31700 131
31750 149
31800 149
31850 146
31900 151
31950 136
32000 139
32050 147
32100 132
32150 131
32200 152
32250 153
32300 151
32350 149
32400 152
32450 134
32500 144
32550 126
32600 152
32650 136
32700 130
32750 139
32800 143
32850 139
32900 149
32950 122
33000 139
33050 124
33100 146
33150 138
33200 136
33250 144
33300 121
33350 147
33400 140
33450 150
33500 156
33550 131
33600 136
33650 155
33700 142
33750 138
33800 152
33850 129
33900 144
33950 156
34000 151
34050 153
34100 141
34150 144
34200 143
34250 151
34300 139
34350 159
34400 128
34450 138
34500 133
34550 142
34600 159
34650 151
34700 123
34750 130
34800 137
34850 144
34900 134
34950 144
35000 154
35050 146
35100 141
35150 152
35200 148
35250 177
35300 130
35350 136
35400 133
35450 143
35500 119
35550 141
35600 150
35650 131
35700 132
35750 125
35800 133
35850 142
35900 136
35950 133
36000 129
36050 164
36100 140
36150 118
36200 136
36250 145
36300 123
36350 132
36400 147
36450 138
36500 136
36550 149
36600 133
36650 133
36700 127
36750 162
36800 150
36850 142
36900 144
36950 143
37000 141
37050 132
37100 149
37150 123
37200 129
37250 147
37300 133
37350 152
37400 137
37450 138
37500 125
37550 130
37600 125
37650 133
37700 135
37750 116
37800 143
37850 152
37900 132
37950 152
38000 124
38050 141
38100 116
38150 134
38200 157
38250 148
38300 143
38350 139
38400 130
38450 135
38500 146
38550 141
38600 117
38650 137
38700 132
38750 151
38800 129
38850 126
38900 138
38950 136
39000 148
39050 151
39100 136
39150 142
39200 126
39250 132
39300 145
39350 142
39400 131
39450 121
39500 131
39550 135
39600 128
39650 116
39700 123
39750 128
39800 134
39850 118
39900 163
39950 132
40000 141
40050 148
40100 135
40150 132
40200 138
40250 135
40300 117
40350 135
40400 147
40450 123
40500 126
40550 148
40600 119
40650 148
40700 156
40750 143
40800 122
40850 137
40900 162
40950 139
41000 121
41050 132
41100 153
41150 107
41200 129
41250 129
41300 132
41350 144
41400 133
41450 144
41500 130
41550 127
41600 145
41650 112
41700 142
41750 142
41800 117
41850 157
41900 126
41950 125
42000 112
42050 120
42100 161
42150 102
42200 129
42250 140
42300 142
42350 111
42400 127
42450 131
42500 134
42550 123
42600 135
42650 136
42700 131
42750 134
42800 124
42850 126
42900 126
42950 111
43000 145
43050 151
43100 146
43150 135
43200 147
43250 141
43300 114
43350 137
43400 126
43450 129
43500 135
43550 120
43600 135
43650 130
43700 146
43750 118
43800 132
43850 131
43900 115
43950 129
44000 136
44050 125
44100 121
44150 127
44200 131
44250 130
44300 119
44350 120
44400 107
44450 138
44500 128
44550 119
44600 145
44650 115
44700 134
44750 122
44800 142
44850 115
44900 128
44950 119
45000 137
45050 110
45100 130
45150 120
45200 102
45250 111
45300 129
45350 119
45400 136
45450 133
45500 122
45550 121
45600 132
45650 128
45700 128
45750 115
45800 131
45850 107
45900 134
45950 136
46000 126
46050 123
46100 139
46150 123
46200 122
46250 117
46300 128
46350 141
46400 122
46450 133
46500 135
46550 127
46600 147
46650 120
46700 115
46750 110
46800 120
46850 121
46900 131
46950 100
47000 95
47050 127
47100 106
47150 110
47200 114
47250 123
47300 131
47350 127
47400 119
47450 112
47500 96
47550 108
47600 136
47650 114
47700 114
47750 97
47800 103
47850 121
47900 123
47950 122
48000 115
48050 110
48100 104
48150 122
48200 95
48250 122
48300 145
48350 122
48400 126
48450 114
48500 107
48550 133
48600 138
48650 109
48700 115
48750 123
48800 114
48850 117
48900 127
48950 126
49000 123
49050 116
49100 118
49150 111
49200 101
49250 108
49300 113
49350 124
49400 110
49450 117
49500 111
49550 104
49600 116
49650 106
49700 130
49750 121
49800 96
49850 113
49900 94
49950 103
50000 100
50050 99
50100 106
50150 124
50200 122
50250 126
50300 128
50350 125
50400 113
50450 132
50500 110
50550 109
50600 100
50650 101
50700 102
50750 129
50800 113
50850 98
50900 98
50950 106
51000 90
51050 141
51100 100
51150 102
51200 114
51250 107
51300 128
51350 125
51400 119
51450 107
51500 96
51550 100
51600 96
51650 106
51700 108
51750 90
51800 97
51850 95
51900 109
51950 115
52000 111
52050 110
52100 121
52150 93
52200 94
52250 105
52300 94
52350 88
52400 91
52450 94
52500 100
52550 93
52600 95
52650 91
52700 93
52750 102
52800 109
52850 111
52900 99
52950 93
53000 116
53050 119
53100 108
53150 90
53200 101
53250 94
53300 99
53350 94
53400 96
53450 102
53500 102
53550 99
53600 93
53650 89
53700 93
53750 94
53800 90
53850 94
53900 103
53950 101
54000 94
54050 101
54100 99
54150 109
54200 99
54250 93
54300 102
54350 101
54400 93
54450 100
54500 104
54550 107
54600 104
54650 105
54700 103
54750 88
54800 94
54850 85
54900 86
54950 86
55000 86
55050 89
55100 88
55150 92
55200 98
55250 92
55300 93
55350 91
55400 88
55450 86
55500 90
55550 83
55600 83
55650 87
55700 89
55750 96
55800 101
55850 89
55900 84
55950 81
56000 89
56050 91
56100 100
56150 96
56200 90
56250 95
56300 101
56350 95
56400 92
56450 87
56500 91
56550 84
56600 82
56650 85
56700 93
56750 96
56800 89
56850 88
56900 88
56950 93
57000 94
57050 92
57100 103
57150 106
57200 91
57250 101
57300 103
57350 105
57400 102
57450 88
57500 89
57550 85
57600 87
57650 87
57700 87
57750 80
57800 84
57850 86
57900 86
57950 86
58000 94
58050 87
58100 85
58150 89
58200 87
58250 84
58300 80
58350 82
58400 79
58450 85
58500 87
58550 82
58600 82
58650 94
58700 105
58750 102
58800 97
58850 91
58900 90
58950 102
59000 91
59050 88
59100 87
59150 86
59200 77
59250 77
59300 81
59350 81
59400 82
59450 82
59500 79
59550 79
59600 81
59650 79
59700 78
59750 78
59800 74
59850 78
59900 76
59950 74
60000 74
60050 76
60100 76
60150 73
60200 73
60250 77
60300 77
60350 81
60400 83
60450 87
60500 85
60550 93
60600 87
60650 86
60700 91
60750 84
60800 84
60850 84
60900 79
60950 80
61000 83
61050 85
61100 79
61150 79
61200 81
61250 82
61300 80
61350 81
61400 80
61450 79
61500 79
61550 78
61600 78
61650 77
61700 74
61750 74
61800 79
61850 79
61900 83
61950 83
62000 83
62050 87
62100 83
62150 79
62200 79
62250 80
62300 80
62350 83
62400 82
62450 82
62500 80
62550 80
62600 77
62650 77
62700 77
62750 77
62800 77
62850 77
62900 77
62950 76
63000 78
63050 77
63100 74
63150 74
63200 74
63250 74
63300 73
63350 75
63400 74
63450 74
63500 74
63550 74
63600 75
63650 76
63700 75
63750 75
63800 74
63850 74
63900 77
63950 75
64000 74
64050 73
64100 73
64150 73
64200 72
64250 70
64300 70
64350 70
64400 70
64450 70
64500 70
64550 74
64600 73
64650 73
64700 73
64750 72
64800 71
64850 73
64900 73
64950 73
65000 79
65050 79
65100 79
65150 79
65200 76
65250 77
65300 77
65350 76
65400 75
65450 75
65500 75
65550 75
65600 75
65650 73
65700 73
65750 75
65800 77
65850 77
65900 76
65950 73
66000 73
66050 73
66100 73
66150 74
66200 74
66250 74
66300 75
66350 75
66400 75
66450 74
66500 74
66550 74
66600 74
66650 74
66700 75
66750 74
66800 75
66850 74
66900 74
66950 74
67000 74
67050 74
67100 74
67150 73
67200 73
67250 74
67300 74
67350 74
67400 73
67450 73
67500 73
67550 73
67600 74
67650 74
67700 72
67750 72
67800 72
67850 72
67900 72
67950 72
68000 74
68050 74
68100 74
68150 74
68200 74
68250 74
68300 74
68350 69
68400 69
68450 69
68500 69
68550 69
68600 69
68650 69
68700 69
68750 69
68800 70
68850 70
68900 70
68950 70
69000 70
69050 70
69100 70
69150 70
69200 70
69250 70
69300 70
69350 70
69400 70
69450 70
69500 70
69550 70
69600 69
69650 69
69700 70
69750 70
69800 70
69850 70
69900 70
69950 71
70000 71
70050 72
70100 71
70150 70
70200 70
70250 71
70300 70
70350 70
70400 70
70450 70
70500 70
70550 70
70600 70
70650 70
70700 70
70750 70
70800 70
70850 70
70900 70
70950 70
71000 70
71050 71
71100 71
71150 71
71200 71
71250 71
71300 71
71350 71
71400 71
71450 71
71500 71
71550 71
71600 71
71650 71
71700 71
71750 70
71800 71
71850 71
71900 71
71950 71
72000 72
72050 71
72100 71
72150 71
72200 72
72250 72
72300 72
72350 72
72400 72
72450 72
72500 72
72550 72
72600 72
72650 72
72700 72
72750 72
72800 72
72850 72
72900 72
72950 74
73000 74
73050 74
73100 74
73150 74
73200 72
73250 72
73300 73
73350 73
73400 73
73450 73
73500 71
73550 71
73600 71
73650 71
73700 71
73750 71
73800 71
73850 71
73900 71
73950 72
74000 72
74050 72
74100 72
74150 73
74200 73
74250 72
74300 72
74350 70
74400 70
74450 70
74500 71
74550 71
74600 70
74650 70
74700 70
74750 70
74800 70
74850 70
74900 70
74950 70
75000 70
75050 70
75100 70
75150 70
75200 70
75250 70
75300 70
75350 70
75400 70
75450 70
75500 70
75550 70
75600 70
75650 70
75700 70
75750 70
75800 70
75850 70
75900 70
75950 70
76000 70
76050 70
76100 70
76150 70
76200 70
76250 70
76300 71
76350 71
76400 70
76450 70
76500 70
76550 70
76600 70
76650 70
76700 70
76750 70
76800 70
76850 70
76900 70
76950 70
77000 70
77050 70
77100 70
77150 70
77200 70
77250 70
77300 70
77350 70
77400 70
77450 70
77500 70
77550 70
77600 70
77650 70
77700 70
77750 70
77800 70
77850 70
77900 70
77950 70
78000 70
78050 70
78100 70
78150 70
78200 70
78250 70
78300 70
78350 70
78400 70
78450 70
78500 70
78550 70
78600 70
78650 70
78700 70
78750 70
78800 70
78850 70
78900 70
78950 70
79000 70
79050 70
79100 70
79150 70
79200 70
79250 70
79300 70
79350 70
79400 70
79450 70
79500 70
79550 70
79600 70
79650 70
79700 70
79750 70
79800 70
79850 70
79900 70
79950 70
80000 70
80050 70
80100 70
80150 70
80200 70
80250 71
80300 71
80350 71
80400 70
80450 70
80500 70
80550 70
80600 70
80650 70
80700 70
80750 70
80800 70
80850 70
80900 70
80950 70
81000 70
81050 70
81100 70
81150 70
81200 70
81250 70
81300 70
81350 70
81400 70
81450 70
81500 70
81550 70
81600 70
81650 70
81700 70
81750 70
81800 70
81850 70
81900 70
81950 70
82000 70
82050 70
82100 70
82150 70
82200 70
82250 70
82300 70
82350 70
82400 70
82450 70
82500 70
82550 70
82600 70
82650 70
82700 70
82750 70
82800 70
82850 70
82900 70
82950 70
83000 70
83050 70
83100 70
83150 70
83200 70
83250 70
83300 70
83350 70
83400 70
83450 70
83500 70
83550 70
83600 70
83650 70
83700 70
83750 70
83800 70
83850 70
83900 70
83950 70
84000 70
84050 70
84100 70
84150 70
84200 70
84250 70
84300 70
84350 70
84400 70
84450 70
84500 70
84550 70
84600 70
84650 70
84700 70
84750 70
84800 70
84850 70
84900 70
84950 70
85000 70
85050 70
85100 70
85150 70
85200 70
85250 70
85300 70
85350 70
85400 70
85450 70
85500 70
85550 70
85600 70
85650 70
85700 70
85750 70
85800 70
85850 70
85900 70
85950 70
86000 70
86050 70
86100 70
86150 70
86200 70
86250 70
86300 70
86350 70
86400 70
86450 70
86500 70
86550 70
86600 70
86650 70
86700 70
86750 70
86800 70
86850 70
86900 70
86950 70
87000 70
87050 70
87100 70
87150 70
87200 70
87250 70
87300 70
87350 70
87400 70
87450 70
87500 70
87550 70
87600 70
87650 70
87700 70
87750 70
87800 70
87850 70
87900 70
87950 70
88000 70
88050 70
88100 70
88150 70
88200 70
88250 70
88300 70
88350 70
88400 70
88450 70
88500 70
88550 70
88600 70
88650 70
88700 70
88750 70
88800 70
88850 70
88900 70
88950 70
89000 70
89050 70
89100 70
89150 70
89200 70
89250 70
89300 70
89350 70
89400 70
89450 70
89500 70
89550 70
89600 70
89650 70
89700 70
89750 70
89800 70
89850 70
89900 70
89950 70
90000 70
90050 70
90100 70
90150 70
90200 70
90250 70
90300 70
90350 70
90400 70
90450 70
90500 70
90550 70
90600 70
90650 70
90700 70
90750 70
90800 70
90850 70
90900 70
90950 70
91000 70
91050 70
91100 70
91150 70
91200 70
91250 70
91300 70
91350 70
91400 70
91450 70
91500 70
91550 70
91600 70
91650 70
91700 70
91750 70
91800 70
91850 70
91900 70
91950 70
92000 70
92050 70
92100 70
92150 70
92200 70
92250 70
92300 70
92350 70
92400 70
92450 70
92500 70
92550 70
92600 70
92650 70
92700 70
92750 70
92800 70
92850 70
92900 70
92950 70
93000 70
93050 70
93100 70
93150 70
93200 70
93250 70
93300 70
93350 70
93400 70
93450 70
93500 70
93550 70
93600 70
93650 70
93700 70
93750 70
93800 70
93850 70
93900 70
93950 70
94000 70
94050 70
94100 70
94150 70
94200 70
94250 70
94300 70
94350 70
94400 70
94450 70
94500 70
94550 70
94600 70
94650 70
94700 70
94750 70
94800 70
94850 70
94900 70
94950 70
95000 70
95050 70
95100 70
95150 70
95200 70
95250 70
95300 70
95350 70
95400 70
95450 70
95500 70
95550 70
95600 70
95650 70
95700 70
95750 70
95800 70
95850 70
95900 70
95950 70
96000 70
96050 70
96100 70
96150 70
96200 70
96250 70
96300 70
96350 70
96400 70
96450 70
96500 70
96550 70
96600 70
96650 70
96700 70
96750 70
96800 70
96850 70
96900 70
96950 70
97000 70
97050 70
97100 70
97150 70
97200 70
97250 70
97300 70
97350 70
97400 70
97450 70
97500 70
97550 70
97600 70
97650 70
97700 70
97750 70
97800 70
97850 70
97900 70
97950 70
98000 70
98050 70
98100 70
98150 70
98200 70
98250 70
98300 70
98350 70
98400 70
98450 70
98500 70
98550 70
98600 70
98650 70
98700 70
98750 70
98800 70
98850 70
98900 70
98950 70
99000 70
99050 70
99100 70
99150 70
99200 70
99250 70
99300 70
99350 70
99400 70
99450 70
99500 70
99550 70
99600 70
99650 70
99700 70
99750 70
99800 70
99850 70
99900 70
99950 70
100000 70
100050 70
100100 70
100150 70
100200 70
100250 70
100300 70
100350 70
100400 70
100450 70
100500 70
100550 70
100600 70
100650 70
100700 70
100750 70
100800 70
100850 70
100900 70
100950 70
101000 70
101050 70
101100 70
101150 70
101200 70
101250 70
101300 70
101350 70
101400 70
101450 70
101500 70
101550 70
101600 70
101650 70
101700 70
101750 70
101800 70
101850 70
101900 70
101950 70
102000 70
102050 70
102100 70
102150 70
102200 70
102250 70
102300 70
102350 70
102400 70
102450 70
102500 70
102550 70
102600 70
102650 70
102700 70
102750 70
102800 70
102850 70
102900 70
102950 70
103000 70
103050 70
103100 70
103150 70
103200 70
103250 70
103300 70
103350 70
103400 70
103450 70
103500 70
103550 70
103600 70
103650 70
103700 70
103750 70
103800 70
103850 70
103900 70
103950 70
104000 70
104050 70
104100 70
104150 70
104200 70
104250 70
104300 70
104350 70
104400 70
104450 70
104500 70
104550 70
104600 70
104650 70
104700 70
104750 70
104800 70
104850 70
104900 70
104950 70
105000 70
105050 70
105100 70
105150 70
105200 70
105250 70
105300 70
105350 70
105400 70
105450 70
105500 70
105550 70
105600 70
105650 70
105700 70
105750 70
105800 70
105850 70
105900 70
105950 70
106000 70
106050 70
106100 70
106150 70
106200 70
106250 70
106300 70
106350 70
106400 70
106450 70
106500 70
106550 70
106600 70
106650 70
106700 70
106750 70
106800 70
106850 70
106900 70
106950 70
107000 70
107050 70
107100 70
107150 70
107200 70
107250 70
107300 70
107350 70
107400 70
107450 70
107500 70
107550 70
107600 70
107650 70
107700 70
107750 70
107800 70
107850 70
107900 70
107950 70
108000 70
108050 70
108100 70
108150 70
