50 139
100 162
150 154
200 143
250 144
300 149
350 152
400 154
450 156
500 162
550 139
600 149
650 143
700 143
750 132
800 137
850 141
900 158
950 147
1000 139
1050 145
1100 161
1150 165
1200 159
1250 149
1300 163
1350 137
1400 154
1450 151
1500 152
1550 163
1600 140
1650 141
1700 162
1750 168
1800 140
1850 141
1900 174
1950 166
2000 155
2050 167
2100 142
2150 140
2200 121
2250 144
2300 144
2350 157
2400 157
2450 164
2500 144
2550 149
2600 163
2650 166
2700 144
2750 124
2800 150
2850 171
2900 170
2950 148
3000 126
3050 148
3100 147
3150 135
3200 147
3250 151
3300 141
3350 168
3400 163
3450 145
3500 146
3550 158
3600 156
3650 138
3700 139
3750 141
3800 147
3850 161
3900 156
3950 160
4000 143
4050 155
4100 146
4150 137
4200 160
4250 159
4300 125
4350 146
4400 145
4450 164
4500 160
4550 158
4600 144
4650 142
4700 142
4750 141
4800 161
4850 159
4900 133
4950 142
5000 133
5050 151
5100 142
5150 156
5200 162
5250 146
5300 150
5350 155
5400 139
5450 162
5500 144
5550 152
5600 156
5650 144
5700 153
5750 149
5800 149
5850 157
5900 157
5950 169
6000 152
6050 168
6100 155
6150 149
6200 160
6250 155
6300 132
6350 162
6400 153
6450 158
6500 146
6550 146
6600 168
6650 165
6700 161
6750 154
6800 147
6850 148
6900 165
6950 167
7000 158
7050 151
7100 148
7150 135
7200 155
7250 171
7300 146
7350 145
7400 164
7450 142
7500 146
7550 122
7600 154
7650 152
7700 160
7750 160
7800 176
7850 147
7900 165
7950 159
8000 137
8050 169
8100 155
8150 151
8200 159
8250 148
8300 156
8350 159
8400 171
8450 154
8500 158
8550 146
8600 165
8650 171
8700 149
8750 149
8800 151
8850 145
8900 146
8950 158
9000 147
9050 126
9100 147
9150 157
9200 161
9250 150
9300 147
9350 139
9400 155
9450 137
9500 136
9550 148
9600 160
9650 145
9700 156
9750 166
9800 156
9850 141
9900 163
9950 156
10000 155
10050 154
10100 167
10150 138
10200 147
10250 138
10300 133
10350 147
10400 140
10450 149
10500 169
10550 156
10600 153
10650 151
10700 146
10750 141
10800 154
10850 141
10900 146
10950 147
11000 144
11050 160
11100 134
11150 148
11200 145
11250 160
11300 163
11350 146
11400 158
11450 135
11500 143
11550 163
11600 152
11650 139
11700 141
11750 148
11800 150
11850 155
11900 134
11950 144
12000 144
12050 167
12100 148
12150 158
12200 142
12250 148
12300 155
12350 139
12400 144
12450 162
12500 154
12550 147
12600 129
12650 136
12700 160
12750 160
12800 135
12850 143
12900 161
12950 157
13000 155
13050 141
13100 154
13150 164
13200 167
13250 152
13300 158
13350 152
13400 153
13450 153
13500 156
13550 161
13600 151
13650 153
13700 152
13750 164
13800 154
13850 139
13900 143
13950 165
14000 157
14050 151
14100 162
14150 148
14200 163
14250 147
14300 143
14350 137
14400 145
14450 152
14500 144
14550 152
14600 148
14650 136
14700 145
14750 148
14800 169
14850 118
14900 140
14950 135
15000 151
15050 152
15100 114
15150 134
15200 144
15250 149
15300 170
15350 146
15400 139
15450 161
15500 150
15550 149
15600 154
15650 150
15700 149
15750 163
15800 156
15850 157
15900 150
15950 159
16000 159
16050 149
16100 141
16150 135
16200 141
16250 149
16300 139
16350 141
16400 147
16450 156
16500 137
16550 158
16600 143
16650 131
16700 154
16750 136
16800 144
16850 130
16900 156
16950 162
17000 148
17050 141
17100 147
17150 149
17200 142
17250 147
17300 149
17350 160
17400 155
17450 157
17500 177
17550 142
17600 173
17650 166
17700 139
17750 138
17800 150
17850 148
17900 149
17950 147
18000 163
18050 137
18100 151
18150 151
18200 150
18250 162
18300 142
18350 160
18400 130
18450 146
18500 145
18550 138
18600 158
18650 163
18700 145
18750 148
18800 141
18850 138
18900 140
18950 161
19000 149
19050 159
19100 150
19150 145
19200 165
19250 143
19300 145
19350 166
19400 143
19450 139
19500 165
19550 162
19600 151
19650 169
19700 158
19750 163
19800 166
19850 149
19900 140
19950 134
20000 143
20050 134
20100 152
20150 160
20200 172
20250 134
20300 167
20350 142
20400 135
20450 158
20500 153
20550 154
20600 150
20650 168
20700 154
20750 157
20800 161
20850 153
20900 141
20950 144
21000 163
21050 139
21100 130
21150 151
21200 148
21250 147
21300 150
21350 153
21400 134
21450 153
21500 145
21550 157
21600 147
21650 147
21700 166
21750 143
21800 163
21850 141
21900 151
21950 152
22000 138
22050 151
22100 156
22150 162
22200 137
22250 139
22300 159
22350 169
22400 146
22450 154
22500 179
22550 158
22600 163
22650 162
22700 140
22750 134
22800 142
22850 150
22900 152
22950 145
23000 143
23050 133
23100 130
23150 152
23200 158
23250 139
23300 154
23350 141
23400 160
23450 139
23500 155
23550 157
23600 150
23650 131
23700 142
23750 142
23800 161
23850 139
23900 135
23950 133
24000 159
24050 156
24100 151
24150 154
24200 163
24250 152
24300 152
24350 147
24400 126
24450 143
24500 141
24550 145
24600 149
24650 133
24700 149
24750 178
24800 151
24850 157
24900 151
24950 158
25000 169
25050 146
25100 140
25150 157
25200 144
25250 150
25300 152
25350 135
25400 115
25450 133
25500 152
25550 143
25600 156
25650 157
25700 155
25750 129
25800 131
25850 164
25900 155
25950 163
26000 152
26050 167
26100 154
26150 155
26200 151
26250 130
26300 151
26350 160
26400 147
26450 158
26500 168
26550 134
26600 154
26650 158
26700 172
26750 164
26800 151
26850 157
26900 147
26950 136
27000 148
27050 148
27100 171
27150 155
27200 159
27250 150
27300 142
27350 153
27400 163
27450 174
27500 137
27550 141
27600 157
27650 144
27700 145
27750 150
27800 136
27850 163
27900 161
27950 147
28000 168
28050 155
28100 164
28150 147
28200 152
28250 148
28300 140
28350 156
28400 149
28450 172
28500 137
28550 134
28600 156
28650 175
28700 150
28750 144
28800 160
28850 141
28900 147
28950 136
29000 148
29050 145
29100 140
29150 161
29200 164
29250 135
29300 157
29350 165
29400 160
29450 147
29500 137
29550 161
29600 148
29650 171
29700 161
29750 148
29800 166
29850 174
29900 144
29950 134
30000 143
30050 161
30100 159
30150 159
30200 157
30250 169
30300 144
30350 172
30400 158
30450 145
30500 157
30550 169
30600 157
30650 151
30700 152
30750 159
30800 167
30850 162
30900 169
30950 159
31000 159
31050 153
31100 138
31150 150
31200 156
31250 150
31300 153
31350 132
31400 150
31450 153
31500 139
31550 146
31600 158
31650 155
31700 141
31750 144
31800 136
31850 156
31900 170
31950 140
32000 166
32050 144
32100 141
32150 147
32200 152
32250 139
32300 147
32350 158
32400 157
32450 139
32500 150
32550 159
32600 159
32650 139
32700 154
32750 147
32800 136
32850 136
32900 157
32950 156
33000 145
33050 154
33100 151
33150 127
33200 123
33250 134
33300 134
33350 171
33400 131
33450 159
33500 162
33550 141
33600 159
33650 150
33700 147
33750 128
33800 152
33850 171
33900 120
33950 144
34000 141
34050 140
34100 144
34150 146
34200 144
34250 150
34300 152
34350 117
34400 153
34450 149
34500 154
34550 165
34600 171
34650 139
34700 157
34750 163
34800 141
34850 133
34900 163
34950 142
35000 150
35050 131
35100 149
35150 129
35200 158
35250 153
35300 156
35350 134
35400 138
35450 151
35500 154
35550 149
35600 140
35650 168
35700 160
35750 146
35800 151
35850 151
35900 143
35950 173
36000 151
36050 154
36100 149
36150 160
36200 129
36250 139
36300 151
36350 159
36400 146
36450 162
36500 162
36550 130
36600 146
36650 142
36700 141
36750 142
36800 155
36850 155
36900 146
36950 142
37000 150
37050 150
37100 154
37150 152
37200 148
37250 143
37300 145
37350 145
37400 142
37450 141
37500 160
37550 155
37600 148
37650 156
37700 145
37750 138
37800 151
37850 156
37900 145
37950 147
38000 152
38050 146
38100 170
38150 171
38200 149
38250 143
38300 152
38350 152
38400 154
38450 141
38500 154
38550 143
38600 153
38650 170
38700 124
38750 131
38800 146
38850 174
38900 163
38950 150
39000 130
39050 148
39100 164
39150 144
39200 156
39250 145
39300 155
39350 121
39400 150
39450 146
39500 142
39550 126
39600 149
39650 137
39700 161
39750 164
39800 140
39850 151
39900 172
39950 144
40000 155
40050 155
40100 143
40150 149
40200 153
40250 147
40300 152
40350 150
40400 144
40450 147
40500 152
40550 141
40600 147
40650 140
40700 154
40750 139
40800 138
40850 147
40900 139
40950 142
41000 152
41050 141
41100 134
41150 137
41200 135
41250 142
41300 167
41350 142
41400 141
41450 132
41500 162
41550 127
41600 147
41650 149
41700 143
41750 138
41800 160
41850 167
41900 128
41950 139
42000 144
42050 166
42100 156
42150 149
42200 156
42250 140
42300 145
42350 169
42400 151
42450 145
42500 142
42550 146
42600 162
42650 173
42700 162
42750 138
42800 154
42850 160
42900 142
42950 167
43000 170
43050 151
43100 148
43150 126
43200 154
43250 134
43300 143
43350 149
43400 153
43450 150
43500 127
43550 171
43600 124
43650 134
43700 157
43750 168
43800 161
43850 139
43900 151
43950 145
44000 135
44050 140
44100 134
44150 162
44200 171
44250 170
44300 132
44350 163
44400 123
44450 156
44500 138
44550 146
44600 142
44650 149
44700 145
44750 150
44800 141
44850 137
44900 133
44950 156
45000 132
45050 158
45100 175
45150 153
45200 152
45250 137
45300 156
45350 171
45400 133
45450 140
45500 142
45550 163
45600 141
45650 122
45700 147
45750 140
45800 140
45850 151
45900 151
45950 140
46000 131
46050 171
46100 134
46150 149
46200 155
46250 136
46300 149
46350 136
46400 144
46450 155
46500 165
46550 146
46600 146
46650 132
46700 147
46750 139
46800 159
46850 133
46900 156
46950 135
47000 138
47050 138
47100 142
47150 155
47200 145
47250 148
47300 136
47350 155
47400 142
47450 162
47500 142
47550 141
47600 152
47650 145
47700 133
47750 137
47800 148
47850 145
47900 143
47950 148
48000 146
48050 152
48100 159
48150 146
48200 137
48250 159
48300 151
48350 130
48400 162
48450 156
48500 143
48550 135
48600 150
48650 129
48700 140
48750 149
48800 149
48850 139
48900 143
48950 145
49000 128
49050 134
49100 156
49150 152
49200 138
49250 158
49300 143
49350 166
49400 140
49450 149
49500 153
49550 128
49600 153
49650 153
49700 140
49750 149
49800 148
49850 150
49900 135
49950 173
50000 146
50050 125
50100 148
50150 161
50200 136
50250 156
50300 165
50350 159
50400 134
50450 155
50500 134
50550 148
50600 152
50650 138
50700 142
50750 154
50800 134
50850 150
50900 157
50950 148
51000 122
51050 167
51100 139
51150 167
51200 135
51250 157
51300 140
51350 127
51400 145
51450 144
51500 143
51550 142
51600 144
51650 154
51700 141
51750 150
51800 148
51850 158
51900 154
51950 168
52000 162
52050 155
52100 144
52150 129
52200 145
52250 152
52300 123
52350 130
52400 152
52450 154
52500 142
52550 142
52600 139
52650 156
52700 165
52750 153
52800 165
52850 143
52900 151
52950 139
53000 156
53050 139
53100 157
53150 149
53200 152
53250 150
53300 144
53350 143
53400 161
53450 145
53500 150
53550 152
53600 141
53650 152
53700 149
53750 160
53800 135
53850 142
53900 133
53950 133
54000 137
54050 149
54100 165
54150 155
54200 136
54250 146
54300 143
54350 142
54400 149
54450 145
54500 142
54550 142
54600 153
54650 140
54700 150
54750 147
54800 140
54850 157
54900 140
54950 146
55000 135
55050 162
55100 144
55150 159
55200 136
55250 170
55300 160
55350 154
55400 139
55450 138
55500 145
55550 129
55600 146
55650 127
55700 149
55750 139
55800 134
55850 149
55900 160
55950 144
56000 151
56050 130
56100 161
56150 144
56200 155
56250 122
56300 162
56350 144
56400 144
56450 146
56500 151
56550 143
56600 145
56650 138
56700 161
56750 147
56800 157
56850 135
56900 136
56950 150
57000 147
57050 137
57100 128
57150 152
57200 136
57250 156
57300 143
57350 155
57400 157
57450 130
57500 122
57550 156
57600 127
57650 156
57700 137
57750 133
57800 139
57850 147
57900 150
57950 147
58000 132
58050 154
58100 155
58150 125
58200 155
58250 138
58300 143
58350 143
58400 133
58450 115
58500 140
58550 160
58600 139
58650 139
58700 157
58750 137
58800 134
58850 141
58900 148
58950 124
59000 134
59050 150
59100 146
59150 137
59200 147
59250 130
59300 119
59350 142
59400 151
59450 121
59500 150
59550 140
59600 133
59650 137
59700 132
59750 136
59800 152
59850 127
59900 144
59950 143
60000 134
60050 161
60100 133
60150 144
60200 145
60250 140
60300 142
60350 127
60400 141
60450 132
60500 164
60550 142
60600 147
60650 140
60700 146
60750 123
60800 138
60850 130
60900 148
60950 134
61000 122
61050 133
61100 155
61150 123
61200 156
61250 144
61300 165
61350 139
61400 136
61450 136
61500 172
61550 153
61600 139
61650 134
61700 148
61750 147
61800 151
61850 141
61900 149
61950 140
62000 150
62050 130
62100 138
62150 130
62200 134
62250 132
62300 131
62350 119
62400 135
62450 118
62500 133
62550 151
62600 133
62650 137
62700 154
62750 140
62800 126
62850 142
62900 148
62950 149
63000 149
63050 141
63100 133
63150 142
63200 150
63250 144
63300 116
63350 138
63400 128
63450 134
63500 138
63550 145
63600 145
63650 138
63700 135
63750 140
63800 146
63850 122
63900 146
63950 141
64000 137
64050 143
64100 142
64150 142
64200 144
64250 128
64300 137
64350 132
64400 147
64450 128
64500 136
64550 122
64600 155
64650 127
64700 142
64750 131
64800 115
64850 142
64900 121
64950 130
65000 125
65050 148
65100 125
65150 145
65200 116
65250 151
65300 140
65350 107
65400 117
65450 139
65500 123
65550 143
65600 131
65650 128
65700 125
65750 133
65800 129
65850 124
65900 133
65950 129
66000 114
66050 133
66100 119
66150 116
66200 133
66250 122
66300 121
66350 137
66400 136
66450 133
66500 147
66550 119
66600 142
66650 161
66700 132
66750 128
66800 111
66850 117
66900 136
66950 116
67000 130
67050 154
67100 114
67150 138
67200 125
67250 117
67300 125
67350 122
67400 117
67450 128
67500 160
67550 119
67600 139
67650 141
67700 116
67750 112
67800 113
67850 117
67900 116
67950 140
68000 122
68050 137
68100 102
68150 113
68200 150
68250 120
68300 141
68350 143
68400 138
68450 121
68500 124
68550 117
68600 136
68650 118
68700 112
68750 124
68800 130
68850 139
68900 104
68950 106
69000 138
69050 129
69100 140
69150 122
69200 118
69250 130
69300 140
69350 131
69400 114
69450 125
69500 132
69550 124
69600 121
69650 142
69700 124
69750 116
69800 134
69850 121
69900 115
69950 118
70000 119
70050 118
70100 139
70150 121
70200 126
70250 122
70300 140
70350 137
70400 125
70450 126
70500 146
70550 132
70600 138
70650 106
70700 116
70750 120
70800 121
70850 120
70900 113
70950 126
71000 102
71050 137
71100 127
71150 130
71200 123
71250 116
71300 123
71350 119
71400 122
71450 110
71500 117
71550 121
71600 119
71650 120
71700 102
71750 122
71800 112
71850 105
71900 109
71950 112
72000 122
72050 132
72100 143
72150 112
72200 108
72250 103
72300 110
72350 102
72400 119
72450 102
72500 110
72550 101
72600 123
72650 118
72700 131
72750 131
72800 125
72850 110
72900 118
72950 118
73000 108
73050 106
73100 98
73150 109
73200 98
73250 103
73300 96
73350 94
73400 99
73450 101
73500 101
73550 111
73600 110
73650 112
73700 114
73750 125
73800 116
73850 90
73900 84
73950 101
74000 96
74050 126
74100 114
74150 122
74200 109
74250 112
74300 122
74350 120
74400 110
74450 109
74500 105
74550 97
74600 108
74650 85
74700 102
74750 108
74800 109
74850 112
74900 117
74950 104
75000 109
75050 109
75100 106
75150 112
75200 103
75250 104
75300 112
75350 116
75400 118
75450 108
75500 116
75550 100
75600 119
75650 100
75700 105
75750 116
75800 90
75850 89
75900 116
75950 119
76000 102
76050 104
76100 119
76150 103
76200 95
76250 107
76300 108
76350 113
76400 106
76450 111
76500 116
76550 99
76600 113
76650 102
76700 88
76750 97
76800 91
76850 96
76900 110
76950 106
77000 101
77050 93
77100 87
77150 95
77200 95
77250 98
77300 103
77350 100
77400 88
77450 89
77500 93
77550 97
77600 102
77650 95
77700 88
77750 89
77800 89
77850 94
77900 98
77950 98
78000 99
78050 101
78100 90
78150 85
78200 88
78250 93
78300 93
78350 98
78400 98
78450 100
78500 98
78550 100
78600 93
78650 99
78700 98
78750 95
78800 91
78850 99
78900 93
78950 85
79000 89
79050 88
79100 100
79150 92
79200 93
79250 94
79300 91
79350 95
79400 93
79450 104
79500 100
79550 95
79600 87
79650 83
79700 83
79750 82
79800 80
79850 80
79900 82
79950 77
80000 81
80050 77
80100 77
80150 81
80200 75
80250 77
80300 85
80350 88
80400 83
80450 81
80500 81
80550 83
80600 79
80650 86
80700 83
80750 91
80800 91
80850 92
80900 92
80950 90
81000 88
81050 97
81100 96
81150 92
81200 100
81250 97
81300 95
81350 90
81400 93
81450 97
81500 91
81550 89
81600 87
81650 84
81700 84
81750 73
81800 73
81850 73
81900 72
81950 74
82000 72
82050 76
82100 81
82150 75
82200 75
82250 82
82300 89
82350 78
82400 81
82450 94
82500 92
82550 99
82600 106
82650 94
82700 90
82750 85
82800 86
82850 82
82900 77
82950 81
83000 80
83050 82
83100 79
83150 80
83200 80
83250 78
83300 83
83350 86
83400 87
83450 91
83500 85
83550 82
83600 86
83650 86
83700 84
83750 84
83800 84
83850 85
83900 82
83950 82
84000 83
84050 82
84100 83
84150 83
84200 83
84250 83
84300 89
84350 81
84400 81
84450 80
84500 81
84550 82
84600 75
84650 77
84700 77
84750 75
84800 78
84850 81
84900 81
84950 81
85000 81
85050 80
85100 84
85150 87
85200 90
85250 84
85300 82
85350 83
85400 83
85450 75
85500 76
85550 77
85600 70
85650 70
85700 70
85750 69
85800 69
85850 69
85900 69
85950 71
86000 71
86050 73
86100 74
86150 74
86200 77
86250 78
86300 78
86350 76
86400 75
86450 75
86500 75
86550 75
86600 80
86650 79
86700 79
86750 76
86800 77
86850 77
86900 77
86950 74
87000 73
87050 75
87100 76
87150 76
87200 76
87250 74
87300 74
87350 74
87400 72
87450 71
87500 72
87550 72
87600 70
87650 70
87700 70
87750 70
87800 71
87850 71
87900 71
87950 72
88000 75
88050 69
88100 71
88150 71
88200 70
88250 70
88300 70
88350 69
88400 69
88450 69
88500 69
88550 69
88600 70
88650 70
88700 70
88750 75
88800 74
88850 75
88900 74
88950 72
89000 70
89050 70
89100 71
89150 70
89200 70
89250 70
89300 70
89350 70
89400 70
89450 70
89500 70
89550 70
89600 70
89650 71
89700 74
89750 74
89800 73
89850 73
89900 72
89950 70
90000 70
90050 70
90100 70
90150 70
90200 70
90250 70
90300 70
90350 70
90400 70
90450 70
90500 70
90550 70
90600 70
90650 70
90700 72
90750 70
90800 70
90850 71
90900 73
90950 74
91000 74
91050 73
91100 73
91150 73
91200 73
91250 71
91300 71
91350 71
91400 71
91450 69
91500 69
91550 69
91600 69
91650 69
91700 71
91750 71
91800 69
91850 69
91900 69
91950 69
92000 69
92050 69
92100 69
92150 69
92200 69
92250 69
92300 69
92350 69
92400 69
92450 69
92500 70
92550 70
92600 70
92650 70
92700 70
92750 69
92800 69
92850 69
92900 69
92950 69
93000 69
93050 69
93100 69
93150 69
93200 69
93250 69
93300 69
93350 69
93400 70
93450 70
93500 70
93550 70
93600 70
93650 70
93700 70
93750 70
93800 71
93850 71
93900 71
93950 69
94000 69
94050 69
94100 69
94150 69
94200 69
94250 69
94300 69
94350 69
94400 69
94450 69
94500 69
94550 69
94600 69
94650 69
94700 69
94750 69
94800 69
94850 69
94900 69
94950 69
95000 69
95050 69
95100 69
95150 69
95200 69
95250 69
95300 69
95350 69
95400 69
95450 69
95500 69
95550 69
95600 69
95650 69
95700 69
95750 70
95800 71
95850 71
95900 70
95950 70
96000 70
96050 70
96100 70
96150 70
96200 70
96250 70
96300 72
96350 70
96400 70
96450 70
96500 70
96550 69
96600 70
96650 70
96700 70
96750 70
96800 70
96850 69
96900 69
96950 69
97000 69
97050 69
97100 69
97150 69
97200 69
97250 69
97300 69
97350 69
97400 69
97450 69
97500 69
97550 69
97600 69
97650 69
97700 69
97750 69
97800 69
97850 69
97900 69
97950 69
98000 69
98050 69
98100 69
98150 69
98200 69
98250 69
98300 69
98350 69
98400 69
98450 69
98500 69
98550 69
98600 69
98650 69
98700 69
98750 69
98800 69
98850 69
98900 69
98950 69
99000 69
99050 69
99100 69
99150 70
99200 70
99250 70
99300 69
99350 69
99400 69
99450 69
99500 69
99550 69
99600 69
99650 69
99700 69
99750 69
99800 69
99850 69
99900 69
99950 69
100000 69
100050 69
100100 69
100150 69
100200 69
100250 69
100300 69
100350 69
100400 69
100450 69
100500 69
100550 69
100600 69
100650 69
100700 69
100750 69
100800 69
100850 69
100900 69
100950 69
101000 69
101050 69
101100 69
101150 69
101200 69
101250 69
101300 69
101350 69
101400 69
101450 69
101500 69
101550 69
101600 69
101650 69
101700 69
101750 69
101800 69
101850 69
101900 69
101950 69
102000 69
102050 69
102100 69
102150 69
102200 69
102250 69
102300 69
102350 69
102400 69
102450 69
102500 69
102550 69
102600 69
102650 69
102700 69
102750 69
102800 69
102850 69
102900 69
102950 69
103000 69
103050 69
103100 69
103150 69
103200 69
103250 69
103300 69
103350 69
103400 69
103450 69
103500 69
103550 69
103600 69
103650 69
103700 69
103750 69
103800 69
103850 69
103900 69
103950 69
104000 69
104050 69
104100 69
104150 69
104200 69
104250 69
104300 69
104350 69
104400 69
104450 69
104500 69
104550 69
104600 69
104650 69
104700 69
104750 69
104800 69
104850 69
104900 69
104950 69
105000 69
105050 69
105100 69
105150 69
105200 69
105250 69
105300 69
105350 69
105400 69
105450 69
105500 69
105550 69
105600 69
105650 69
105700 69
105750 69
105800 69
105850 69
105900 69
105950 69
106000 69
106050 69
106100 69
106150 69
106200 69
106250 69
106300 69
106350 69
106400 69
106450 69
106500 69
106550 69
106600 69
106650 69
106700 69
106750 69
106800 69
106850 69
106900 69
106950 69
107000 69
107050 69
107100 69
107150 69
107200 69
107250 69
107300 69
107350 69
107400 69
107450 69
107500 69
107550 69
107600 69
107650 69
107700 69
107750 69
107800 69
107850 69
107900 69
107950 69
108000 69
108050 69
108100 69
108150 69
108200 69
108250 69
108300 69
108350 69
108400 69
108450 69
108500 69
108550 69
108600 69
108650 69
108700 69
108750 69
108800 69
108850 69
108900 69
108950 69
109000 69
109050 69
109100 69
109150 69
109200 69
109250 69
109300 69
109350 69
109400 69
109450 69
109500 69
109550 69
109600 69
109650 69
109700 69
109750 69
109800 69
109850 69
109900 69
109950 69
110000 69
110050 69
110100 69
110150 69
110200 69
110250 69
110300 69
110350 69
110400 69
110450 69
110500 69
110550 69
110600 69
110650 69
110700 69
110750 69
110800 69
110850 69
110900 69
110950 69
111000 69
111050 69
111100 69
111150 69
111200 69
111250 69
111300 69
111350 69
111400 69
111450 69
111500 69
111550 69
111600 69
111650 69
111700 69
111750 69
111800 69
111850 69
111900 69
111950 69
112000 69
112050 69
112100 69
112150 69
112200 69
112250 69
112300 69
112350 69
112400 69
112450 69
112500 69
112550 69
112600 69
112650 69
112700 69
112750 69
112800 69
112850 69
112900 69
112950 69
113000 69
113050 69
113100 69
113150 69
113200 69
113250 69
113300 69
113350 69
113400 69
113450 69
113500 69
113550 69
113600 69
113650 69
113700 69
113750 69
113800 69
113850 69
113900 69
113950 69
114000 69
114050 69
114100 69
114150 69
114200 69
114250 69
114300 69
114350 69
114400 69
114450 69
114500 69
114550 69
114600 69
114650 69
114700 69
114750 69
114800 69
114850 69
114900 69
114950 69
115000 69
115050 69
115100 69
115150 69
115200 69
115250 69
115300 69
115350 69
115400 69
115450 69
115500 69
115550 69
115600 69
115650 69
115700 69
115750 69
115800 69
115850 69
115900 69
115950 69
116000 69
116050 69
116100 69
116150 69
116200 69
116250 69
116300 69
116350 69
116400 69
116450 69
116500 69
116550 69
116600 69
116650 69
116700 69
116750 69
116800 69
116850 69
116900 69
116950 69
117000 69
117050 69
117100 69
117150 69
117200 69
117250 69
117300 69
117350 69
117400 69
117450 69
117500 69
117550 69
117600 69
117650 69
117700 69
117750 69
117800 69
117850 69
117900 69
117950 69
118000 69
118050 69
118100 69
118150 69
118200 69
118250 69
118300 69
118350 69
118400 69
118450 69
118500 69
118550 69
118600 69
118650 69
118700 69
118750 69
118800 69
118850 69
118900 69
118950 69
119000 69
119050 69
119100 69
119150 69
119200 69
119250 69
119300 69
119350 69
119400 69
119450 69
119500 69
119550 69
119600 69
119650 69
119700 69
119750 69
119800 69
119850 69
119900 69
119950 69
120000 69
120050 69
120100 69
120150 69
120200 69
120250 69
120300 69
120350 69
120400 69
120450 69
120500 69
120550 69
120600 69
120650 69
120700 69
120750 69
120800 69
120850 69
120900 69
120950 69
121000 69
121050 69
121100 69
121150 69
121200 69
121250 69
121300 69
121350 69
121400 69
121450 69
121500 69
121550 69
121600 69
121650 69
121700 69
121750 69
121800 69
121850 69
121900 69
121950 69
122000 69
122050 69
122100 69
122150 69
122200 69
122250 69
122300 69
122350 69
122400 69
122450 69
122500 69
122550 69
122600 69
122650 69
122700 69
122750 69
122800 69
122850 69
122900 69
122950 69
123000 69
123050 69
123100 69
123150 69
123200 69
123250 69
123300 69
123350 69
123400 69
123450 69
123500 69
123550 69
123600 69
123650 69
123700 69
123750 69
123800 69
123850 69
123900 69
123950 69
124000 69
124050 69
124100 69
124150 69
124200 69
124250 69
124300 69
124350 69
124400 69
124450 69
124500 69
124550 69
124600 69
124650 69
124700 69
124750 69
124800 69
124850 69
124900 69
124950 69
125000 69
125050 69
125100 69
125150 69
125200 69
125250 69
125300 69
125350 69
125400 69
125450 69
125500 69
125550 69
125600 69
125650 69
125700 69
125750 69
125800 69
125850 69
125900 69
125950 69
126000 69
126050 69
126100 69
126150 69
126200 69
126250 69
126300 69
126350 69
126400 69
126450 69
126500 69
126550 69
126600 69
126650 69
126700 69
126750 69
126800 69
126850 69
126900 69
126950 69
127000 69
127050 69
127100 69
127150 69
127200 69
127250 69
127300 69
127350 69
127400 69
127450 69
127500 69
127550 69
127600 69
127650 69
127700 69
127750 69
127800 69
127850 69
127900 69
127950 69
128000 69
128050 69
128100 69
128150 69
128200 69
128250 69
128300 69
128350 68
128400 68
128450 68
128500 68
128550 68
128600 68
128650 68
128700 68
128750 68
128800 68
128850 68
128900 68
128950 68
129000 68
129050 68
129100 68
129150 68
129200 68
129250 68
129300 68
129350 68
129400 68
129450 68
129500 68
129550 68
129600 68
129650 68
129700 68
129750 68
129800 68
129850 68
129900 68
129950 68
130000 68
130050 68
130100 68
130150 68
130200 68
130250 68
130300 68
130350 68
130400 68
130450 68
130500 68
130550 68
130600 68
130650 68
130700 68
130750 68
130800 68
130850 68
130900 68
130950 68
131000 68
131050 68
131100 68
131150 68
