50 4975.050
100 4950.224
150 4925.523
200 4900.944
250 4876.489
300 4852.155
350 4827.943
400 4803.851
450 4779.880
500 4756.028
550 4732.296
600 4708.681
650 4685.185
700 4661.806
750 4638.543
800 4615.397
850 4592.366
900 4569.450
950 4546.649
1000 4523.961
1050 4501.386
1100 4478.924
1150 4456.574
1200 4434.336
1250 4412.209
1300 4390.192
1350 4368.284
1400 4346.487
1450 4324.798
1500 4303.217
1550 4281.744
1600 4260.378
1650 4239.119
1700 4217.965
1750 4196.918
1800 4175.975
1850 4155.137
1900 4134.403
1950 4113.772
2000 4093.244
2050 4072.819
2100 4052.495
2150 4032.273
2200 4012.152
2250 3992.132
2300 3972.211
2350 3952.390
2400 3932.667
2450 3913.043
2500 3893.517
2550 3874.088
2600 3854.756
2650 3835.521
2700 3816.382
2750 3797.338
2800 3778.389
2850 3759.535
2900 3740.775
2950 3722.109
3000 3703.535
3050 3685.054
3100 3666.666
3150 3648.369
3200 3630.164
3250 3612.049
3300 3594.025
3350 3576.091
3400 3558.246
3450 3540.491
3500 3522.823
3550 3505.245
3600 3487.753
3650 3470.349
3700 3453.032
3750 3435.802
3800 3418.657
3850 3401.598
3900 3384.624
3950 3367.735
4000 3350.930
4050 3334.208
4100 3317.571
4150 3301.016
4200 3284.544
4250 3268.154
4300 3251.846
4350 3235.619
4400 3219.473
4450 3203.408
4500 3187.423
4550 3171.518
4600 3155.692
4650 3139.945
4700 3124.277
4750 3108.686
4800 3093.174
4850 3077.739
4900 3062.381
4950 3047.100
5000 3031.895
5050 3016.766
5100 3001.712
5150 2986.733
5200 2971.829
5250 2957.000
5300 2942.245
5350 2927.563
5400 2912.954
5450 2898.418
5500 2883.955
5550 2869.564
5600 2855.245
5650 2840.998
5700 2826.821
5750 2812.715
5800 2798.680
5850 2784.714
5900 2770.818
5950 2756.992
6000 2743.235
6050 2729.546
6100 2715.925
6150 2702.373
6200 2688.888
6250 2675.470
6300 2662.120
6350 2648.836
6400 2635.618
6450 2622.466
6500 2609.380
6550 2596.359
6600 2583.403
6650 2570.512
6700 2557.685
6750 2544.922
6800 2532.223
6850 2519.587
6900 2507.015
6950 2494.505
7000 2482.057
7050 2469.672
7100 2457.348
7150 2445.086
7200 2432.885
7250 2420.745
7300 2408.665
7350 2396.646
7400 2384.686
7450 2372.787
7500 2360.947
7550 2349.166
7600 2337.443
7650 2325.779
7700 2314.174
7750 2302.626
7800 2291.136
7850 2279.703
7900 2268.327
7950 2257.008
8000 2245.746
8050 2234.539
8100 2223.389
8150 2212.294
8200 2201.255
8250 2190.271
8300 2179.341
8350 2168.466
8400 2157.646
8450 2146.879
8500 2136.166
8550 2125.507
8600 2114.900
8650 2104.347
8700 2093.846
8750 2083.398
8800 2073.002
8850 2062.657
8900 2052.365
8950 2042.123
9000 2031.933
9050 2021.794
9100 2011.705
9150 2001.667
9200 1991.678
9250 1981.740
9300 1971.851
9350 1962.011
9400 1952.221
9450 1942.479
9500 1932.786
9550 1923.142
9600 1913.545
9650 1903.996
9700 1894.496
9750 1885.042
9800 1875.636
9850 1866.276
9900 1856.963
9950 1847.697
10000 1838.477
10050 1829.303
10100 1820.175
10150 1811.092
10200 1802.055
10250 1793.063
10300 1784.115
10350 1775.212
10400 1766.354
10450 1757.540
10500 1748.770
10550 1740.043
10600 1731.361
10650 1722.721
10700 1714.125
10750 1705.571
10800 1697.060
10850 1688.592
10900 1680.166
10950 1671.782
11000 1663.440
11050 1655.139
11100 1646.880
11150 1638.662
11200 1630.485
11250 1622.349
11300 1614.253
11350 1606.198
11400 1598.183
11450 1590.208
11500 1582.273
11550 1574.378
11600 1566.521
11650 1558.704
11700 1550.927
11750 1543.187
11800 1535.487
11850 1527.825
11900 1520.201
11950 1512.615
12000 1505.067
12050 1497.557
12100 1490.084
12150 1482.648
12200 1475.250
12250 1467.889
12300 1460.564
12350 1453.276
12400 1446.024
12450 1438.808
12500 1431.628
12550 1424.484
12600 1417.376
12650 1410.304
12700 1403.266
12750 1396.264
12800 1389.296
12850 1382.364
12900 1375.466
12950 1368.602
13000 1361.773
13050 1354.978
13100 1348.216
13150 1341.489
13200 1334.795
13250 1328.134
13300 1321.507
13350 1314.912
13400 1308.351
13450 1301.822
13500 1295.326
13550 1288.862
13600 1282.431
13650 1276.032
13700 1269.664
13750 1263.329
13800 1257.025
13850 1250.752
13900 1244.511
13950 1238.301
14000 1232.121
14050 1225.973
14100 1219.856
14150 1213.768
14200 1207.712
14250 1201.685
14300 1195.689
14350 1189.722
14400 1183.786
14450 1177.878
14500 1172.001
14550 1166.153
14600 1160.333
14650 1154.543
14700 1148.782
14750 1143.050
14800 1137.346
14850 1131.671
14900 1126.024
14950 1120.405
15000 1114.814
15050 1109.251
15100 1103.716
15150 1098.208
15200 1092.728
15250 1087.275
15300 1081.850
15350 1076.451
15400 1071.080
15450 1065.735
15500 1060.417
15550 1055.126
15600 1049.861
15650 1044.622
15700 1039.409
15750 1034.222
15800 1029.062
15850 1023.927
15900 1018.817
15950 1013.733
16000 1008.675
16050 1003.641
16100 998.633
16150 993.650
16200 988.692
16250 983.758
16300 978.849
16350 973.965
16400 969.105
16450 964.269
16500 959.457
16550 954.669
16600 949.906
16650 945.166
16700 940.449
16750 935.756
16800 931.087
16850 926.441
16900 921.818
16950 917.218
17000 912.641
17050 908.087
17100 903.556
17150 899.047
17200 894.561
17250 890.097
17300 885.655
17350 881.236
17400 876.838
17450 872.463
17500 868.109
17550 863.777
17600 859.467
17650 855.178
17700 850.911
17750 846.665
17800 842.440
17850 838.236
17900 834.054
17950 829.892
18000 825.750
18050 821.630
18100 817.530
18150 813.451
18200 809.391
18250 805.353
18300 801.334
18350 797.335
18400 793.356
18450 789.398
18500 785.458
18550 781.539
18600 777.639
18650 773.759
18700 769.898
18750 766.056
18800 762.233
18850 758.430
18900 754.645
18950 750.879
19000 747.133
19050 743.404
19100 739.695
19150 736.004
19200 732.331
19250 728.677
19300 725.041
19350 721.423
19400 717.823
19450 714.241
19500 710.677
19550 707.130
19600 703.602
19650 700.091
19700 696.597
19750 693.121
19800 689.663
19850 686.221
19900 682.797
19950 679.390
20000 676.000
20050 672.626
20100 669.270
20150 665.930
20200 662.607
20250 659.301
20300 656.011
20350 652.737
20400 649.480
20450 646.239
20500 643.015
20550 639.806
20600 636.613
20650 633.437
20700 630.276
20750 627.131
20800 624.001
20850 620.888
20900 617.789
20950 614.707
21000 611.639
21050 608.587
21100 605.550
21150 602.529
21200 599.522
21250 596.530
21300 593.554
21350 590.592
21400 587.645
21450 584.712
21500 581.795
21550 578.891
21600 576.003
21650 573.129
21700 570.269
21750 567.423
21800 564.592
21850 561.774
21900 558.971
21950 556.182
22000 553.406
22050 550.645
22100 547.897
22150 545.163
22200 542.443
22250 539.736
22300 537.043
22350 534.363
22400 531.696
22450 529.043
22500 526.403
22550 523.776
22600 521.163
22650 518.562
22700 515.975
22750 513.400
22800 510.838
22850 508.289
22900 505.753
22950 503.229
23000 500.718
23050 498.219
23100 495.733
23150 493.259
23200 490.798
23250 488.349
23300 485.912
23350 483.487
23400 481.075
23450 478.674
23500 476.285
23550 473.909
23600 471.544
23650 469.191
23700 466.850
23750 464.520
23800 462.202
23850 459.896
23900 457.601
23950 455.317
24000 453.045
24050 450.785
24100 448.535
24150 446.297
24200 444.070
24250 441.854
24300 439.649
24350 437.455
24400 435.273
24450 433.101
24500 430.939
24550 428.789
24600 426.649
24650 424.520
24700 422.402
24750 420.294
24800 418.197
24850 416.110
24900 414.034
24950 411.968
25000 409.912
25050 407.866
25100 405.831
25150 403.806
25200 401.791
25250 399.786
25300 397.791
25350 395.806
25400 393.831
25450 391.866
25500 389.911
25550 387.965
25600 386.029
25650 384.103
25700 382.186
25750 380.279
25800 378.381
25850 376.493
25900 374.614
25950 372.745
26000 370.885
26050 369.034
26100 367.193
26150 365.361
26200 363.537
26250 361.723
26300 359.918
26350 358.122
26400 356.335
26450 354.557
26500 352.788
26550 351.028
26600 349.276
26650 347.533
26700 345.799
26750 344.073
26800 342.356
26850 340.648
26900 338.948
26950 337.257
27000 335.574
27050 333.899
27100 332.233
27150 330.575
27200 328.926
27250 327.284
27300 325.651
27350 324.026
27400 322.409
27450 320.801
27500 319.200
27550 317.607
27600 316.022
27650 314.445
27700 312.876
27750 311.315
27800 309.761
27850 308.216
27900 306.678
27950 305.147
28000 303.625
28050 302.110
28100 300.602
28150 299.102
28200 297.610
28250 296.124
28300 294.647
28350 293.176
28400 291.714
28450 290.258
28500 288.809
28550 287.368
28600 285.934
28650 284.508
28700 283.088
28750 281.675
28800 280.270
28850 278.871
28900 277.480
28950 276.095
29000 274.717
29050 273.346
29100 271.982
29150 270.625
29200 269.275
29250 267.931
29300 266.594
29350 265.264
29400 263.940
29450 262.623
29500 261.313
29550 260.009
29600 258.711
29650 257.420
29700 256.136
29750 254.858
29800 253.586
29850 252.320
29900 251.061
29950 249.809
30000 248.562
30050 247.322
30100 246.088
30150 244.860
30200 243.638
30250 242.422
30300 241.212
30350 240.009
30400 238.811
30450 237.619
30500 236.434
30550 235.254
30600 234.080
30650 232.912
30700 231.750
30750 230.593
30800 229.442
30850 228.298
30900 227.158
30950 226.025
31000 224.897
31050 223.775
31100 222.658
31150 221.547
31200 220.441
31250 219.341
31300 218.247
31350 217.158
31400 216.074
31450 214.996
31500 213.923
31550 212.856
31600 211.794
31650 210.737
31700 209.685
31750 208.639
31800 207.598
31850 206.562
31900 205.531
31950 204.505
32000 203.485
32050 202.470
32100 201.459
32150 200.454
32200 199.454
32250 198.458
32300 197.468
32350 196.483
32400 195.502
32450 194.527
32500 193.556
32550 192.590
32600 191.629
32650 190.673
32700 189.721
32750 188.775
32800 187.833
32850 186.895
32900 185.963
32950 185.035
33000 184.112
33050 183.193
33100 182.279
33150 181.369
33200 180.464
33250 179.564
33300 178.668
33350 177.776
33400 176.889
33450 176.006
33500 175.128
33550 174.254
33600 173.385
33650 172.519
33700 171.659
33750 170.802
33800 169.950
33850 169.102
33900 168.258
33950 167.418
34000 166.583
34050 165.751
34100 164.924
34150 164.101
34200 163.283
34250 162.468
34300 161.657
34350 160.850
34400 160.048
34450 159.249
34500 158.454
34550 157.664
34600 156.877
34650 156.094
34700 155.315
34750 154.540
34800 153.769
34850 153.002
34900 152.238
34950 151.479
35000 150.723
35050 149.971
35100 149.222
35150 148.478
35200 147.737
35250 147.000
35300 146.266
35350 145.536
35400 144.810
35450 144.087
35500 143.368
35550 142.653
35600 141.941
35650 141.233
35700 140.528
35750 139.827
35800 139.129
35850 138.435
35900 137.744
35950 137.057
36000 136.373
36050 135.692
36100 135.015
36150 134.341
36200 133.671
36250 133.004
36300 132.340
36350 131.680
36400 131.023
36450 130.369
36500 129.719
36550 129.071
36600 128.427
36650 127.786
36700 127.149
36750 126.514
36800 125.883
36850 125.255
36900 124.630
36950 124.008
37000 123.389
37050 122.773
37100 122.161
37150 121.551
37200 120.945
37250 120.341
37300 119.741
37350 119.143
37400 118.548
37450 117.957
37500 117.368
37550 116.783
37600 116.200
37650 115.620
37700 115.043
37750 114.469
37800 113.898
37850 113.329
37900 112.764
37950 112.201
38000 111.641
38050 111.084
38100 110.530
38150 109.978
38200 109.430
38250 108.884
38300 108.340
38350 107.800
38400 107.262
38450 106.726
38500 106.194
38550 105.664
38600 105.137
38650 104.612
38700 104.090
38750 103.571
38800 103.054
38850 102.540
38900 102.028
38950 101.519
39000 101.012
39050 100.508
39100 100.007
39150 99.508
39200 99.011
39250 98.517
39300 98.025
39350 97.536
39400 97.050
39450 96.565
39500 96.083
39550 95.604
39600 95.127
39650 94.652
39700 94.180
39750 93.710
39800 93.242
39850 92.777
39900 92.314
39950 91.853
40000 91.395
40050 90.939
40100 90.485
40150 90.034
40200 89.584
40250 89.137
40300 88.693
40350 88.250
40400 87.810
40450 87.372
40500 86.936
40550 86.502
40600 86.070
40650 85.641
40700 85.213
40750 84.788
40800 84.365
40850 83.944
40900 83.525
40950 83.108
41000 82.694
41050 82.281
41100 81.870
41150 81.462
41200 81.055
41250 80.651
41300 80.248
41350 79.848
41400 79.450
41450 79.053
41500 78.659
41550 78.266
41600 77.876
41650 77.487
41700 77.100
41750 76.716
41800 76.333
41850 75.952
41900 75.573
41950 75.196
42000 74.820
42050 74.447
42100 74.076
42150 73.706
42200 73.338
42250 72.972
42300 72.608
42350 72.246
42400 71.885
42450 71.527
42500 71.170
42550 70.815
42600 70.461
42650 70.110
42700 69.760
42750 69.412
42800 69.065
42850 68.721
42900 68.378
42950 68.036
43000 67.697
43050 67.359
43100 67.023
43150 66.689
43200 66.356
43250 66.025
43300 65.695
43350 65.367
43400 65.041
43450 64.717
43500 64.394
43550 64.072
43600 63.753
43650 63.435
43700 63.118
43750 62.803
43800 62.490
43850 62.178
43900 61.868
43950 61.559
44000 61.252
44050 60.946
44100 60.642
44150 60.339
44200 60.038
44250 59.739
44300 59.441
44350 59.144
44400 58.849
44450 58.555
44500 58.263
44550 57.972
44600 57.683
44650 57.395
44700 57.109
44750 56.824
44800 56.540
44850 56.258
44900 55.977
44950 55.698
45000 55.420
45050 55.144
45100 54.868
45150 54.595
45200 54.322
45250 54.051
45300 53.781
45350 53.513
45400 53.246
45450 52.980
45500 52.716
45550 52.453
45600 52.191
45650 51.931
45700 51.672
45750 51.414
45800 51.157
45850 50.902
45900 50.648
45950 50.395
46000 50.144
46050 49.893
46100 49.644
46150 49.397
46200 49.150
46250 48.905
46300 48.661
46350 48.418
46400 48.177
46450 47.936
46500 47.697
46550 47.459
46600 47.222
46650 46.986
46700 46.752
46750 46.519
46800 46.287
46850 46.056
46900 45.826
46950 45.597
47000 45.370
47050 45.143
47100 44.918
47150 44.694
47200 44.471
47250 44.249
47300 44.028
47350 43.808
47400 43.590
47450 43.372
47500 43.156
47550 42.940
47600 42.726
47650 42.513
47700 42.301
47750 42.090
47800 41.880
47850 41.671
47900 41.463
47950 41.256
48000 41.050
48050 40.845
48100 40.641
48150 40.439
48200 40.237
48250 40.036
48300 39.836
48350 39.637
48400 39.440
48450 39.243
48500 39.047
48550 38.852
48600 38.658
48650 38.465
48700 38.273
48750 38.082
48800 37.892
48850 37.703
48900 37.515
48950 37.328
49000 37.142
49050 36.956
49100 36.772
49150 36.589
49200 36.406
49250 36.224
49300 36.044
49350 35.864
49400 35.685
49450 35.507
49500 35.329
49550 35.153
49600 34.978
49650 34.803
49700 34.630
49750 34.457
49800 34.285
49850 34.114
49900 33.943
49950 33.774
50000 33.606
50050 33.438
50100 33.271
50150 33.105
50200 32.940
50250 32.775
50300 32.612
50350 32.449
50400 32.287
50450 32.126
50500 31.966
50550 31.806
50600 31.648
50650 31.490
50700 31.333
50750 31.176
50800 31.021
50850 30.866
50900 30.712
50950 30.559
51000 30.406
51050 30.254
51100 30.103
51150 29.953
51200 29.804
51250 29.655
51300 29.507
51350 29.360
51400 29.213
51450 29.067
51500 28.922
51550 28.778
51600 28.634
51650 28.492
51700 28.349
51750 28.208
51800 28.067
51850 27.927
51900 27.788
51950 27.649
52000 27.511
52050 27.374
52100 27.237
52150 27.101
52200 26.966
52250 26.832
52300 26.698
52350 26.564
52400 26.432
52450 26.300
52500 26.169
52550 26.038
52600 25.908
52650 25.779
52700 25.650
52750 25.522
52800 25.395
52850 25.268
52900 25.142
52950 25.017
53000 24.892
53050 24.768
53100 24.644
53150 24.521
53200 24.399
53250 24.277
53300 24.156
53350 24.035
53400 23.915
53450 23.796
53500 23.677
53550 23.559
53600 23.442
53650 23.325
53700 23.208
53750 23.092
53800 22.977
53850 22.863
53900 22.748
53950 22.635
54000 22.522
54050 22.410
54100 22.298
54150 22.186
54200 22.076
54250 21.966
54300 21.856
54350 21.747
54400 21.638
54450 21.530
54500 21.423
54550 21.316
54600 21.210
54650 21.104
54700 20.999
54750 20.894
54800 20.790
54850 20.686
54900 20.583
54950 20.480
55000 20.378
55050 20.276
55100 20.175
55150 20.074
55200 19.974
55250 19.874
55300 19.775
55350 19.676
55400 19.578
55450 19.481
55500 19.383
55550 19.287
55600 19.190
55650 19.095
55700 18.999
55750 18.905
55800 18.810
55850 18.716
55900 18.623
55950 18.530
56000 18.438
56050 18.346
56100 18.254
56150 18.163
56200 18.072
56250 17.982
56300 17.892
56350 17.803
56400 17.714
56450 17.626
56500 17.538
56550 17.450
56600 17.363
56650 17.277
56700 17.190
56750 17.105
56800 17.019
56850 16.934
56900 16.850
56950 16.766
57000 16.682
57050 16.599
57100 16.516
57150 16.434
57200 16.352
57250 16.270
57300 16.189
57350 16.108
57400 16.028
57450 15.948
57500 15.868
57550 15.789
57600 15.710
57650 15.632
57700 15.554
57750 15.476
57800 15.399
57850 15.322
57900 15.246
57950 15.170
58000 15.094
58050 15.019
58100 14.944
58150 14.869
58200 14.795
58250 14.721
58300 14.648
58350 14.575
58400 14.502
58450 14.429
58500 14.357
58550 14.286
58600 14.214
58650 14.144
58700 14.073
58750 14.003
58800 13.933
58850 13.863
58900 13.794
58950 13.725
59000 13.657
59050 13.589
59100 13.521
59150 13.453
59200 13.386
59250 13.319
59300 13.253
59350 13.187
59400 13.121
59450 13.056
59500 12.990
59550 12.926
59600 12.861
59650 12.797
59700 12.733
59750 12.670
59800 12.606
59850 12.543
59900 12.481
59950 12.419
60000 12.357
60050 12.295
60100 12.234
60150 12.173
60200 12.112
60250 12.051
60300 11.991
60350 11.931
60400 11.872
60450 11.813
60500 11.754
60550 11.695
60600 11.637
60650 11.579
60700 11.521
60750 11.463
60800 11.406
60850 11.349
60900 11.293
60950 11.236
61000 11.180
61050 11.124
61100 11.069
61150 11.014
61200 10.959
61250 10.904
61300 10.850
61350 10.795
61400 10.742
61450 10.688
61500 10.635
61550 10.582
61600 10.529
61650 10.476
61700 10.424
61750 10.372
61800 10.320
61850 10.269
61900 10.217
61950 10.166
62000 10.116
62050 10.065
62100 10.015
62150 9.965
62200 9.915
62250 9.866
62300 9.817
62350 9.768
62400 9.719
62450 9.670
62500 9.622
62550 9.574
62600 9.526
62650 9.479
62700 9.432
62750 9.384
62800 9.338
62850 9.291
62900 9.245
62950 9.199
63000 9.153
63050 9.107
63100 9.062
63150 9.016
63200 8.971
63250 8.927
63300 8.882
63350 8.838
63400 8.794
63450 8.750
63500 8.706
63550 8.663
63600 8.619
63650 8.576
63700 8.534
63750 8.491
63800 8.449
63850 8.406
63900 8.364
63950 8.323
64000 8.281
64050 8.240
64100 8.199
64150 8.158
64200 8.117
64250 8.077
64300 8.036
64350 7.996
64400 7.956
64450 7.917
64500 7.877
64550 7.838
64600 7.799
64650 7.760
64700 7.721
64750 7.683
64800 7.644
64850 7.606
64900 7.568
64950 7.530
65000 7.493
65050 7.455
65100 7.418
65150 7.381
65200 7.344
65250 7.308
65300 7.271
65350 7.235
65400 7.199
65450 7.163
65500 7.127
65550 7.092
65600 7.056
65650 7.021
65700 6.986
65750 6.951
65800 6.916
65850 6.882
65900 6.848
65950 6.813
66000 6.779
66050 6.746
66100 6.712
66150 6.678
66200 6.645
66250 6.612
66300 6.579
66350 6.546
66400 6.513
66450 6.481
66500 6.449
66550 6.416
66600 6.384
66650 6.353
66700 6.321
66750 6.289
66800 6.258
66850 6.227
66900 6.196
66950 6.165
67000 6.134
67050 6.103
67100 6.073
67150 6.043
67200 6.012
67250 5.982
67300 5.953
67350 5.923
67400 5.893
67450 5.864
67500 5.835
67550 5.806
67600 5.777
67650 5.748
67700 5.719
67750 5.691
67800 5.662
67850 5.634
67900 5.606
67950 5.578
68000 5.550
68050 5.522
68100 5.495
68150 5.467
68200 5.440
68250 5.413
68300 5.386
68350 5.359
68400 5.332
68450 5.306
68500 5.279
68550 5.253
68600 5.227
68650 5.201
68700 5.175
68750 5.149
68800 5.123
68850 5.097
68900 5.072
68950 5.047
69000 5.022
69050 4.997
69100 4.972
69150 4.947
69200 4.922
69250 4.898
69300 4.873
69350 4.849
69400 4.825
69450 4.800
69500 4.777
69550 4.753
69600 4.729
69650 4.705
69700 4.682
69750 4.659
69800 4.635
69850 4.612
69900 4.589
69950 4.566
70000 4.543
70050 4.521
70100 4.498
70150 4.476
70200 4.453
70250 4.431
70300 4.409
70350 4.387
70400 4.365
70450 4.343
70500 4.322
70550 4.300
70600 4.279
70650 4.257
70700 4.236
70750 4.215
70800 4.194
70850 4.173
70900 4.152
70950 4.132
71000 4.111
71050 4.090
71100 4.070
71150 4.050
71200 4.029
71250 4.009
71300 3.989
71350 3.969
71400 3.950
71450 3.930
71500 3.910
71550 3.891
71600 3.871
71650 3.852
71700 3.833
71750 3.814
71800 3.795
71850 3.776
71900 3.757
71950 3.738
72000 3.720
72050 3.701
72100 3.682
72150 3.664
72200 3.646
72250 3.628
72300 3.610
72350 3.592
72400 3.574
72450 3.556
72500 3.538
72550 3.520
72600 3.503
72650 3.485
72700 3.468
72750 3.451
72800 3.433
72850 3.416
72900 3.399
72950 3.382
73000 3.365
73050 3.349
73100 3.332
73150 3.315
73200 3.299
73250 3.282
73300 3.266
73350 3.250
73400 3.233
73450 3.217
73500 3.201
73550 3.185
73600 3.169
73650 3.153
73700 3.138
73750 3.122
73800 3.107
73850 3.091
73900 3.076
73950 3.060
74000 3.045
74050 3.030
74100 3.015
74150 3.000
74200 2.985
74250 2.970
74300 2.955
74350 2.940
74400 2.926
74450 2.911
74500 2.896
74550 2.882
74600 2.868
74650 2.853
74700 2.839
74750 2.825
74800 2.811
74850 2.797
74900 2.783
74950 2.769
75000 2.755
75050 2.741
75100 2.728
75150 2.714
75200 2.700
75250 2.687
75300 2.674
75350 2.660
75400 2.647
75450 2.634
75500 2.621
75550 2.608
75600 2.595
75650 2.582
75700 2.569
75750 2.556
75800 2.543
75850 2.530
75900 2.518
75950 2.505
76000 2.493
76050 2.480
76100 2.468
76150 2.456
76200 2.443
76250 2.431
76300 2.419
76350 2.407
76400 2.395
76450 2.383
76500 2.371
76550 2.359
76600 2.348
76650 2.336
76700 2.324
76750 2.313
76800 2.301
76850 2.290
76900 2.278
76950 2.267
77000 2.255
77050 2.244
77100 2.233
77150 2.222
77200 2.211
77250 2.200
77300 2.189
77350 2.178
77400 2.167
77450 2.156
77500 2.145
77550 2.135
77600 2.124
77650 2.113
77700 2.103
77750 2.092
77800 2.082
77850 2.072
77900 2.061
77950 2.051
78000 2.041
78050 2.031
78100 2.020
78150 2.010
78200 2.000
78250 1.990
78300 1.980
78350 1.970
78400 1.961
78450 1.951
78500 1.941
78550 1.931
78600 1.922
78650 1.912
78700 1.903
78750 1.893
78800 1.884
78850 1.874
78900 1.865
78950 1.856
79000 1.846
79050 1.837
79100 1.828
79150 1.819
79200 1.810
79250 1.801
79300 1.792
79350 1.783
79400 1.774
79450 1.765
79500 1.756
79550 1.748
79600 1.739
79650 1.730
79700 1.722
79750 1.713
79800 1.704
79850 1.696
79900 1.687
79950 1.679
80000 1.671
80050 1.662
80100 1.654
80150 1.646
80200 1.638
80250 1.629
80300 1.621
80350 1.613
80400 1.605
80450 1.597
80500 1.589
80550 1.581
80600 1.573
80650 1.565
80700 1.558
80750 1.550
80800 1.542
80850 1.534
80900 1.527
80950 1.519
81000 1.512
81050 1.504
81100 1.497
81150 1.489
81200 1.482
81250 1.474
81300 1.467
81350 1.460
81400 1.452
81450 1.445
81500 1.438
81550 1.431
81600 1.423
81650 1.416
81700 1.409
81750 1.402
81800 1.395
81850 1.388
81900 1.381
81950 1.375
82000 1.368
82050 1.361
82100 1.354
82150 1.347
82200 1.341
82250 1.334
82300 1.327
82350 1.321
82400 1.314
82450 1.307
82500 1.301
82550 1.294
82600 1.288
82650 1.282
82700 1.275
82750 1.269
82800 1.262
82850 1.256
82900 1.250
82950 1.244
83000 1.237
83050 1.231
83100 1.225
83150 1.219
83200 1.213
83250 1.207
83300 1.201
83350 1.195
83400 1.189
83450 1.183
83500 1.177
83550 1.171
83600 1.165
83650 1.160
83700 1.154
83750 1.148
83800 1.142
83850 1.137
83900 1.131
83950 1.125
84000 1.120
84050 1.114
84100 1.108
84150 1.103
84200 1.097
84250 1.092
84300 1.087
84350 1.081
84400 1.076
84450 1.070
84500 1.065
84550 1.060
84600 1.054
84650 1.049
84700 1.044
84750 1.039
84800 1.033
84850 1.028
84900 1.023
84950 1.018
85000 1.013
85050 1.008
85100 1.003
85150 0.998
85200 0.993
85250 0.988
85300 0.983
85350 0.978
85400 0.973
85450 0.968
85500 0.964
85550 0.959
85600 0.954
85650 0.949
85700 0.945
85750 0.940
85800 0.935
85850 0.930
85900 0.926
85950 0.921
86000 0.917
86050 0.912
86100 0.907
86150 0.903
86200 0.898
86250 0.894
86300 0.889
86350 0.885
86400 0.881
86450 0.876
86500 0.872
86550 0.868
86600 0.863
86650 0.859
86700 0.855
86750 0.850
86800 0.846
86850 0.842
86900 0.838
86950 0.833
87000 0.829
87050 0.825
87100 0.821
87150 0.817
87200 0.813
87250 0.809
87300 0.805
87350 0.801
87400 0.797
87450 0.793
87500 0.789
87550 0.785
87600 0.781
87650 0.777
87700 0.773
87750 0.769
87800 0.766
87850 0.762
87900 0.758
87950 0.754
88000 0.750
88050 0.747
88100 0.743
88150 0.739
88200 0.735
88250 0.732
88300 0.728
88350 0.725
88400 0.721
88450 0.717
88500 0.714
88550 0.710
88600 0.707
88650 0.703
88700 0.700
88750 0.696
88800 0.693
88850 0.689
88900 0.686
88950 0.682
89000 0.679
89050 0.676
89100 0.672
89150 0.669
89200 0.665
89250 0.662
89300 0.659
89350 0.656
89400 0.652
89450 0.649
89500 0.646
89550 0.643
89600 0.639
89650 0.636
89700 0.633
89750 0.630
89800 0.627
89850 0.624
89900 0.620
89950 0.617
90000 0.614
90050 0.611
90100 0.608
90150 0.605
90200 0.602
90250 0.599
90300 0.596
90350 0.593
90400 0.590
90450 0.587
90500 0.584
90550 0.581
90600 0.578
90650 0.576
90700 0.573
90750 0.570
90800 0.567
90850 0.564
90900 0.561
90950 0.559
91000 0.556
91050 0.553
91100 0.550
91150 0.548
91200 0.545
91250 0.542
91300 0.539
91350 0.537
91400 0.534
91450 0.531
91500 0.529
91550 0.526
91600 0.523
91650 0.521
91700 0.518
91750 0.516
91800 0.513
91850 0.510
91900 0.508
91950 0.505
92000 0.503
92050 0.500
92100 0.498
92150 0.495
92200 0.493
92250 0.490
92300 0.488
92350 0.486
92400 0.483
92450 0.481
92500 0.478
92550 0.476
92600 0.474
92650 0.471
92700 0.469
92750 0.467
92800 0.464
92850 0.462
92900 0.460
92950 0.457
93000 0.455
93050 0.453
93100 0.450
93150 0.448
93200 0.446
93250 0.444
93300 0.442
93350 0.439
93400 0.437
93450 0.435
93500 0.433
93550 0.431
93600 0.428
93650 0.426
93700 0.424
93750 0.422
93800 0.420
93850 0.418
93900 0.416
93950 0.414
94000 0.412
94050 0.410
94100 0.408
94150 0.406
94200 0.404
94250 0.402
94300 0.400
94350 0.398
94400 0.396
94450 0.394
94500 0.392
94550 0.390
94600 0.388
94650 0.386
94700 0.384
94750 0.382
94800 0.380
94850 0.378
94900 0.376
94950 0.374
95000 0.372
95050 0.371
95100 0.369
95150 0.367
95200 0.365
95250 0.363
95300 0.361
95350 0.360
95400 0.358
95450 0.356
95500 0.354
95550 0.353
95600 0.351
95650 0.349
95700 0.347
95750 0.346
95800 0.344
95850 0.342
95900 0.340
95950 0.339
96000 0.337
96050 0.335
96100 0.334
96150 0.332
96200 0.330
96250 0.329
96300 0.327
96350 0.325
96400 0.324
96450 0.322
96500 0.321
96550 0.319
96600 0.317
96650 0.316
96700 0.314
96750 0.313
96800 0.311
96850 0.310
96900 0.308
96950 0.306
97000 0.305
97050 0.303
97100 0.302
97150 0.300
97200 0.299
97250 0.297
97300 0.296
97350 0.294
97400 0.293
97450 0.292
97500 0.290
97550 0.289
97600 0.287
97650 0.286
97700 0.284
97750 0.283
97800 0.281
97850 0.280
97900 0.279
97950 0.277
98000 0.276
98050 0.275
98100 0.273
98150 0.272
98200 0.270
98250 0.269
98300 0.268
98350 0.266
98400 0.265
98450 0.264
98500 0.262
98550 0.261
98600 0.260
98650 0.259
98700 0.257
98750 0.256
98800 0.255
98850 0.253
98900 0.252
98950 0.251
99000 0.250
99050 0.248
99100 0.247
99150 0.246
99200 0.245
99250 0.243
99300 0.242
99350 0.241
99400 0.240
99450 0.239
99500 0.237
99550 0.236
99600 0.235
99650 0.234
99700 0.233
99750 0.232
99800 0.230
99850 0.229
99900 0.228
99950 0.227
100000 0.226
100050 0.225
100100 0.224
100150 0.223
100200 0.221
100250 0.220
100300 0.219
100350 0.218
100400 0.217
100450 0.216
100500 0.215
100550 0.214
100600 0.213
100650 0.212
100700 0.211
100750 0.210
100800 0.208
100850 0.207
100900 0.206
100950 0.205
101000 0.204
101050 0.203
101100 0.202
101150 0.201
101200 0.200
101250 0.199
101300 0.198
101350 0.197
101400 0.196
101450 0.195
101500 0.194
101550 0.193
101600 0.192
101650 0.191
101700 0.191
101750 0.190
101800 0.189
101850 0.188
101900 0.187
101950 0.186
102000 0.185
102050 0.184
102100 0.183
102150 0.182
102200 0.181
102250 0.180
102300 0.179
102350 0.179
102400 0.178
102450 0.177
102500 0.176
102550 0.175
102600 0.174
102650 0.173
102700 0.172
102750 0.172
102800 0.171
102850 0.170
102900 0.169
102950 0.168
103000 0.167
103050 0.166
103100 0.166
103150 0.165
103200 0.164
103250 0.163
103300 0.162
103350 0.162
103400 0.161
103450 0.160
103500 0.159
103550 0.158
103600 0.158
103650 0.157
103700 0.156
103750 0.155
103800 0.154
103850 0.154
103900 0.153
103950 0.152
104000 0.151
104050 0.151
104100 0.150
104150 0.149
104200 0.148
104250 0.148
104300 0.147
104350 0.146
104400 0.145
104450 0.145
104500 0.144
104550 0.143
104600 0.143
104650 0.142
104700 0.141
104750 0.140
104800 0.140
104850 0.139
104900 0.138
104950 0.138
105000 0.137
105050 0.136
105100 0.136
105150 0.135
105200 0.134
105250 0.134
105300 0.133
105350 0.132
105400 0.132
105450 0.131
105500 0.130
105550 0.130
105600 0.129
105650 0.128
105700 0.128
105750 0.127
105800 0.126
105850 0.126
105900 0.125
105950 0.125
106000 0.124
106050 0.123
106100 0.123
106150 0.122
106200 0.121
106250 0.121
106300 0.120
106350 0.120
106400 0.119
106450 0.118
106500 0.118
106550 0.117
106600 0.117
106650 0.116
106700 0.116
106750 0.115
106800 0.114
106850 0.114
106900 0.113
106950 0.113
107000 0.112
107050 0.112
107100 0.111
107150 0.110
107200 0.110
107250 0.109
107300 0.109
107350 0.108
107400 0.108
107450 0.107
107500 0.107
107550 0.106
107600 0.106
107650 0.105
107700 0.105
107750 0.104
107800 0.103
107850 0.103
107900 0.102
107950 0.102
108000 0.101
108050 0.101
108100 0.100
108150 0.100
108200 0.099
108250 0.099
108300 0.098
108350 0.098
108400 0.097
108450 0.097
108500 0.096
108550 0.096
108600 0.096
108650 0.095
108700 0.095
108750 0.094
108800 0.094
108850 0.093
108900 0.093
108950 0.092
109000 0.092
109050 0.091
109100 0.091
109150 0.090
109200 0.090
109250 0.090
109300 0.089
109350 0.089
109400 0.088
109450 0.088
109500 0.087
109550 0.087
109600 0.086
109650 0.086
109700 0.086
109750 0.085
109800 0.085
109850 0.084
109900 0.084
109950 0.083
110000 0.083
110050 0.083
110100 0.082
110150 0.082
110200 0.081
110250 0.081
110300 0.081
110350 0.080
110400 0.080
110450 0.079
110500 0.079
110550 0.079
110600 0.078
110650 0.078
110700 0.077
110750 0.077
110800 0.077
110850 0.076
110900 0.076
110950 0.076
111000 0.075
111050 0.075
111100 0.074
111150 0.074
111200 0.074
111250 0.073
111300 0.073
111350 0.073
111400 0.072
111450 0.072
111500 0.071
111550 0.071
111600 0.071
111650 0.070
111700 0.070
111750 0.070
111800 0.069
111850 0.069
111900 0.069
111950 0.068
112000 0.068
112050 0.068
112100 0.067
112150 0.067
112200 0.067
112250 0.066
112300 0.066
112350 0.066
112400 0.065
112450 0.065
112500 0.065
112550 0.064
112600 0.064
112650 0.064
112700 0.063
112750 0.063
112800 0.063
112850 0.062
112900 0.062
112950 0.062
113000 0.062
113050 0.061
113100 0.061
113150 0.061
113200 0.060
113250 0.060
113300 0.060
113350 0.059
113400 0.059
113450 0.059
113500 0.059
113550 0.058
113600 0.058
113650 0.058
113700 0.057
113750 0.057
113800 0.057
113850 0.057
113900 0.056
113950 0.056
114000 0.056
114050 0.055
114100 0.055
114150 0.055
114200 0.055
114250 0.054
114300 0.054
114350 0.054
114400 0.053
114450 0.053
114500 0.053
114550 0.053
114600 0.052
114650 0.052
114700 0.052
114750 0.052
114800 0.051
114850 0.051
114900 0.051
114950 0.051
115000 0.050
115050 0.050
115100 0.050
115150 0.050
115200 0.049
115250 0.049
115300 0.049
115350 0.049
115400 0.048
115450 0.048
115500 0.048
115550 0.048
115600 0.047
115650 0.047
115700 0.047
115750 0.047
115800 0.046
115850 0.046
115900 0.046
115950 0.046
116000 0.046
116050 0.045
116100 0.045
116150 0.045
116200 0.045
116250 0.044
116300 0.044
116350 0.044
116400 0.044
116450 0.044
116500 0.043
116550 0.043
116600 0.043
116650 0.043
116700 0.042
116750 0.042
116800 0.042
116850 0.042
116900 0.042
116950 0.041
117000 0.041
117050 0.041
117100 0.041
117150 0.041
117200 0.040
117250 0.040
117300 0.040
117350 0.040
117400 0.040
117450 0.039
117500 0.039
117550 0.039
117600 0.039
117650 0.039
117700 0.038
117750 0.038
117800 0.038
117850 0.038
117900 0.038
117950 0.037
118000 0.037
118050 0.037
118100 0.037
118150 0.037
118200 0.037
118250 0.036
118300 0.036
118350 0.036
118400 0.036
118450 0.036
118500 0.035
118550 0.035
118600 0.035
118650 0.035
118700 0.035
118750 0.035
118800 0.034
118850 0.034
118900 0.034
118950 0.034
119000 0.034
119050 0.034
119100 0.033
119150 0.033
119200 0.033
119250 0.033
119300 0.033
119350 0.033
119400 0.032
119450 0.032
119500 0.032
119550 0.032
119600 0.032
119650 0.032
119700 0.031
119750 0.031
119800 0.031
119850 0.031
119900 0.031
119950 0.031
120000 0.031
120050 0.030
120100 0.030
120150 0.030
120200 0.030
120250 0.030
120300 0.030
120350 0.029
120400 0.029
120450 0.029
120500 0.029
120550 0.029
120600 0.029
120650 0.029
120700 0.028
120750 0.028
120800 0.028
120850 0.028
120900 0.028
120950 0.028
121000 0.028
121050 0.027
121100 0.027
121150 0.027
121200 0.027
121250 0.027
121300 0.027
121350 0.027
121400 0.027
121450 0.026
121500 0.026
121550 0.026
121600 0.026
121650 0.026
121700 0.026
121750 0.026
121800 0.026
121850 0.025
121900 0.025
121950 0.025
122000 0.025
122050 0.025
122100 0.025
122150 0.025
122200 0.025
122250 0.024
122300 0.024
122350 0.024
122400 0.024
122450 0.024
122500 0.024
122550 0.024
122600 0.024
122650 0.023
122700 0.023
122750 0.023
122800 0.023
122850 0.023
122900 0.023
122950 0.023
123000 0.023
123050 0.023
123100 0.022
123150 0.022
123200 0.022
123250 0.022
123300 0.022
123350 0.022
123400 0.022
123450 0.022
123500 0.022
123550 0.021
123600 0.021
123650 0.021
123700 0.021
123750 0.021
123800 0.021
123850 0.021
123900 0.021
123950 0.021
124000 0.020
124050 0.020
124100 0.020
124150 0.020
124200 0.020
124250 0.020
124300 0.020
124350 0.020
124400 0.020
124450 0.020
124500 0.019
124550 0.019
124600 0.019
124650 0.019
124700 0.019
124750 0.019
124800 0.019
124850 0.019
124900 0.019
124950 0.019
125000 0.019
125050 0.018
125100 0.018
125150 0.018
125200 0.018
125250 0.018
125300 0.018
125350 0.018
125400 0.018
125450 0.018
125500 0.018
125550 0.018
125600 0.017
125650 0.017
125700 0.017
125750 0.017
125800 0.017
125850 0.017
125900 0.017
125950 0.017
126000 0.017
126050 0.017
126100 0.017
126150 0.017
126200 0.016
126250 0.016
126300 0.016
126350 0.016
126400 0.016
126450 0.016
126500 0.016
126550 0.016
126600 0.016
126650 0.016
126700 0.016
126750 0.016
126800 0.015
126850 0.015
126900 0.015
126950 0.015
127000 0.015
127050 0.015
127100 0.015
127150 0.015
127200 0.015
127250 0.015
127300 0.015
127350 0.015
127400 0.015
127450 0.014
127500 0.014
127550 0.014
127600 0.014
127650 0.014
127700 0.014
127750 0.014
127800 0.014
127850 0.014
127900 0.014
127950 0.014
128000 0.014
128050 0.014
128100 0.014
128150 0.014
128200 0.013
128250 0.013
128300 0.013
128350 0.013
128400 0.013
128450 0.013
128500 0.013
128550 0.013
128600 0.013
128650 0.013
128700 0.013
128750 0.013
128800 0.013
128850 0.013
128900 0.013
128950 0.012
129000 0.012
129050 0.012
129100 0.012
129150 0.012
129200 0.012
129250 0.012
129300 0.012
129350 0.012
129400 0.012
129450 0.012
129500 0.012
129550 0.012
129600 0.012
129650 0.012
129700 0.012
129750 0.012
129800 0.011
129850 0.011
129900 0.011
129950 0.011
130000 0.011
130050 0.011
130100 0.011
130150 0.011
130200 0.011
130250 0.011
130300 0.011
130350 0.011
130400 0.011
130450 0.011
130500 0.011
130550 0.011
130600 0.011
130650 0.011
130700 0.010
130750 0.010
130800 0.010
130850 0.010
130900 0.010
130950 0.010
131000 0.010
131050 0.010
131100 0.010
131150 0.010
