500 142
1000 147
1500 158
2000 163
2500 130
3000 149
3500 144
4000 162
4500 159
5000 164
5500 147
6000 157
6500 155
7000 160
7500 168
8000 132
8500 149
9000 141
9500 147
10000 133
10500 146
11000 153
11500 140
12000 147
12500 160
13000 153
13500 140
14000 125
14500 151
15000 150
15500 148
16000 138
16500 165
17000 125
17500 176
18000 159
18500 153
19000 160
19500 151
20000 132
20500 152
21000 146
21500 141
22000 173
22500 156
23000 134
23500 152
24000 138
24500 156
25000 147
25500 158
26000 149
26500 156
27000 139
27500 149
28000 147
28500 135
29000 156
29500 146
30000 138
30500 161
31000 160
31500 125
32000 159
32500 144
33000 154
33500 148
34000 152
34500 164
35000 158
35500 151
36000 167
36500 136
37000 144
37500 141
38000 130
38500 160
39000 146
39500 130
40000 141
40500 170
41000 147
41500 152
42000 159
42500 135
43000 157
43500 148
44000 154
44500 135
45000 162
45500 158
46000 144
46500 156
47000 160
47500 138
48000 160
48500 138
49000 146
49500 168
50000 151
50500 129
51000 152
51500 137
52000 151
52500 147
53000 141
53500 140
54000 144
54500 157
55000 150
55500 154
56000 130
56500 145
57000 152
57500 133
58000 149
58500 151
59000 140
59500 148
60000 143
60500 135
61000 147
61500 152
62000 144
62500 145
63000 152
63500 163
64000 154
64500 164
65000 136
65500 119
66000 169
66500 149
67000 141
67500 135
68000 139
68500 148
69000 132
69500 113
70000 159
70500 157
71000 133
71500 135
72000 148
72500 150
73000 153
73500 156
74000 156
74500 138
75000 131
75500 147
76000 131
76500 141
77000 146
77500 121
78000 150
78500 142
79000 136
79500 155
80000 139
80500 146
81000 148
81500 145
82000 129
82500 154
83000 144
83500 135
84000 141
84500 154
85000 138
85500 134
86000 148
86500 140
87000 156
87500 142
88000 167
88500 142
89000 153
89500 141
90000 142
90500 148
91000 137
91500 152
92000 129
92500 142
93000 117
93500 137
94000 134
94500 153
95000 144
95500 137
96000 142
96500 180
97000 151
97500 160
98000 136
98500 124
99000 141
99500 132
100000 141
100500 130
101000 145
101500 129
102000 153
102500 154
103000 133
103500 155
104000 137
104500 135
105000 148
105500 140
106000 138
106500 149
107000 139
107500 129
108000 122
108500 138
109000 154
109500 140
110000 132
110500 147
111000 130
111500 144
112000 146
112500 148
113000 147
113500 130
114000 144
114500 156
115000 160
115500 130
116000 142
116500 145
117000 133
117500 118
118000 140
118500 139
119000 124
119500 130
120000 136
120500 130
121000 145
121500 149
122000 139
122500 138
123000 132
123500 140
124000 144
124500 155
125000 119
125500 147
126000 145
126500 140
127000 138
127500 156
128000 135
128500 154
129000 148
129500 143
130000 131
130500 134
131000 137
131500 153
132000 146
132500 153
133000 134
133500 119
134000 154
134500 129
135000 136
135500 130
136000 152
136500 140
137000 133
137500 145
138000 140
138500 138
139000 147
139500 153
140000 147
140500 138
141000 134
141500 114
142000 128
142500 143
143000 126
143500 131
144000 137
144500 117
145000 137
145500 145
146000 132
146500 128
147000 161
147500 142
148000 142
148500 143
149000 162
149500 129
150000 161
150500 107
151000 122
151500 139
152000 129
152500 121
153000 117
153500 95
154000 113
154500 110
155000 125
155500 111
156000 131
156500 128
157000 121
157500 144
158000 134
158500 127
159000 137
159500 134
160000 127
160500 122
161000 126
161500 127
162000 141
162500 130
163000 143
163500 132
164000 118
164500 128
165000 115
165500 96
166000 130
166500 159
167000 143
167500 125
168000 114
168500 117
169000 130
169500 138
170000 124
170500 137
171000 147
171500 128
172000 127
172500 141
173000 123
173500 132
174000 145
174500 146
175000 149
175500 101
176000 140
176500 139
177000 128
177500 140
178000 152
178500 127
179000 127
179500 127
180000 118
180500 128
181000 142
181500 140
182000 146
182500 139
183000 125
183500 115
184000 137
184500 151
185000 121
185500 130
186000 143
186500 138
187000 128
187500 120
188000 138
188500 127
189000 143
189500 149
190000 139
190500 140
191000 135
191500 129
192000 116
192500 139
193000 113
193500 124
194000 143
194500 120
195000 119
195500 129
196000 134
196500 145
197000 130
197500 128
198000 137
198500 132
199000 144
199500 126
200000 132
200500 141
201000 93
201500 98
202000 120
202500 128
203000 121
203500 97
204000 121
204500 93
205000 115
205500 113
206000 104
206500 101
207000 117
207500 118
208000 103
208500 114
209000 106
209500 103
210000 126
210500 105
211000 142
211500 102
212000 133
212500 117
213000 105
213500 104
214000 119
214500 120
215000 113
215500 107
216000 124
216500 128
217000 132
217500 101
218000 134
218500 107
219000 121
219500 121
220000 139
220500 115
221000 110
221500 136
222000 125
222500 123
223000 112
223500 104
224000 111
224500 109
225000 104
225500 117
226000 133
226500 109
227000 131
227500 106
228000 120
228500 115
229000 106
229500 113
230000 124
230500 122
231000 126
231500 121
232000 106
232500 118
233000 144
233500 142
234000 112
234500 129
235000 121
235500 127
236000 115
236500 107
237000 103
237500 119
238000 105
238500 99
239000 147
239500 117
240000 136
240500 112
241000 119
241500 125
242000 114
242500 122
243000 109
243500 110
244000 105
244500 149
245000 109
245500 113
246000 111
246500 114
247000 128
247500 121
248000 121
248500 113
249000 127
249500 108
250000 158
250500 82
251000 113
251500 96
252000 95
252500 90
253000 100
253500 94
254000 94
254500 104
255000 122
255500 89
256000 89
256500 106
257000 92
257500 92
258000 107
258500 93
259000 80
259500 100
260000 88
260500 101
261000 97
261500 97
262000 94
262500 85
263000 93
263500 82
264000 94
264500 100
265000 103
265500 85
266000 82
266500 96
267000 101
267500 112
268000 92
268500 106
269000 86
269500 95
270000 110
270500 99
271000 140
271500 94
272000 118
272500 93
273000 104
273500 84
274000 98
274500 102
275000 87
275500 97
276000 91
276500 81
277000 92
277500 105
278000 92
278500 86
279000 83
279500 100
280000 93
280500 90
281000 92
281500 112
282000 111
282500 103
283000 116
283500 106
284000 97
284500 112
285000 90
285500 102
286000 144
286500 88
287000 81
287500 87
288000 105
288500 102
289000 98
289500 93
290000 95
290500 100
291000 97
291500 86
292000 103
292500 86
293000 83
293500 97
294000 113
294500 88
295000 94
295500 101
296000 101
296500 103
297000 108
297500 88
298000 108
298500 87
299000 104
299500 108
300000 79
300500 116
301000 75
301500 71
302000 79
302500 74
303000 75
303500 77
304000 73
304500 75
305000 70
305500 69
306000 70
306500 75
307000 73
307500 69
308000 67
308500 67
309000 65
309500 67
310000 132
310500 83
311000 97
311500 79
312000 74
312500 80
313000 84
313500 81
314000 70
314500 132
315000 83
315500 89
316000 77
316500 79
317000 81
317500 78
318000 76
318500 72
319000 73
319500 73
320000 72
320500 73
321000 72
321500 72
322000 72
322500 78
323000 80
323500 72
324000 75
324500 72
325000 76
325500 72
326000 72
326500 70
327000 70
327500 69
328000 68
328500 73
329000 73
329500 78
330000 75
330500 75
331000 70
331500 73
332000 73
332500 77
333000 74
333500 72
334000 72
334500 73
335000 77
335500 75
336000 74
336500 76
337000 75
337500 75
338000 70
338500 70
339000 70
339500 70
340000 72
340500 69
341000 71
341500 72
342000 70
342500 72
343000 73
343500 82
344000 80
344500 153
345000 99
345500 83
346000 99
346500 75
347000 75
347500 77
348000 71
348500 74
349000 75
349500 75
350000 72
350500 72
351000 71
351500 71
352000 71
352500 90
353000 80
353500 72
354000 71
354500 70
355000 83
355500 78
356000 73
356500 74
357000 73
357500 73
358000 71
358500 70
359000 72
359500 82
360000 75
360500 71
361000 71
361500 70
362000 70
362500 70
363000 70
363500 70
364000 71
364500 71
365000 71
365500 71
366000 71
366500 71
367000 71
367500 72
368000 73
368500 71
369000 71
369500 71
370000 72
370500 72
371000 71
371500 71
372000 71
372500 71
373000 71
373500 70
374000 69
374500 68
375000 68
375500 68
376000 69
376500 69
377000 69
377500 69
378000 70
378500 71
379000 68
379500 70
380000 69
380500 68
381000 68
381500 68
382000 69
382500 68
383000 68
383500 68
384000 68
384500 68
385000 68
385500 68
386000 68
386500 68
387000 68
387500 68
388000 70
388500 70
389000 68
389500 68
390000 68
390500 69
391000 69
391500 69
392000 68
392500 68
393000 68
393500 68
394000 68
394500 69
395000 71
395500 71
396000 69
396500 69
397000 68
397500 68
398000 68
398500 68
399000 69
399500 68
400000 68
400500 68
401000 68
401500 68
402000 68
402500 68
403000 68
403500 68
404000 68
404500 68
405000 68
405500 68
406000 68
406500 68
407000 68
407500 68
408000 68
408500 68
409000 68
409500 68
410000 68
410500 68
411000 68
411500 68
412000 68
412500 68
413000 68
413500 68
414000 68
414500 68
415000 68
415500 68
416000 68
416500 68
417000 68
417500 68
418000 69
418500 69
419000 69
419500 69
420000 69
420500 68
421000 68
421500 68
422000 68
422500 68
423000 68
423500 68
424000 68
424500 68
425000 68
425500 68
426000 68
426500 68
427000 68
427500 68
428000 68
428500 68
429000 68
429500 68
430000 68
430500 68
431000 68
431500 68
432000 68
432500 68
433000 68
433500 68
434000 68
434500 68
435000 68
435500 68
436000 68
436500 68
437000 68
437500 68
438000 68
438500 68
439000 68
439500 68
440000 68
440500 68
441000 68
441500 68
442000 68
442500 68
443000 68
443500 68
444000 68
444500 68
445000 68
445500 68
446000 68
446500 68
447000 68
447500 68
448000 68
448500 68
449000 68
449500 68
450000 68
450500 68
451000 68
451500 68
452000 68
452500 68
453000 68
453500 68
454000 68
454500 68
455000 68
455500 68
456000 68
456500 68
457000 68
457500 68
458000 68
458500 68
459000 68
459500 68
460000 68
460500 68
461000 68
461500 68
462000 68
462500 68
463000 68
463500 68
464000 68
464500 68
465000 68
465500 68
466000 68
466500 68
467000 68
467500 68
468000 68
468500 68
469000 68
469500 68
470000 68
470500 68
471000 68
471500 68
472000 68
472500 68
473000 68
473500 68
474000 68
474500 68
475000 68
475500 68
476000 68
476500 68
477000 68
477500 68
478000 68
478500 68
479000 68
479500 68
480000 68
480500 68
481000 68
481500 68
482000 68
482500 68
483000 68
483500 68
484000 68
484500 68
485000 68
485500 68
486000 68
486500 68
487000 68
487500 68
488000 68
488500 68
489000 68
489500 68
490000 68
490500 68
491000 68
491500 68
492000 68
492500 68
493000 68
493500 68
494000 68
494500 68
495000 68
495500 68
496000 68
496500 68
497000 68
497500 68
498000 68
498500 68
499000 68
499500 68
500000 68
500500 68
501000 68
501500 68
502000 68
502500 68
503000 68
503500 68
504000 68
504500 68
505000 68
505500 68
506000 68
506500 68
507000 68
507500 68
508000 68
508500 68
509000 68
509500 68
510000 68
510500 68
511000 68
511500 68
512000 68
512500 68
513000 68
513500 68
514000 68
514500 68
515000 68
515500 68
516000 68
516500 68
517000 68
517500 68
518000 68
518500 68
519000 68
519500 68
520000 68
520500 68
521000 68
521500 68
522000 68
522500 68
523000 68
523500 68
524000 68
524500 68
525000 68
525500 68
526000 68
526500 68
527000 68
527500 68
528000 68
528500 68
529000 68
529500 68
530000 68
530500 68
531000 68
531500 68
532000 68
532500 68
533000 68
533500 68
534000 68
534500 68
535000 68
535500 68
536000 68
536500 68
537000 68
537500 68
538000 68
538500 68
539000 68
539500 68
540000 68
540500 68
541000 68
541500 68
542000 68
542500 68
543000 68
543500 68
544000 68
544500 68
545000 68
545500 68
546000 68
546500 68
547000 68
547500 68
548000 68
548500 68
549000 68
549500 68
550000 68
550500 68
551000 68
551500 68
552000 68
552500 68
553000 68
553500 68
554000 68
554500 68
555000 68
555500 68
556000 68
556500 68
557000 68
557500 68
558000 68
558500 68
559000 68
559500 68
560000 68
560500 68
561000 68
561500 68
562000 68
562500 68
563000 68
563500 68
564000 68
564500 68
565000 68
565500 68
566000 68
566500 68
567000 68
567500 68
568000 68
568500 68
569000 68
569500 68
570000 68
570500 68
571000 68
571500 68
572000 68
572500 68
573000 68
573500 68
574000 68
574500 68
575000 68
575500 68
576000 68
576500 68
577000 68
577500 68
578000 68
578500 68
579000 68
579500 68
580000 68
580500 68
581000 68
581500 68
582000 68
582500 68
583000 68
583500 68
584000 68
584500 68
585000 68
585500 68
586000 68
586500 68
587000 68
587500 68
588000 68
588500 68
589000 68
589500 68
590000 68
590500 68
591000 68
591500 68
592000 68
592500 68
593000 68
593500 68
594000 68
594500 68
595000 68
595500 68
596000 68
596500 68
597000 68
597500 68
598000 68
598500 68
599000 68
599500 68
600000 68
600500 68
601000 68
601500 68
602000 68
602500 68
603000 68
603500 68
604000 68
604500 68
605000 68
605500 68
606000 68
606500 68
607000 68
607500 68
608000 68
608500 68
609000 68
609500 68
610000 68
610500 68
611000 68
611500 68
612000 68
612500 68
613000 68
613500 68
614000 68
614500 68
615000 68
615500 68
616000 68
616500 68
617000 68
617500 68
618000 68
618500 68
619000 68
619500 68
620000 68
620500 68
621000 68
621500 68
622000 68
622500 68
623000 68
623500 68
624000 68
624500 68
625000 68
625500 68
626000 68
626500 68
627000 68
627500 68
628000 68
628500 68
629000 68
629500 68
630000 68
630500 68
631000 68
631500 68
632000 68
632500 68
633000 68
633500 68
634000 68
634500 68
635000 68
635500 68
636000 68
636500 68
637000 68
637500 68
638000 68
638500 68
639000 68
639500 68
640000 68
640500 68
641000 68
641500 68
642000 68
642500 68
643000 68
643500 68
644000 68
644500 68
645000 68
645500 68
646000 68
646500 68
647000 68
647500 68
648000 68
648500 68
649000 68
649500 68
650000 68
650500 68
651000 68
651500 68
652000 68
652500 68
653000 68
653500 68
654000 68
654500 68
655000 68
655500 68
656000 68
656500 68
657000 68
657500 68
658000 68
658500 68
659000 68
659500 68
660000 68
660500 68
661000 68
661500 68
662000 68
662500 68
663000 68
663500 68
664000 68
664500 68
665000 68
665500 68
666000 68
666500 68
667000 68
667500 68
668000 68
668500 68
669000 68
669500 68
670000 68
670500 68
671000 68
671500 68
672000 68
672500 68
673000 68
673500 68
674000 68
674500 68
675000 68
675500 68
676000 68
676500 68
677000 68
677500 68
678000 68
678500 68
679000 68
679500 68
680000 68
680500 68
681000 68
681500 68
682000 68
682500 68
683000 68
683500 68
684000 68
684500 68
685000 68
685500 68
686000 68
686500 68
687000 68
687500 68
688000 68
688500 68
689000 68
689500 68
690000 68
690500 68
691000 68
691500 68
692000 68
692500 68
693000 68
693500 68
694000 68
694500 68
695000 68
695500 68
696000 68
696500 68
697000 68
697500 68
698000 68
698500 68
699000 68
699500 68
700000 68
