500 152
1000 149
1500 154
2000 132
2500 138
3000 161
3500 161
4000 139
4500 144
5000 133
5500 134
6000 166
6500 145
7000 158
7500 150
8000 146
8500 148
9000 145
9500 127
10000 150
10500 152
11000 152
11500 148
12000 163
12500 151
13000 136
13500 134
14000 158
14500 143
15000 161
15500 134
16000 147
16500 152
17000 154
17500 153
18000 136
18500 143
19000 159
19500 148
20000 143
20500 125
21000 162
21500 129
22000 139
22500 156
23000 139
23500 152
24000 158
24500 158
25000 146
25500 148
26000 162
26500 132
27000 138
27500 145
28000 152
28500 135
29000 143
29500 150
30000 145
30500 128
31000 138
31500 117
32000 141
32500 151
33000 147
33500 154
34000 135
34500 146
35000 147
35500 151
36000 147
36500 157
37000 160
37500 145
38000 139
38500 131
39000 166
39500 151
40000 157
40500 139
41000 148
41500 141
42000 141
42500 147
43000 149
43500 149
44000 136
44500 143
45000 150
45500 139
46000 147
46500 149
47000 129
47500 124
48000 148
48500 163
49000 158
49500 155
50000 137
50500 143
51000 149
51500 145
52000 139
52500 143
53000 155
53500 141
54000 133
54500 144
55000 135
55500 130
56000 149
56500 155
57000 147
57500 145
58000 140
58500 177
59000 144
59500 121
60000 131
60500 159
61000 144
61500 139
62000 147
62500 131
63000 153
63500 159
64000 125
64500 158
65000 138
65500 157
66000 149
66500 141
67000 119
67500 147
68000 146
68500 151
69000 153
69500 157
70000 160
70500 133
71000 143
71500 152
72000 149
72500 136
73000 149
73500 150
74000 119
74500 146
75000 127
75500 144
76000 139
76500 143
77000 153
77500 152
78000 148
78500 150
79000 135
79500 145
80000 154
80500 140
81000 147
81500 146
82000 130
82500 138
83000 141
83500 156
84000 161
84500 160
85000 140
85500 138
86000 153
86500 145
87000 153
87500 148
88000 152
88500 136
89000 146
89500 139
90000 137
90500 156
91000 145
91500 134
92000 148
92500 155
93000 132
93500 127
94000 140
94500 153
95000 140
95500 141
96000 127
96500 141
97000 150
97500 162
98000 137
98500 134
99000 136
99500 150
100000 155
100500 137
101000 134
101500 161
102000 150
102500 149
103000 139
103500 157
104000 121
104500 149
105000 145
105500 139
106000 147
106500 114
107000 136
107500 147
108000 134
108500 138
109000 137
109500 145
110000 130
110500 150
111000 124
111500 143
112000 142
112500 129
113000 146
113500 120
114000 127
114500 152
115000 158
115500 134
116000 127
116500 163
117000 131
117500 148
118000 154
118500 158
119000 146
119500 141
120000 127
120500 148
121000 131
121500 136
122000 146
122500 137
123000 130
123500 145
124000 131
124500 149
125000 147
125500 165
126000 142
126500 125
127000 126
127500 130
128000 138
128500 143
129000 119
129500 123
130000 139
130500 146
131000 156
131500 141
132000 141
132500 149
133000 115
133500 128
134000 124
134500 145
135000 135
135500 129
136000 124
136500 147
137000 148
137500 141
138000 137
138500 123
139000 149
139500 133
140000 152
140500 155
141000 145
141500 145
142000 144
142500 150
143000 147
143500 132
144000 137
144500 117
145000 152
145500 140
146000 127
146500 132
147000 107
147500 130
148000 130
148500 137
149000 145
149500 148
150000 150
150500 145
151000 110
151500 133
152000 114
152500 126
153000 114
153500 129
154000 143
154500 135
155000 124
155500 136
156000 123
156500 124
157000 121
157500 137
158000 127
158500 140
159000 115
159500 122
160000 113
160500 134
161000 130
161500 125
162000 126
162500 132
163000 138
163500 130
164000 133
164500 139
165000 126
165500 123
166000 119
166500 112
167000 130
167500 152
168000 140
168500 114
169000 115
169500 135
170000 120
170500 124
171000 118
171500 125
172000 121
172500 148
173000 152
173500 126
174000 114
174500 142
175000 146
175500 128
176000 156
176500 138
177000 123
177500 120
178000 132
178500 125
179000 125
179500 123
180000 132
180500 144
181000 143
181500 113
182000 133
182500 130
183000 134
183500 125
184000 106
184500 115
185000 145
185500 118
186000 136
186500 118
187000 138
187500 132
188000 135
188500 111
189000 139
189500 152
190000 115
190500 138
191000 118
191500 120
192000 138
192500 149
193000 119
193500 146
194000 122
194500 131
195000 120
195500 131
196000 140
196500 140
197000 140
197500 129
198000 132
198500 126
199000 142
199500 118
200000 135
200500 125
201000 125
201500 118
202000 109
202500 109
203000 147
203500 112
204000 98
204500 116
205000 119
205500 118
206000 136
206500 122
207000 122
207500 100
208000 117
208500 123
209000 117
209500 122
210000 116
210500 113
211000 109
211500 128
212000 133
212500 114
213000 123
213500 110
214000 97
214500 124
215000 101
215500 132
216000 151
216500 126
217000 109
217500 115
218000 106
218500 110
219000 97
219500 123
220000 111
220500 137
221000 121
221500 103
222000 112
222500 123
223000 108
223500 107
224000 113
224500 117
225000 102
225500 131
226000 122
226500 123
227000 122
227500 119
228000 105
228500 118
229000 109
229500 123
230000 109
230500 107
231000 122
231500 127
232000 136
232500 116
233000 114
233500 113
234000 137
234500 138
235000 121
235500 136
236000 96
236500 123
237000 133
237500 114
238000 118
238500 126
239000 125
239500 121
240000 108
240500 111
241000 101
241500 113
242000 111
242500 117
243000 118
243500 125
244000 112
244500 128
245000 123
245500 127
246000 135
246500 131
247000 122
247500 139
248000 124
248500 149
249000 111
249500 107
250000 107
250500 100
251000 84
251500 89
252000 85
252500 106
253000 108
253500 89
254000 92
254500 94
255000 87
255500 93
256000 83
256500 92
257000 81
257500 97
258000 108
258500 90
259000 98
259500 114
260000 98
260500 81
261000 91
261500 84
262000 100
262500 103
263000 88
263500 105
264000 88
264500 83
265000 129
265500 116
266000 97
266500 140
267000 123
267500 128
268000 109
268500 124
269000 95
269500 106
270000 107
270500 107
271000 99
271500 150
272000 96
272500 107
273000 85
273500 95
274000 113
274500 96
275000 86
275500 83
276000 109
276500 137
277000 86
277500 111
278000 97
278500 116
279000 79
279500 89
280000 100
280500 89
281000 98
281500 86
282000 88
282500 91
283000 92
283500 94
284000 103
284500 102
285000 85
285500 115
286000 131
286500 108
287000 89
287500 88
288000 113
288500 94
289000 96
289500 94
290000 124
290500 90
291000 97
291500 96
292000 88
292500 91
293000 96
293500 88
294000 87
294500 129
295000 95
295500 91
296000 126
296500 88
297000 84
297500 102
298000 101
298500 87
299000 93
299500 98
300000 151
300500 87
301000 79
301500 77
302000 76
302500 72
303000 74
303500 71
304000 83
304500 86
305000 86
305500 79
306000 77
306500 84
307000 76
307500 77
308000 73
308500 70
309000 71
309500 77
310000 80
310500 84
311000 77
311500 76
312000 104
312500 78
313000 92
313500 78
314000 84
314500 74
315000 76
315500 72
316000 74
316500 73
317000 69
317500 69
318000 76
318500 85
319000 80
319500 74
320000 81
320500 74
321000 69
321500 73
322000 78
322500 73
323000 72
323500 78
324000 71
324500 73
325000 71
325500 76
326000 70
326500 69
327000 71
327500 70
328000 71
328500 71
329000 71
329500 69
330000 72
330500 71
331000 69
331500 70
332000 72
332500 77
333000 72
333500 72
334000 82
334500 87
335000 101
335500 80
336000 74
336500 71
337000 91
337500 80
338000 79
338500 72
339000 106
339500 79
340000 77
340500 75
341000 73
341500 76
342000 76
342500 81
343000 74
343500 75
344000 74
344500 71
345000 69
345500 65
346000 67
346500 76
347000 96
347500 81
348000 81
348500 75
349000 70
349500 70
350000 74
350500 70
351000 70
351500 70
352000 69
352500 69
353000 69
353500 69
354000 69
354500 69
355000 68
355500 68
356000 68
356500 68
357000 68
357500 69
358000 69
358500 69
359000 71
359500 69
360000 69
360500 68
361000 68
361500 68
362000 68
362500 68
363000 68
363500 68
364000 68
364500 68
365000 68
365500 68
366000 68
366500 68
367000 68
367500 68
368000 68
368500 68
369000 68
369500 68
370000 68
370500 68
371000 68
371500 68
372000 68
372500 68
373000 68
373500 68
374000 68
374500 68
375000 68
375500 68
376000 68
376500 69
377000 68
377500 68
378000 68
378500 68
379000 68
379500 68
380000 68
380500 69
381000 71
381500 69
382000 69
382500 69
383000 71
383500 69
384000 70
384500 70
385000 80
385500 80
386000 74
386500 67
387000 66
387500 65
388000 65
388500 65
389000 65
389500 65
390000 67
390500 65
391000 65
391500 65
392000 67
392500 65
393000 65
393500 65
394000 65
394500 65
395000 65
395500 65
396000 65
396500 65
397000 65
397500 66
398000 66
398500 66
399000 66
399500 67
400000 66
400500 65
401000 65
401500 65
402000 65
402500 65
403000 65
403500 65
404000 65
404500 65
405000 65
405500 65
406000 65
406500 65
407000 65
407500 65
408000 65
408500 65
409000 65
409500 65
410000 65
410500 65
411000 65
411500 65
412000 65
412500 65
413000 65
413500 65
414000 65
414500 65
415000 65
415500 65
416000 65
416500 65
417000 65
417500 65
418000 65
418500 65
419000 65
419500 65
420000 65
420500 65
421000 65
421500 65
422000 65
422500 65
423000 65
423500 65
424000 65
424500 65
425000 65
425500 65
426000 65
426500 65
427000 65
427500 65
428000 65
428500 65
429000 65
429500 65
430000 65
430500 65
431000 65
431500 65
432000 65
432500 65
433000 65
433500 65
434000 65
434500 65
435000 65
435500 65
436000 66
436500 66
437000 66
437500 65
438000 65
438500 65
439000 65
439500 65
440000 65
440500 65
441000 65
441500 65
442000 65
442500 65
443000 65
443500 65
444000 65
444500 65
445000 65
445500 65
446000 65
446500 65
447000 65
447500 65
448000 65
448500 65
449000 65
449500 65
450000 65
450500 65
451000 65
451500 65
452000 65
452500 65
453000 65
453500 65
454000 65
454500 65
455000 65
455500 65
456000 65
456500 65
457000 65
457500 65
458000 65
458500 65
459000 65
459500 65
460000 65
460500 65
461000 65
461500 65
462000 65
462500 65
463000 65
463500 65
464000 65
464500 65
465000 65
465500 65
466000 65
466500 65
467000 65
467500 65
468000 65
468500 65
469000 65
469500 65
470000 65
470500 65
471000 65
471500 65
472000 65
472500 65
473000 65
473500 65
474000 65
474500 65
475000 65
475500 65
476000 65
476500 65
477000 65
477500 65
478000 65
478500 65
479000 65
479500 65
480000 65
480500 65
481000 65
481500 65
482000 65
482500 65
483000 65
483500 65
484000 65
484500 65
485000 65
485500 65
486000 65
486500 65
487000 65
487500 65
488000 65
488500 65
489000 65
489500 65
490000 65
490500 65
491000 65
491500 65
492000 65
492500 65
493000 65
493500 65
494000 65
494500 65
495000 65
495500 65
496000 65
496500 65
497000 65
497500 65
498000 65
498500 65
499000 65
499500 65
500000 65
500500 65
501000 65
501500 65
502000 65
502500 65
503000 65
503500 65
504000 65
504500 65
505000 65
505500 65
506000 65
506500 65
507000 65
507500 65
508000 65
508500 65
509000 65
509500 65
510000 65
510500 65
511000 65
511500 65
512000 65
512500 65
513000 65
513500 65
514000 65
514500 65
515000 65
515500 65
516000 65
516500 65
517000 65
517500 65
518000 65
518500 65
519000 65
519500 65
520000 65
520500 65
521000 65
521500 65
522000 65
522500 65
523000 65
523500 65
524000 65
524500 65
525000 65
525500 65
526000 65
526500 65
527000 65
527500 65
528000 65
528500 65
529000 65
529500 65
530000 65
530500 65
531000 65
531500 65
532000 65
532500 65
533000 65
533500 65
534000 65
534500 65
535000 65
535500 65
536000 65
536500 65
537000 65
537500 65
538000 65
538500 65
539000 65
539500 65
540000 65
540500 65
541000 65
541500 65
542000 65
542500 65
543000 65
543500 65
544000 65
544500 65
545000 65
545500 65
546000 65
546500 65
547000 65
547500 65
548000 65
548500 65
549000 65
549500 65
550000 65
550500 65
551000 65
551500 65
552000 65
552500 65
553000 65
553500 65
554000 65
554500 65
555000 65
555500 65
556000 65
556500 65
557000 65
557500 65
558000 65
558500 65
559000 65
559500 65
560000 65
560500 65
561000 65
561500 65
562000 65
562500 65
563000 65
563500 65
564000 65
564500 65
565000 65
565500 65
566000 65
566500 65
567000 65
567500 65
568000 65
568500 65
569000 65
569500 65
570000 65
570500 65
571000 65
571500 65
572000 65
572500 65
573000 65
573500 65
574000 65
574500 65
575000 65
575500 65
576000 65
576500 65
577000 65
577500 65
578000 65
578500 65
579000 65
579500 65
580000 65
580500 65
581000 65
581500 65
582000 65
582500 65
583000 65
583500 65
584000 65
584500 65
585000 65
585500 65
586000 65
586500 65
587000 65
587500 65
588000 65
588500 65
589000 65
589500 65
590000 65
590500 65
591000 65
591500 65
592000 65
592500 65
593000 65
593500 65
594000 65
594500 65
595000 65
595500 65
596000 65
596500 65
597000 65
597500 65
598000 65
598500 65
599000 65
599500 65
600000 65
600500 65
601000 65
601500 65
602000 65
602500 65
603000 65
603500 65
604000 65
604500 65
605000 65
605500 65
606000 65
606500 65
607000 65
607500 65
608000 65
608500 65
609000 65
609500 65
610000 65
610500 65
611000 65
611500 65
612000 65
612500 65
613000 65
613500 65
614000 65
614500 65
615000 65
615500 65
616000 65
616500 65
617000 65
617500 65
618000 65
618500 65
619000 65
619500 65
620000 65
620500 65
621000 65
621500 65
622000 65
622500 65
623000 65
623500 65
624000 65
624500 65
625000 65
625500 65
626000 65
626500 65
627000 65
627500 65
628000 65
628500 65
629000 65
629500 65
630000 65
630500 65
631000 65
631500 65
632000 65
632500 65
633000 65
633500 65
634000 65
634500 65
635000 65
635500 65
636000 65
636500 65
637000 65
637500 65
638000 65
638500 65
639000 65
639500 65
640000 65
640500 65
641000 65
641500 65
642000 65
642500 65
643000 65
643500 65
644000 65
644500 65
645000 65
645500 65
646000 65
646500 65
647000 65
647500 65
648000 65
648500 65
649000 65
649500 65
650000 65
650500 65
651000 65
651500 65
652000 65
652500 65
653000 65
653500 65
654000 65
654500 65
655000 65
655500 65
656000 65
656500 65
657000 65
657500 65
658000 65
658500 65
659000 65
659500 65
660000 65
660500 65
661000 65
661500 65
662000 65
662500 65
663000 65
663500 65
664000 65
664500 65
665000 65
665500 65
666000 65
666500 65
667000 65
667500 65
668000 65
668500 65
669000 65
669500 65
670000 65
670500 65
671000 65
671500 65
672000 65
672500 65
673000 65
673500 65
674000 65
674500 65
675000 65
675500 65
676000 65
676500 65
677000 65
677500 65
678000 65
678500 65
679000 65
679500 65
680000 65
680500 65
681000 65
681500 65
682000 65
682500 65
683000 65
683500 65
684000 65
684500 65
685000 65
685500 65
686000 65
686500 65
687000 65
687500 65
688000 65
688500 65
689000 65
689500 65
690000 65
690500 65
691000 65
691500 65
692000 65
692500 65
693000 65
693500 65
694000 65
694500 65
695000 65
695500 65
696000 65
696500 65
697000 65
697500 65
698000 65
698500 65
699000 65
699500 65
700000 65
