500 136
1000 154
1500 159
2000 148
2500 165
3000 145
3500 144
4000 155
4500 162
5000 145
5500 151
6000 148
6500 158
7000 149
7500 135
8000 157
8500 163
9000 142
9500 174
10000 149
10500 170
11000 144
11500 153
12000 146
12500 141
13000 145
13500 153
14000 152
14500 183
15000 165
15500 152
16000 148
16500 141
17000 152
17500 157
18000 148
18500 149
19000 148
19500 151
20000 148
20500 150
21000 147
21500 152
22000 162
22500 142
23000 156
23500 138
24000 147
24500 144
25000 154
25500 131
26000 150
26500 147
27000 161
27500 142
28000 150
28500 137
29000 152
29500 142
30000 144
30500 151
31000 141
31500 154
32000 131
32500 156
33000 145
33500 153
34000 149
34500 135
35000 160
35500 147
36000 145
36500 136
37000 144
37500 148
38000 147
38500 158
39000 143
39500 146
40000 155
40500 127
41000 148
41500 159
42000 158
42500 156
43000 137
43500 152
44000 148
44500 120
45000 137
45500 131
46000 149
46500 134
47000 150
47500 167
48000 123
48500 134
49000 160
49500 143
50000 150
50500 129
51000 151
51500 156
52000 124
52500 135
53000 158
53500 123
54000 153
54500 136
55000 139
55500 126
56000 146
56500 116
57000 148
57500 148
58000 147
58500 142
59000 139
59500 167
60000 150
60500 139
61000 154
61500 142
62000 151
62500 144
63000 139
63500 129
64000 144
64500 135
65000 130
65500 153
66000 138
66500 132
67000 146
67500 130
68000 149
68500 147
69000 143
69500 126
70000 134
70500 149
71000 135
71500 150
72000 158
72500 165
73000 121
73500 145
74000 143
74500 157
75000 141
75500 151
76000 155
76500 133
77000 145
77500 135
78000 144
78500 152
79000 146
79500 149
80000 115
80500 162
81000 122
81500 149
82000 167
82500 143
83000 150
83500 147
84000 159
84500 118
85000 127
85500 148
86000 137
86500 146
87000 165
87500 122
88000 144
88500 137
89000 134
89500 163
90000 147
90500 127
91000 166
91500 144
92000 123
92500 127
93000 141
93500 133
94000 157
94500 141
95000 143
95500 146
96000 114
96500 139
97000 119
97500 130
98000 133
98500 154
99000 137
99500 138
100000 155
100500 144
101000 142
101500 130
102000 121
102500 127
103000 154
103500 149
104000 130
104500 134
105000 127
105500 158
106000 137
106500 133
107000 135
107500 151
108000 139
108500 141
109000 130
109500 139
110000 152
110500 133
111000 142
111500 134
112000 135
112500 141
113000 143
113500 159
114000 131
114500 151
115000 131
115500 159
116000 131
116500 128
117000 117
117500 133
118000 136
118500 149
119000 158
119500 125
120000 147
120500 138
121000 118
121500 131
122000 143
122500 118
123000 138
123500 145
124000 132
124500 140
125000 134
125500 127
126000 119
126500 127
127000 132
127500 152
128000 137
128500 130
129000 126
129500 139
130000 144
130500 147
131000 139
131500 156
132000 146
132500 126
133000 154
133500 147
134000 133
134500 128
135000 136
135500 149
136000 158
136500 143
137000 156
137500 141
138000 141
138500 162
139000 140
139500 155
140000 142
140500 151
141000 146
141500 121
142000 139
142500 148
143000 165
143500 146
144000 152
144500 135
145000 160
145500 141
146000 153
146500 140
147000 126
147500 130
148000 157
148500 135
149000 171
149500 131
150000 147
150500 121
151000 145
151500 123
152000 119
152500 133
153000 153
153500 138
154000 141
154500 149
155000 144
155500 104
156000 127
156500 132
157000 117
157500 125
158000 133
158500 123
159000 122
159500 128
160000 139
160500 117
161000 128
161500 122
162000 120
162500 135
163000 121
163500 135
164000 121
164500 129
165000 138
165500 134
166000 135
166500 153
167000 153
167500 129
168000 110
168500 114
169000 128
169500 158
170000 130
170500 134
171000 124
171500 123
172000 125
172500 121
173000 138
173500 130
174000 109
174500 117
175000 117
175500 143
176000 127
176500 107
177000 109
177500 140
178000 114
178500 136
179000 131
179500 144
180000 157
180500 125
181000 125
181500 137
182000 122
182500 120
183000 125
183500 129
184000 119
184500 98
185000 149
185500 120
186000 121
186500 133
187000 123
187500 135
188000 142
188500 115
189000 142
189500 99
190000 115
190500 153
191000 127
191500 129
192000 135
192500 112
193000 155
193500 143
194000 134
194500 113
195000 139
195500 126
196000 117
196500 133
197000 151
197500 134
198000 149
198500 127
199000 134
199500 118
200000 128
200500 113
201000 105
201500 115
202000 117
202500 108
203000 103
203500 113
204000 108
204500 124
205000 103
205500 101
206000 110
206500 125
207000 127
207500 99
208000 117
208500 102
209000 121
209500 134
210000 98
210500 103
211000 112
211500 111
212000 120
212500 120
213000 110
213500 103
214000 121
214500 117
215000 106
215500 136
216000 106
216500 108
217000 116
217500 117
218000 118
218500 125
219000 129
219500 131
220000 110
220500 105
221000 102
221500 108
222000 97
222500 107
223000 113
223500 119
224000 133
224500 147
225000 115
225500 115
226000 143
226500 109
227000 126
227500 98
228000 129
228500 95
229000 135
229500 116
230000 124
230500 126
231000 104
231500 120
232000 124
232500 119
233000 95
233500 116
234000 118
234500 117
235000 126
235500 140
236000 115
236500 116
237000 127
237500 106
238000 114
238500 116
239000 133
239500 117
240000 128
240500 135
241000 128
241500 146
242000 113
242500 120
243000 146
243500 119
244000 102
244500 133
245000 114
245500 121
246000 120
246500 113
247000 104
247500 169
248000 125
248500 88
249000 115
249500 93
250000 105
250500 99
251000 96
251500 92
252000 131
252500 107
253000 122
253500 94
254000 100
254500 92
255000 100
255500 134
256000 93
256500 117
257000 109
257500 83
258000 83
258500 95
259000 120
259500 93
260000 91
260500 129
261000 95
261500 78
262000 97
262500 91
263000 103
263500 81
264000 85
264500 86
265000 89
265500 94
266000 90
266500 88
267000 81
267500 139
268000 97
268500 87
269000 87
269500 79
270000 94
270500 100
271000 82
271500 85
272000 124
272500 117
273000 96
273500 109
274000 104
274500 90
275000 81
275500 93
276000 96
276500 100
277000 146
277500 97
278000 89
278500 82
279000 82
279500 97
280000 97
280500 88
281000 96
281500 85
282000 91
282500 118
283000 87
283500 90
284000 93
284500 82
285000 98
285500 95
286000 110
286500 103
287000 112
287500 123
288000 81
288500 91
289000 83
289500 106
290000 103
290500 104
291000 87
291500 131
292000 114
292500 108
293000 92
293500 128
294000 123
294500 95
295000 82
295500 113
296000 98
296500 92
297000 115
297500 95
298000 88
298500 91
299000 87
299500 99
300000 129
300500 75
301000 75
301500 73
302000 76
302500 74
303000 73
303500 71
304000 72
304500 75
305000 73
305500 75
306000 73
306500 71
307000 79
307500 77
308000 148
308500 123
309000 101
309500 75
310000 76
310500 75
311000 79
311500 77
312000 76
312500 77
313000 79
313500 81
314000 94
314500 87
315000 76
315500 81
316000 72
316500 113
317000 80
317500 72
318000 143
318500 118
319000 90
319500 76
320000 126
320500 84
321000 81
321500 72
322000 71
322500 73
323000 70
323500 70
324000 71
324500 72
325000 71
325500 75
326000 69
326500 73
327000 72
327500 73
328000 73
328500 73
329000 71
329500 70
330000 71
330500 72
331000 76
331500 79
332000 74
332500 75
333000 82
333500 71
334000 72
334500 75
335000 73
335500 71
336000 73
336500 71
337000 71
337500 71
338000 73
338500 73
339000 72
339500 74
340000 92
340500 94
341000 99
341500 119
342000 77
342500 68
343000 79
343500 76
344000 76
344500 136
345000 77
345500 76
346000 80
346500 73
347000 70
347500 73
348000 79
348500 74
349000 78
349500 79
350000 73
350500 71
351000 71
351500 71
352000 71
352500 72
353000 71
353500 70
354000 70
354500 70
355000 70
355500 70
356000 70
356500 70
357000 70
357500 73
358000 73
358500 72
359000 72
359500 72
360000 72
360500 72
361000 72
361500 72
362000 71
362500 71
363000 71
363500 71
364000 71
364500 72
365000 71
365500 83
366000 72
366500 72
367000 71
367500 73
368000 71
368500 71
369000 71
369500 71
370000 70
370500 72
371000 70
371500 70
372000 70
372500 70
373000 70
373500 71
374000 71
374500 71
375000 71
375500 72
376000 70
376500 70
377000 71
377500 71
378000 72
378500 71
379000 71
379500 71
380000 71
380500 72
381000 70
381500 70
382000 70
382500 70
383000 70
383500 70
384000 70
384500 70
385000 70
385500 71
386000 71
386500 71
387000 72
387500 71
388000 71
388500 70
389000 70
389500 71
390000 71
390500 70
391000 70
391500 70
392000 70
392500 70
393000 70
393500 70
394000 70
394500 70
395000 70
395500 70
396000 70
396500 70
397000 70
397500 70
398000 70
398500 70
399000 70
399500 70
400000 70
400500 70
401000 70
401500 70
402000 70
402500 70
403000 70
403500 70
404000 70
404500 70
405000 70
405500 70
406000 70
406500 70
407000 70
407500 70
408000 70
408500 70
409000 70
409500 70
410000 70
410500 70
411000 70
411500 70
412000 70
412500 70
413000 70
413500 70
414000 70
414500 70
415000 70
415500 70
416000 70
416500 70
417000 70
417500 70
418000 70
418500 70
419000 70
419500 70
420000 70
420500 70
421000 70
421500 70
422000 70
422500 70
423000 70
423500 70
424000 70
424500 70
425000 70
425500 70
426000 70
426500 70
427000 70
427500 70
428000 70
428500 70
429000 70
429500 70
430000 70
430500 70
431000 70
431500 70
432000 70
432500 70
433000 70
433500 70
434000 70
434500 70
435000 70
435500 70
436000 70
436500 70
437000 70
437500 70
438000 70
438500 70
439000 70
439500 70
440000 70
440500 70
441000 70
441500 70
442000 70
442500 70
443000 70
443500 70
444000 70
444500 70
445000 70
445500 70
446000 70
446500 70
447000 70
447500 70
448000 70
448500 70
449000 70
449500 70
450000 70
450500 70
451000 70
451500 70
452000 70
452500 70
453000 70
453500 70
454000 70
454500 70
455000 70
455500 70
456000 70
456500 70
457000 70
457500 70
458000 70
458500 70
459000 70
459500 70
460000 70
460500 70
461000 70
461500 70
462000 70
462500 70
463000 70
463500 70
464000 70
464500 70
465000 70
465500 70
466000 70
466500 70
467000 70
467500 70
468000 70
468500 70
469000 70
469500 70
470000 70
470500 70
471000 70
471500 70
472000 70
472500 70
473000 70
473500 70
474000 70
474500 70
475000 70
475500 70
476000 70
476500 70
477000 70
477500 70
478000 70
478500 70
479000 70
479500 70
480000 70
480500 70
481000 70
481500 70
482000 70
482500 70
483000 70
483500 70
484000 70
484500 70
485000 70
485500 70
486000 70
486500 70
487000 70
487500 70
488000 70
488500 70
489000 70
489500 70
490000 70
490500 70
491000 70
491500 70
492000 70
492500 70
493000 70
493500 70
494000 70
494500 70
495000 70
495500 70
496000 70
496500 70
497000 70
497500 70
498000 70
498500 70
499000 70
499500 70
500000 70
500500 70
501000 70
501500 70
502000 70
502500 70
503000 70
503500 70
504000 70
504500 70
505000 70
505500 70
506000 70
506500 70
507000 70
507500 70
508000 70
508500 70
509000 70
509500 70
510000 70
510500 70
511000 70
511500 70
512000 70
512500 70
513000 70
513500 70
514000 70
514500 70
515000 70
515500 70
516000 70
516500 70
517000 70
517500 70
518000 70
518500 70
519000 70
519500 70
520000 70
520500 70
521000 70
521500 70
522000 70
522500 70
523000 70
523500 70
524000 70
524500 70
525000 70
525500 70
526000 70
526500 70
527000 70
527500 70
528000 70
528500 70
529000 70
529500 70
530000 70
530500 70
531000 70
531500 70
532000 70
532500 70
533000 70
533500 70
534000 70
534500 70
535000 70
535500 70
536000 70
536500 70
537000 70
537500 70
538000 70
538500 70
539000 70
539500 70
540000 70
540500 70
541000 70
541500 70
542000 70
542500 70
543000 70
543500 70
544000 83
544500 75
545000 75
545500 87
546000 129
546500 87
547000 77
547500 76
548000 76
548500 76
549000 76
549500 76
550000 76
550500 73
551000 72
551500 72
552000 70
552500 70
553000 70
553500 70
554000 70
554500 70
555000 70
555500 70
556000 70
556500 70
557000 70
557500 70
558000 70
558500 70
559000 70
559500 70
560000 70
560500 70
561000 70
561500 70
562000 70
562500 70
563000 70
563500 70
564000 70
564500 70
565000 70
565500 70
566000 70
566500 70
567000 70
567500 70
568000 70
568500 70
569000 70
569500 70
570000 70
570500 70
571000 70
571500 70
572000 70
572500 70
573000 70
573500 70
574000 70
574500 70
575000 70
575500 70
576000 70
576500 70
577000 70
577500 70
578000 70
578500 70
579000 70
579500 70
580000 70
580500 70
581000 70
581500 70
582000 70
582500 70
583000 70
583500 70
584000 70
584500 70
585000 70
585500 70
586000 70
586500 70
587000 70
587500 70
588000 70
588500 70
589000 70
589500 70
590000 70
590500 70
591000 70
591500 70
592000 70
592500 70
593000 70
593500 70
594000 70
594500 70
595000 70
595500 70
596000 70
596500 70
597000 70
597500 70
598000 70
598500 70
599000 70
599500 70
600000 70
600500 70
601000 70
601500 70
602000 70
602500 70
603000 70
603500 70
604000 70
604500 70
605000 70
605500 70
606000 70
606500 70
607000 70
607500 70
608000 70
608500 70
609000 70
609500 70
610000 70
610500 70
611000 70
611500 70
612000 70
612500 70
613000 70
613500 70
614000 70
614500 70
615000 70
615500 70
616000 70
616500 70
617000 70
617500 70
618000 70
618500 70
619000 70
619500 70
620000 70
620500 70
621000 70
621500 70
622000 70
622500 70
623000 70
623500 70
624000 70
624500 70
625000 70
625500 70
626000 70
626500 70
627000 70
627500 70
628000 70
628500 70
629000 70
629500 70
630000 70
630500 70
631000 70
631500 70
632000 70
632500 70
633000 70
633500 70
634000 70
634500 70
635000 70
635500 70
636000 70
636500 70
637000 70
637500 70
638000 70
638500 70
639000 70
639500 70
640000 70
640500 70
641000 70
641500 70
642000 70
642500 70
643000 70
643500 70
644000 70
644500 70
645000 70
645500 70
646000 70
646500 70
647000 70
647500 70
648000 70
648500 70
649000 70
649500 70
650000 70
650500 70
651000 70
651500 70
652000 70
652500 70
653000 70
653500 70
654000 70
654500 70
655000 70
655500 70
656000 70
656500 70
657000 70
657500 70
658000 70
658500 70
659000 70
659500 70
660000 70
660500 70
661000 70
661500 70
662000 70
662500 70
663000 70
663500 70
664000 70
664500 70
665000 70
665500 70
666000 70
666500 70
667000 70
667500 70
668000 70
668500 70
669000 70
669500 70
670000 70
670500 70
671000 70
671500 70
672000 70
672500 70
673000 70
673500 70
674000 70
674500 70
675000 70
675500 70
676000 70
676500 70
677000 70
677500 70
678000 70
678500 70
679000 70
679500 70
680000 70
680500 70
681000 70
681500 70
682000 70
682500 70
683000 70
683500 70
684000 70
684500 70
685000 70
685500 70
686000 70
686500 70
687000 70
687500 70
688000 70
688500 70
689000 70
689500 70
690000 70
690500 70
691000 70
691500 70
692000 70
692500 70
693000 70
693500 70
694000 70
694500 70
695000 70
695500 70
696000 70
696500 70
697000 70
697500 70
698000 70
698500 70
699000 70
699500 70
700000 70
