50 79
100 79
150 79
200 79
250 79
300 79
350 79
400 79
450 79
500 79
550 79
600 79
650 79
700 79
750 79
800 79
850 79
900 74
950 74
1000 74
1050 74
1100 74
1150 74
1200 74
1250 74
1300 74
1350 74
1400 74
1450 74
1500 74
1550 74
1600 74
1650 74
1700 74
1750 74
1800 74
1850 74
1900 74
1950 74
2000 74
2050 74
2100 74
2150 74
2200 74
2250 74
2300 74
2350 74
2400 74
2450 74
2500 74
2550 74
2600 74
2650 74
2700 74
2750 74
2800 74
2850 74
2900 74
2950 74
3000 74
3050 74
3100 74
3150 74
3200 74
3250 74
3300 74
3350 74
3400 74
3450 74
3500 74
3550 74
3600 74
3650 74
3700 74
3750 74
3800 74
3850 74
3900 74
3950 74
4000 74
4050 74
4100 74
4150 74
4200 74
4250 74
4300 74
4350 74
4400 74
4450 74
4500 74
4550 74
4600 74
4650 74
4700 74
4750 74
4800 74
4850 74
4900 74
4950 74
5000 74
5050 74
5100 74
5150 74
5200 74
5250 74
5300 74
5350 74
5400 74
5450 74
5500 74
5550 74
5600 74
5650 74
5700 74
5750 74
5800 74
5850 74
5900 74
5950 74
6000 74
6050 74
6100 74
6150 74
6200 74
6250 74
6300 74
6350 74
6400 74
6450 74
6500 74
6550 74
6600 74
6650 74
6700 74
6750 74
6800 74
6850 74
6900 74
6950 74
7000 74
7050 74
7100 74
7150 74
7200 74
7250 74
7300 74
7350 74
7400 74
7450 74
7500 74
7550 74
7600 74
7650 74
7700 74
7750 74
7800 74
7850 74
7900 74
7950 74
8000 74
8050 74
8100 74
8150 74
8200 74
8250 74
8300 74
8350 74
8400 74
8450 74
8500 74
8550 74
8600 74
8650 74
8700 74
8750 74
8800 74
8850 74
8900 74
8950 74
9000 74
9050 74
9100 74
9150 74
9200 74
9250 74
9300 74
9350 74
9400 74
9450 74
9500 74
9550 74
9600 74
9650 74
9700 74
9750 74
9800 74
9850 74
9900 74
9950 74
10000 74
10050 74
10100 74
10150 74
10200 74
10250 74
10300 74
10350 74
10400 74
10450 74
10500 74
10550 74
10600 74
10650 74
10700 74
10750 74
10800 74
10850 74
10900 74
10950 74
11000 74
11050 74
11100 74
11150 74
11200 74
11250 74
11300 74
11350 74
11400 74
11450 74
11500 74
11550 74
11600 74
11650 74
11700 74
11750 74
11800 74
11850 74
11900 74
11950 74
12000 74
12050 74
12100 74
12150 74
12200 74
12250 74
12300 74
12350 74
12400 74
12450 74
12500 74
12550 74
12600 74
12650 74
12700 74
12750 74
12800 74
12850 74
12900 74
12950 74
13000 74
13050 74
13100 74
13150 74
13200 74
13250 74
13300 74
13350 74
13400 74
13450 74
13500 74
13550 74
13600 74
13650 74
13700 74
13750 74
13800 74
13850 74
13900 74
13950 74
14000 74
14050 74
14100 74
14150 74
14200 74
14250 74
14300 74
14350 74
14400 74
14450 74
14500 74
14550 74
14600 74
14650 74
14700 74
14750 74
14800 74
14850 74
14900 74
14950 74
15000 74
15050 74
15100 74
15150 74
15200 74
15250 74
15300 74
15350 74
15400 74
15450 74
15500 74
15550 74
15600 74
15650 74
15700 74
15750 74
15800 74
15850 74
15900 74
15950 74
16000 74
16050 74
16100 74
16150 74
16200 74
16250 74
16300 74
16350 74
16400 74
16450 74
16500 74
16550 74
16600 74
16650 74
16700 74
16750 74
16800 74
16850 74
16900 74
16950 74
17000 74
17050 74
17100 74
17150 74
17200 74
17250 74
17300 74
17350 74
17400 74
17450 74
17500 74
17550 74
17600 74
17650 74
17700 74
17750 74
17800 74
17850 74
17900 74
17950 74
18000 74
18050 74
18100 74
18150 74
18200 74
18250 74
18300 74
18350 74
18400 74
18450 74
18500 74
18550 74
18600 74
18650 74
18700 74
18750 74
18800 74
18850 74
18900 74
18950 74
19000 74
19050 74
19100 74
19150 74
19200 74
19250 74
19300 74
19350 74
19400 74
19450 74
19500 74
19550 74
19600 74
19650 74
19700 74
19750 74
19800 74
19850 74
19900 74
19950 74
20000 74
20050 74
20100 74
20150 74
20200 74
20250 74
20300 74
20350 74
20400 74
20450 74
20500 74
20550 74
20600 74
20650 74
20700 74
20750 74
20800 74
20850 74
20900 74
20950 74
21000 74
21050 74
21100 74
21150 74
21200 74
21250 74
21300 74
21350 74
21400 74
21450 74
21500 74
21550 74
21600 74
21650 74
21700 74
21750 74
21800 74
21850 74
21900 74
21950 74
22000 74
22050 74
22100 74
22150 74
22200 74
22250 74
22300 74
22350 74
22400 74
22450 74
22500 74
22550 74
22600 74
22650 74
22700 74
22750 74
22800 74
22850 74
22900 74
22950 74
23000 74
23050 74
23100 74
23150 74
23200 74
23250 74
23300 74
23350 74
23400 74
23450 74
23500 74
23550 74
23600 74
23650 74
23700 74
23750 74
23800 74
23850 74
23900 74
23950 74
24000 74
24050 74
24100 74
24150 74
24200 74
24250 74
24300 74
24350 74
24400 74
24450 74
24500 74
24550 74
24600 74
24650 74
24700 74
24750 74
24800 74
24850 74
24900 74
24950 74
25000 74
25050 74
25100 74
25150 74
25200 74
25250 74
25300 74
25350 74
25400 74
25450 74
25500 74
25550 74
25600 74
25650 74
25700 74
25750 74
25800 74
25850 74
25900 74
25950 74
26000 74
26050 74
26100 74
26150 74
26200 74
26250 74
26300 74
26350 74
26400 74
26450 74
26500 74
26550 74
26600 74
26650 74
26700 74
26750 74
26800 74
26850 74
26900 74
26950 74
27000 74
27050 74
27100 74
27150 74
27200 74
27250 74
27300 74
27350 74
27400 74
27450 74
27500 74
27550 74
27600 74
27650 74
27700 74
27750 74
27800 74
27850 74
27900 74
27950 74
28000 74
28050 74
28100 74
28150 74
28200 74
28250 74
28300 74
28350 74
28400 74
28450 74
28500 74
28550 74
28600 74
28650 74
28700 74
28750 74
28800 74
28850 74
28900 74
28950 74
29000 74
29050 74
29100 74
29150 74
29200 74
29250 74
29300 74
29350 74
29400 74
29450 74
29500 74
29550 74
29600 74
29650 74
29700 74
29750 74
29800 74
29850 74
29900 74
29950 74
30000 74
30050 74
30100 74
30150 74
30200 74
30250 74
30300 74
30350 74
30400 74
30450 74
30500 74
30550 74
30600 74
30650 74
30700 74
30750 74
30800 74
30850 74
30900 74
30950 74
31000 74
31050 74
31100 74
31150 74
31200 74
31250 74
31300 74
31350 74
31400 74
31450 74
31500 74
31550 74
31600 74
31650 74
31700 74
31750 74
31800 74
31850 74
31900 74
31950 74
32000 74
32050 74
32100 74
32150 74
32200 74
32250 74
32300 74
32350 74
32400 74
32450 74
32500 74
32550 74
32600 74
32650 74
32700 74
32750 74
32800 74
32850 74
32900 74
32950 74
33000 74
33050 74
33100 74
33150 74
33200 74
33250 74
33300 74
33350 74
33400 74
33450 74
33500 74
33550 74
33600 74
33650 74
33700 74
33750 74
33800 74
33850 74
33900 74
33950 74
34000 74
34050 74
34100 74
34150 74
34200 74
34250 74
34300 74
34350 74
34400 74
34450 74
34500 74
34550 74
34600 74
34650 74
34700 74
34750 74
34800 74
34850 74
34900 74
34950 74
35000 74
35050 74
35100 74
35150 74
35200 74
35250 74
35300 74
35350 74
35400 74
35450 74
35500 74
35550 74
35600 74
35650 74
35700 74
35750 74
35800 74
35850 74
35900 74
35950 74
36000 74
36050 74
36100 74
36150 74
36200 74
36250 74
36300 74
36350 74
36400 74
36450 74
36500 74
36550 74
36600 74
36650 74
36700 74
36750 74
36800 74
36850 74
36900 74
36950 74
37000 74
37050 74
37100 74
37150 74
37200 74
37250 74
37300 74
37350 74
37400 74
37450 74
37500 74
37550 74
37600 74
37650 74
37700 74
37750 74
37800 74
37850 74
37900 74
37950 74
38000 74
38050 74
38100 74
38150 74
38200 74
38250 74
38300 74
38350 74
38400 74
38450 74
38500 74
38550 74
38600 74
38650 74
38700 74
38750 74
38800 74
38850 74
38900 74
38950 74
39000 74
39050 74
39100 74
39150 74
39200 74
39250 74
39300 74
39350 74
39400 74
39450 74
39500 74
39550 74
39600 74
39650 74
39700 74
39750 74
39800 74
39850 74
39900 74
39950 74
40000 74
40050 74
40100 74
40150 74
40200 74
40250 74
40300 74
40350 74
40400 74
40450 74
40500 74
40550 74
40600 74
40650 74
40700 72
40750 72
40800 72
40850 72
40900 72
40950 72
41000 72
41050 72
41100 72
41150 72
41200 72
41250 72
41300 72
41350 72
41400 72
41450 72
41500 72
41550 72
41600 72
41650 72
41700 72
41750 72
41800 72
41850 72
41900 72
41950 72
42000 72
42050 72
42100 72
42150 72
42200 72
42250 72
42300 72
42350 72
42400 72
42450 72
42500 72
42550 72
42600 72
42650 72
42700 72
42750 72
42800 72
42850 72
42900 72
42950 72
43000 72
43050 72
43100 72
43150 72
43200 72
43250 72
43300 72
43350 72
43400 72
43450 72
43500 72
43550 72
43600 72
43650 72
43700 72
43750 72
43800 72
43850 72
43900 72
43950 72
44000 72
44050 72
44100 72
44150 72
44200 72
44250 72
44300 72
44350 72
44400 72
44450 72
44500 72
44550 72
44600 72
44650 72
44700 72
44750 72
44800 72
44850 72
44900 72
44950 72
45000 72
45050 72
45100 72
45150 72
45200 72
45250 72
45300 72
45350 72
45400 72
45450 72
45500 72
45550 72
45600 72
45650 72
45700 72
45750 72
45800 72
45850 72
45900 72
45950 72
46000 72
46050 72
46100 72
46150 72
46200 72
46250 72
46300 72
46350 72
46400 72
46450 72
46500 72
46550 72
46600 72
46650 72
46700 72
46750 72
46800 72
46850 72
46900 72
46950 72
47000 72
47050 72
47100 72
47150 72
47200 72
47250 72
47300 72
47350 72
47400 72
47450 72
47500 72
47550 72
47600 72
47650 72
47700 72
47750 72
47800 72
47850 72
47900 72
47950 72
48000 72
48050 72
48100 72
48150 72
48200 72
48250 72
48300 72
48350 69
48400 69
48450 69
48500 69
48550 69
48600 69
48650 69
48700 69
48750 69
48800 69
48850 69
48900 69
48950 69
49000 69
49050 69
49100 69
49150 69
49200 69
49250 69
49300 69
49350 69
49400 69
49450 69
49500 69
49550 69
49600 69
49650 69
49700 69
49750 69
49800 69
49850 69
49900 69
49950 69
50000 69
50050 69
50100 69
50150 69
50200 69
50250 69
50300 69
50350 69
50400 69
50450 69
50500 69
50550 69
50600 69
50650 69
50700 69
50750 69
50800 69
50850 69
50900 69
50950 69
51000 69
51050 69
51100 69
51150 69
51200 69
51250 69
51300 69
51350 69
51400 69
51450 69
51500 69
51550 69
51600 69
51650 69
51700 69
51750 69
51800 69
51850 69
51900 69
51950 69
52000 69
52050 69
52100 69
52150 69
52200 69
52250 69
52300 69
52350 69
52400 69
52450 69
52500 69
52550 69
52600 69
52650 69
52700 69
52750 69
52800 69
52850 69
52900 69
52950 69
53000 69
53050 69
53100 69
53150 69
53200 69
53250 69
53300 69
53350 69
53400 69
53450 69
53500 69
53550 69
53600 69
53650 69
53700 69
53750 69
53800 69
53850 69
53900 69
53950 69
54000 69
54050 69
54100 69
54150 69
54200 69
54250 69
54300 69
54350 69
54400 69
54450 69
54500 69
54550 69
54600 69
54650 69
54700 69
54750 69
54800 69
54850 69
54900 69
54950 69
55000 69
55050 69
55100 69
55150 69
55200 69
55250 69
55300 69
55350 69
55400 69
55450 69
55500 69
55550 69
55600 69
55650 69
55700 69
55750 69
55800 69
55850 69
55900 69
55950 69
56000 69
56050 69
56100 69
56150 69
56200 69
56250 69
56300 69
56350 69
56400 69
56450 69
56500 69
56550 69
56600 69
56650 69
56700 69
56750 69
56800 69
56850 69
56900 69
56950 69
57000 69
57050 69
57100 69
57150 69
57200 69
57250 69
57300 69
57350 69
57400 69
57450 69
57500 69
57550 69
57600 69
57650 69
57700 69
57750 69
57800 69
57850 69
57900 69
57950 69
58000 69
58050 69
58100 69
58150 69
58200 69
58250 69
58300 69
58350 69
58400 69
58450 69
58500 69
58550 69
58600 69
58650 69
58700 69
58750 69
58800 69
58850 69
58900 69
58950 69
59000 69
59050 69
59100 69
59150 69
59200 69
59250 69
59300 69
59350 69
59400 69
59450 69
59500 69
59550 69
59600 69
59650 69
59700 69
59750 69
59800 69
59850 69
59900 69
59950 69
60000 69
60050 69
60100 69
60150 69
60200 69
60250 69
60300 69
60350 69
60400 69
60450 69
60500 69
60550 69
60600 69
60650 69
60700 69
60750 69
60800 69
60850 69
60900 69
60950 69
61000 69
61050 69
61100 69
61150 69
61200 69
61250 69
61300 69
61350 69
61400 69
61450 69
61500 69
61550 69
61600 69
61650 69
61700 69
61750 69
61800 69
61850 69
61900 69
61950 69
62000 69
62050 69
62100 69
62150 69
62200 69
62250 69
62300 69
62350 69
62400 69
62450 69
62500 69
62550 69
62600 69
62650 69
62700 69
62750 69
62800 69
62850 69
62900 69
62950 69
63000 69
63050 69
63100 69
63150 69
63200 69
63250 69
63300 69
63350 69
63400 69
63450 69
63500 69
63550 69
63600 69
63650 69
63700 69
63750 69
63800 69
63850 69
63900 69
63950 69
64000 69
64050 69
64100 69
64150 69
64200 69
64250 69
64300 69
64350 69
64400 69
64450 69
64500 69
64550 69
64600 69
64650 69
64700 69
64750 69
64800 69
64850 69
64900 69
64950 69
65000 69
65050 69
65100 69
65150 69
65200 69
65250 69
65300 69
65350 69
65400 69
65450 69
65500 69
65550 69
65600 69
65650 69
65700 69
65750 69
65800 69
65850 69
65900 69
65950 69
66000 69
66050 69
66100 69
66150 69
66200 69
66250 69
66300 69
66350 69
66400 69
66450 69
66500 69
66550 69
66600 69
66650 69
66700 69
66750 69
66800 69
66850 69
66900 69
66950 69
67000 69
67050 69
67100 69
67150 69
67200 69
67250 69
67300 69
67350 69
67400 69
67450 69
67500 69
67550 69
67600 69
67650 69
67700 69
67750 69
67800 69
67850 69
67900 69
67950 69
68000 69
68050 69
68100 69
68150 69
68200 69
68250 69
68300 69
68350 69
68400 69
68450 69
68500 69
68550 69
68600 69
68650 69
68700 69
68750 69
68800 69
68850 69
68900 69
68950 69
69000 69
69050 69
69100 69
69150 69
69200 69
69250 69
69300 69
69350 69
69400 69
69450 69
69500 69
69550 69
69600 69
69650 69
69700 69
69750 69
69800 69
69850 69
69900 69
69950 69
70000 69
70050 69
70100 69
70150 69
70200 69
70250 69
70300 69
70350 69
70400 69
70450 69
70500 69
70550 69
70600 69
70650 69
70700 69
70750 69
70800 69
70850 69
70900 69
70950 69
71000 69
71050 69
71100 69
71150 69
71200 69
71250 69
71300 69
71350 69
71400 69
71450 69
71500 69
71550 69
71600 69
71650 69
71700 69
71750 69
71800 69
71850 69
71900 69
71950 69
72000 69
72050 69
72100 69
72150 69
72200 69
72250 69
72300 69
72350 69
72400 69
72450 69
72500 69
72550 69
72600 69
72650 69
72700 69
72750 69
72800 69
72850 69
72900 69
72950 69
73000 69
73050 69
73100 69
73150 69
73200 69
73250 69
73300 69
73350 69
73400 69
73450 69
73500 69
73550 69
73600 69
73650 69
73700 69
73750 69
73800 69
73850 69
73900 69
73950 69
74000 69
74050 69
74100 69
74150 69
74200 69
74250 69
74300 69
74350 69
74400 69
74450 69
74500 69
74550 69
74600 69
74650 69
74700 69
74750 69
74800 69
74850 69
74900 69
74950 69
75000 69
75050 69
75100 69
75150 69
75200 69
75250 69
75300 69
75350 69
75400 69
75450 69
75500 69
75550 69
75600 69
75650 69
75700 69
75750 69
75800 69
75850 69
75900 69
75950 69
76000 69
76050 69
76100 69
76150 69
76200 69
76250 69
76300 69
76350 69
76400 69
76450 69
76500 69
76550 69
76600 69
76650 69
76700 69
76750 69
76800 69
76850 69
76900 69
76950 69
77000 69
77050 69
77100 69
77150 69
77200 69
77250 69
77300 69
77350 69
77400 69
77450 69
77500 69
77550 69
77600 69
77650 69
77700 69
77750 69
77800 69
77850 69
77900 69
77950 69
78000 69
78050 69
78100 69
78150 69
78200 69
78250 69
78300 69
78350 69
78400 69
78450 69
78500 69
78550 69
78600 69
78650 69
78700 69
78750 69
78800 69
78850 69
78900 69
78950 69
79000 69
79050 69
79100 69
79150 69
79200 69
79250 69
79300 69
79350 69
79400 69
79450 69
79500 69
79550 69
79600 69
79650 69
79700 69
79750 69
79800 69
79850 69
79900 69
79950 69
80000 69
80050 69
80100 69
80150 69
80200 69
80250 69
80300 69
80350 69
80400 69
80450 69
80500 69
80550 69
80600 69
80650 69
80700 69
80750 69
80800 69
80850 69
80900 69
80950 69
81000 69
81050 69
81100 69
81150 69
81200 69
81250 69
81300 69
81350 69
81400 69
81450 69
81500 69
81550 69
81600 69
81650 69
81700 69
81750 69
81800 69
81850 69
81900 69
81950 69
82000 69
82050 69
82100 69
82150 69
82200 69
82250 69
82300 69
82350 69
82400 69
82450 69
82500 69
82550 69
82600 69
82650 69
82700 69
82750 69
82800 69
82850 69
82900 69
82950 69
83000 69
83050 69
83100 69
83150 69
83200 69
83250 69
83300 69
83350 69
83400 69
83450 69
83500 69
83550 69
83600 69
83650 69
83700 69
83750 69
83800 69
83850 69
83900 69
83950 69
84000 69
84050 69
84100 69
84150 69
84200 69
84250 69
84300 69
84350 69
84400 69
84450 69
84500 69
84550 69
84600 69
84650 69
84700 69
84750 69
84800 69
84850 69
84900 69
84950 69
85000 69
85050 69
85100 69
85150 69
85200 69
85250 69
85300 69
85350 69
85400 69
85450 69
85500 69
85550 69
85600 69
85650 69
85700 69
85750 69
85800 69
85850 69
85900 69
85950 69
86000 69
86050 69
86100 69
86150 69
86200 69
86250 69
86300 69
86350 69
86400 69
86450 69
86500 69
86550 69
86600 69
86650 69
86700 69
86750 69
86800 69
86850 69
86900 69
86950 69
87000 69
87050 69
87100 69
87150 69
87200 69
87250 69
87300 69
87350 69
87400 69
87450 69
87500 69
87550 69
87600 69
87650 69
87700 69
87750 69
87800 69
87850 69
87900 69
87950 69
88000 69
88050 69
88100 69
88150 69
88200 69
88250 69
88300 69
88350 69
88400 69
88450 69
88500 69
88550 69
88600 69
88650 69
88700 69
88750 69
88800 69
88850 69
88900 69
88950 69
89000 69
89050 69
89100 69
89150 69
89200 69
89250 69
89300 69
89350 69
89400 69
89450 69
89500 69
89550 69
89600 69
89650 69
89700 69
89750 69
89800 69
89850 69
89900 69
89950 69
90000 69
90050 69
90100 69
90150 69
90200 69
90250 69
90300 69
90350 69
90400 69
90450 69
90500 69
90550 69
90600 69
90650 69
90700 69
90750 69
90800 69
90850 69
90900 69
90950 69
91000 69
91050 69
91100 69
91150 69
91200 69
91250 69
91300 69
91350 69
91400 69
91450 69
91500 69
91550 69
91600 69
91650 69
91700 69
91750 69
91800 69
91850 69
91900 69
91950 69
92000 69
92050 69
92100 69
92150 69
92200 69
92250 69
92300 69
92350 69
92400 69
92450 69
92500 69
92550 69
92600 69
92650 69
92700 69
92750 69
92800 69
92850 69
92900 69
92950 69
93000 69
93050 69
93100 69
93150 69
93200 69
93250 69
93300 69
93350 69
93400 69
93450 69
93500 69
93550 69
93600 69
93650 69
93700 69
93750 69
93800 69
93850 69
93900 69
93950 69
94000 69
94050 69
94100 69
94150 69
94200 69
94250 69
94300 69
94350 69
94400 69
94450 69
94500 69
94550 69
94600 69
94650 69
94700 69
94750 69
94800 69
94850 69
94900 69
94950 69
95000 69
95050 69
95100 69
95150 69
95200 69
95250 69
95300 69
95350 69
95400 69
95450 69
95500 69
95550 69
95600 69
95650 69
95700 69
95750 69
95800 69
95850 69
95900 69
95950 69
96000 69
96050 69
96100 69
96150 69
96200 69
96250 69
96300 69
96350 69
96400 69
96450 69
96500 69
96550 69
96600 69
96650 69
96700 69
96750 69
96800 69
96850 69
96900 69
96950 69
97000 69
97050 69
97100 69
97150 69
97200 69
97250 69
97300 69
97350 69
97400 69
97450 69
97500 69
97550 69
97600 69
97650 69
97700 69
97750 69
97800 69
97850 69
97900 69
97950 69
98000 69
98050 69
98100 69
98150 69
98200 69
98250 69
98300 69
98350 69
98400 69
98450 69
98500 69
98550 69
98600 69
98650 69
98700 69
98750 69
98800 69
98850 69
98900 69
98950 69
99000 69
99050 69
99100 69
99150 69
99200 69
99250 69
99300 69
99350 69
99400 69
99450 69
99500 69
99550 69
99600 69
99650 69
99700 69
99750 69
99800 69
99850 69
99900 69
99950 69
100000 69
