500 145
1000 141
1500 149
2000 167
2500 142
3000 141
3500 153
4000 129
4500 150
5000 143
5500 160
6000 150
6500 153
7000 129
7500 153
8000 150
8500 108
9000 152
9500 151
10000 142
10500 155
11000 159
11500 155
12000 157
12500 151
13000 145
13500 172
14000 148
14500 146
15000 146
15500 153
16000 173
16500 154
17000 174
17500 150
18000 158
18500 150
19000 145
19500 147
20000 151
20500 158
21000 142
21500 146
22000 154
22500 157
23000 146
23500 142
24000 130
24500 156
25000 156
25500 119
26000 153
26500 144
27000 160
27500 132
28000 133
28500 140
29000 154
29500 154
30000 162
30500 130
31000 163
31500 136
32000 134
32500 145
33000 147
33500 134
34000 155
34500 175
35000 148
35500 147
36000 160
36500 163
37000 144
37500 148
38000 126
38500 152
39000 149
39500 144
40000 153
40500 147
41000 142
41500 133
42000 156
42500 134
43000 147
43500 129
44000 147
44500 143
45000 132
45500 136
46000 153
46500 162
47000 146
47500 132
48000 135
48500 148
49000 143
49500 160
50000 145
50500 130
51000 125
51500 141
52000 156
52500 149
53000 145
53500 135
54000 151
54500 132
55000 149
55500 165
56000 138
56500 145
57000 142
57500 146
58000 135
58500 135
59000 140
59500 171
60000 131
60500 144
61000 137
61500 151
62000 134
62500 140
63000 133
63500 150
64000 138
64500 145
65000 143
65500 137
66000 159
66500 154
67000 137
67500 146
68000 149
68500 160
69000 148
69500 135
70000 142
70500 118
71000 138
71500 141
72000 139
72500 147
73000 123
73500 134
74000 147
74500 139
75000 151
75500 136
76000 134
76500 122
77000 146
77500 142
78000 161
78500 132
79000 152
79500 157
80000 144
80500 142
81000 145
81500 135
82000 138
82500 164
83000 128
83500 129
84000 133
84500 140
85000 132
85500 161
86000 157
86500 157
87000 122
87500 142
88000 157
88500 140
89000 134
89500 157
90000 136
90500 141
91000 129
91500 145
92000 136
92500 158
93000 120
93500 144
94000 125
94500 145
95000 138
95500 129
96000 138
96500 143
97000 132
97500 133
98000 144
98500 151
99000 149
99500 142
100000 135
100500 142
101000 149
101500 146
102000 115
102500 138
103000 161
103500 140
104000 141
104500 149
105000 131
105500 147
106000 147
106500 120
107000 148
107500 133
108000 116
108500 135
109000 149
109500 103
110000 157
110500 137
111000 146
111500 136
112000 161
112500 140
113000 118
113500 148
114000 117
114500 139
115000 159
115500 128
116000 121
116500 125
117000 146
117500 113
118000 129
118500 133
119000 141
119500 127
120000 153
120500 143
121000 134
121500 133
122000 150
122500 124
123000 144
123500 148
124000 134
124500 142
125000 135
125500 158
126000 126
126500 128
127000 142
127500 132
128000 161
128500 134
129000 138
129500 129
130000 113
130500 150
131000 162
131500 118
132000 141
132500 130
133000 134
133500 135
134000 130
134500 132
135000 152
135500 144
136000 141
136500 125
137000 136
137500 139
138000 112
138500 134
139000 121
139500 144
140000 129
140500 117
141000 112
141500 140
142000 148
142500 123
143000 151
143500 113
144000 132
144500 129
145000 144
145500 155
146000 116
146500 128
147000 134
147500 137
148000 137
148500 128
149000 127
149500 131
150000 125
150500 132
151000 140
151500 143
152000 130
152500 155
153000 125
153500 147
154000 140
154500 127
155000 129
155500 133
156000 126
156500 151
157000 112
157500 147
158000 135
158500 121
159000 126
159500 131
160000 131
160500 131
161000 112
161500 118
162000 140
162500 145
163000 128
163500 132
164000 138
164500 128
165000 133
165500 152
166000 141
166500 125
167000 119
167500 133
168000 122
168500 107
169000 128
169500 125
170000 128
170500 106
171000 140
171500 123
172000 133
172500 127
173000 142
173500 104
174000 116
174500 133
175000 111
175500 131
176000 140
176500 134
177000 108
177500 125
178000 132
178500 126
179000 121
179500 140
180000 121
180500 119
181000 131
181500 125
182000 118
182500 102
183000 115
183500 116
184000 123
184500 137
185000 138
185500 136
186000 131
186500 107
187000 148
187500 104
188000 126
188500 146
189000 104
189500 116
190000 111
190500 120
191000 132
191500 115
192000 114
192500 108
193000 106
193500 123
194000 114
194500 130
195000 114
195500 129
196000 110
196500 124
197000 132
197500 111
198000 131
198500 132
199000 117
199500 120
200000 126
200500 120
201000 119
201500 109
202000 129
202500 116
203000 126
203500 122
204000 129
204500 147
205000 115
205500 98
206000 112
206500 99
207000 96
207500 116
208000 114
208500 116
209000 105
209500 96
210000 134
210500 139
211000 95
211500 107
212000 126
212500 105
213000 116
213500 96
214000 100
214500 127
215000 99
215500 95
216000 116
216500 112
217000 99
217500 102
218000 118
218500 111
219000 117
219500 99
220000 113
220500 117
221000 121
221500 102
222000 116
222500 96
223000 119
223500 95
224000 108
224500 103
225000 118
225500 99
226000 111
226500 139
227000 93
227500 92
228000 106
228500 143
229000 120
229500 119
230000 98
230500 102
231000 108
231500 120
232000 107
232500 115
233000 98
233500 102
234000 100
234500 110
235000 101
235500 118
236000 93
236500 97
237000 86
237500 118
238000 88
238500 99
239000 83
239500 101
240000 91
240500 92
241000 95
241500 101
242000 90
242500 100
243000 101
243500 98
244000 90
244500 90
245000 105
245500 97
246000 101
246500 90
247000 148
247500 90
248000 98
248500 105
249000 144
249500 89
250000 94
250500 84
251000 103
251500 85
252000 88
252500 130
253000 90
253500 102
254000 87
254500 100
255000 108
255500 84
256000 83
256500 85
257000 107
257500 84
258000 78
258500 102
259000 96
259500 106
260000 88
260500 77
261000 77
261500 103
262000 90
262500 158
263000 91
263500 120
264000 87
264500 84
265000 97
265500 115
266000 102
266500 86
267000 100
267500 103
268000 122
268500 89
269000 90
269500 80
270000 91
270500 109
271000 88
271500 76
272000 98
272500 128
273000 152
273500 95
274000 79
274500 78
275000 83
275500 103
276000 85
276500 74
277000 73
277500 76
278000 78
278500 84
279000 96
279500 93
280000 98
280500 76
281000 76
281500 82
282000 103
282500 108
283000 85
283500 78
284000 84
284500 79
285000 71
285500 85
286000 95
286500 93
287000 96
287500 92
288000 89
288500 91
289000 76
289500 73
290000 73
290500 72
291000 88
291500 87
292000 121
292500 88
293000 80
293500 78
294000 97
294500 77
295000 78
295500 81
296000 81
296500 71
297000 69
297500 69
298000 69
298500 71
299000 69
299500 70
300000 76
300500 73
301000 76
301500 70
302000 70
302500 73
303000 71
303500 73
304000 71
304500 70
305000 71
305500 74
306000 86
306500 86
307000 100
307500 77
308000 77
308500 77
309000 77
309500 78
310000 78
310500 96
311000 84
311500 99
312000 72
312500 71
313000 109
313500 91
314000 75
314500 86
315000 82
315500 71
316000 72
316500 71
317000 70
317500 75
318000 73
318500 79
319000 80
319500 70
320000 70
320500 70
321000 70
321500 70
322000 69
322500 69
323000 69
323500 76
324000 71
324500 70
325000 68
325500 70
326000 108
326500 74
327000 76
327500 83
328000 78
328500 78
329000 78
329500 74
330000 75
330500 74
331000 73
331500 71
332000 71
332500 70
333000 70
333500 91
334000 90
334500 85
335000 75
335500 75
336000 72
336500 71
337000 70
337500 70
338000 70
338500 71
339000 70
339500 78
340000 72
340500 72
341000 71
341500 71
342000 71
342500 71
343000 72
343500 72
344000 73
344500 72
345000 71
345500 71
346000 71
346500 71
347000 70
347500 71
348000 70
348500 70
349000 70
349500 70
350000 70
350500 69
351000 69
351500 69
352000 69
352500 69
353000 71
353500 69
354000 71
354500 80
355000 76
355500 69
356000 67
356500 67
357000 67
357500 67
358000 66
358500 65
359000 67
359500 65
360000 65
360500 65
361000 66
361500 65
362000 65
362500 65
363000 65
363500 65
364000 65
364500 65
365000 65
365500 65
366000 65
366500 65
367000 65
367500 65
368000 65
368500 65
369000 65
369500 65
370000 65
370500 65
371000 65
371500 65
372000 65
372500 65
373000 65
373500 65
374000 65
374500 65
375000 65
375500 65
376000 65
376500 65
377000 65
377500 65
378000 65
378500 65
379000 65
379500 65
380000 65
380500 65
381000 65
381500 65
382000 65
382500 65
383000 66
383500 65
384000 65
384500 65
385000 65
385500 65
386000 65
386500 65
387000 65
387500 65
388000 65
388500 65
389000 65
389500 65
390000 65
390500 65
391000 65
391500 65
392000 65
392500 65
393000 65
393500 65
394000 65
394500 65
395000 65
395500 65
396000 65
396500 65
397000 65
397500 65
398000 65
398500 65
399000 65
399500 65
400000 65
400500 65
401000 65
401500 65
402000 65
402500 65
403000 65
403500 65
404000 65
404500 65
405000 65
405500 65
406000 65
406500 65
407000 65
407500 65
408000 65
408500 65
409000 65
409500 65
410000 65
410500 65
411000 65
411500 65
412000 65
412500 65
413000 65
413500 65
414000 65
414500 65
415000 65
415500 65
416000 65
416500 65
417000 65
417500 65
418000 65
418500 65
419000 65
419500 65
420000 65
420500 65
421000 65
421500 65
422000 65
422500 65
423000 65
423500 65
424000 65
424500 65
425000 65
425500 65
426000 65
426500 65
427000 65
427500 65
428000 65
428500 65
429000 65
429500 65
430000 65
430500 65
431000 65
431500 65
432000 65
432500 65
433000 65
433500 65
434000 65
434500 65
435000 65
435500 65
436000 65
436500 65
437000 65
437500 65
438000 65
438500 65
439000 65
439500 65
440000 65
440500 65
441000 65
441500 65
442000 65
442500 65
443000 65
443500 65
444000 65
444500 65
445000 65
445500 65
446000 65
446500 65
447000 65
447500 65
448000 65
448500 65
449000 65
449500 65
450000 65
450500 65
451000 65
451500 65
452000 65
452500 65
453000 65
453500 65
454000 65
454500 65
455000 65
455500 65
456000 65
456500 65
457000 65
457500 65
458000 65
458500 65
459000 65
459500 65
460000 65
460500 65
461000 65
461500 65
462000 65
462500 65
463000 65
463500 65
464000 65
464500 65
465000 65
465500 65
466000 65
466500 65
467000 65
467500 65
468000 65
468500 65
469000 65
469500 65
470000 65
470500 65
471000 65
471500 65
472000 65
472500 65
473000 65
473500 65
474000 65
474500 65
475000 65
475500 65
476000 65
476500 65
477000 65
477500 65
478000 65
478500 65
479000 65
479500 65
480000 65
480500 65
481000 65
481500 65
482000 65
482500 65
483000 65
483500 65
484000 65
484500 65
485000 65
485500 65
486000 65
486500 65
487000 65
487500 65
488000 65
488500 65
489000 65
489500 65
490000 65
490500 65
491000 65
491500 65
492000 65
492500 65
493000 65
493500 65
494000 65
494500 65
495000 65
495500 65
496000 65
496500 65
497000 65
497500 65
498000 65
498500 65
499000 65
499500 65
500000 65
500500 65
501000 65
501500 65
502000 65
502500 65
503000 65
503500 65
504000 65
504500 65
505000 65
505500 65
506000 65
506500 65
507000 65
507500 65
508000 65
508500 65
509000 65
509500 65
510000 65
510500 65
511000 65
511500 65
512000 65
512500 65
513000 65
513500 65
514000 65
514500 65
515000 65
515500 65
516000 65
516500 65
517000 65
517500 65
518000 65
518500 65
519000 65
519500 65
520000 65
520500 65
521000 65
521500 65
522000 65
522500 65
523000 65
523500 65
524000 65
524500 65
525000 65
525500 65
526000 65
526500 65
527000 65
527500 65
528000 65
528500 65
529000 65
529500 65
530000 65
530500 65
531000 65
531500 65
532000 65
532500 65
533000 65
533500 65
534000 65
534500 65
535000 65
535500 65
536000 65
536500 65
537000 65
537500 65
538000 65
538500 65
539000 65
539500 65
540000 65
540500 65
541000 65
541500 65
542000 65
542500 65
543000 65
543500 65
544000 65
544500 65
545000 65
545500 65
546000 65
546500 65
547000 65
547500 65
548000 65
548500 65
549000 65
549500 65
550000 65
550500 65
551000 65
551500 65
552000 65
552500 65
553000 65
553500 65
554000 65
554500 65
555000 65
555500 65
556000 65
556500 65
557000 65
557500 65
558000 65
558500 65
559000 65
559500 65
560000 65
560500 65
561000 65
561500 65
562000 65
562500 65
563000 65
563500 65
564000 65
564500 65
565000 65
565500 65
566000 65
566500 65
567000 65
567500 65
568000 65
568500 65
569000 65
569500 65
570000 65
570500 65
571000 65
571500 65
572000 65
572500 65
573000 65
573500 65
574000 65
574500 65
575000 65
575500 65
576000 65
576500 65
577000 65
577500 65
578000 65
578500 65
579000 65
579500 65
580000 65
580500 65
581000 65
581500 65
582000 65
582500 65
583000 65
583500 65
584000 65
584500 65
585000 65
585500 65
586000 65
586500 65
587000 65
587500 65
588000 65
588500 65
589000 65
589500 65
590000 65
590500 65
591000 65
591500 65
592000 65
592500 65
593000 65
593500 65
594000 65
594500 65
595000 65
595500 65
596000 65
596500 65
597000 65
597500 65
598000 65
598500 65
599000 65
599500 65
600000 65
600500 65
601000 65
601500 65
602000 65
602500 65
603000 65
603500 65
604000 65
604500 65
605000 65
605500 65
606000 65
606500 65
607000 65
607500 65
608000 65
608500 65
609000 65
609500 65
610000 65
610500 65
611000 65
611500 65
612000 65
612500 65
613000 65
613500 65
614000 65
614500 65
615000 65
615500 65
616000 65
616500 65
617000 65
617500 65
618000 65
618500 65
619000 65
619500 65
620000 65
620500 65
621000 65
621500 65
622000 65
622500 65
623000 65
623500 65
624000 65
624500 65
625000 65
625500 65
626000 65
626500 65
627000 65
627500 65
628000 65
628500 65
629000 65
629500 65
630000 65
630500 65
631000 65
631500 65
632000 65
632500 65
633000 65
633500 65
634000 65
634500 65
635000 65
635500 65
636000 65
636500 65
637000 65
637500 65
638000 65
638500 65
639000 65
639500 65
640000 65
640500 65
641000 65
641500 65
642000 65
642500 65
643000 65
643500 65
644000 65
644500 65
645000 65
645500 65
646000 65
646500 65
647000 65
647500 65
648000 65
648500 65
649000 65
649500 65
650000 65
650500 65
651000 65
651500 65
652000 65
652500 65
653000 65
653500 65
654000 65
654500 65
655000 65
655500 65
656000 65
