200 118
400 160
600 138
800 119
1000 141
1200 143
1400 124
1600 122
1800 142
2000 153
2200 138
2400 122
2600 139
2800 129
3000 114
3200 160
3400 140
3600 149
3800 149
4000 153
4200 152
4400 134
4600 122
4800 134
5000 149
5200 132
5400 144
5600 136
5800 149
6000 127
6200 128
6400 124
6600 149
6800 141
7000 127
7200 132
7400 142
7600 140
7800 130
8000 129
8200 143
8400 152
8600 128
8800 140
9000 141
9200 131
9400 140
9600 150
9800 128
10000 140
10200 158
10400 129
10600 144
10800 145
11000 146
11200 134
11400 135
11600 138
11800 132
12000 137
12200 134
12400 138
12600 144
12800 137
13000 151
13200 141
13400 131
13600 142
13800 140
14000 147
14200 147
14400 118
14600 149
14800 129
15000 143
15200 160
15400 141
15600 136
15800 141
16000 127
16200 135
16400 140
16600 136
16800 155
17000 150
17200 124
17400 142
17600 146
17800 129
18000 135
18200 145
18400 129
18600 154
18800 143
19000 131
19200 133
19400 126
19600 146
19800 138
20000 134
20200 119
20400 143
20600 126
20800 141
21000 143
21200 117
21400 132
21600 134
21800 141
22000 143
22200 139
22400 136
22600 118
22800 149
23000 139
23200 137
23400 138
23600 148
23800 144
24000 127
24200 132
24400 124
24600 142
24800 126
25000 130
25200 144
25400 143
25600 123
25800 135
26000 116
26200 148
26400 140
26600 131
26800 132
27000 153
27200 119
27400 134
27600 139
27800 131
28000 147
28200 151
28400 149
28600 160
28800 129
29000 140
29200 146
29400 143
29600 115
29800 136
30000 140
30200 135
30400 145
30600 150
30800 135
31000 129
31200 116
31400 138
31600 131
31800 137
32000 137
32200 133
32400 154
32600 140
32800 143
33000 146
33200 145
33400 143
33600 142
33800 150
34000 139
34200 168
34400 128
34600 158
34800 136
35000 134
35200 137
35400 143
35600 145
35800 137
36000 140
36200 119
36400 130
36600 145
36800 134
37000 139
37200 116
37400 151
37600 125
37800 122
38000 137
38200 139
38400 142
38600 132
38800 138
39000 125
39200 132
39400 159
39600 151
39800 124
40000 123
40200 129
40400 147
40600 131
40800 145
41000 141
41200 135
41400 118
41600 145
41800 133
42000 129
42200 125
42400 145
42600 138
42800 146
43000 144
43200 152
43400 142
43600 157
43800 146
44000 149
44200 122
44400 143
44600 152
44800 156
45000 146
45200 124
45400 121
45600 142
45800 145
46000 145
46200 152
46400 108
46600 138
46800 132
47000 132
47200 135
47400 145
47600 150
47800 137
48000 123
48200 141
48400 153
48600 138
48800 111
49000 140
49200 129
49400 136
49600 131
49800 136
50000 123
50200 121
50400 145
50600 133
50800 145
51000 136
51200 153
51400 124
51600 138
51800 131
52000 126
52200 135
52400 145
52600 146
52800 132
53000 127
53200 130
53400 148
53600 150
53800 122
54000 146
54200 133
54400 141
54600 149
54800 149
55000 121
55200 135
55400 145
55600 134
55800 137
56000 134
56200 121
56400 146
56600 136
56800 133
57000 137
57200 154
57400 148
57600 145
57800 133
58000 151
58200 130
58400 129
58600 134
58800 154
59000 136
59200 123
59400 156
59600 134
59800 130
60000 152
60200 146
60400 141
60600 153
60800 144
61000 146
61200 114
61400 141
61600 133
61800 121
62000 135
62200 166
62400 133
62600 153
62800 143
63000 163
63200 141
63400 124
63600 161
63800 143
64000 135
64200 134
64400 143
64600 140
64800 146
65000 148
65200 141
65400 125
65600 157
65800 136
66000 137
66200 120
66400 144
66600 135
66800 135
67000 124
67200 149
67400 133
67600 135
67800 141
68000 136
68200 136
68400 136
68600 118
68800 152
69000 143
69200 155
69400 123
69600 150
69800 143
70000 171
70200 133
70400 159
70600 135
70800 165
71000 152
71200 155
71400 139
71600 117
71800 133
72000 131
72200 138
72400 138
72600 131
72800 144
73000 128
73200 136
73400 153
73600 158
73800 152
74000 133
74200 130
74400 134
74600 151
74800 139
75000 121
75200 131
75400 161
75600 153
75800 137
76000 152
76200 148
76400 144
76600 121
76800 143
77000 153
77200 150
77400 134
77600 139
77800 152
78000 135
78200 129
78400 132
78600 152
78800 122
79000 143
79200 144
79400 123
79600 133
79800 144
80000 149
80200 138
80400 126
80600 138
80800 149
81000 143
81200 158
81400 156
81600 152
81800 144
82000 119
82200 125
82400 150
82600 134
82800 143
83000 137
83200 143
83400 126
83600 126
83800 143
84000 136
84200 157
84400 133
84600 145
84800 146
85000 145
85200 141
85400 143
85600 124
85800 153
86000 145
86200 144
86400 150
86600 115
86800 145
87000 124
87200 155
87400 150
87600 138
87800 140
88000 141
88200 147
88400 141
88600 139
88800 153
89000 132
89200 145
89400 145
89600 132
89800 128
90000 147
90200 126
90400 143
90600 141
90800 151
91000 135
91200 131
91400 143
91600 140
91800 145
92000 155
92200 146
92400 136
92600 147
92800 126
93000 143
93200 142
93400 141
93600 152
93800 132
94000 110
94200 131
94400 154
94600 137
94800 141
95000 124
95200 137
95400 142
95600 143
95800 136
96000 129
96200 145
96400 134
96600 154
96800 135
97000 140
97200 157
97400 148
97600 139
97800 110
98000 139
98200 125
98400 137
98600 136
98800 148
99000 155
99200 136
99400 143
99600 139
99800 123
100000 142
100200 126
100400 141
100600 130
100800 146
101000 125
101200 150
101400 130
101600 138
101800 134
102000 143
102200 150
102400 135
102600 156
102800 130
103000 146
103200 132
103400 150
103600 138
103800 145
104000 128
104200 133
104400 131
104600 130
104800 123
105000 140
105200 149
105400 142
105600 137
105800 135
106000 128
106200 135
106400 150
106600 137
106800 139
107000 134
107200 161
107400 146
107600 144
107800 129
108000 133
108200 144
108400 121
108600 152
108800 111
109000 116
109200 143
109400 164
109600 127
109800 132
110000 137
110200 155
110400 140
110600 150
110800 155
111000 153
111200 136
111400 140
111600 142
111800 143
112000 135
112200 156
112400 133
112600 125
112800 145
113000 151
113200 148
113400 142
113600 146
113800 155
114000 133
114200 127
114400 135
114600 154
114800 125
115000 142
115200 160
115400 145
115600 129
115800 130
116000 151
116200 129
116400 133
116600 155
116800 150
117000 148
117200 140
117400 152
117600 131
117800 139
118000 158
118200 155
118400 138
118600 146
118800 115
119000 156
119200 135
119400 131
119600 123
119800 147
120000 145
120200 144
120400 154
120600 146
120800 126
121000 143
121200 137
121400 139
121600 113
121800 133
122000 147
122200 110
122400 139
122600 132
122800 133
123000 128
123200 133
123400 130
123600 122
123800 149
124000 123
124200 142
124400 136
124600 145
124800 136
125000 121
125200 125
125400 113
125600 121
125800 135
126000 129
126200 140
126400 128
126600 144
126800 142
127000 140
127200 133
127400 146
127600 141
127800 125
128000 121
128200 130
128400 134
128600 161
128800 139
129000 149
129200 162
129400 150
129600 140
129800 136
130000 134
130200 148
130400 128
130600 163
130800 128
131000 130
131200 119
131400 157
131600 165
131800 128
132000 158
132200 143
132400 145
132600 155
132800 137
133000 124
133200 156
133400 129
133600 148
133800 120
134000 136
134200 140
134400 131
134600 128
134800 127
135000 125
135200 131
135400 128
135600 123
135800 154
136000 152
136200 159
136400 132
136600 147
136800 136
137000 149
137200 172
137400 135
137600 146
137800 141
138000 150
138200 134
138400 118
138600 153
138800 132
139000 130
139200 133
139400 139
139600 147
139800 140
140000 131
140200 131
140400 150
140600 161
140800 132
141000 130
141200 133
141400 139
141600 138
141800 157
142000 130
142200 140
142400 130
142600 160
142800 146
143000 146
143200 135
143400 136
143600 155
143800 137
144000 140
144200 147
144400 139
144600 139
144800 128
145000 151
145200 139
145400 136
145600 148
145800 142
146000 131
146200 140
146400 130
146600 138
146800 146
147000 142
147200 143
147400 134
147600 144
147800 138
148000 138
148200 149
148400 117
148600 128
148800 119
149000 149
149200 150
149400 150
149600 130
149800 139
150000 139
150200 126
150400 152
150600 131
150800 154
151000 152
151200 123
151400 132
151600 136
151800 156
152000 128
152200 152
152400 113
152600 122
152800 131
153000 136
153200 147
153400 153
153600 143
153800 152
154000 146
154200 111
154400 151
154600 160
154800 144
155000 117
155200 148
155400 142
155600 138
155800 133
156000 143
156200 138
156400 138
156600 144
156800 151
157000 148
157200 140
157400 142
157600 150
157800 159
158000 152
158200 147
158400 124
158600 130
158800 127
159000 142
159200 130
159400 141
159600 136
159800 131
160000 127
160200 134
160400 144
160600 133
160800 158
161000 139
161200 138
161400 152
161600 129
161800 146
162000 140
162200 133
162400 142
162600 142
162800 146
163000 124
163200 140
163400 144
163600 118
163800 161
164000 121
164200 140
164400 133
164600 143
164800 149
165000 131
165200 146
165400 128
165600 136
165800 164
166000 159
166200 106
166400 119
166600 126
166800 146
167000 154
167200 162
167400 140
167600 146
167800 138
168000 128
168200 138
168400 135
168600 147
168800 142
169000 128
169200 145
169400 133
169600 146
169800 137
170000 127
170200 141
170400 134
170600 111
170800 131
171000 148
171200 153
171400 162
171600 124
171800 122
172000 145
172200 152
172400 135
172600 139
172800 127
173000 133
173200 116
173400 141
173600 127
173800 138
174000 140
174200 119
174400 141
174600 140
174800 131
175000 153
175200 128
175400 143
175600 130
175800 137
176000 146
176200 144
176400 142
176600 150
176800 153
177000 139
177200 146
177400 135
177600 144
177800 144
178000 133
178200 156
178400 147
178600 154
178800 131
179000 137
179200 133
179400 133
179600 138
179800 126
180000 126
180200 137
180400 123
180600 137
180800 138
181000 112
181200 154
181400 141
181600 131
181800 153
182000 132
182200 162
182400 122
182600 161
182800 149
183000 128
183200 136
183400 127
183600 131
183800 140
184000 146
184200 128
184400 135
184600 146
184800 149
185000 124
185200 130
185400 117
185600 142
185800 163
186000 133
186200 163
186400 127
186600 134
186800 162
187000 141
187200 139
187400 128
187600 144
187800 126
188000 152
188200 127
188400 146
188600 135
188800 151
189000 144
189200 164
189400 145
189600 126
189800 137
190000 137
190200 139
190400 158
190600 130
190800 138
191000 138
191200 137
191400 132
191600 142
191800 137
192000 122
192200 128
192400 147
192600 152
192800 132
193000 156
193200 138
193400 128
193600 154
193800 143
194000 158
194200 152
194400 129
194600 143
194800 149
195000 152
195200 119
195400 129
195600 115
195800 159
196000 136
196200 130
196400 131
196600 135
196800 124
197000 131
197200 149
197400 134
197600 158
197800 153
198000 130
198200 114
198400 130
198600 151
198800 147
199000 133
199200 124
199400 150
199600 133
199800 129
200000 126
200200 144
200400 143
200600 138
200800 136
201000 149
201200 149
201400 139
201600 130
201800 137
202000 153
202200 155
202400 141
202600 123
202800 135
203000 160
203200 140
203400 147
203600 154
203800 149
204000 136
204200 127
204400 130
204600 144
204800 159
205000 165
205200 139
205400 139
205600 126
205800 164
206000 157
206200 144
206400 127
206600 114
206800 140
207000 108
207200 131
207400 145
207600 146
207800 145
208000 145
208200 132
208400 144
208600 120
208800 125
209000 152
209200 126
209400 124
209600 128
209800 139
210000 140
210200 130
210400 159
210600 152
210800 138
211000 151
211200 154
211400 130
211600 130
211800 156
212000 136
212200 121
212400 138
212600 135
212800 154
213000 145
213200 144
213400 139
213600 135
213800 123
214000 128
214200 137
214400 121
214600 124
214800 146
215000 133
215200 143
215400 128
215600 140
215800 148
216000 136
216200 154
216400 153
216600 137
216800 149
217000 143
217200 149
217400 153
217600 132
217800 158
218000 143
218200 152
218400 156
218600 121
218800 104
219000 142
219200 123
219400 160
219600 134
219800 144
220000 126
220200 140
220400 137
220600 120
220800 130
221000 141
221200 144
221400 158
221600 145
221800 150
222000 125
222200 143
222400 156
222600 125
222800 136
223000 146
223200 152
223400 146
223600 135
223800 125
224000 150
224200 126
224400 145
224600 142
224800 152
225000 137
225200 155
225400 141
225600 156
225800 130
226000 148
226200 142
226400 118
226600 143
226800 121
227000 109
227200 138
227400 161
227600 137
227800 120
228000 154
228200 153
228400 140
228600 159
228800 129
229000 130
229200 142
229400 139
229600 140
229800 146
230000 131
230200 130
230400 139
230600 161
230800 124
231000 142
231200 155
231400 133
231600 139
231800 134
232000 130
232200 139
232400 149
232600 118
232800 133
233000 132
233200 140
233400 129
233600 140
233800 136
234000 132
234200 135
234400 153
234600 161
234800 136
235000 135
235200 146
235400 153
235600 131
235800 114
236000 156
236200 129
236400 136
236600 146
236800 143
237000 130
237200 127
237400 147
237600 141
237800 154
238000 148
238200 130
238400 141
238600 140
238800 152
239000 124
239200 147
239400 148
239600 145
239800 143
240000 133
240200 148
240400 143
240600 146
240800 145
241000 160
241200 151
241400 127
241600 143
241800 137
242000 146
242200 136
242400 110
242600 121
242800 132
243000 120
243200 125
243400 151
243600 150
243800 153
244000 148
244200 124
244400 121
244600 140
244800 151
245000 118
245200 154
245400 130
245600 130
245800 152
246000 129
246200 156
246400 152
246600 146
246800 142
247000 136
247200 123
247400 126
247600 116
247800 146
248000 131
248200 130
248400 132
248600 121
248800 141
249000 154
249200 167
249400 141
249600 134
249800 146
250000 129
250200 150
250400 133
250600 136
250800 153
251000 127
251200 123
251400 130
251600 117
251800 119
252000 143
252200 142
252400 134
252600 135
252800 137
253000 147
253200 127
253400 138
253600 141
253800 139
254000 129
254200 148
254400 148
254600 139
254800 142
255000 135
255200 137
255400 127
255600 143
255800 142
256000 128
256200 135
256400 132
256600 150
256800 146
257000 145
257200 129
257400 130
257600 138
257800 148
258000 155
258200 152
258400 140
258600 144
258800 162
259000 141
259200 130
259400 140
259600 141
259800 162
260000 166
260200 142
260400 137
260600 139
260800 146
261000 145
261200 145
261400 123
261600 146
261800 145
262000 125
262200 121
262400 145
262600 132
262800 140
263000 127
263200 158
263400 137
263600 154
263800 133
264000 134
264200 118
264400 120
264600 111
264800 119
265000 135
265200 147
265400 160
265600 152
265800 126
266000 153
266200 136
266400 126
266600 167
266800 136
267000 147
267200 137
267400 112
267600 138
267800 142
268000 149
268200 140
268400 132
268600 139
268800 124
269000 150
269200 156
269400 130
269600 111
269800 132
270000 136
270200 129
270400 128
270600 137
270800 150
271000 122
271200 146
271400 141
271600 124
271800 130
272000 143
272200 149
272400 153
272600 138
272800 130
273000 125
273200 113
273400 125
273600 140
273800 120
274000 131
274200 134
274400 152
274600 122
274800 136
275000 151
275200 146
275400 122
275600 146
275800 135
276000 123
276200 141
276400 131
276600 128
276800 137
277000 148
277200 140
277400 154
277600 144
277800 134
278000 138
278200 126
278400 144
278600 136
278800 119
279000 133
279200 142
279400 132
279600 145
279800 112
280000 143
280200 123
280400 147
280600 139
280800 126
281000 135
281200 151
281400 160
281600 136
281800 141
282000 115
282200 148
282400 129
282600 137
282800 132
283000 148
283200 140
283400 156
283600 132
283800 140
284000 136
284200 134
284400 148
284600 141
284800 139
285000 166
285200 136
285400 127
285600 116
285800 132
286000 131
286200 140
286400 136
286600 131
286800 143
287000 143
287200 116
287400 144
287600 146
287800 142
288000 158
288200 138
288400 140
288600 111
288800 145
289000 140
289200 136
289400 148
289600 145
289800 136
290000 154
290200 137
290400 116
290600 112
290800 147
291000 142
291200 133
291400 134
291600 137
291800 134
292000 148
292200 139
292400 138
292600 129
292800 127
293000 126
293200 156
293400 139
293600 155
293800 127
294000 147
294200 132
294400 145
294600 135
294800 142
295000 156
295200 135
295400 137
295600 130
295800 143
296000 135
296200 118
296400 143
296600 134
296800 124
297000 137
297200 131
297400 133
297600 117
297800 148
298000 148
298200 138
298400 120
298600 144
298800 136
299000 123
299200 131
299400 133
299600 136
299800 141
300000 143
300200 137
300400 150
300600 146
300800 147
301000 156
301200 131
301400 144
301600 131
301800 142
302000 149
302200 142
302400 131
302600 139
302800 133
303000 156
303200 140
303400 141
303600 141
303800 136
304000 145
304200 133
304400 153
304600 151
304800 131
305000 136
305200 122
305400 124
305600 143
305800 135
306000 146
306200 136
306400 110
306600 153
306800 133
307000 134
307200 138
307400 140
307600 128
307800 129
308000 124
308200 132
308400 139
308600 146
308800 151
309000 139
309200 162
309400 145
309600 146
309800 131
310000 147
310200 151
310400 156
310600 122
310800 154
311000 143
311200 148
311400 133
311600 138
311800 149
312000 156
312200 124
312400 134
312600 131
312800 140
313000 139
313200 129
313400 136
313600 137
313800 147
314000 135
314200 138
314400 124
314600 120
314800 125
315000 161
315200 123
315400 154
315600 143
315800 128
316000 125
316200 144
316400 131
316600 124
316800 155
317000 139
317200 154
317400 127
317600 125
317800 132
318000 137
318200 128
318400 142
318600 150
318800 148
319000 137
319200 137
319400 135
319600 150
319800 142
320000 125
320200 146
320400 136
320600 143
320800 143
321000 141
321200 136
321400 127
321600 156
321800 134
322000 145
322200 134
322400 155
322600 139
322800 123
323000 165
323200 153
323400 159
323600 130
323800 135
324000 141
324200 128
324400 145
324600 144
324800 129
325000 160
325200 160
325400 143
325600 122
325800 133
326000 126
326200 140
326400 121
326600 122
326800 118
327000 128
327200 139
327400 119
327600 124
327800 150
328000 135
328200 159
328400 130
328600 118
328800 112
329000 126
329200 146
329400 136
329600 135
329800 133
330000 144
330200 122
330400 123
330600 141
330800 115
331000 130
331200 129
331400 160
331600 134
331800 131
332000 127
332200 148
332400 141
332600 136
332800 143
333000 159
333200 125
333400 148
333600 156
333800 145
334000 132
334200 139
334400 138
334600 128
334800 164
335000 133
335200 152
335400 142
335600 120
335800 126
336000 159
336200 131
336400 154
336600 145
336800 117
337000 124
337200 149
337400 136
337600 147
337800 130
338000 150
338200 118
338400 136
338600 123
338800 139
339000 135
339200 136
339400 150
339600 110
339800 146
340000 160
340200 136
340400 136
340600 126
340800 148
341000 137
341200 138
341400 148
341600 136
341800 133
342000 135
342200 134
342400 134
342600 141
342800 121
343000 141
343200 153
343400 150
343600 132
343800 139
344000 120
344200 140
344400 160
344600 159
344800 153
345000 115
345200 160
345400 155
345600 138
345800 122
346000 142
346200 140
346400 106
346600 144
346800 126
347000 146
347200 127
347400 131
347600 130
347800 149
348000 151
348200 135
348400 139
348600 126
348800 154
349000 149
349200 120
349400 121
349600 126
349800 158
350000 135
350200 134
350400 144
350600 140
350800 148
351000 149
351200 155
351400 141
351600 157
351800 118
352000 136
352200 121
352400 136
352600 124
352800 122
353000 131
353200 148
353400 145
353600 131
353800 163
354000 138
354200 138
354400 117
354600 144
354800 144
355000 135
355200 132
355400 133
355600 127
355800 142
356000 125
356200 121
356400 136
356600 146
356800 147
357000 144
357200 152
357400 162
357600 114
357800 128
358000 127
358200 145
358400 155
358600 134
358800 149
359000 133
359200 145
359400 144
359600 149
359800 137
360000 143
360200 129
360400 122
360600 141
360800 137
361000 141
361200 131
361400 147
361600 147
361800 120
362000 139
362200 153
362400 136
362600 131
362800 120
363000 142
363200 143
363400 112
363600 146
363800 154
364000 125
364200 156
364400 136
364600 142
364800 134
365000 129
365200 127
365400 131
365600 130
365800 153
366000 151
366200 145
366400 129
366600 133
366800 130
367000 159
367200 117
367400 142
367600 148
367800 119
368000 119
368200 128
368400 129
368600 139
368800 134
369000 147
369200 137
369400 128
369600 153
369800 152
370000 124
370200 134
370400 133
370600 144
370800 117
371000 137
371200 135
371400 149
371600 130
371800 125
372000 155
372200 153
372400 119
372600 137
372800 136
373000 146
373200 135
373400 110
373600 130
373800 151
374000 152
374200 147
374400 148
374600 150
374800 138
375000 134
375200 148
375400 138
375600 134
375800 137
376000 124
376200 137
376400 147
376600 136
376800 122
377000 113
377200 137
377400 154
377600 109
377800 148
378000 139
378200 143
378400 150
378600 150
378800 130
379000 120
379200 145
379400 132
379600 136
379800 135
380000 136
380200 137
380400 147
380600 138
380800 133
381000 150
381200 128
381400 134
381600 145
381800 137
382000 128
382200 125
382400 153
382600 137
382800 133
383000 126
383200 154
383400 139
383600 129
383800 147
384000 147
384200 129
384400 145
384600 136
384800 152
385000 142
385200 143
385400 126
385600 130
385800 128
386000 151
386200 126
386400 150
386600 148
386800 150
387000 139
387200 147
387400 124
387600 130
387800 119
388000 148
388200 135
388400 163
388600 140
388800 150
389000 157
389200 144
389400 130
389600 155
389800 138
390000 145
390200 139
390400 140
390600 144
390800 152
391000 129
391200 124
391400 149
391600 152
391800 138
392000 152
392200 143
392400 141
392600 126
392800 144
393000 136
393200 139
393400 151
393600 163
393800 142
394000 131
394200 164
394400 157
394600 123
394800 137
395000 145
395200 153
395400 113
395600 136
395800 117
396000 153
396200 138
396400 142
396600 148
396800 117
397000 138
397200 131
397400 141
397600 123
397800 133
398000 143
398200 167
398400 134
398600 157
398800 144
399000 111
399200 122
399400 135
399600 146
399800 146
400000 127
400200 135
400400 122
400600 136
400800 158
401000 151
401200 147
401400 145
401600 146
401800 147
402000 146
402200 137
402400 125
402600 139
402800 126
403000 141
403200 146
403400 145
403600 143
403800 132
404000 149
404200 138
404400 130
404600 144
404800 127
405000 138
405200 144
405400 132
405600 123
405800 141
406000 145
406200 123
406400 101
406600 139
406800 134
407000 134
407200 131
407400 129
407600 144
407800 141
408000 126
408200 137
408400 127
408600 123
408800 130
409000 152
409200 135
409400 142
409600 150
409800 131
410000 141
410200 150
410400 145
410600 143
410800 147
411000 160
411200 138
411400 135
411600 158
411800 139
412000 146
412200 144
412400 144
412600 145
412800 117
413000 123
413200 157
413400 139
413600 158
413800 152
414000 152
414200 136
414400 136
414600 146
414800 119
415000 136
415200 137
415400 141
415600 137
415800 143
416000 99
416200 157
416400 142
416600 132
416800 145
417000 118
417200 141
417400 150
417600 146
417800 141
418000 115
418200 149
418400 137
418600 138
418800 138
419000 134
419200 138
419400 137
419600 154
419800 147
420000 145
420200 117
420400 141
420600 130
420800 137
421000 143
421200 137
421400 150
421600 150
421800 147
422000 126
422200 154
422400 145
422600 123
422800 132
423000 152
423200 127
423400 136
423600 126
423800 148
424000 129
424200 138
424400 138
424600 134
424800 145
425000 112
425200 121
425400 139
425600 155
425800 143
426000 146
426200 157
426400 154
426600 145
426800 123
427000 121
427200 135
427400 142
427600 162
427800 125
428000 160
428200 132
428400 161
428600 135
428800 128
429000 163
429200 120
429400 129
429600 110
429800 148
430000 144
430200 125
430400 118
430600 132
430800 127
431000 127
431200 132
431400 125
431600 148
431800 140
432000 144
432200 144
432400 148
432600 129
432800 144
433000 129
433200 130
433400 150
433600 138
433800 120
434000 145
434200 150
434400 135
434600 141
434800 148
435000 143
435200 123
435400 118
435600 142
435800 145
436000 158
436200 138
436400 134
436600 137
436800 144
437000 142
437200 128
437400 133
437600 123
437800 154
438000 142
438200 119
438400 142
438600 136
438800 134
439000 137
439200 151
439400 156
439600 150
439800 153
440000 122
440200 131
440400 147
440600 126
440800 157
441000 132
441200 141
441400 135
441600 130
441800 139
442000 146
442200 143
442400 133
442600 150
442800 128
443000 131
443200 129
443400 133
443600 140
443800 118
444000 143
444200 138
444400 146
444600 139
444800 141
445000 125
445200 161
445400 133
445600 145
445800 151
446000 152
446200 149
446400 130
446600 129
446800 138
447000 132
447200 146
447400 133
447600 126
447800 137
448000 142
448200 137
448400 151
448600 159
448800 140
449000 156
449200 143
449400 149
449600 151
449800 132
450000 140
450200 143
450400 148
450600 144
450800 133
451000 129
451200 148
451400 149
451600 155
451800 129
452000 114
452200 117
452400 126
452600 139
452800 134
453000 142
453200 154
453400 132
453600 135
453800 137
454000 137
454200 145
454400 118
454600 157
454800 155
455000 137
455200 149
455400 155
455600 139
455800 158
456000 150
456200 150
456400 138
456600 138
456800 137
457000 149
457200 133
457400 135
457600 136
457800 140
458000 146
458200 126
458400 128
458600 153
458800 142
459000 144
459200 131
459400 153
459600 146
459800 130
460000 134
460200 135
460400 136
460600 135
460800 147
461000 142
461200 153
461400 132
461600 136
461800 128
462000 141
462200 139
462400 128
462600 133
462800 144
463000 128
463200 138
463400 132
463600 140
463800 126
464000 143
464200 143
464400 154
464600 132
464800 130
465000 121
465200 141
465400 134
465600 138
465800 118
466000 139
466200 131
466400 137
466600 151
466800 144
467000 144
467200 131
467400 129
467600 135
467800 138
468000 130
468200 139
468400 126
468600 134
468800 140
469000 151
469200 127
469400 143
469600 155
469800 156
470000 119
470200 125
470400 131
470600 145
470800 141
471000 137
471200 136
471400 145
471600 115
471800 136
472000 159
472200 132
472400 139
472600 145
472800 151
473000 136
473200 133
473400 163
473600 149
473800 143
474000 145
474200 136
474400 132
474600 153
474800 145
475000 156
475200 150
475400 142
475600 123
475800 154
476000 148
476200 135
476400 125
476600 121
476800 157
477000 128
477200 118
477400 129
477600 150
477800 128
478000 151
478200 137
478400 137
478600 141
478800 133
479000 125
479200 140
479400 129
479600 155
479800 133
480000 129
480200 154
480400 122
480600 138
480800 142
481000 132
481200 117
481400 146
481600 144
481800 102
482000 131
482200 128
482400 144
482600 152
482800 129
483000 144
483200 122
483400 128
483600 142
483800 148
484000 147
484200 122
484400 117
484600 133
484800 121
485000 142
485200 146
485400 129
485600 172
485800 141
486000 131
486200 133
486400 134
486600 136
486800 141
487000 155
487200 150
487400 141
487600 143
487800 130
488000 141
488200 137
488400 144
488600 129
488800 156
489000 131
489200 142
489400 138
489600 132
489800 130
490000 140
490200 145
490400 125
490600 141
490800 128
491000 130
491200 159
491400 127
491600 122
491800 143
492000 127
492200 156
492400 128
492600 139
492800 149
493000 143
493200 126
493400 127
493600 148
493800 128
494000 144
494200 135
494400 141
494600 140
494800 127
495000 118
495200 135
495400 121
495600 130
495800 146
496000 152
496200 140
496400 134
496600 137
496800 140
497000 144
497200 149
497400 131
497600 131
497800 141
498000 142
498200 123
498400 158
498600 162
498800 151
499000 141
499200 118
499400 138
499600 136
499800 142
500000 143
500200 149
500400 130
500600 147
500800 131
501000 123
501200 142
501400 127
501600 144
501800 129
502000 140
502200 145
502400 151
502600 136
502800 148
503000 149
503200 123
503400 139
503600 149
503800 135
504000 148
504200 135
504400 159
504600 135
504800 132
505000 143
505200 142
505400 121
505600 152
505800 136
506000 133
506200 149
506400 139
506600 140
506800 129
507000 162
507200 132
507400 137
507600 131
507800 147
508000 137
508200 123
508400 132
508600 147
508800 136
509000 150
509200 131
509400 137
509600 112
509800 145
510000 131
510200 130
510400 124
510600 148
510800 151
511000 139
511200 141
511400 136
511600 137
511800 130
512000 149
512200 143
512400 138
512600 148
512800 144
513000 127
513200 137
513400 121
513600 156
513800 127
514000 129
514200 122
514400 132
514600 136
514800 135
515000 136
515200 154
515400 143
515600 139
515800 144
516000 135
516200 136
516400 143
516600 149
516800 129
517000 134
517200 127
517400 124
517600 126
517800 148
518000 127
518200 165
518400 123
518600 152
518800 148
519000 127
519200 144
519400 139
519600 150
519800 144
520000 129
520200 131
520400 131
520600 141
520800 130
521000 144
521200 158
521400 138
521600 112
521800 128
522000 139
522200 126
522400 129
522600 134
522800 144
523000 134
523200 131
523400 156
523600 138
523800 138
524000 152
524200 135
524400 145
524600 128
524800 141
525000 144
525200 132
525400 137
525600 137
525800 155
526000 131
526200 130
526400 137
526600 122
526800 133
527000 124
527200 150
527400 130
527600 118
527800 142
528000 134
528200 143
528400 149
528600 147
528800 156
529000 130
529200 134
529400 131
529600 136
529800 139
530000 126
530200 125
530400 110
530600 134
530800 159
531000 135
531200 133
531400 145
531600 132
531800 134
532000 136
532200 121
532400 128
532600 137
532800 126
533000 150
533200 173
533400 157
533600 143
533800 140
534000 143
534200 149
534400 127
534600 120
534800 131
535000 166
535200 141
535400 139
535600 135
535800 134
536000 150
536200 112
536400 126
536600 152
536800 130
537000 151
537200 120
537400 154
537600 128
537800 136
538000 126
538200 120
538400 147
538600 144
538800 132
539000 140
539200 128
539400 133
539600 147
539800 129
540000 142
540200 131
540400 140
540600 136
540800 137
541000 138
541200 142
541400 147
541600 146
541800 119
542000 133
542200 129
542400 146
542600 144
542800 137
543000 120
543200 152
543400 144
543600 121
543800 141
544000 140
544200 124
544400 136
544600 128
544800 126
545000 129
545200 151
545400 128
545600 134
545800 123
546000 139
546200 138
546400 143
546600 134
546800 138
547000 148
547200 140
547400 147
547600 142
547800 156
548000 144
548200 125
548400 146
548600 128
548800 141
549000 143
549200 116
549400 147
549600 135
549800 119
550000 124
550200 132
550400 146
550600 131
550800 150
551000 131
551200 131
551400 142
551600 146
551800 130
552000 132
552200 147
552400 142
552600 133
552800 150
553000 126
553200 127
553400 160
553600 126
553800 143
554000 138
554200 143
554400 131
554600 134
554800 144
555000 123
555200 148
555400 152
555600 124
555800 145
556000 134
556200 139
556400 144
556600 124
556800 143
557000 158
557200 137
557400 157
557600 119
557800 137
558000 144
558200 134
558400 144
558600 143
558800 125
559000 146
559200 157
559400 140
559600 117
559800 127
560000 137
560200 135
560400 129
560600 119
560800 142
561000 124
561200 140
561400 155
561600 131
561800 143
562000 122
562200 124
562400 132
562600 165
562800 154
563000 123
563200 154
563400 159
563600 150
563800 153
564000 157
564200 138
564400 124
564600 127
564800 122
565000 128
565200 147
565400 149
565600 131
565800 140
566000 131
566200 143
566400 145
566600 122
566800 155
567000 140
567200 139
567400 140
567600 141
567800 144
568000 141
568200 125
568400 141
568600 125
568800 146
569000 148
569200 148
569400 141
569600 145
569800 160
570000 154
570200 145
570400 146
570600 139
570800 141
571000 142
571200 121
571400 124
571600 117
571800 149
572000 121
572200 127
572400 135
572600 126
572800 166
573000 133
573200 135
573400 157
573600 148
573800 149
574000 141
574200 137
574400 139
574600 132
574800 150
575000 128
575200 158
575400 133
575600 130
575800 134
576000 119
576200 143
576400 136
576600 131
576800 131
577000 117
577200 130
577400 114
577600 141
577800 134
578000 143
578200 138
578400 142
578600 129
578800 129
579000 129
579200 151
579400 150
579600 133
579800 125
580000 116
580200 129
580400 129
580600 133
580800 142
581000 127
581200 135
581400 164
581600 142
581800 142
582000 165
582200 122
582400 137
582600 122
582800 146
583000 138
583200 153
583400 150
583600 132
583800 139
584000 132
584200 134
584400 143
584600 131
584800 132
585000 142
585200 156
585400 147
585600 137
585800 142
586000 153
586200 138
586400 139
586600 119
586800 127
587000 129
587200 139
587400 162
587600 172
587800 134
588000 125
588200 135
588400 149
588600 140
588800 128
589000 131
589200 138
589400 133
589600 143
589800 141
590000 132
590200 117
590400 121
590600 145
590800 141
591000 146
591200 138
591400 137
591600 135
591800 131
592000 160
592200 138
592400 116
592600 110
592800 141
593000 137
593200 164
593400 118
593600 115
593800 156
594000 165
594200 132
594400 129
594600 139
594800 127
595000 119
595200 140
595400 124
595600 139
595800 123
596000 135
596200 130
596400 156
596600 149
596800 136
597000 125
597200 150
597400 149
597600 139
597800 146
598000 142
598200 129
598400 137
598600 135
598800 149
599000 126
599200 149
599400 125
599600 137
599800 154
600000 123
600200 139
600400 150
600600 152
600800 146
601000 126
601200 134
601400 127
601600 140
601800 152
602000 135
602200 158
602400 145
602600 148
602800 129
603000 151
603200 132
603400 135
603600 146
603800 161
604000 152
604200 150
604400 125
604600 133
604800 139
605000 152
605200 143
605400 147
605600 126
605800 130
606000 120
606200 132
606400 147
606600 123
606800 118
607000 113
607200 136
607400 129
607600 135
607800 132
608000 145
608200 144
608400 126
608600 134
608800 142
609000 158
609200 122
609400 118
609600 125
609800 123
610000 125
610200 127
610400 134
610600 134
610800 151
611000 140
611200 136
611400 137
611600 135
611800 127
612000 119
612200 128
612400 111
612600 138
612800 141
613000 128
613200 149
613400 115
613600 138
613800 126
614000 130
614200 139
614400 138
614600 136
614800 135
615000 136
615200 132
615400 131
615600 137
615800 146
616000 141
616200 132
616400 151
616600 123
616800 126
617000 139
617200 132
617400 153
617600 118
617800 154
618000 137
618200 128
618400 115
618600 140
618800 134
619000 160
619200 138
619400 143
619600 137
619800 132
620000 113
620200 141
620400 131
620600 151
620800 149
621000 138
621200 142
621400 117
621600 133
621800 154
622000 143
622200 138
622400 145
622600 151
622800 142
623000 142
623200 136
623400 129
623600 137
623800 143
624000 148
624200 140
624400 125
624600 143
624800 164
625000 134
625200 141
625400 158
625600 143
625800 110
626000 139
626200 142
626400 137
626600 136
626800 150
627000 145
627200 160
627400 146
627600 146
627800 113
628000 147
628200 131
628400 139
628600 149
628800 137
629000 140
629200 140
629400 138
629600 129
629800 137
630000 138
630200 124
630400 120
630600 132
630800 119
631000 136
631200 132
631400 140
631600 145
631800 129
632000 129
632200 152
632400 128
632600 137
632800 140
633000 142
633200 153
633400 151
633600 135
633800 132
634000 143
634200 160
634400 144
634600 151
634800 139
635000 140
635200 119
635400 140
635600 145
635800 154
636000 136
636200 147
636400 131
636600 144
636800 128
637000 130
637200 151
637400 137
637600 133
637800 145
638000 145
638200 138
638400 139
638600 127
638800 142
639000 152
639200 137
639400 145
639600 121
639800 131
640000 153
640200 168
640400 125
640600 121
640800 143
641000 155
641200 146
641400 137
641600 132
641800 153
642000 114
642200 125
642400 150
642600 139
642800 160
643000 153
643200 132
643400 143
643600 146
643800 152
644000 139
644200 147
644400 141
644600 136
644800 146
645000 120
645200 144
645400 135
645600 131
645800 150
646000 157
646200 130
646400 132
646600 155
646800 153
647000 117
647200 146
647400 141
647600 130
647800 140
648000 137
648200 146
648400 133
648600 135
648800 130
649000 113
649200 135
649400 123
649600 161
649800 130
650000 136
650200 141
650400 130
650600 137
650800 129
651000 150
651200 131
651400 165
651600 159
651800 131
652000 120
652200 117
652400 130
652600 135
652800 114
653000 122
653200 134
653400 143
653600 152
653800 131
654000 173
654200 151
654400 107
654600 125
654800 121
655000 167
655200 143
655400 115
655600 122
655800 132
656000 137
656200 114
656400 150
656600 136
656800 151
657000 145
657200 135
657400 120
657600 127
657800 134
658000 139
658200 129
658400 154
658600 149
658800 147
659000 127
659200 132
659400 138
659600 141
659800 150
660000 134
660200 145
660400 146
660600 125
660800 163
661000 141
661200 127
661400 138
661600 140
661800 143
662000 141
662200 122
662400 138
662600 144
662800 135
663000 154
663200 143
663400 142
663600 151
663800 149
664000 117
664200 135
664400 155
664600 146
664800 125
665000 139
665200 128
665400 128
665600 129
665800 128
666000 142
666200 136
666400 138
666600 126
666800 152
667000 127
667200 123
667400 132
667600 133
667800 147
668000 126
668200 116
668400 116
668600 136
668800 154
669000 125
669200 125
669400 132
669600 119
669800 136
670000 134
670200 140
670400 139
670600 141
670800 142
671000 154
671200 126
671400 140
671600 166
671800 152
672000 143
672200 137
672400 161
672600 114
672800 118
673000 154
673200 129
673400 132
673600 138
673800 145
674000 144
674200 147
674400 145
674600 135
674800 126
675000 133
675200 146
675400 147
675600 125
675800 143
676000 154
676200 123
676400 131
676600 161
676800 111
677000 132
677200 145
677400 126
677600 123
677800 136
678000 146
678200 136
678400 127
678600 150
678800 126
679000 137
679200 145
679400 160
679600 143
679800 158
680000 141
680200 143
680400 174
680600 144
680800 148
681000 116
681200 124
681400 139
681600 137
681800 123
682000 131
682200 120
682400 131
682600 141
682800 132
683000 121
683200 171
683400 137
683600 159
683800 147
684000 161
684200 140
684400 135
684600 143
684800 137
685000 139
685200 145
685400 145
685600 121
685800 149
686000 143
686200 125
686400 144
686600 113
686800 124
687000 155
687200 134
687400 156
687600 132
687800 137
688000 141
688200 140
688400 123
688600 133
688800 117
689000 140
689200 146
689400 140
689600 124
689800 146
690000 133
690200 129
690400 128
690600 112
690800 138
691000 117
691200 146
691400 138
691600 141
691800 166
692000 165
692200 147
692400 144
692600 141
692800 117
693000 120
693200 132
693400 134
693600 145
693800 140
694000 118
694200 137
694400 138
694600 141
694800 139
695000 142
695200 142
695400 136
695600 140
695800 150
696000 143
696200 152
696400 157
696600 130
696800 130
697000 144
697200 118
697400 121
697600 119
697800 132
698000 140
698200 127
698400 145
698600 123
698800 140
699000 146
699200 133
699400 128
699600 115
699800 136
700000 160
700200 137
700400 134
700600 161
700800 129
701000 136
701200 122
701400 127
701600 141
701800 137
702000 154
702200 140
702400 134
702600 145
702800 128
703000 144
703200 143
703400 143
703600 138
703800 136
704000 135
704200 139
704400 109
704600 151
704800 120
705000 119
705200 164
705400 138
705600 137
705800 139
706000 134
706200 128
706400 141
706600 131
706800 145
707000 154
707200 135
707400 126
707600 143
707800 124
708000 149
708200 136
708400 143
708600 151
708800 143
709000 133
709200 132
709400 158
709600 147
709800 134
710000 131
710200 154
710400 136
710600 127
710800 129
711000 158
711200 133
711400 129
711600 124
711800 138
712000 129
712200 143
712400 140
712600 139
712800 153
713000 149
713200 127
713400 142
713600 152
713800 142
714000 148
714200 142
714400 133
714600 129
714800 130
715000 117
715200 136
715400 141
715600 131
715800 121
716000 141
716200 128
716400 131
716600 140
716800 138
717000 142
717200 149
717400 141
717600 135
717800 138
718000 133
718200 136
718400 142
718600 127
718800 155
719000 126
719200 117
719400 149
719600 138
719800 124
720000 147
720200 121
720400 119
720600 132
720800 143
721000 131
721200 126
721400 144
721600 138
721800 170
722000 166
722200 117
722400 141
722600 132
722800 141
723000 127
723200 138
723400 148
723600 153
723800 138
724000 132
724200 144
724400 151
724600 135
724800 101
725000 128
725200 118
725400 135
725600 132
725800 134
726000 131
726200 111
726400 138
726600 142
726800 149
727000 134
727200 129
727400 139
727600 121
727800 113
728000 138
728200 158
728400 122
728600 146
728800 145
729000 154
729200 130
729400 149
729600 131
729800 139
730000 143
730200 139
730400 133
730600 123
730800 125
731000 140
731200 123
731400 137
731600 138
731800 110
732000 139
732200 143
732400 136
732600 157
732800 143
733000 152
733200 151
733400 129
733600 129
733800 134
734000 136
734200 150
734400 143
734600 158
734800 152
735000 136
735200 139
735400 135
735600 148
735800 127
736000 148
736200 131
736400 154
736600 126
736800 117
737000 142
737200 155
737400 140
737600 126
737800 148
738000 119
738200 128
738400 125
738600 155
738800 113
739000 149
739200 156
739400 131
739600 162
739800 145
740000 156
740200 137
740400 131
740600 126
740800 141
741000 160
741200 140
741400 132
741600 147
741800 142
742000 149
742200 167
742400 131
742600 144
742800 148
743000 128
743200 117
743400 132
743600 149
743800 137
744000 140
744200 119
744400 142
744600 130
744800 125
745000 143
745200 150
745400 144
745600 132
745800 117
746000 141
746200 139
746400 141
746600 139
746800 143
747000 162
747200 133
747400 156
747600 142
747800 153
748000 141
748200 133
748400 149
748600 141
748800 135
749000 138
749200 149
749400 139
749600 146
749800 125
750000 137
750200 132
750400 130
750600 144
750800 132
751000 128
751200 142
751400 131
751600 139
751800 133
752000 142
752200 152
752400 135
752600 129
752800 148
753000 136
753200 160
753400 150
753600 124
753800 146
754000 146
754200 137
754400 133
754600 139
754800 159
755000 122
755200 125
755400 138
755600 151
755800 146
756000 143
756200 167
756400 148
756600 132
756800 149
757000 120
757200 138
757400 144
757600 124
757800 141
758000 141
758200 123
758400 149
758600 133
758800 155
759000 144
759200 129
759400 144
759600 125
759800 117
760000 139
760200 136
760400 149
760600 143
760800 157
761000 134
761200 127
761400 153
761600 126
761800 137
762000 153
762200 136
762400 141
762600 136
762800 149
763000 143
763200 143
763400 132
763600 134
763800 130
764000 137
764200 143
764400 134
764600 144
764800 147
765000 140
765200 134
765400 125
765600 129
765800 156
766000 148
766200 128
766400 136
766600 151
766800 117
767000 144
767200 160
767400 143
767600 151
767800 136
768000 143
768200 134
768400 128
768600 148
768800 118
769000 154
769200 126
769400 132
769600 123
769800 140
770000 136
770200 113
770400 134
770600 137
770800 133
771000 140
771200 140
771400 140
771600 146
771800 133
772000 133
772200 122
772400 126
772600 147
772800 125
773000 150
773200 124
773400 134
773600 152
773800 126
774000 131
774200 128
774400 125
774600 134
774800 138
775000 138
775200 148
775400 126
775600 137
775800 151
776000 124
776200 146
776400 121
776600 141
776800 133
777000 123
777200 150
777400 122
777600 138
777800 154
778000 134
778200 154
778400 139
778600 131
778800 143
779000 133
779200 141
779400 129
779600 142
779800 147
780000 140
780200 133
780400 137
780600 148
780800 119
781000 131
781200 148
781400 147
781600 117
781800 122
782000 126
782200 131
782400 139
782600 125
782800 138
783000 128
783200 128
783400 122
783600 122
783800 121
784000 128
784200 130
784400 145
784600 136
784800 128
785000 141
785200 134
785400 134
785600 147
785800 140
786000 149
786200 154
786400 119
786600 127
786800 137
787000 151
787200 131
787400 150
787600 144
787800 146
788000 143
788200 125
788400 141
788600 139
788800 147
789000 127
789200 138
789400 145
789600 136
789800 144
790000 127
790200 139
790400 127
790600 141
790800 125
791000 145
791200 143
791400 142
791600 151
791800 119
792000 134
792200 112
792400 126
792600 120
792800 148
793000 155
793200 137
793400 134
793600 141
793800 142
794000 161
794200 131
794400 145
794600 123
794800 125
795000 145
795200 124
795400 127
795600 131
795800 129
796000 140
796200 145
796400 148
796600 140
796800 148
797000 123
797200 139
797400 130
797600 136
797800 103
798000 139
798200 117
798400 138
798600 141
798800 137
799000 151
799200 134
799400 150
799600 134
799800 128
800000 135
800200 134
800400 123
800600 156
800800 128
801000 144
801200 147
801400 140
801600 132
801800 141
802000 131
802200 143
802400 153
802600 155
802800 136
803000 125
803200 126
803400 138
803600 159
803800 125
804000 152
804200 143
804400 120
804600 138
804800 116
805000 132
805200 136
805400 142
805600 134
805800 128
806000 134
806200 146
806400 128
806600 127
806800 140
807000 145
807200 142
807400 150
807600 139
807800 145
808000 143
808200 144
808400 145
808600 139
808800 131
809000 153
809200 135
809400 165
809600 128
809800 139
810000 130
810200 140
810400 138
810600 139
810800 147
811000 146
811200 157
811400 128
811600 124
811800 159
812000 130
812200 147
812400 129
812600 129
812800 132
813000 132
813200 146
813400 134
813600 144
813800 140
814000 141
814200 157
814400 129
814600 120
814800 121
815000 138
815200 145
815400 130
815600 146
815800 115
816000 117
816200 138
816400 144
816600 132
816800 157
817000 148
817200 131
817400 116
817600 124
817800 120
818000 133
818200 138
818400 141
818600 124
818800 133
819000 129
819200 138
819400 145
819600 151
819800 132
820000 133
820200 145
820400 148
820600 154
820800 137
821000 146
821200 149
821400 126
821600 136
821800 141
822000 136
822200 132
822400 151
822600 135
822800 150
823000 124
823200 150
823400 147
823600 138
823800 150
824000 136
824200 138
824400 144
824600 145
824800 121
825000 130
825200 151
825400 128
825600 132
825800 145
826000 133
826200 134
826400 120
826600 125
826800 112
827000 117
827200 133
827400 140
827600 133
827800 137
828000 137
828200 161
828400 128
828600 121
828800 127
829000 147
829200 151
829400 147
829600 157
829800 133
830000 153
830200 160
830400 141
830600 149
830800 139
831000 129
831200 119
831400 128
831600 149
831800 123
832000 124
832200 136
832400 138
832600 141
832800 145
833000 142
833200 140
833400 138
833600 128
833800 114
834000 141
834200 155
834400 142
834600 130
834800 128
835000 137
835200 146
835400 134
835600 133
835800 134
836000 120
836200 129
836400 130
836600 132
836800 128
837000 126
837200 126
837400 132
837600 124
837800 112
838000 127
838200 121
838400 116
838600 146
838800 141
839000 139
839200 133
839400 129
839600 148
839800 138
840000 153
840200 139
840400 131
840600 141
840800 138
841000 148
841200 135
841400 156
841600 150
841800 150
842000 150
842200 140
842400 152
842600 133
842800 123
843000 143
843200 161
843400 130
843600 118
843800 137
844000 133
844200 136
844400 137
844600 137
844800 149
845000 127
845200 118
845400 126
845600 160
845800 134
846000 113
846200 150
846400 146
846600 129
846800 149
847000 147
847200 131
847400 158
847600 142
847800 126
848000 104
848200 143
848400 136
848600 153
848800 154
849000 134
849200 142
849400 147
849600 129
849800 141
850000 153
850200 135
850400 138
850600 142
850800 131
851000 146
851200 132
851400 132
851600 142
851800 159
852000 121
852200 144
852400 144
852600 126
852800 147
853000 147
853200 143
853400 135
853600 144
853800 138
854000 133
854200 139
854400 125
854600 138
854800 136
855000 150
855200 139
855400 145
855600 149
855800 129
856000 116
856200 124
856400 148
856600 146
856800 123
857000 137
857200 134
857400 144
857600 128
857800 133
858000 133
858200 143
858400 135
858600 141
858800 128
859000 134
859200 135
859400 140
859600 127
859800 139
860000 145
860200 145
860400 131
860600 132
860800 132
861000 163
861200 135
861400 117
861600 151
861800 147
862000 145
862200 121
862400 127
862600 126
862800 147
863000 118
863200 146
863400 146
863600 124
863800 137
864000 144
864200 142
864400 137
864600 132
864800 139
865000 125
865200 147
865400 141
865600 140
865800 127
866000 138
866200 146
866400 134
866600 128
866800 143
867000 140
867200 150
867400 120
867600 157
867800 129
868000 129
868200 139
868400 162
868600 128
868800 127
869000 135
869200 133
869400 136
869600 122
869800 148
870000 145
870200 139
870400 146
870600 135
870800 124
871000 166
871200 158
871400 145
871600 135
871800 136
872000 124
872200 149
872400 123
872600 112
872800 125
873000 136
873200 135
873400 140
873600 144
873800 128
874000 140
874200 139
874400 146
874600 125
874800 146
875000 147
875200 131
875400 145
875600 141
875800 125
876000 115
876200 130
876400 159
876600 152
876800 122
877000 132
877200 143
877400 150
877600 133
877800 145
878000 127
878200 133
878400 130
878600 150
878800 135
879000 143
879200 139
879400 152
879600 156
879800 144
880000 128
880200 129
880400 137
880600 118
880800 124
881000 123
881200 129
881400 136
881600 130
881800 142
882000 135
882200 135
882400 137
882600 152
882800 132
883000 145
883200 130
883400 148
883600 156
883800 139
884000 156
884200 128
884400 135
884600 125
884800 123
885000 132
885200 143
885400 133
885600 139
885800 143
886000 116
886200 142
886400 149
886600 142
886800 134
887000 133
887200 138
887400 127
887600 134
887800 127
888000 136
888200 139
888400 138
888600 138
888800 158
889000 129
889200 141
889400 135
889600 155
889800 135
890000 144
890200 155
890400 127
890600 145
890800 153
891000 140
891200 143
891400 143
891600 116
891800 150
892000 139
892200 123
892400 142
892600 129
892800 124
893000 138
893200 125
893400 135
893600 156
893800 153
894000 154
894200 145
894400 138
894600 137
894800 143
895000 125
895200 144
895400 142
895600 136
895800 148
896000 127
896200 131
896400 137
896600 128
896800 147
897000 152
897200 142
897400 127
897600 151
897800 111
898000 120
898200 120
898400 145
898600 139
898800 154
899000 136
899200 136
899400 110
899600 141
899800 139
900000 128
900200 144
900400 136
900600 129
900800 141
901000 126
901200 157
901400 125
901600 147
901800 124
902000 130
902200 128
902400 117
902600 144
902800 136
903000 142
903200 136
903400 135
903600 128
903800 141
904000 125
904200 140
904400 119
904600 125
904800 140
905000 131
905200 142
905400 142
905600 162
905800 110
906000 115
906200 131
906400 158
906600 149
906800 129
907000 137
907200 135
907400 147
907600 139
907800 126
908000 128
908200 135
908400 154
908600 141
908800 135
909000 141
909200 129
909400 132
909600 130
909800 119
910000 133
910200 131
910400 147
910600 131
910800 140
911000 136
911200 153
911400 140
911600 141
911800 149
912000 138
912200 139
912400 143
912600 123
912800 138
913000 150
913200 130
913400 140
913600 143
913800 140
914000 127
914200 126
914400 128
914600 134
914800 142
915000 124
915200 146
915400 144
915600 137
915800 148
916000 136
916200 146
916400 132
916600 130
916800 136
917000 132
917200 152
917400 139
917600 147
917800 131
918000 127
918200 134
918400 120
918600 138
918800 148
919000 139
919200 138
919400 140
919600 140
919800 137
920000 156
920200 148
920400 134
920600 134
920800 140
921000 145
921200 130
921400 139
921600 135
921800 142
922000 136
922200 141
922400 120
922600 135
922800 136
923000 153
923200 151
923400 149
923600 146
923800 168
924000 131
924200 156
924400 136
924600 142
924800 138
925000 115
925200 139
925400 149
925600 146
925800 131
926000 119
926200 150
926400 136
926600 163
926800 126
927000 142
927200 137
927400 135
927600 152
927800 163
928000 131
928200 131
928400 133
928600 139
928800 136
929000 134
929200 143
929400 145
929600 147
929800 137
930000 131
930200 132
930400 140
930600 159
930800 139
931000 136
931200 153
931400 153
931600 123
931800 126
932000 138
932200 115
932400 146
932600 141
932800 146
933000 130
933200 141
933400 154
933600 141
933800 146
934000 144
934200 139
934400 140
934600 141
934800 142
935000 125
935200 149
935400 148
935600 109
935800 141
936000 130
936200 144
936400 147
936600 152
936800 162
937000 141
937200 130
937400 131
937600 134
937800 133
938000 132
938200 135
938400 124
938600 128
938800 118
939000 134
939200 147
939400 135
939600 151
939800 120
940000 143
940200 122
940400 144
940600 130
940800 118
941000 128
941200 155
941400 129
941600 158
941800 133
942000 125
942200 131
942400 143
942600 153
942800 131
943000 140
943200 122
943400 145
943600 127
943800 132
944000 166
944200 125
944400 111
944600 148
944800 140
945000 139
945200 105
945400 153
945600 137
945800 150
946000 139
946200 129
946400 134
946600 137
946800 112
947000 119
947200 110
947400 150
947600 139
947800 154
948000 135
948200 131
948400 130
948600 135
948800 146
949000 136
949200 124
949400 133
949600 121
949800 146
950000 114
950200 144
950400 127
950600 141
950800 165
951000 137
951200 139
951400 138
951600 150
951800 161
952000 150
952200 118
952400 130
952600 143
952800 146
953000 128
953200 138
953400 118
953600 150
953800 149
954000 121
954200 137
954400 145
954600 132
954800 147
955000 130
955200 134
955400 146
955600 139
955800 112
956000 141
956200 153
956400 140
956600 137
956800 156
957000 151
957200 125
957400 137
957600 155
957800 144
958000 139
958200 126
958400 141
958600 155
958800 144
959000 123
959200 129
959400 160
959600 150
959800 147
960000 135
960200 119
960400 144
960600 141
960800 148
961000 141
961200 152
961400 146
961600 136
961800 132
962000 152
962200 125
962400 135
962600 153
962800 147
963000 148
963200 141
963400 148
963600 138
963800 158
964000 135
964200 126
964400 146
964600 118
964800 154
965000 142
965200 141
965400 147
965600 137
965800 151
966000 139
966200 162
966400 147
966600 144
966800 141
967000 135
967200 137
967400 159
967600 126
967800 149
968000 148
968200 144
968400 134
968600 133
968800 140
969000 139
969200 143
969400 135
969600 126
969800 146
970000 137
970200 123
970400 156
970600 139
970800 131
971000 132
971200 143
971400 144
971600 157
971800 138
972000 138
972200 152
972400 137
972600 158
972800 142
973000 154
973200 129
973400 141
973600 160
973800 131
974000 149
974200 144
974400 128
974600 132
974800 129
975000 142
975200 154
975400 126
975600 124
975800 123
976000 115
976200 152
976400 147
976600 138
976800 126
977000 147
977200 128
977400 138
977600 151
977800 143
978000 119
978200 143
978400 132
978600 136
978800 125
979000 152
979200 152
979400 144
979600 139
979800 145
980000 144
980200 149
980400 134
980600 134
980800 135
981000 147
981200 164
981400 117
981600 155
981800 153
982000 160
982200 114
982400 132
982600 158
982800 118
983000 125
983200 128
983400 119
983600 130
983800 127
984000 128
984200 116
984400 137
984600 161
984800 112
985000 127
985200 145
985400 135
985600 145
985800 153
986000 149
986200 123
986400 135
986600 139
986800 137
987000 129
987200 171
987400 128
987600 158
987800 136
988000 141
988200 134
988400 139
988600 129
988800 153
989000 130
989200 134
989400 142
989600 121
989800 133
990000 148
990200 151
990400 127
990600 142
990800 132
991000 116
991200 135
991400 141
991600 152
991800 154
992000 129
992200 139
992400 137
992600 121
992800 127
993000 145
993200 143
993400 137
993600 141
993800 145
994000 130
994200 133
994400 129
994600 146
994800 156
995000 139
995200 145
995400 145
995600 139
995800 138
996000 151
996200 133
996400 150
996600 158
996800 136
997000 137
997200 128
997400 123
997600 141
997800 145
998000 126
998200 145
998400 132
998600 145
998800 127
999000 148
999200 153
999400 135
999600 150
999800 117
1000000 133
