50 196
100 196
150 196
200 196
250 196
300 196
350 196
400 153
450 153
500 153
550 153
600 153
650 153
700 153
750 153
800 153
850 153
900 153
950 153
1000 153
1050 153
1100 153
1150 153
1200 153
1250 153
1300 153
1350 147
1400 147
1450 147
1500 147
1550 147
1600 147
1650 147
1700 147
1750 147
1800 147
1850 147
1900 147
1950 147
2000 147
2050 147
2100 147
2150 147
2200 147
2250 147
2300 147
2350 147
2400 147
2450 147
2500 147
2550 147
2600 147
2650 147
2700 147
2750 147
2800 147
2850 147
2900 147
2950 147
3000 147
3050 147
3100 147
3150 147
3200 133
3250 133
3300 133
3350 133
3400 133
3450 133
3500 133
3550 133
3600 133
3650 133
3700 133
3750 133
3800 133
3850 133
3900 133
3950 133
4000 133
4050 133
4100 133
4150 133
4200 133
4250 133
4300 133
4350 133
4400 133
4450 133
4500 133
4550 133
4600 133
4650 120
4700 120
4750 120
4800 120
4850 120
4900 120
4950 120
5000 120
5050 120
5100 120
5150 120
5200 120
5250 120
5300 120
5350 120
5400 120
5450 120
5500 120
5550 120
5600 120
5650 120
5700 120
5750 120
5800 120
5850 120
5900 120
5950 120
6000 120
6050 120
6100 120
6150 120
6200 120
6250 120
6300 120
6350 120
6400 120
6450 120
6500 120
6550 120
6600 120
6650 120
6700 120
6750 120
6800 120
6850 120
6900 120
6950 120
7000 120
7050 120
7100 120
7150 120
7200 120
7250 120
7300 120
7350 120
7400 120
7450 120
7500 120
7550 120
7600 120
7650 120
7700 120
7750 120
7800 120
7850 120
7900 120
7950 120
8000 120
8050 120
8100 120
8150 120
8200 120
8250 120
8300 120
8350 120
8400 120
8450 120
8500 120
8550 120
8600 120
8650 120
8700 120
8750 120
8800 120
8850 120
8900 120
8950 120
9000 120
9050 120
9100 120
9150 120
9200 120
9250 120
9300 120
9350 120
9400 120
9450 120
9500 120
9550 120
9600 120
9650 120
9700 120
9750 120
9800 120
9850 120
9900 120
9950 120
10000 120
10050 120
10100 120
10150 120
10200 120
10250 120
10300 120
10350 120
10400 120
10450 120
10500 120
10550 120
10600 120
10650 120
10700 120
10750 120
10800 120
10850 120
10900 120
10950 120
11000 120
11050 120
11100 120
11150 120
11200 120
11250 120
11300 120
11350 120
11400 120
11450 120
11500 120
11550 120
11600 120
11650 120
11700 120
11750 120
11800 120
11850 120
11900 120
11950 120
12000 120
12050 120
12100 120
12150 120
12200 120
12250 120
12300 120
12350 120
12400 120
12450 120
12500 120
12550 120
12600 120
12650 120
12700 120
12750 120
12800 120
12850 120
12900 120
12950 120
13000 120
13050 120
13100 120
13150 120
13200 120
13250 120
13300 120
13350 120
13400 120
13450 120
13500 120
13550 120
13600 120
13650 120
13700 120
13750 120
13800 120
13850 120
13900 120
13950 120
14000 120
14050 120
14100 120
14150 120
14200 120
14250 120
14300 120
14350 120
14400 120
14450 120
14500 120
14550 120
14600 113
14650 113
14700 113
14750 113
14800 113
14850 113
14900 113
14950 113
15000 113
15050 113
15100 113
15150 113
15200 113
15250 113
15300 113
15350 113
15400 113
15450 113
15500 113
15550 113
15600 113
15650 103
15700 103
15750 103
15800 103
15850 103
15900 103
15950 103
16000 103
16050 103
16100 103
16150 103
16200 103
16250 103
16300 103
16350 103
16400 103
16450 103
16500 103
16550 103
16600 103
16650 103
16700 103
16750 103
16800 103
16850 103
16900 103
16950 103
17000 103
17050 103
17100 103
17150 103
17200 103
17250 103
17300 103
17350 103
17400 103
17450 103
17500 103
17550 103
17600 103
17650 103
17700 103
17750 103
17800 103
17850 103
17900 103
17950 103
18000 103
18050 103
18100 103
18150 103
18200 103
18250 103
18300 103
18350 103
18400 103
18450 103
18500 103
18550 103
18600 103
18650 103
18700 103
18750 103
18800 103
18850 103
18900 103
18950 103
19000 103
19050 103
19100 103
19150 103
19200 103
19250 103
19300 103
19350 103
19400 103
19450 103
19500 103
19550 103
19600 103
19650 103
19700 103
19750 103
19800 103
19850 103
19900 99
19950 99
20000 99
20050 99
20100 99
20150 99
20200 99
20250 99
20300 99
20350 99
20400 99
20450 95
20500 95
20550 95
20600 95
20650 95
20700 95
20750 95
20800 95
20850 95
20900 95
20950 95
21000 95
21050 95
21100 95
21150 95
21200 95
21250 95
21300 95
21350 95
21400 95
21450 95
21500 95
21550 95
21600 95
21650 95
21700 95
21750 95
21800 95
21850 95
21900 95
21950 95
22000 95
22050 95
22100 95
22150 95
22200 95
22250 95
22300 84
22350 84
22400 84
22450 84
22500 84
22550 84
22600 84
22650 84
22700 84
22750 84
22800 84
22850 84
22900 84
22950 84
23000 84
23050 84
23100 84
23150 84
23200 84
23250 84
23300 84
23350 84
23400 84
23450 84
23500 84
23550 84
23600 84
23650 84
23700 84
23750 84
23800 84
23850 84
23900 84
23950 84
24000 84
24050 84
24100 84
24150 84
24200 84
24250 84
24300 84
24350 84
24400 84
24450 84
24500 84
24550 84
24600 84
24650 84
24700 84
24750 84
24800 84
24850 84
24900 84
24950 84
25000 84
25050 84
25100 84
25150 84
25200 84
25250 84
25300 84
25350 84
25400 84
25450 84
25500 84
25550 84
25600 84
25650 84
25700 84
25750 84
25800 84
25850 82
25900 82
25950 82
26000 82
26050 82
26100 82
26150 82
26200 82
26250 82
26300 82
26350 82
26400 82
26450 82
26500 82
26550 82
26600 82
26650 82
26700 82
26750 82
26800 82
26850 82
26900 82
26950 82
27000 82
27050 82
27100 82
27150 82
27200 82
27250 82
27300 82
27350 82
27400 82
27450 82
27500 82
27550 82
27600 82
27650 82
27700 82
27750 82
27800 82
27850 82
27900 82
27950 82
28000 82
28050 82
28100 82
28150 82
28200 82
28250 82
28300 82
28350 80
28400 80
28450 80
28500 80
28550 80
28600 80
28650 80
28700 80
28750 80
28800 80
28850 80
28900 80
28950 80
29000 80
29050 80
29100 80
29150 80
29200 80
29250 80
29300 80
29350 80
29400 80
29450 80
29500 80
29550 80
29600 80
29650 80
29700 76
29750 76
29800 76
29850 76
29900 76
29950 76
30000 76
30050 76
30100 76
30150 76
30200 76
30250 74
30300 74
30350 74
30400 74
30450 74
30500 74
30550 74
30600 74
30650 74
30700 74
30750 74
30800 74
30850 74
30900 74
30950 74
31000 74
31050 74
31100 74
31150 74
31200 74
31250 74
31300 74
31350 74
31400 74
31450 74
31500 72
31550 72
31600 72
31650 72
31700 72
31750 72
31800 72
31850 72
31900 72
31950 72
32000 72
32050 72
32100 72
32150 72
32200 72
32250 72
32300 72
32350 72
32400 72
32450 72
32500 72
32550 72
32600 72
32650 72
32700 72
32750 72
32800 72
32850 71
32900 71
32950 71
33000 71
33050 71
33100 71
33150 71
33200 71
33250 71
33300 71
33350 71
33400 71
33450 71
33500 71
33550 71
33600 71
33650 71
33700 71
33750 71
33800 71
33850 71
33900 71
33950 71
34000 71
34050 71
34100 71
34150 71
34200 71
34250 71
34300 71
34350 71
34400 71
34450 71
34500 71
34550 71
34600 71
34650 71
34700 71
34750 71
34800 71
34850 71
34900 71
34950 71
35000 71
35050 71
35100 71
35150 71
35200 71
35250 71
35300 71
35350 71
35400 71
35450 71
35500 71
35550 71
35600 71
35650 71
35700 71
35750 71
35800 71
35850 71
35900 71
35950 71
36000 71
36050 71
36100 71
36150 71
36200 71
36250 71
36300 71
36350 71
36400 71
36450 71
36500 71
36550 71
36600 71
36650 71
36700 71
36750 71
36800 71
36850 71
36900 71
36950 71
37000 71
37050 71
37100 71
37150 71
37200 71
37250 71
37300 71
37350 71
37400 71
37450 71
37500 71
37550 71
37600 71
37650 71
37700 71
37750 71
37800 71
37850 71
37900 71
37950 71
38000 71
38050 71
38100 71
38150 71
38200 71
38250 71
38300 71
38350 71
38400 71
38450 71
38500 71
38550 71
38600 71
38650 71
38700 71
38750 71
38800 71
38850 71
38900 71
38950 71
39000 71
39050 71
39100 71
39150 71
39200 71
39250 71
39300 71
39350 71
39400 71
39450 71
39500 71
39550 71
39600 71
39650 71
39700 71
39750 71
39800 71
39850 71
39900 71
39950 71
40000 71
40050 71
40100 71
40150 71
40200 71
40250 71
40300 71
40350 71
40400 71
40450 71
40500 71
40550 71
40600 71
40650 71
40700 71
40750 71
40800 71
40850 71
40900 71
40950 71
41000 71
41050 71
41100 71
41150 71
41200 71
41250 71
41300 71
41350 71
41400 71
41450 71
41500 71
41550 71
41600 71
41650 71
41700 71
41750 71
41800 71
41850 71
41900 71
41950 71
42000 71
42050 71
42100 71
42150 71
42200 71
42250 71
42300 71
42350 71
42400 71
42450 71
42500 71
42550 71
42600 71
42650 71
42700 71
42750 71
42800 71
42850 71
42900 71
42950 71
43000 71
43050 71
43100 71
43150 71
43200 71
43250 71
43300 71
43350 71
43400 71
43450 71
43500 71
43550 71
43600 71
43650 71
43700 71
43750 71
43800 71
43850 71
43900 71
43950 71
44000 71
44050 71
44100 71
44150 71
44200 71
44250 71
44300 71
44350 71
44400 71
44450 71
44500 71
44550 71
44600 71
44650 71
44700 71
44750 71
44800 71
44850 71
44900 71
44950 71
45000 71
45050 71
45100 71
45150 71
45200 71
45250 71
45300 71
45350 71
45400 71
45450 71
45500 71
45550 71
45600 71
45650 71
45700 71
45750 71
45800 71
45850 71
45900 71
45950 71
46000 71
46050 71
46100 71
46150 71
46200 71
46250 71
46300 71
46350 71
46400 71
46450 71
46500 71
46550 71
46600 71
46650 71
46700 71
46750 71
46800 71
46850 71
46900 71
46950 71
47000 71
47050 71
47100 71
47150 71
47200 71
47250 71
47300 71
47350 71
47400 71
47450 71
47500 71
47550 71
47600 71
47650 71
47700 71
47750 71
47800 71
47850 71
47900 71
47950 71
48000 71
48050 71
48100 71
48150 71
48200 71
48250 71
48300 71
48350 71
48400 71
48450 71
48500 71
48550 71
48600 71
48650 71
48700 71
48750 71
48800 71
48850 71
48900 71
48950 71
49000 71
49050 71
49100 71
49150 71
49200 71
49250 71
49300 71
49350 71
49400 71
49450 71
49500 71
49550 71
49600 71
49650 71
49700 71
49750 71
49800 71
49850 71
49900 71
49950 71
50000 71
50050 71
50100 71
50150 71
50200 71
50250 71
50300 71
50350 71
50400 71
50450 71
50500 71
50550 71
50600 71
50650 71
50700 71
50750 71
50800 71
50850 71
50900 71
50950 71
51000 71
51050 71
51100 71
51150 71
51200 71
51250 71
51300 71
51350 71
51400 71
51450 71
51500 71
51550 71
51600 71
51650 71
51700 71
51750 71
51800 71
51850 71
51900 71
51950 71
52000 71
52050 71
52100 71
52150 71
52200 71
52250 71
52300 71
52350 71
52400 71
52450 71
52500 71
52550 71
52600 71
52650 71
52700 71
52750 71
52800 71
52850 71
52900 71
52950 71
53000 71
53050 71
53100 71
53150 71
53200 71
53250 71
53300 71
53350 71
53400 71
53450 71
53500 71
53550 71
53600 71
53650 71
53700 71
53750 71
53800 71
53850 71
53900 71
53950 71
54000 71
54050 71
54100 71
54150 71
54200 71
54250 71
54300 71
54350 71
54400 71
54450 71
54500 71
54550 71
54600 71
54650 71
54700 71
54750 71
54800 71
54850 71
54900 71
54950 71
55000 71
55050 71
55100 71
55150 71
55200 71
55250 71
55300 71
55350 71
55400 71
55450 71
55500 71
55550 71
55600 71
55650 71
55700 71
55750 71
55800 71
55850 71
55900 71
55950 71
56000 71
56050 71
56100 71
56150 71
56200 71
56250 71
56300 71
56350 71
56400 71
56450 71
56500 71
56550 71
56600 71
56650 71
56700 71
56750 71
56800 71
56850 71
56900 71
56950 71
57000 71
57050 71
57100 71
57150 71
57200 71
57250 71
57300 71
57350 71
57400 71
57450 71
57500 71
57550 71
57600 71
57650 71
57700 71
57750 71
