500 150
1000 148
1500 154
2000 148
2500 151
3000 155
3500 138
4000 162
4500 151
5000 138
5500 166
6000 167
6500 139
7000 148
7500 152
8000 146
8500 145
9000 135
9500 145
10000 143
10500 139
11000 150
11500 157
12000 147
12500 153
13000 130
13500 163
14000 157
14500 172
15000 168
15500 130
16000 151
16500 153
17000 145
17500 147
18000 151
18500 153
19000 130
19500 137
20000 143
20500 137
21000 142
21500 134
22000 134
22500 154
23000 130
23500 160
24000 140
24500 141
25000 140
25500 154
26000 152
26500 148
27000 160
27500 150
28000 149
28500 138
29000 148
29500 149
30000 157
30500 153
31000 150
31500 139
32000 130
32500 146
33000 152
33500 151
34000 138
34500 153
35000 141
35500 128
36000 131
36500 139
37000 135
37500 147
38000 133
38500 161
39000 138
39500 157
40000 135
40500 142
41000 136
41500 134
42000 132
42500 164
43000 143
43500 140
44000 172
44500 136
45000 143
45500 126
46000 144
46500 169
47000 148
47500 162
48000 157
48500 151
49000 122
49500 155
50000 159
50500 150
51000 159
51500 153
52000 150
52500 162
53000 132
53500 146
54000 138
54500 153
55000 149
55500 131
56000 144
56500 137
57000 149
57500 122
58000 147
58500 144
59000 140
59500 134
60000 145
60500 145
61000 138
61500 145
62000 171
62500 138
63000 138
63500 150
64000 111
64500 159
65000 138
65500 148
66000 131
66500 149
67000 143
67500 155
68000 130
68500 139
69000 144
69500 137
70000 122
70500 161
71000 149
71500 137
72000 136
72500 148
73000 136
73500 132
74000 136
74500 146
75000 135
75500 149
76000 147
76500 143
77000 140
77500 134
78000 121
78500 147
79000 159
79500 142
80000 171
80500 139
81000 138
81500 147
82000 157
82500 108
83000 159
83500 159
84000 127
84500 138
85000 152
85500 124
86000 143
86500 151
87000 143
87500 135
88000 128
88500 139
89000 144
89500 142
90000 139
90500 142
91000 127
91500 129
92000 158
92500 135
93000 143
93500 140
94000 120
94500 146
95000 144
95500 146
96000 127
96500 157
97000 151
97500 156
98000 131
98500 132
99000 134
99500 141
100000 143
100500 134
101000 122
101500 134
102000 125
102500 115
103000 130
103500 151
104000 154
104500 135
105000 128
105500 135
106000 149
106500 139
107000 148
107500 146
108000 120
108500 142
109000 127
109500 139
110000 147
110500 162
111000 144
111500 138
112000 137
112500 137
113000 149
113500 136
114000 125
114500 132
115000 139
115500 132
116000 148
116500 138
117000 144
117500 141
118000 141
118500 144
119000 140
119500 141
120000 116
120500 156
121000 118
121500 109
122000 139
122500 150
123000 151
123500 156
124000 150
124500 120
125000 134
125500 131
126000 119
126500 143
127000 124
127500 128
128000 134
128500 141
129000 139
129500 137
130000 126
130500 131
131000 134
131500 132
132000 131
132500 130
133000 135
133500 128
134000 126
134500 144
135000 131
135500 144
136000 119
136500 142
137000 120
137500 131
138000 133
138500 134
139000 145
139500 126
140000 143
140500 142
141000 131
141500 126
142000 121
142500 124
143000 123
143500 140
144000 133
144500 122
145000 138
145500 125
146000 128
146500 111
147000 161
147500 109
148000 140
148500 130
149000 139
149500 128
150000 123
150500 140
151000 143
151500 118
152000 133
152500 129
153000 131
153500 155
154000 140
154500 120
155000 109
155500 139
156000 159
156500 140
157000 131
157500 105
158000 147
158500 120
159000 117
159500 130
160000 130
160500 130
161000 122
161500 134
162000 142
162500 123
163000 139
163500 129
164000 129
164500 116
165000 117
165500 111
166000 131
166500 129
167000 143
167500 109
168000 147
168500 135
169000 129
169500 164
170000 110
170500 128
171000 111
171500 113
172000 105
172500 109
173000 100
173500 128
174000 118
174500 113
175000 121
175500 131
176000 114
176500 131
177000 146
177500 129
178000 120
178500 136
179000 122
179500 101
180000 125
180500 140
181000 116
181500 119
182000 103
182500 118
183000 120
183500 150
184000 118
184500 102
185000 127
185500 119
186000 142
186500 117
187000 117
187500 114
188000 114
188500 131
189000 122
189500 124
190000 111
190500 122
191000 156
191500 125
192000 117
192500 119
193000 124
193500 104
194000 100
194500 122
195000 119
195500 132
196000 129
196500 117
197000 128
197500 108
198000 124
198500 116
199000 149
199500 115
200000 137
200500 110
201000 113
201500 110
202000 106
202500 121
203000 105
203500 116
204000 109
204500 125
205000 108
205500 126
206000 106
206500 120
207000 125
207500 113
208000 102
208500 101
209000 119
209500 129
210000 111
210500 118
211000 103
211500 104
212000 96
212500 109
213000 126
213500 116
214000 110
214500 108
215000 110
215500 107
216000 106
216500 103
217000 117
217500 126
218000 104
218500 108
219000 106
219500 143
220000 102
220500 104
221000 100
221500 101
222000 119
222500 88
223000 110
223500 97
224000 100
224500 125
225000 104
225500 114
226000 98
226500 106
227000 117
227500 112
228000 92
228500 106
229000 103
229500 101
230000 82
230500 106
231000 102
231500 90
232000 102
232500 124
233000 103
233500 100
234000 107
234500 113
235000 101
235500 100
236000 111
236500 101
237000 107
237500 114
238000 100
238500 93
239000 94
239500 112
240000 117
240500 88
241000 91
241500 131
242000 90
242500 103
243000 102
243500 102
244000 93
244500 86
245000 119
245500 97
246000 88
246500 98
247000 114
247500 99
248000 106
248500 161
249000 98
249500 119
250000 86
250500 90
251000 106
251500 89
252000 83
252500 90
253000 94
253500 93
254000 79
254500 92
255000 89
255500 81
256000 137
256500 109
257000 126
257500 102
258000 102
258500 88
259000 83
259500 130
260000 80
260500 89
261000 92
261500 88
262000 92
262500 146
263000 101
263500 102
264000 87
264500 81
265000 95
265500 94
266000 95
266500 98
267000 109
267500 89
268000 86
268500 94
269000 88
269500 137
270000 92
270500 98
271000 87
271500 98
272000 82
272500 78
273000 83
273500 125
274000 98
274500 119
275000 85
275500 76
276000 76
276500 86
277000 112
277500 80
278000 122
278500 77
279000 78
279500 89
280000 76
280500 75
281000 101
281500 82
282000 87
282500 76
283000 74
283500 77
284000 77
284500 80
285000 80
285500 71
286000 71
286500 71
287000 69
287500 70
288000 73
288500 78
289000 74
289500 127
290000 75
290500 69
291000 73
291500 101
292000 83
292500 86
293000 83
293500 79
294000 80
294500 97
295000 92
295500 102
296000 83
296500 78
297000 75
297500 75
298000 74
298500 76
299000 77
299500 74
300000 75
300500 70
301000 71
301500 69
302000 72
302500 71
303000 71
303500 75
304000 69
304500 71
305000 71
305500 73
306000 70
306500 76
307000 73
307500 73
308000 69
308500 75
309000 73
309500 72
310000 72
310500 73
311000 72
311500 74
312000 72
312500 75
313000 73
313500 70
314000 72
314500 70
315000 70
315500 105
316000 83
316500 89
317000 73
317500 73
318000 74
318500 73
319000 71
319500 75
320000 72
320500 71
321000 71
321500 73
322000 84
322500 77
323000 74
323500 74
324000 71
324500 71
325000 71
325500 71
326000 71
326500 71
327000 70
327500 70
328000 70
328500 70
329000 70
329500 69
330000 70
330500 71
331000 70
331500 70
332000 71
332500 69
333000 70
333500 70
334000 70
334500 71
335000 71
335500 70
336000 70
336500 69
337000 69
337500 69
338000 70
338500 71
339000 71
339500 71
340000 70
340500 71
341000 72
341500 72
342000 72
342500 72
343000 71
343500 71
344000 73
344500 72
345000 72
345500 72
346000 72
346500 103
347000 90
347500 85
348000 75
348500 76
349000 75
349500 70
350000 71
350500 70
351000 70
351500 70
352000 71
352500 70
353000 70
353500 72
354000 70
354500 93
355000 84
355500 79
356000 79
356500 72
357000 72
357500 72
358000 70
358500 70
359000 70
359500 70
360000 70
360500 70
361000 70
361500 70
362000 70
362500 70
363000 109
363500 77
364000 73
364500 73
365000 73
365500 73
366000 72
366500 72
367000 72
367500 72
368000 72
368500 72
369000 72
369500 72
370000 72
370500 72
371000 72
371500 72
372000 72
372500 72
373000 72
373500 72
374000 72
374500 72
375000 72
375500 72
376000 72
376500 72
377000 72
377500 72
378000 72
378500 72
379000 72
379500 72
380000 72
380500 72
381000 72
381500 72
382000 72
382500 72
383000 72
383500 72
384000 72
384500 72
385000 72
385500 72
386000 72
386500 72
387000 72
387500 72
388000 72
388500 72
389000 72
389500 72
390000 71
390500 69
391000 69
391500 69
392000 69
392500 69
393000 69
393500 69
394000 69
394500 69
395000 69
395500 69
396000 69
396500 69
397000 69
397500 69
398000 69
398500 69
399000 69
399500 69
400000 69
400500 69
401000 69
401500 69
402000 69
402500 69
403000 69
403500 69
404000 69
404500 69
405000 69
405500 69
406000 69
406500 69
407000 69
407500 69
408000 69
408500 69
409000 69
409500 69
410000 69
410500 69
411000 69
411500 69
412000 69
412500 69
413000 69
413500 69
414000 69
414500 69
415000 69
415500 69
416000 69
416500 69
417000 69
417500 69
418000 69
418500 69
419000 69
419500 69
420000 69
420500 69
421000 69
421500 69
422000 69
422500 69
423000 69
423500 69
424000 69
424500 69
425000 69
425500 69
426000 69
426500 69
427000 69
427500 69
428000 69
428500 69
429000 69
429500 69
430000 69
430500 69
431000 69
431500 69
432000 69
432500 69
433000 69
433500 69
434000 69
434500 69
435000 69
435500 69
436000 69
436500 69
437000 69
437500 69
438000 69
438500 69
439000 69
439500 69
440000 69
440500 69
441000 69
441500 69
442000 69
442500 69
443000 69
443500 69
444000 69
444500 69
445000 69
445500 69
446000 69
446500 69
447000 69
447500 69
448000 69
448500 69
449000 69
449500 69
450000 69
450500 69
451000 69
451500 69
452000 69
452500 69
453000 69
453500 69
454000 69
454500 69
455000 69
455500 69
456000 69
456500 69
457000 69
457500 69
458000 69
458500 69
459000 69
459500 69
460000 69
460500 69
461000 69
461500 69
462000 69
462500 69
463000 69
463500 69
464000 69
464500 69
465000 69
465500 69
466000 69
466500 69
467000 69
467500 69
468000 69
468500 69
469000 69
469500 69
470000 69
470500 69
471000 69
471500 69
472000 69
472500 69
473000 69
473500 69
474000 69
474500 69
475000 69
475500 69
476000 69
476500 69
477000 69
477500 69
478000 69
478500 69
479000 69
479500 69
480000 69
480500 69
481000 69
481500 69
482000 69
482500 69
483000 69
483500 69
484000 69
484500 69
485000 69
485500 69
486000 69
486500 69
487000 69
487500 69
488000 69
488500 69
489000 69
489500 69
490000 69
490500 69
491000 69
491500 69
492000 69
492500 69
493000 69
493500 69
494000 69
494500 69
495000 69
495500 69
496000 69
496500 69
497000 69
497500 69
498000 69
498500 69
499000 69
499500 69
500000 69
500500 69
501000 69
501500 69
502000 69
502500 69
503000 69
503500 69
504000 69
504500 69
505000 69
505500 69
506000 69
506500 69
507000 69
507500 69
508000 69
508500 69
509000 69
509500 69
510000 69
510500 69
511000 69
511500 69
512000 69
512500 69
513000 69
513500 69
514000 69
514500 69
515000 69
515500 69
516000 69
516500 69
517000 69
517500 69
518000 69
518500 69
519000 69
519500 69
520000 69
520500 69
521000 69
521500 69
522000 69
522500 69
523000 69
523500 69
524000 69
524500 69
525000 69
525500 69
526000 69
526500 69
527000 69
527500 69
528000 69
528500 69
529000 69
529500 69
530000 69
530500 69
531000 69
531500 69
532000 69
532500 69
533000 69
533500 69
534000 69
534500 69
535000 69
535500 69
536000 69
536500 69
537000 69
537500 69
538000 69
538500 69
539000 69
539500 69
540000 69
540500 69
541000 69
541500 69
542000 69
542500 69
543000 69
543500 69
544000 69
544500 69
545000 69
545500 69
546000 69
546500 69
547000 69
547500 69
548000 69
548500 99
549000 80
549500 75
550000 74
550500 70
551000 70
551500 70
552000 70
552500 70
553000 70
553500 70
554000 70
554500 70
555000 70
555500 70
556000 70
556500 70
557000 70
557500 70
558000 70
558500 70
559000 70
559500 70
560000 84
560500 68
561000 68
561500 68
562000 68
562500 68
563000 68
563500 68
564000 68
564500 68
565000 68
565500 68
566000 68
566500 68
567000 68
567500 68
568000 68
568500 68
569000 68
569500 68
570000 68
570500 68
571000 68
571500 68
572000 68
572500 68
573000 68
573500 68
574000 68
574500 68
575000 68
575500 68
576000 68
576500 68
577000 68
577500 68
578000 68
578500 68
579000 68
579500 68
580000 68
580500 68
581000 68
581500 68
582000 68
582500 68
583000 68
583500 68
584000 68
584500 68
585000 68
585500 68
586000 68
586500 68
587000 68
587500 68
588000 68
588500 68
589000 68
589500 68
590000 68
590500 68
591000 68
591500 68
592000 68
592500 68
593000 68
593500 68
594000 68
594500 68
595000 68
595500 68
596000 68
596500 68
597000 68
597500 68
598000 68
598500 68
599000 68
599500 68
600000 68
600500 68
601000 68
601500 68
602000 68
602500 68
603000 68
603500 68
604000 68
604500 68
605000 68
605500 68
606000 68
606500 68
607000 68
607500 68
608000 68
608500 68
609000 68
609500 68
610000 68
610500 68
611000 68
611500 68
612000 68
612500 68
613000 68
613500 68
614000 68
614500 68
615000 68
615500 68
616000 68
616500 68
617000 68
617500 68
618000 68
618500 68
619000 68
619500 68
620000 68
620500 68
621000 68
621500 68
622000 68
622500 68
623000 68
623500 68
624000 68
624500 68
625000 68
625500 68
626000 68
626500 68
627000 68
627500 68
628000 68
628500 68
629000 68
629500 68
630000 68
630500 68
631000 68
631500 68
632000 68
632500 68
633000 68
633500 68
634000 68
634500 68
635000 68
635500 68
636000 68
636500 68
637000 68
637500 68
638000 68
638500 68
639000 68
639500 68
640000 68
640500 68
641000 68
641500 68
642000 68
642500 68
643000 68
643500 68
644000 68
644500 68
645000 68
645500 68
646000 68
646500 68
647000 68
647500 68
648000 68
648500 68
649000 68
649500 68
650000 68
650500 68
651000 68
651500 68
652000 68
652500 68
653000 68
653500 68
654000 68
654500 68
655000 68
655500 68
656000 68
656500 68
