500 125
1000 160
1500 166
2000 146
2500 141
3000 144
3500 141
4000 145
4500 171
5000 149
5500 146
6000 157
6500 162
7000 142
7500 142
8000 141
8500 174
9000 156
9500 145
10000 162
10500 162
11000 140
11500 155
12000 139
12500 152
13000 143
13500 156
14000 159
14500 147
15000 157
15500 147
16000 147
16500 149
17000 131
17500 120
18000 152
18500 149
19000 135
19500 150
20000 157
20500 145
21000 154
21500 123
22000 159
22500 134
23000 127
23500 175
24000 162
24500 141
25000 140
25500 145
26000 137
26500 163
27000 114
27500 149
28000 139
28500 164
29000 161
29500 148
30000 133
30500 137
31000 149
31500 142
32000 127
32500 163
33000 165
33500 158
34000 133
34500 148
35000 142
35500 140
36000 146
36500 150
37000 168
37500 137
38000 160
38500 151
39000 154
39500 150
40000 147
40500 139
41000 140
41500 163
42000 125
42500 171
43000 144
43500 127
44000 152
44500 134
45000 140
45500 153
46000 135
46500 134
47000 148
47500 147
48000 151
48500 161
49000 138
49500 145
50000 134
50500 147
51000 138
51500 139
52000 161
52500 116
53000 140
53500 145
54000 148
54500 138
55000 170
55500 142
56000 141
56500 157
57000 143
57500 146
58000 127
58500 147
59000 136
59500 162
60000 158
60500 134
61000 158
61500 147
62000 159
62500 156
63000 130
63500 142
64000 135
64500 123
65000 127
65500 127
66000 147
66500 119
67000 153
67500 155
68000 140
68500 165
69000 133
69500 143
70000 156
70500 136
71000 142
71500 117
72000 140
72500 126
73000 125
73500 144
74000 146
74500 132
75000 142
75500 137
76000 159
76500 162
77000 150
77500 131
78000 142
78500 143
79000 137
79500 137
80000 150
80500 123
81000 125
81500 126
82000 146
82500 126
83000 154
83500 135
84000 142
84500 151
85000 131
85500 140
86000 125
86500 142
87000 152
87500 124
88000 134
88500 147
89000 154
89500 140
90000 155
90500 137
91000 134
91500 145
92000 172
92500 139
93000 165
93500 131
94000 146
94500 149
95000 132
95500 145
96000 143
96500 140
97000 143
97500 152
98000 144
98500 151
99000 123
99500 131
100000 135
100500 133
101000 135
101500 156
102000 140
102500 142
103000 135
103500 138
104000 132
104500 147
105000 151
105500 134
106000 131
106500 168
107000 150
107500 146
108000 147
108500 131
109000 136
109500 140
110000 150
110500 149
111000 139
111500 138
112000 127
112500 134
113000 148
113500 124
114000 130
114500 126
115000 121
115500 146
116000 135
116500 143
117000 144
117500 143
118000 126
118500 135
119000 145
119500 149
120000 141
120500 152
121000 152
121500 120
122000 133
122500 129
123000 151
123500 148
124000 145
124500 117
125000 132
125500 128
126000 132
126500 120
127000 138
127500 105
128000 137
128500 132
129000 139
129500 132
130000 130
130500 119
131000 125
131500 134
132000 123
132500 123
133000 136
133500 136
134000 123
134500 148
135000 140
135500 127
136000 115
136500 138
137000 139
137500 129
138000 143
138500 137
139000 143
139500 142
140000 120
140500 129
141000 129
141500 122
142000 145
142500 124
143000 123
143500 133
144000 141
144500 135
145000 114
145500 120
146000 139
146500 126
147000 135
147500 137
148000 136
148500 122
149000 107
149500 110
150000 110
150500 130
151000 139
151500 133
152000 115
152500 123
153000 140
153500 134
154000 114
154500 117
155000 116
155500 115
156000 134
156500 152
157000 114
157500 131
158000 107
158500 123
159000 132
159500 109
160000 134
160500 144
161000 127
161500 123
162000 137
162500 138
163000 142
163500 135
164000 123
164500 122
165000 136
165500 122
166000 120
166500 111
167000 141
167500 119
168000 133
168500 132
169000 111
169500 137
170000 127
170500 123
171000 153
171500 114
172000 118
172500 124
173000 125
173500 107
174000 122
174500 130
175000 111
175500 126
176000 138
176500 119
177000 111
177500 104
178000 128
178500 136
179000 130
179500 130
180000 123
180500 137
181000 118
181500 135
182000 111
182500 111
183000 114
183500 114
184000 134
184500 116
185000 117
185500 117
186000 109
186500 113
187000 119
187500 138
188000 127
188500 122
189000 123
189500 102
190000 123
190500 130
191000 129
191500 113
192000 103
192500 138
193000 105
193500 129
194000 125
194500 121
195000 131
195500 124
196000 122
196500 133
197000 123
197500 126
198000 136
198500 119
199000 119
199500 106
200000 132
200500 102
201000 102
201500 115
202000 112
202500 130
203000 111
203500 120
204000 135
204500 130
205000 132
205500 124
206000 134
206500 101
207000 110
207500 146
208000 118
208500 124
209000 109
209500 116
210000 129
210500 121
211000 120
211500 131
212000 122
212500 130
213000 111
213500 111
214000 110
214500 138
215000 117
215500 141
216000 98
216500 89
217000 89
217500 116
218000 116
218500 96
219000 101
219500 123
220000 121
220500 116
221000 124
221500 125
222000 116
222500 100
223000 110
223500 109
224000 114
224500 101
225000 108
225500 104
226000 100
226500 108
227000 134
227500 92
228000 128
228500 110
229000 98
229500 108
230000 101
230500 120
231000 100
231500 115
232000 98
232500 105
233000 107
233500 96
234000 131
234500 97
235000 108
235500 98
236000 115
236500 95
237000 111
237500 105
238000 115
238500 96
239000 112
239500 137
240000 94
240500 91
241000 136
241500 98
242000 108
242500 108
243000 100
243500 89
244000 82
244500 94
245000 90
245500 78
246000 103
246500 109
247000 106
247500 95
248000 89
248500 94
249000 80
249500 78
250000 106
250500 119
251000 109
251500 101
252000 93
252500 78
253000 88
253500 90
254000 96
254500 89
255000 106
255500 95
256000 99
256500 90
257000 98
257500 88
258000 113
258500 84
259000 96
259500 101
260000 120
260500 83
261000 89
261500 96
262000 94
262500 84
263000 84
263500 87
264000 92
264500 104
265000 121
265500 83
266000 78
266500 81
267000 87
267500 88
268000 106
268500 86
269000 80
269500 102
270000 86
270500 83
271000 86
271500 73
272000 80
272500 91
273000 97
273500 108
274000 94
274500 79
275000 80
275500 120
276000 98
276500 83
277000 73
277500 106
278000 120
278500 127
279000 99
279500 88
280000 111
280500 97
281000 85
281500 132
282000 86
282500 85
283000 78
283500 68
284000 92
284500 109
285000 148
285500 94
286000 77
286500 78
287000 126
287500 81
288000 85
288500 115
289000 79
289500 75
290000 72
290500 69
291000 71
291500 122
292000 88
292500 74
293000 71
293500 71
294000 71
294500 73
295000 83
295500 70
296000 70
296500 78
297000 81
297500 119
298000 111
298500 74
299000 73
299500 72
300000 75
300500 70
301000 71
301500 70
302000 70
302500 69
303000 70
303500 70
304000 69
304500 69
305000 70
305500 71
306000 70
306500 71
307000 69
307500 69
308000 69
308500 72
309000 73
309500 73
310000 72
310500 72
311000 74
311500 74
312000 102
312500 81
313000 77
313500 99
314000 78
314500 76
315000 84
315500 76
316000 74
316500 73
317000 72
317500 86
318000 87
318500 75
319000 69
319500 76
320000 74
320500 73
321000 70
321500 125
322000 84
322500 75
323000 77
323500 73
324000 73
324500 73
325000 73
325500 69
326000 69
326500 71
327000 74
327500 71
328000 71
328500 71
329000 70
329500 70
330000 70
330500 70
331000 70
331500 70
332000 70
332500 70
333000 70
333500 70
334000 71
334500 70
335000 66
335500 66
336000 66
336500 66
337000 65
337500 65
338000 66
338500 67
339000 67
339500 70
340000 66
340500 66
341000 66
341500 66
342000 66
342500 66
343000 67
343500 66
344000 66
344500 66
345000 66
345500 66
346000 66
346500 67
347000 66
347500 66
348000 66
348500 66
349000 66
349500 69
350000 66
350500 66
351000 66
351500 66
352000 66
352500 65
353000 65
353500 66
354000 66
354500 66
355000 66
355500 66
356000 66
356500 66
357000 66
357500 66
358000 66
358500 67
359000 67
359500 66
360000 65
360500 65
361000 65
361500 65
362000 65
362500 65
363000 65
363500 65
364000 65
364500 65
365000 65
365500 65
366000 65
366500 65
367000 65
367500 65
368000 65
368500 65
369000 65
369500 65
370000 65
370500 65
371000 65
371500 65
372000 65
372500 65
373000 65
373500 65
374000 65
374500 65
375000 65
375500 65
376000 65
376500 65
377000 65
377500 65
378000 65
378500 65
379000 65
379500 65
380000 65
380500 65
381000 65
381500 65
382000 65
382500 65
383000 65
383500 65
384000 65
384500 65
385000 65
385500 65
386000 65
386500 65
387000 65
387500 65
388000 65
388500 65
389000 65
389500 65
390000 65
390500 65
391000 65
391500 65
392000 65
392500 65
393000 65
393500 65
394000 65
394500 65
395000 65
395500 65
396000 65
396500 65
397000 65
397500 65
398000 65
398500 65
399000 65
399500 65
400000 65
400500 66
401000 66
401500 65
402000 65
402500 65
403000 65
403500 65
404000 65
404500 65
405000 65
405500 65
406000 65
406500 65
407000 65
407500 65
408000 65
408500 65
409000 65
409500 65
410000 65
410500 65
411000 65
411500 65
412000 65
412500 65
413000 65
413500 65
414000 65
414500 65
415000 65
415500 65
416000 65
416500 65
417000 65
417500 65
418000 65
418500 65
419000 65
419500 65
420000 65
420500 65
421000 65
421500 65
422000 65
422500 65
423000 65
423500 65
424000 65
424500 65
425000 65
425500 65
426000 65
426500 65
427000 65
427500 65
428000 65
428500 65
429000 65
429500 65
430000 65
430500 65
431000 65
431500 65
432000 65
432500 65
433000 65
433500 65
434000 65
434500 65
435000 65
435500 65
436000 65
436500 65
437000 65
437500 65
438000 65
438500 65
439000 65
439500 65
440000 65
440500 65
441000 65
441500 65
442000 65
442500 65
443000 65
443500 65
444000 65
444500 65
445000 65
445500 65
446000 65
446500 65
447000 65
447500 65
448000 65
448500 65
449000 65
449500 65
450000 65
450500 65
451000 65
451500 65
452000 65
452500 65
453000 65
453500 65
454000 65
454500 65
455000 65
455500 65
456000 65
456500 65
457000 65
457500 65
458000 65
458500 65
459000 65
459500 65
460000 65
460500 65
461000 65
461500 65
462000 65
462500 65
463000 65
463500 65
464000 65
464500 65
465000 65
465500 65
466000 65
466500 65
467000 65
467500 65
468000 65
468500 65
469000 65
469500 65
470000 65
470500 65
471000 65
471500 65
472000 65
472500 65
473000 65
473500 65
474000 65
474500 65
475000 65
475500 65
476000 65
476500 65
477000 65
477500 65
478000 65
478500 65
479000 65
479500 65
480000 65
480500 65
481000 65
481500 65
482000 65
482500 65
483000 65
483500 65
484000 65
484500 65
485000 65
485500 65
486000 65
486500 65
487000 65
487500 65
488000 65
488500 65
489000 65
489500 65
490000 65
490500 65
491000 65
491500 65
492000 65
492500 65
493000 65
493500 65
494000 65
494500 65
495000 65
495500 65
496000 65
496500 65
497000 65
497500 65
498000 65
498500 65
499000 65
499500 65
500000 65
500500 65
501000 65
501500 65
502000 65
502500 65
503000 65
503500 65
504000 65
504500 65
505000 65
505500 65
506000 65
506500 65
507000 65
507500 65
508000 65
508500 65
509000 65
509500 65
510000 65
510500 65
511000 65
511500 65
512000 65
512500 65
513000 65
513500 65
514000 65
514500 65
515000 65
515500 65
516000 65
516500 65
517000 65
517500 65
518000 65
518500 65
519000 65
519500 65
520000 65
520500 65
521000 65
521500 65
522000 65
522500 65
523000 65
523500 65
524000 65
524500 65
525000 65
525500 65
526000 65
526500 65
527000 65
527500 65
528000 65
528500 65
529000 65
529500 65
530000 65
530500 65
531000 65
531500 65
532000 65
532500 65
533000 65
533500 65
534000 65
534500 65
535000 65
535500 65
536000 65
536500 65
537000 65
537500 65
538000 65
538500 65
539000 65
539500 65
540000 65
540500 65
541000 65
541500 65
542000 65
542500 65
543000 65
543500 65
544000 65
544500 65
545000 65
545500 65
546000 65
546500 65
547000 65
547500 65
548000 65
548500 65
549000 65
549500 65
550000 65
550500 65
551000 65
551500 65
552000 65
552500 65
553000 65
553500 65
554000 65
554500 65
555000 65
555500 65
556000 65
556500 65
557000 65
557500 65
558000 65
558500 65
559000 65
559500 65
560000 65
560500 65
561000 65
561500 65
562000 65
562500 65
563000 65
563500 65
564000 65
564500 65
565000 65
565500 65
566000 65
566500 65
567000 65
567500 65
568000 65
568500 65
569000 65
569500 65
570000 65
570500 65
571000 65
571500 65
572000 65
572500 65
573000 65
573500 65
574000 65
574500 65
575000 65
575500 65
576000 65
576500 65
577000 65
577500 65
578000 65
578500 65
579000 65
579500 65
580000 65
580500 65
581000 65
581500 65
582000 65
582500 65
583000 65
583500 65
584000 65
584500 65
585000 65
585500 65
586000 65
586500 65
587000 65
587500 65
588000 65
588500 65
589000 65
589500 65
590000 65
590500 65
591000 65
591500 65
592000 65
592500 65
593000 65
593500 65
594000 65
594500 65
595000 65
595500 65
596000 65
596500 65
597000 65
597500 65
598000 65
598500 65
599000 65
599500 65
600000 65
600500 65
601000 65
601500 65
602000 65
602500 65
603000 65
603500 65
604000 65
604500 65
605000 65
605500 65
606000 65
606500 65
607000 65
607500 65
608000 65
608500 65
609000 65
609500 65
610000 65
610500 65
611000 65
611500 65
612000 65
612500 65
613000 65
613500 65
614000 65
614500 65
615000 65
615500 65
616000 65
616500 65
617000 65
617500 65
618000 65
618500 65
619000 65
619500 65
620000 65
620500 65
621000 65
621500 65
622000 65
622500 65
623000 65
623500 65
624000 65
624500 65
625000 65
625500 65
626000 65
626500 65
627000 65
627500 65
628000 65
628500 65
629000 65
629500 65
630000 65
630500 65
631000 65
631500 65
632000 65
632500 65
633000 65
633500 65
634000 65
634500 65
635000 65
635500 65
636000 65
636500 65
637000 65
637500 65
638000 65
638500 65
639000 65
639500 65
640000 65
640500 65
641000 65
641500 65
642000 65
642500 65
643000 65
643500 65
644000 65
644500 65
645000 65
645500 65
646000 65
646500 65
647000 65
647500 65
648000 65
648500 65
649000 65
649500 65
650000 65
650500 65
651000 65
651500 65
652000 65
652500 65
653000 65
653500 65
654000 65
654500 65
655000 65
655500 65
656000 65
