200 10.000
400 10.000
600 10.000
800 10.000
1000 10.000
1200 10.000
1400 10.000
1600 10.000
1800 10.000
2000 10.000
2200 10.000
2400 10.000
2600 10.000
2800 10.000
3000 10.000
3200 10.000
3400 10.000
3600 10.000
3800 10.000
4000 10.000
4200 10.000
4400 10.000
4600 10.000
4800 10.000
5000 10.000
5200 10.000
5400 10.000
5600 10.000
5800 10.000
6000 10.000
6200 10.000
6400 10.000
6600 10.000
6800 10.000
7000 10.000
7200 10.000
7400 10.000
7600 10.000
7800 10.000
8000 10.000
8200 10.000
8400 10.000
8600 10.000
8800 10.000
9000 10.000
9200 10.000
9400 10.000
9600 10.000
9800 10.000
10000 10.000
10200 10.000
10400 10.000
10600 10.000
10800 10.000
11000 10.000
11200 10.000
11400 10.000
11600 10.000
11800 10.000
12000 10.000
12200 10.000
12400 10.000
12600 10.000
12800 10.000
13000 10.000
13200 10.000
13400 10.000
13600 10.000
13800 10.000
14000 10.000
14200 10.000
14400 10.000
14600 10.000
14800 10.000
15000 10.000
15200 10.000
15400 10.000
15600 10.000
15800 10.000
16000 10.000
16200 10.000
16400 10.000
16600 10.000
16800 10.000
17000 10.000
17200 10.000
17400 10.000
17600 10.000
17800 10.000
18000 10.000
18200 10.000
18400 10.000
18600 10.000
18800 10.000
19000 10.000
19200 10.000
19400 10.000
19600 10.000
19800 10.000
20000 10.000
20200 10.000
20400 10.000
20600 10.000
20800 10.000
21000 10.000
21200 10.000
21400 10.000
21600 10.000
21800 10.000
22000 10.000
22200 10.000
22400 10.000
22600 10.000
22800 10.000
23000 10.000
23200 10.000
23400 10.000
23600 10.000
23800 10.000
24000 10.000
24200 10.000
24400 10.000
24600 10.000
24800 10.000
25000 10.000
25200 10.000
25400 10.000
25600 10.000
25800 10.000
26000 10.000
26200 10.000
26400 10.000
26600 10.000
26800 10.000
27000 10.000
27200 10.000
27400 10.000
27600 10.000
27800 10.000
28000 10.000
28200 10.000
28400 10.000
28600 10.000
28800 10.000
29000 10.000
29200 10.000
29400 10.000
29600 10.000
29800 10.000
30000 10.000
30200 10.000
30400 10.000
30600 10.000
30800 10.000
31000 10.000
31200 10.000
31400 10.000
31600 10.000
31800 10.000
32000 10.000
32200 10.000
32400 10.000
32600 10.000
32800 10.000
33000 10.000
33200 10.000
33400 10.000
33600 10.000
33800 10.000
34000 10.000
34200 10.000
34400 10.000
34600 10.000
34800 10.000
35000 10.000
35200 10.000
35400 10.000
35600 10.000
35800 10.000
36000 10.000
36200 10.000
36400 10.000
36600 10.000
36800 10.000
37000 10.000
37200 10.000
37400 10.000
37600 10.000
37800 10.000
38000 10.000
38200 10.000
38400 10.000
38600 10.000
38800 10.000
39000 10.000
39200 10.000
39400 10.000
39600 10.000
39800 10.000
40000 10.000
40200 10.000
40400 10.000
40600 10.000
40800 10.000
41000 10.000
41200 10.000
41400 10.000
41600 10.000
41800 10.000
42000 10.000
42200 10.000
42400 10.000
42600 10.000
42800 10.000
43000 10.000
43200 10.000
43400 10.000
43600 10.000
43800 10.000
44000 10.000
44200 10.000
44400 10.000
44600 10.000
44800 10.000
45000 10.000
45200 10.000
45400 10.000
45600 10.000
45800 10.000
46000 10.000
46200 10.000
46400 10.000
46600 10.000
46800 10.000
47000 10.000
47200 10.000
47400 10.000
47600 10.000
47800 10.000
48000 10.000
48200 10.000
48400 10.000
48600 10.000
48800 10.000
49000 10.000
49200 10.000
49400 10.000
49600 10.000
49800 10.000
50000 10.000
50200 10.000
50400 10.000
50600 10.000
50800 10.000
51000 10.000
51200 10.000
51400 10.000
51600 10.000
51800 10.000
52000 10.000
52200 10.000
52400 10.000
52600 10.000
52800 10.000
53000 10.000
53200 10.000
53400 10.000
53600 10.000
53800 10.000
54000 10.000
54200 10.000
54400 10.000
54600 10.000
54800 10.000
55000 10.000
55200 10.000
55400 10.000
55600 10.000
55800 10.000
56000 10.000
56200 10.000
56400 10.000
56600 10.000
56800 10.000
57000 10.000
57200 10.000
57400 10.000
57600 10.000
57800 10.000
58000 10.000
58200 10.000
58400 10.000
58600 10.000
58800 10.000
59000 10.000
59200 10.000
59400 10.000
59600 10.000
59800 10.000
60000 10.000
60200 10.000
60400 10.000
60600 10.000
60800 10.000
61000 10.000
61200 10.000
61400 10.000
61600 10.000
61800 10.000
62000 10.000
62200 10.000
62400 10.000
62600 10.000
62800 10.000
63000 10.000
63200 10.000
63400 10.000
63600 10.000
63800 10.000
64000 10.000
64200 10.000
64400 10.000
64600 10.000
64800 10.000
65000 10.000
65200 10.000
65400 10.000
65600 10.000
65800 10.000
66000 10.000
66200 10.000
66400 10.000
66600 10.000
66800 10.000
67000 10.000
67200 10.000
67400 10.000
67600 10.000
67800 10.000
68000 10.000
68200 10.000
68400 10.000
68600 10.000
68800 10.000
69000 10.000
69200 10.000
69400 10.000
69600 10.000
69800 10.000
70000 10.000
70200 10.000
70400 10.000
70600 10.000
70800 10.000
71000 10.000
71200 10.000
71400 10.000
71600 10.000
71800 10.000
72000 10.000
72200 10.000
72400 10.000
72600 10.000
72800 10.000
73000 10.000
73200 10.000
73400 10.000
73600 10.000
73800 10.000
74000 10.000
74200 10.000
74400 10.000
74600 10.000
74800 10.000
75000 10.000
75200 10.000
75400 10.000
75600 10.000
75800 10.000
76000 10.000
76200 10.000
76400 10.000
76600 10.000
76800 10.000
77000 10.000
77200 10.000
77400 10.000
77600 10.000
77800 10.000
78000 10.000
78200 10.000
78400 10.000
78600 10.000
78800 10.000
79000 10.000
79200 10.000
79400 10.000
79600 10.000
79800 10.000
80000 10.000
80200 10.000
80400 10.000
80600 10.000
80800 10.000
81000 10.000
81200 10.000
81400 10.000
81600 10.000
81800 10.000
82000 10.000
82200 10.000
82400 10.000
82600 10.000
82800 10.000
83000 10.000
83200 10.000
83400 10.000
83600 10.000
83800 10.000
84000 10.000
84200 10.000
84400 10.000
84600 10.000
84800 10.000
85000 10.000
85200 10.000
85400 10.000
85600 10.000
85800 10.000
86000 10.000
86200 10.000
86400 10.000
86600 10.000
86800 10.000
87000 10.000
87200 10.000
87400 10.000
87600 10.000
87800 10.000
88000 10.000
88200 10.000
88400 10.000
88600 10.000
88800 10.000
89000 10.000
89200 10.000
89400 10.000
89600 10.000
89800 10.000
90000 10.000
90200 10.000
90400 10.000
90600 10.000
90800 10.000
91000 10.000
91200 10.000
91400 10.000
91600 10.000
91800 10.000
92000 10.000
92200 10.000
92400 10.000
92600 10.000
92800 10.000
93000 10.000
93200 10.000
93400 10.000
93600 10.000
93800 10.000
94000 10.000
94200 10.000
94400 10.000
94600 10.000
94800 10.000
95000 10.000
95200 10.000
95400 10.000
95600 10.000
95800 10.000
96000 10.000
96200 10.000
96400 10.000
96600 10.000
96800 10.000
97000 10.000
97200 10.000
97400 10.000
97600 10.000
97800 10.000
98000 10.000
98200 10.000
98400 10.000
98600 10.000
98800 10.000
99000 10.000
99200 10.000
99400 10.000
99600 10.000
99800 10.000
100000 10.000
100200 10.000
100400 10.000
100600 10.000
100800 10.000
101000 10.000
101200 10.000
101400 10.000
101600 10.000
101800 10.000
102000 10.000
102200 10.000
102400 10.000
102600 10.000
102800 10.000
103000 10.000
103200 10.000
103400 10.000
103600 10.000
103800 10.000
104000 10.000
104200 10.000
104400 10.000
104600 10.000
104800 10.000
105000 10.000
105200 10.000
105400 10.000
105600 10.000
105800 10.000
106000 10.000
106200 10.000
106400 10.000
106600 10.000
106800 10.000
107000 10.000
107200 10.000
107400 10.000
107600 10.000
107800 10.000
108000 10.000
108200 10.000
108400 10.000
108600 10.000
108800 10.000
109000 10.000
109200 10.000
109400 10.000
109600 10.000
109800 10.000
110000 10.000
110200 10.000
110400 10.000
110600 10.000
110800 10.000
111000 10.000
111200 10.000
111400 10.000
111600 10.000
111800 10.000
112000 10.000
112200 10.000
112400 10.000
112600 10.000
112800 10.000
113000 10.000
113200 10.000
113400 10.000
113600 10.000
113800 10.000
114000 10.000
114200 10.000
114400 10.000
114600 10.000
114800 10.000
115000 10.000
115200 10.000
115400 10.000
115600 10.000
115800 10.000
116000 10.000
116200 10.000
116400 10.000
116600 10.000
116800 10.000
117000 10.000
117200 10.000
117400 10.000
117600 10.000
117800 10.000
118000 10.000
118200 10.000
118400 10.000
118600 10.000
118800 10.000
119000 10.000
119200 10.000
119400 10.000
119600 10.000
119800 10.000
120000 10.000
120200 10.000
120400 10.000
120600 10.000
120800 10.000
121000 10.000
121200 10.000
121400 10.000
121600 10.000
121800 10.000
122000 10.000
122200 10.000
122400 10.000
122600 10.000
122800 10.000
123000 10.000
123200 10.000
123400 10.000
123600 10.000
123800 10.000
124000 10.000
124200 10.000
124400 10.000
124600 10.000
124800 10.000
125000 10.000
125200 10.000
125400 10.000
125600 10.000
125800 10.000
126000 10.000
126200 10.000
126400 10.000
126600 10.000
126800 10.000
127000 10.000
127200 10.000
127400 10.000
127600 10.000
127800 10.000
128000 10.000
128200 10.000
128400 10.000
128600 10.000
128800 10.000
129000 10.000
129200 10.000
129400 10.000
129600 10.000
129800 10.000
130000 10.000
130200 10.000
130400 10.000
130600 10.000
130800 10.000
131000 10.000
131200 10.000
131400 10.000
131600 10.000
131800 10.000
132000 10.000
132200 10.000
132400 10.000
132600 10.000
132800 10.000
133000 10.000
133200 10.000
133400 10.000
133600 10.000
133800 10.000
134000 10.000
134200 10.000
134400 10.000
134600 10.000
134800 10.000
135000 10.000
135200 10.000
135400 10.000
135600 10.000
135800 10.000
136000 10.000
136200 10.000
136400 10.000
136600 10.000
136800 10.000
137000 10.000
137200 10.000
137400 10.000
137600 10.000
137800 10.000
138000 10.000
138200 10.000
138400 10.000
138600 10.000
138800 10.000
139000 10.000
139200 10.000
139400 10.000
139600 10.000
139800 10.000
140000 10.000
140200 10.000
140400 10.000
140600 10.000
140800 10.000
141000 10.000
141200 10.000
141400 10.000
141600 10.000
141800 10.000
142000 10.000
142200 10.000
142400 10.000
142600 10.000
142800 10.000
143000 10.000
143200 10.000
143400 10.000
143600 10.000
143800 10.000
144000 10.000
144200 10.000
144400 10.000
144600 10.000
144800 10.000
145000 10.000
145200 10.000
145400 10.000
145600 10.000
145800 10.000
146000 10.000
146200 10.000
146400 10.000
146600 10.000
146800 10.000
147000 10.000
147200 10.000
147400 10.000
147600 10.000
147800 10.000
148000 10.000
148200 10.000
148400 10.000
148600 10.000
148800 10.000
149000 10.000
149200 10.000
149400 10.000
149600 10.000
149800 10.000
150000 10.000
150200 10.000
150400 10.000
150600 10.000
150800 10.000
151000 10.000
151200 10.000
151400 10.000
151600 10.000
151800 10.000
152000 10.000
152200 10.000
152400 10.000
152600 10.000
152800 10.000
153000 10.000
153200 10.000
153400 10.000
153600 10.000
153800 10.000
154000 10.000
154200 10.000
154400 10.000
154600 10.000
154800 10.000
155000 10.000
155200 10.000
155400 10.000
155600 10.000
155800 10.000
156000 10.000
156200 10.000
156400 10.000
156600 10.000
156800 10.000
157000 10.000
157200 10.000
157400 10.000
157600 10.000
157800 10.000
158000 10.000
158200 10.000
158400 10.000
158600 10.000
158800 10.000
159000 10.000
159200 10.000
159400 10.000
159600 10.000
159800 10.000
160000 10.000
160200 10.000
160400 10.000
160600 10.000
160800 10.000
161000 10.000
161200 10.000
161400 10.000
161600 10.000
161800 10.000
162000 10.000
162200 10.000
162400 10.000
162600 10.000
162800 10.000
163000 10.000
163200 10.000
163400 10.000
163600 10.000
163800 10.000
164000 10.000
164200 10.000
164400 10.000
164600 10.000
164800 10.000
165000 10.000
165200 10.000
165400 10.000
165600 10.000
165800 10.000
166000 10.000
166200 10.000
166400 10.000
166600 10.000
166800 10.000
167000 10.000
167200 10.000
167400 10.000
167600 10.000
167800 10.000
168000 10.000
168200 10.000
168400 10.000
168600 10.000
168800 10.000
169000 10.000
169200 10.000
169400 10.000
169600 10.000
169800 10.000
170000 10.000
170200 10.000
170400 10.000
170600 10.000
170800 10.000
171000 10.000
171200 10.000
171400 10.000
171600 10.000
171800 10.000
172000 10.000
172200 10.000
172400 10.000
172600 10.000
172800 10.000
173000 10.000
173200 10.000
173400 10.000
173600 10.000
173800 10.000
174000 10.000
174200 10.000
174400 10.000
174600 10.000
174800 10.000
175000 10.000
175200 10.000
175400 10.000
175600 10.000
175800 10.000
176000 10.000
176200 10.000
176400 10.000
176600 10.000
176800 10.000
177000 10.000
177200 10.000
177400 10.000
177600 10.000
177800 10.000
178000 10.000
178200 10.000
178400 10.000
178600 10.000
178800 10.000
179000 10.000
179200 10.000
179400 10.000
179600 10.000
179800 10.000
180000 10.000
180200 10.000
180400 10.000
180600 10.000
180800 10.000
181000 10.000
181200 10.000
181400 10.000
181600 10.000
181800 10.000
182000 10.000
182200 10.000
182400 10.000
182600 10.000
182800 10.000
183000 10.000
183200 10.000
183400 10.000
183600 10.000
183800 10.000
184000 10.000
184200 10.000
184400 10.000
184600 10.000
184800 10.000
185000 10.000
185200 10.000
185400 10.000
185600 10.000
185800 10.000
186000 10.000
186200 10.000
186400 10.000
186600 10.000
186800 10.000
187000 10.000
187200 10.000
187400 10.000
187600 10.000
187800 10.000
188000 10.000
188200 10.000
188400 10.000
188600 10.000
188800 10.000
189000 10.000
189200 10.000
189400 10.000
189600 10.000
189800 10.000
190000 10.000
190200 10.000
190400 10.000
190600 10.000
190800 10.000
191000 10.000
191200 10.000
191400 10.000
191600 10.000
191800 10.000
192000 10.000
192200 10.000
192400 10.000
192600 10.000
192800 10.000
193000 10.000
193200 10.000
193400 10.000
193600 10.000
193800 10.000
194000 10.000
194200 10.000
194400 10.000
194600 10.000
194800 10.000
195000 10.000
195200 10.000
195400 10.000
195600 10.000
195800 10.000
196000 10.000
196200 10.000
196400 10.000
196600 10.000
196800 10.000
197000 10.000
197200 10.000
197400 10.000
197600 10.000
197800 10.000
198000 10.000
198200 10.000
198400 10.000
198600 10.000
198800 10.000
199000 10.000
199200 10.000
199400 10.000
199600 10.000
199800 10.000
200000 10.000
200200 10.000
200400 10.000
200600 10.000
200800 10.000
201000 10.000
201200 10.000
201400 10.000
201600 10.000
201800 10.000
202000 10.000
202200 10.000
202400 10.000
202600 10.000
202800 10.000
203000 10.000
203200 10.000
203400 10.000
203600 10.000
203800 10.000
204000 10.000
204200 10.000
204400 10.000
204600 10.000
204800 10.000
205000 10.000
205200 10.000
205400 10.000
205600 10.000
205800 10.000
206000 10.000
206200 10.000
206400 10.000
206600 10.000
206800 10.000
207000 10.000
207200 10.000
207400 10.000
207600 10.000
207800 10.000
208000 10.000
208200 10.000
208400 10.000
208600 10.000
208800 10.000
209000 10.000
209200 10.000
209400 10.000
209600 10.000
209800 10.000
210000 10.000
210200 10.000
210400 10.000
210600 10.000
210800 10.000
211000 10.000
211200 10.000
211400 10.000
211600 10.000
211800 10.000
212000 10.000
212200 10.000
212400 10.000
212600 10.000
212800 10.000
213000 10.000
213200 10.000
213400 10.000
213600 10.000
213800 10.000
214000 10.000
214200 10.000
214400 10.000
214600 10.000
214800 10.000
215000 10.000
215200 10.000
215400 10.000
215600 10.000
215800 10.000
216000 10.000
216200 10.000
216400 10.000
216600 10.000
216800 10.000
217000 10.000
217200 10.000
217400 10.000
217600 10.000
217800 10.000
218000 10.000
218200 10.000
218400 10.000
218600 10.000
218800 10.000
219000 10.000
219200 10.000
219400 10.000
219600 10.000
219800 10.000
220000 10.000
220200 10.000
220400 10.000
220600 10.000
220800 10.000
221000 10.000
221200 10.000
221400 10.000
221600 10.000
221800 10.000
222000 10.000
222200 10.000
222400 10.000
222600 10.000
222800 10.000
223000 10.000
223200 10.000
223400 10.000
223600 10.000
223800 10.000
224000 10.000
224200 10.000
224400 10.000
224600 10.000
224800 10.000
225000 10.000
225200 10.000
225400 10.000
225600 10.000
225800 10.000
226000 10.000
226200 10.000
226400 10.000
226600 10.000
226800 10.000
227000 10.000
227200 10.000
227400 10.000
227600 10.000
227800 10.000
228000 10.000
228200 10.000
228400 10.000
228600 10.000
228800 10.000
229000 10.000
229200 10.000
229400 10.000
229600 10.000
229800 10.000
230000 10.000
230200 10.000
230400 10.000
230600 10.000
230800 10.000
231000 10.000
231200 10.000
231400 10.000
231600 10.000
231800 10.000
232000 10.000
232200 10.000
232400 10.000
232600 10.000
232800 10.000
233000 10.000
233200 10.000
233400 10.000
233600 10.000
233800 10.000
234000 10.000
234200 10.000
234400 10.000
234600 10.000
234800 10.000
235000 10.000
235200 10.000
235400 10.000
235600 10.000
235800 10.000
236000 10.000
236200 10.000
236400 10.000
236600 10.000
236800 10.000
237000 10.000
237200 10.000
237400 10.000
237600 10.000
237800 10.000
238000 10.000
238200 10.000
238400 10.000
238600 10.000
238800 10.000
239000 10.000
239200 10.000
239400 10.000
239600 10.000
239800 10.000
240000 10.000
240200 10.000
240400 10.000
240600 10.000
240800 10.000
241000 10.000
241200 10.000
241400 10.000
241600 10.000
241800 10.000
242000 10.000
242200 10.000
242400 10.000
242600 10.000
242800 10.000
243000 10.000
243200 10.000
243400 10.000
243600 10.000
243800 10.000
244000 10.000
244200 10.000
244400 10.000
244600 10.000
244800 10.000
245000 10.000
245200 10.000
245400 10.000
245600 10.000
245800 10.000
246000 10.000
246200 10.000
246400 10.000
246600 10.000
246800 10.000
247000 10.000
247200 10.000
247400 10.000
247600 10.000
247800 10.000
248000 10.000
248200 10.000
248400 10.000
248600 10.000
248800 10.000
249000 10.000
249200 10.000
249400 10.000
249600 10.000
249800 10.000
250000 10.000
250200 10.000
250400 10.000
250600 10.000
250800 10.000
251000 10.000
251200 10.000
251400 10.000
251600 10.000
251800 10.000
252000 10.000
252200 10.000
252400 10.000
252600 10.000
252800 10.000
253000 10.000
253200 10.000
253400 10.000
253600 10.000
253800 10.000
254000 10.000
254200 10.000
254400 10.000
254600 10.000
254800 10.000
255000 10.000
255200 10.000
255400 10.000
255600 10.000
255800 10.000
256000 10.000
256200 10.000
256400 10.000
256600 10.000
256800 10.000
257000 10.000
257200 10.000
257400 10.000
257600 10.000
257800 10.000
258000 10.000
258200 10.000
258400 10.000
258600 10.000
258800 10.000
259000 10.000
259200 10.000
259400 10.000
259600 10.000
259800 10.000
260000 10.000
260200 10.000
260400 10.000
260600 10.000
260800 10.000
261000 10.000
261200 10.000
261400 10.000
261600 10.000
261800 10.000
262000 10.000
262200 10.000
262400 10.000
262600 10.000
262800 10.000
263000 10.000
263200 10.000
263400 10.000
263600 10.000
263800 10.000
264000 10.000
264200 10.000
264400 10.000
264600 10.000
264800 10.000
265000 10.000
265200 10.000
265400 10.000
265600 10.000
265800 10.000
266000 10.000
266200 10.000
266400 10.000
266600 10.000
266800 10.000
267000 10.000
267200 10.000
267400 10.000
267600 10.000
267800 10.000
268000 10.000
268200 10.000
268400 10.000
268600 10.000
268800 10.000
269000 10.000
269200 10.000
269400 10.000
269600 10.000
269800 10.000
270000 10.000
270200 10.000
270400 10.000
270600 10.000
270800 10.000
271000 10.000
271200 10.000
271400 10.000
271600 10.000
271800 10.000
272000 10.000
272200 10.000
272400 10.000
272600 10.000
272800 10.000
273000 10.000
273200 10.000
273400 10.000
273600 10.000
273800 10.000
274000 10.000
274200 10.000
274400 10.000
274600 10.000
274800 10.000
275000 10.000
275200 10.000
275400 10.000
275600 10.000
275800 10.000
276000 10.000
276200 10.000
276400 10.000
276600 10.000
276800 10.000
277000 10.000
277200 10.000
277400 10.000
277600 10.000
277800 10.000
278000 10.000
278200 10.000
278400 10.000
278600 10.000
278800 10.000
279000 10.000
279200 10.000
279400 10.000
279600 10.000
279800 10.000
280000 10.000
280200 10.000
280400 10.000
280600 10.000
280800 10.000
281000 10.000
281200 10.000
281400 10.000
281600 10.000
281800 10.000
282000 10.000
282200 10.000
282400 10.000
282600 10.000
282800 10.000
283000 10.000
283200 10.000
283400 10.000
283600 10.000
283800 10.000
284000 10.000
284200 10.000
284400 10.000
284600 10.000
284800 10.000
285000 10.000
285200 10.000
285400 10.000
285600 10.000
285800 10.000
286000 10.000
286200 10.000
286400 10.000
286600 10.000
286800 10.000
287000 10.000
287200 10.000
287400 10.000
287600 10.000
287800 10.000
288000 10.000
288200 10.000
288400 10.000
288600 10.000
288800 10.000
289000 10.000
289200 10.000
289400 10.000
289600 10.000
289800 10.000
290000 10.000
290200 10.000
290400 10.000
290600 10.000
290800 10.000
291000 10.000
291200 10.000
291400 10.000
291600 10.000
291800 10.000
292000 10.000
292200 10.000
292400 10.000
292600 10.000
292800 10.000
293000 10.000
293200 10.000
293400 10.000
293600 10.000
293800 10.000
294000 10.000
294200 10.000
294400 10.000
294600 10.000
294800 10.000
295000 10.000
295200 10.000
295400 10.000
295600 10.000
295800 10.000
296000 10.000
296200 10.000
296400 10.000
296600 10.000
296800 10.000
297000 10.000
297200 10.000
297400 10.000
297600 10.000
297800 10.000
298000 10.000
298200 10.000
298400 10.000
298600 10.000
298800 10.000
299000 10.000
299200 10.000
299400 10.000
299600 10.000
299800 10.000
300000 10.000
300200 10.000
300400 10.000
300600 10.000
300800 10.000
301000 10.000
301200 10.000
301400 10.000
301600 10.000
301800 10.000
302000 10.000
302200 10.000
302400 10.000
302600 10.000
302800 10.000
303000 10.000
303200 10.000
303400 10.000
303600 10.000
303800 10.000
304000 10.000
304200 10.000
304400 10.000
304600 10.000
304800 10.000
305000 10.000
305200 10.000
305400 10.000
305600 10.000
305800 10.000
306000 10.000
306200 10.000
306400 10.000
306600 10.000
306800 10.000
307000 10.000
307200 10.000
307400 10.000
307600 10.000
307800 10.000
308000 10.000
308200 10.000
308400 10.000
308600 10.000
308800 10.000
309000 10.000
309200 10.000
309400 10.000
309600 10.000
309800 10.000
310000 10.000
310200 10.000
310400 10.000
310600 10.000
310800 10.000
311000 10.000
311200 10.000
311400 10.000
311600 10.000
311800 10.000
312000 10.000
312200 10.000
312400 10.000
312600 10.000
312800 10.000
313000 10.000
313200 10.000
313400 10.000
313600 10.000
313800 10.000
314000 10.000
314200 10.000
314400 10.000
314600 10.000
314800 10.000
315000 10.000
315200 10.000
315400 10.000
315600 10.000
315800 10.000
316000 10.000
316200 10.000
316400 10.000
316600 10.000
316800 10.000
317000 10.000
317200 10.000
317400 10.000
317600 10.000
317800 10.000
318000 10.000
318200 10.000
318400 10.000
318600 10.000
318800 10.000
319000 10.000
319200 10.000
319400 10.000
319600 10.000
319800 10.000
320000 10.000
320200 10.000
320400 10.000
320600 10.000
320800 10.000
321000 10.000
321200 10.000
321400 10.000
321600 10.000
321800 10.000
322000 10.000
322200 10.000
322400 10.000
322600 10.000
322800 10.000
323000 10.000
323200 10.000
323400 10.000
323600 10.000
323800 10.000
324000 10.000
324200 10.000
324400 10.000
324600 10.000
324800 10.000
325000 10.000
325200 10.000
325400 10.000
325600 10.000
325800 10.000
326000 10.000
326200 10.000
326400 10.000
326600 10.000
326800 10.000
327000 10.000
327200 10.000
327400 10.000
327600 10.000
327800 10.000
328000 10.000
328200 10.000
328400 10.000
328600 10.000
328800 10.000
329000 10.000
329200 10.000
329400 10.000
329600 10.000
329800 10.000
330000 10.000
330200 10.000
330400 10.000
330600 10.000
330800 10.000
331000 10.000
331200 10.000
331400 10.000
331600 10.000
331800 10.000
332000 10.000
332200 10.000
332400 10.000
332600 10.000
332800 10.000
333000 10.000
333200 10.000
333400 10.000
333600 10.000
333800 10.000
334000 10.000
334200 10.000
334400 10.000
334600 10.000
334800 10.000
335000 10.000
335200 10.000
335400 10.000
335600 10.000
335800 10.000
336000 10.000
336200 10.000
336400 10.000
336600 10.000
336800 10.000
337000 10.000
337200 10.000
337400 10.000
337600 10.000
337800 10.000
338000 10.000
338200 10.000
338400 10.000
338600 10.000
338800 10.000
339000 10.000
339200 10.000
339400 10.000
339600 10.000
339800 10.000
340000 10.000
340200 10.000
340400 10.000
340600 10.000
340800 10.000
341000 10.000
341200 10.000
341400 10.000
341600 10.000
341800 10.000
342000 10.000
342200 10.000
342400 10.000
342600 10.000
342800 10.000
343000 10.000
343200 10.000
343400 10.000
343600 10.000
343800 10.000
344000 10.000
344200 10.000
344400 10.000
344600 10.000
344800 10.000
345000 10.000
345200 10.000
345400 10.000
345600 10.000
345800 10.000
346000 10.000
346200 10.000
346400 10.000
346600 10.000
346800 10.000
347000 10.000
347200 10.000
347400 10.000
347600 10.000
347800 10.000
348000 10.000
348200 10.000
348400 10.000
348600 10.000
348800 10.000
349000 10.000
349200 10.000
349400 10.000
349600 10.000
349800 10.000
350000 10.000
350200 10.000
350400 10.000
350600 10.000
350800 10.000
351000 10.000
351200 10.000
351400 10.000
351600 10.000
351800 10.000
352000 10.000
352200 10.000
352400 10.000
352600 10.000
352800 10.000
353000 10.000
353200 10.000
353400 10.000
353600 10.000
353800 10.000
354000 10.000
354200 10.000
354400 10.000
354600 10.000
354800 10.000
355000 10.000
355200 10.000
355400 10.000
355600 10.000
355800 10.000
356000 10.000
356200 10.000
356400 10.000
356600 10.000
356800 10.000
357000 10.000
357200 10.000
357400 10.000
357600 10.000
357800 10.000
358000 10.000
358200 10.000
358400 10.000
358600 10.000
358800 10.000
359000 10.000
359200 10.000
359400 10.000
359600 10.000
359800 10.000
360000 10.000
360200 10.000
360400 10.000
360600 10.000
360800 10.000
361000 10.000
361200 10.000
361400 10.000
361600 10.000
361800 10.000
362000 10.000
362200 10.000
362400 10.000
362600 10.000
362800 10.000
363000 10.000
363200 10.000
363400 10.000
363600 10.000
363800 10.000
364000 10.000
364200 10.000
364400 10.000
364600 10.000
364800 10.000
365000 10.000
365200 10.000
365400 10.000
365600 10.000
365800 10.000
366000 10.000
366200 10.000
366400 10.000
366600 10.000
366800 10.000
367000 10.000
367200 10.000
367400 10.000
367600 10.000
367800 10.000
368000 10.000
368200 10.000
368400 10.000
368600 10.000
368800 10.000
369000 10.000
369200 10.000
369400 10.000
369600 10.000
369800 10.000
370000 10.000
370200 10.000
370400 10.000
370600 10.000
370800 10.000
371000 10.000
371200 10.000
371400 10.000
371600 10.000
371800 10.000
372000 10.000
372200 10.000
372400 10.000
372600 10.000
372800 10.000
373000 10.000
373200 10.000
373400 10.000
373600 10.000
373800 10.000
374000 10.000
374200 10.000
374400 10.000
374600 10.000
374800 10.000
375000 10.000
375200 10.000
375400 10.000
375600 10.000
375800 10.000
376000 10.000
376200 10.000
376400 10.000
376600 10.000
376800 10.000
377000 10.000
377200 10.000
377400 10.000
377600 10.000
377800 10.000
378000 10.000
378200 10.000
378400 10.000
378600 10.000
378800 10.000
379000 10.000
379200 10.000
379400 10.000
379600 10.000
379800 10.000
380000 10.000
380200 10.000
380400 10.000
380600 10.000
380800 10.000
381000 10.000
381200 10.000
381400 10.000
381600 10.000
381800 10.000
382000 10.000
382200 10.000
382400 10.000
382600 10.000
382800 10.000
383000 10.000
383200 10.000
383400 10.000
383600 10.000
383800 10.000
384000 10.000
384200 10.000
384400 10.000
384600 10.000
384800 10.000
385000 10.000
385200 10.000
385400 10.000
385600 10.000
385800 10.000
386000 10.000
386200 10.000
386400 10.000
386600 10.000
386800 10.000
387000 10.000
387200 10.000
387400 10.000
387600 10.000
387800 10.000
388000 10.000
388200 10.000
388400 10.000
388600 10.000
388800 10.000
389000 10.000
389200 10.000
389400 10.000
389600 10.000
389800 10.000
390000 10.000
390200 10.000
390400 10.000
390600 10.000
390800 10.000
391000 10.000
391200 10.000
391400 10.000
391600 10.000
391800 10.000
392000 10.000
392200 10.000
392400 10.000
392600 10.000
392800 10.000
393000 10.000
393200 10.000
393400 10.000
393600 10.000
393800 10.000
394000 10.000
394200 10.000
394400 10.000
394600 10.000
394800 10.000
395000 10.000
395200 10.000
395400 10.000
395600 10.000
395800 10.000
396000 10.000
396200 10.000
396400 10.000
396600 10.000
396800 10.000
397000 10.000
397200 10.000
397400 10.000
397600 10.000
397800 10.000
398000 10.000
398200 10.000
398400 10.000
398600 10.000
398800 10.000
399000 10.000
399200 10.000
399400 10.000
399600 10.000
399800 10.000
400000 10.000
400200 10.000
400400 10.000
400600 10.000
400800 10.000
401000 10.000
401200 10.000
401400 10.000
401600 10.000
401800 10.000
402000 10.000
402200 10.000
402400 10.000
402600 10.000
402800 10.000
403000 10.000
403200 10.000
403400 10.000
403600 10.000
403800 10.000
404000 10.000
404200 10.000
404400 10.000
404600 10.000
404800 10.000
405000 10.000
405200 10.000
405400 10.000
405600 10.000
405800 10.000
406000 10.000
406200 10.000
406400 10.000
406600 10.000
406800 10.000
407000 10.000
407200 10.000
407400 10.000
407600 10.000
407800 10.000
408000 10.000
408200 10.000
408400 10.000
408600 10.000
408800 10.000
409000 10.000
409200 10.000
409400 10.000
409600 10.000
409800 10.000
410000 10.000
410200 10.000
410400 10.000
410600 10.000
410800 10.000
411000 10.000
411200 10.000
411400 10.000
411600 10.000
411800 10.000
412000 10.000
412200 10.000
412400 10.000
412600 10.000
412800 10.000
413000 10.000
413200 10.000
413400 10.000
413600 10.000
413800 10.000
414000 10.000
414200 10.000
414400 10.000
414600 10.000
414800 10.000
415000 10.000
415200 10.000
415400 10.000
415600 10.000
415800 10.000
416000 10.000
416200 10.000
416400 10.000
416600 10.000
416800 10.000
417000 10.000
417200 10.000
417400 10.000
417600 10.000
417800 10.000
418000 10.000
418200 10.000
418400 10.000
418600 10.000
418800 10.000
419000 10.000
419200 10.000
419400 10.000
419600 10.000
419800 10.000
420000 10.000
420200 10.000
420400 10.000
420600 10.000
420800 10.000
421000 10.000
421200 10.000
421400 10.000
421600 10.000
421800 10.000
422000 10.000
422200 10.000
422400 10.000
422600 10.000
422800 10.000
423000 10.000
423200 10.000
423400 10.000
423600 10.000
423800 10.000
424000 10.000
424200 10.000
424400 10.000
424600 10.000
424800 10.000
425000 10.000
425200 10.000
425400 10.000
425600 10.000
425800 10.000
426000 10.000
426200 10.000
426400 10.000
426600 10.000
426800 10.000
427000 10.000
427200 10.000
427400 10.000
427600 10.000
427800 10.000
428000 10.000
428200 10.000
428400 10.000
428600 10.000
428800 10.000
429000 10.000
429200 10.000
429400 10.000
429600 10.000
429800 10.000
430000 10.000
430200 10.000
430400 10.000
430600 10.000
430800 10.000
431000 10.000
431200 10.000
431400 10.000
431600 10.000
431800 10.000
432000 10.000
432200 10.000
432400 10.000
432600 10.000
432800 10.000
433000 10.000
433200 10.000
433400 10.000
433600 10.000
433800 10.000
434000 10.000
434200 10.000
434400 10.000
434600 10.000
434800 10.000
435000 10.000
435200 10.000
435400 10.000
435600 10.000
435800 10.000
436000 10.000
436200 10.000
436400 10.000
436600 10.000
436800 10.000
437000 10.000
437200 10.000
437400 10.000
437600 10.000
437800 10.000
438000 10.000
438200 10.000
438400 10.000
438600 10.000
438800 10.000
439000 10.000
439200 10.000
439400 10.000
439600 10.000
439800 10.000
440000 10.000
440200 10.000
440400 10.000
440600 10.000
440800 10.000
441000 10.000
441200 10.000
441400 10.000
441600 10.000
441800 10.000
442000 10.000
442200 10.000
442400 10.000
442600 10.000
442800 10.000
443000 10.000
443200 10.000
443400 10.000
443600 10.000
443800 10.000
444000 10.000
444200 10.000
444400 10.000
444600 10.000
444800 10.000
445000 10.000
445200 10.000
445400 10.000
445600 10.000
445800 10.000
446000 10.000
446200 10.000
446400 10.000
446600 10.000
446800 10.000
447000 10.000
447200 10.000
447400 10.000
447600 10.000
447800 10.000
448000 10.000
448200 10.000
448400 10.000
448600 10.000
448800 10.000
449000 10.000
449200 10.000
449400 10.000
449600 10.000
449800 10.000
450000 10.000
450200 10.000
450400 10.000
450600 10.000
450800 10.000
451000 10.000
451200 10.000
451400 10.000
451600 10.000
451800 10.000
452000 10.000
452200 10.000
452400 10.000
452600 10.000
452800 10.000
453000 10.000
453200 10.000
453400 10.000
453600 10.000
453800 10.000
454000 10.000
454200 10.000
454400 10.000
454600 10.000
454800 10.000
455000 10.000
455200 10.000
455400 10.000
455600 10.000
455800 10.000
456000 10.000
456200 10.000
456400 10.000
456600 10.000
456800 10.000
457000 10.000
457200 10.000
457400 10.000
457600 10.000
457800 10.000
458000 10.000
458200 10.000
458400 10.000
458600 10.000
458800 10.000
459000 10.000
459200 10.000
459400 10.000
459600 10.000
459800 10.000
460000 10.000
460200 10.000
460400 10.000
460600 10.000
460800 10.000
461000 10.000
461200 10.000
461400 10.000
461600 10.000
461800 10.000
462000 10.000
462200 10.000
462400 10.000
462600 10.000
462800 10.000
463000 10.000
463200 10.000
463400 10.000
463600 10.000
463800 10.000
464000 10.000
464200 10.000
464400 10.000
464600 10.000
464800 10.000
465000 10.000
465200 10.000
465400 10.000
465600 10.000
465800 10.000
466000 10.000
466200 10.000
466400 10.000
466600 10.000
466800 10.000
467000 10.000
467200 10.000
467400 10.000
467600 10.000
467800 10.000
468000 10.000
468200 10.000
468400 10.000
468600 10.000
468800 10.000
469000 10.000
469200 10.000
469400 10.000
469600 10.000
469800 10.000
470000 10.000
470200 10.000
470400 10.000
470600 10.000
470800 10.000
471000 10.000
471200 10.000
471400 10.000
471600 10.000
471800 10.000
472000 10.000
472200 10.000
472400 10.000
472600 10.000
472800 10.000
473000 10.000
473200 10.000
473400 10.000
473600 10.000
473800 10.000
474000 10.000
474200 10.000
474400 10.000
474600 10.000
474800 10.000
475000 10.000
475200 10.000
475400 10.000
475600 10.000
475800 10.000
476000 10.000
476200 10.000
476400 10.000
476600 10.000
476800 10.000
477000 10.000
477200 10.000
477400 10.000
477600 10.000
477800 10.000
478000 10.000
478200 10.000
478400 10.000
478600 10.000
478800 10.000
479000 10.000
479200 10.000
479400 10.000
479600 10.000
479800 10.000
480000 10.000
480200 10.000
480400 10.000
480600 10.000
480800 10.000
481000 10.000
481200 10.000
481400 10.000
481600 10.000
481800 10.000
482000 10.000
482200 10.000
482400 10.000
482600 10.000
482800 10.000
483000 10.000
483200 10.000
483400 10.000
483600 10.000
483800 10.000
484000 10.000
484200 10.000
484400 10.000
484600 10.000
484800 10.000
485000 10.000
485200 10.000
485400 10.000
485600 10.000
485800 10.000
486000 10.000
486200 10.000
486400 10.000
486600 10.000
486800 10.000
487000 10.000
487200 10.000
487400 10.000
487600 10.000
487800 10.000
488000 10.000
488200 10.000
488400 10.000
488600 10.000
488800 10.000
489000 10.000
489200 10.000
489400 10.000
489600 10.000
489800 10.000
490000 10.000
490200 10.000
490400 10.000
490600 10.000
490800 10.000
491000 10.000
491200 10.000
491400 10.000
491600 10.000
491800 10.000
492000 10.000
492200 10.000
492400 10.000
492600 10.000
492800 10.000
493000 10.000
493200 10.000
493400 10.000
493600 10.000
493800 10.000
494000 10.000
494200 10.000
494400 10.000
494600 10.000
494800 10.000
495000 10.000
495200 10.000
495400 10.000
495600 10.000
495800 10.000
496000 10.000
496200 10.000
496400 10.000
496600 10.000
496800 10.000
497000 10.000
497200 10.000
497400 10.000
497600 10.000
497800 10.000
498000 10.000
498200 10.000
498400 10.000
498600 10.000
498800 10.000
499000 10.000
499200 10.000
499400 10.000
499600 10.000
499800 10.000
500000 10.000
500200 10.000
500400 10.000
500600 10.000
500800 10.000
501000 10.000
501200 10.000
501400 10.000
501600 10.000
501800 10.000
502000 10.000
502200 10.000
502400 10.000
502600 10.000
502800 10.000
503000 10.000
503200 10.000
503400 10.000
503600 10.000
503800 10.000
504000 10.000
504200 10.000
504400 10.000
504600 10.000
504800 10.000
505000 10.000
505200 10.000
505400 10.000
505600 10.000
505800 10.000
506000 10.000
506200 10.000
506400 10.000
506600 10.000
506800 10.000
507000 10.000
507200 10.000
507400 10.000
507600 10.000
507800 10.000
508000 10.000
508200 10.000
508400 10.000
508600 10.000
508800 10.000
509000 10.000
509200 10.000
509400 10.000
509600 10.000
509800 10.000
510000 10.000
510200 10.000
510400 10.000
510600 10.000
510800 10.000
511000 10.000
511200 10.000
511400 10.000
511600 10.000
511800 10.000
512000 10.000
512200 10.000
512400 10.000
512600 10.000
512800 10.000
513000 10.000
513200 10.000
513400 10.000
513600 10.000
513800 10.000
514000 10.000
514200 10.000
514400 10.000
514600 10.000
514800 10.000
515000 10.000
515200 10.000
515400 10.000
515600 10.000
515800 10.000
516000 10.000
516200 10.000
516400 10.000
516600 10.000
516800 10.000
517000 10.000
517200 10.000
517400 10.000
517600 10.000
517800 10.000
518000 10.000
518200 10.000
518400 10.000
518600 10.000
518800 10.000
519000 10.000
519200 10.000
519400 10.000
519600 10.000
519800 10.000
520000 10.000
520200 10.000
520400 10.000
520600 10.000
520800 10.000
521000 10.000
521200 10.000
521400 10.000
521600 10.000
521800 10.000
522000 10.000
522200 10.000
522400 10.000
522600 10.000
522800 10.000
523000 10.000
523200 10.000
523400 10.000
523600 10.000
523800 10.000
524000 10.000
524200 10.000
524400 10.000
524600 10.000
524800 10.000
525000 10.000
525200 10.000
525400 10.000
525600 10.000
525800 10.000
526000 10.000
526200 10.000
526400 10.000
526600 10.000
526800 10.000
527000 10.000
527200 10.000
527400 10.000
527600 10.000
527800 10.000
528000 10.000
528200 10.000
528400 10.000
528600 10.000
528800 10.000
529000 10.000
529200 10.000
529400 10.000
529600 10.000
529800 10.000
530000 10.000
530200 10.000
530400 10.000
530600 10.000
530800 10.000
531000 10.000
531200 10.000
531400 10.000
531600 10.000
531800 10.000
532000 10.000
532200 10.000
532400 10.000
532600 10.000
532800 10.000
533000 10.000
533200 10.000
533400 10.000
533600 10.000
533800 10.000
534000 10.000
534200 10.000
534400 10.000
534600 10.000
534800 10.000
535000 10.000
535200 10.000
535400 10.000
535600 10.000
535800 10.000
536000 10.000
536200 10.000
536400 10.000
536600 10.000
536800 10.000
537000 10.000
537200 10.000
537400 10.000
537600 10.000
537800 10.000
538000 10.000
538200 10.000
538400 10.000
538600 10.000
538800 10.000
539000 10.000
539200 10.000
539400 10.000
539600 10.000
539800 10.000
540000 10.000
540200 10.000
540400 10.000
540600 10.000
540800 10.000
541000 10.000
541200 10.000
541400 10.000
541600 10.000
541800 10.000
542000 10.000
542200 10.000
542400 10.000
542600 10.000
542800 10.000
543000 10.000
543200 10.000
543400 10.000
543600 10.000
543800 10.000
544000 10.000
544200 10.000
544400 10.000
544600 10.000
544800 10.000
545000 10.000
545200 10.000
545400 10.000
545600 10.000
545800 10.000
546000 10.000
546200 10.000
546400 10.000
546600 10.000
546800 10.000
547000 10.000
547200 10.000
547400 10.000
547600 10.000
547800 10.000
548000 10.000
548200 10.000
548400 10.000
548600 10.000
548800 10.000
549000 10.000
549200 10.000
549400 10.000
549600 10.000
549800 10.000
550000 10.000
550200 10.000
550400 10.000
550600 10.000
550800 10.000
551000 10.000
551200 10.000
551400 10.000
551600 10.000
551800 10.000
552000 10.000
552200 10.000
552400 10.000
552600 10.000
552800 10.000
553000 10.000
553200 10.000
553400 10.000
553600 10.000
553800 10.000
554000 10.000
554200 10.000
554400 10.000
554600 10.000
554800 10.000
555000 10.000
555200 10.000
555400 10.000
555600 10.000
555800 10.000
556000 10.000
556200 10.000
556400 10.000
556600 10.000
556800 10.000
557000 10.000
557200 10.000
557400 10.000
557600 10.000
557800 10.000
558000 10.000
558200 10.000
558400 10.000
558600 10.000
558800 10.000
559000 10.000
559200 10.000
559400 10.000
559600 10.000
559800 10.000
560000 10.000
560200 10.000
560400 10.000
560600 10.000
560800 10.000
561000 10.000
561200 10.000
561400 10.000
561600 10.000
561800 10.000
562000 10.000
562200 10.000
562400 10.000
562600 10.000
562800 10.000
563000 10.000
563200 10.000
563400 10.000
563600 10.000
563800 10.000
564000 10.000
564200 10.000
564400 10.000
564600 10.000
564800 10.000
565000 10.000
565200 10.000
565400 10.000
565600 10.000
565800 10.000
566000 10.000
566200 10.000
566400 10.000
566600 10.000
566800 10.000
567000 10.000
567200 10.000
567400 10.000
567600 10.000
567800 10.000
568000 10.000
568200 10.000
568400 10.000
568600 10.000
568800 10.000
569000 10.000
569200 10.000
569400 10.000
569600 10.000
569800 10.000
570000 10.000
570200 10.000
570400 10.000
570600 10.000
570800 10.000
571000 10.000
571200 10.000
571400 10.000
571600 10.000
571800 10.000
572000 10.000
572200 10.000
572400 10.000
572600 10.000
572800 10.000
573000 10.000
573200 10.000
573400 10.000
573600 10.000
573800 10.000
574000 10.000
574200 10.000
574400 10.000
574600 10.000
574800 10.000
575000 10.000
575200 10.000
575400 10.000
575600 10.000
575800 10.000
576000 10.000
576200 10.000
576400 10.000
576600 10.000
576800 10.000
577000 10.000
577200 10.000
577400 10.000
577600 10.000
577800 10.000
578000 10.000
578200 10.000
578400 10.000
578600 10.000
578800 10.000
579000 10.000
579200 10.000
579400 10.000
579600 10.000
579800 10.000
580000 10.000
580200 10.000
580400 10.000
580600 10.000
580800 10.000
581000 10.000
581200 10.000
581400 10.000
581600 10.000
581800 10.000
582000 10.000
582200 10.000
582400 10.000
582600 10.000
582800 10.000
583000 10.000
583200 10.000
583400 10.000
583600 10.000
583800 10.000
584000 10.000
584200 10.000
584400 10.000
584600 10.000
584800 10.000
585000 10.000
585200 10.000
585400 10.000
585600 10.000
585800 10.000
586000 10.000
586200 10.000
586400 10.000
586600 10.000
586800 10.000
587000 10.000
587200 10.000
587400 10.000
587600 10.000
587800 10.000
588000 10.000
588200 10.000
588400 10.000
588600 10.000
588800 10.000
589000 10.000
589200 10.000
589400 10.000
589600 10.000
589800 10.000
590000 10.000
590200 10.000
590400 10.000
590600 10.000
590800 10.000
591000 10.000
591200 10.000
591400 10.000
591600 10.000
591800 10.000
592000 10.000
592200 10.000
592400 10.000
592600 10.000
592800 10.000
593000 10.000
593200 10.000
593400 10.000
593600 10.000
593800 10.000
594000 10.000
594200 10.000
594400 10.000
594600 10.000
594800 10.000
595000 10.000
595200 10.000
595400 10.000
595600 10.000
595800 10.000
596000 10.000
596200 10.000
596400 10.000
596600 10.000
596800 10.000
597000 10.000
597200 10.000
597400 10.000
597600 10.000
597800 10.000
598000 10.000
598200 10.000
598400 10.000
598600 10.000
598800 10.000
599000 10.000
599200 10.000
599400 10.000
599600 10.000
599800 10.000
600000 10.000
600200 10.000
600400 10.000
600600 10.000
600800 10.000
601000 10.000
601200 10.000
601400 10.000
601600 10.000
601800 10.000
602000 10.000
602200 10.000
602400 10.000
602600 10.000
602800 10.000
603000 10.000
603200 10.000
603400 10.000
603600 10.000
603800 10.000
604000 10.000
604200 10.000
604400 10.000
604600 10.000
604800 10.000
605000 10.000
605200 10.000
605400 10.000
605600 10.000
605800 10.000
606000 10.000
606200 10.000
606400 10.000
606600 10.000
606800 10.000
607000 10.000
607200 10.000
607400 10.000
607600 10.000
607800 10.000
608000 10.000
608200 10.000
608400 10.000
608600 10.000
608800 10.000
609000 10.000
609200 10.000
609400 10.000
609600 10.000
609800 10.000
610000 10.000
610200 10.000
610400 10.000
610600 10.000
610800 10.000
611000 10.000
611200 10.000
611400 10.000
611600 10.000
611800 10.000
612000 10.000
612200 10.000
612400 10.000
612600 10.000
612800 10.000
613000 10.000
613200 10.000
613400 10.000
613600 10.000
613800 10.000
614000 10.000
614200 10.000
614400 10.000
614600 10.000
614800 10.000
615000 10.000
615200 10.000
615400 10.000
615600 10.000
615800 10.000
616000 10.000
616200 10.000
616400 10.000
616600 10.000
616800 10.000
617000 10.000
617200 10.000
617400 10.000
617600 10.000
617800 10.000
618000 10.000
618200 10.000
618400 10.000
618600 10.000
618800 10.000
619000 10.000
619200 10.000
619400 10.000
619600 10.000
619800 10.000
620000 10.000
620200 10.000
620400 10.000
620600 10.000
620800 10.000
621000 10.000
621200 10.000
621400 10.000
621600 10.000
621800 10.000
622000 10.000
622200 10.000
622400 10.000
622600 10.000
622800 10.000
623000 10.000
623200 10.000
623400 10.000
623600 10.000
623800 10.000
624000 10.000
624200 10.000
624400 10.000
624600 10.000
624800 10.000
625000 10.000
625200 10.000
625400 10.000
625600 10.000
625800 10.000
626000 10.000
626200 10.000
626400 10.000
626600 10.000
626800 10.000
627000 10.000
627200 10.000
627400 10.000
627600 10.000
627800 10.000
628000 10.000
628200 10.000
628400 10.000
628600 10.000
628800 10.000
629000 10.000
629200 10.000
629400 10.000
629600 10.000
629800 10.000
630000 10.000
630200 10.000
630400 10.000
630600 10.000
630800 10.000
631000 10.000
631200 10.000
631400 10.000
631600 10.000
631800 10.000
632000 10.000
632200 10.000
632400 10.000
632600 10.000
632800 10.000
633000 10.000
633200 10.000
633400 10.000
633600 10.000
633800 10.000
634000 10.000
634200 10.000
634400 10.000
634600 10.000
634800 10.000
635000 10.000
635200 10.000
635400 10.000
635600 10.000
635800 10.000
636000 10.000
636200 10.000
636400 10.000
636600 10.000
636800 10.000
637000 10.000
637200 10.000
637400 10.000
637600 10.000
637800 10.000
638000 10.000
638200 10.000
638400 10.000
638600 10.000
638800 10.000
639000 10.000
639200 10.000
639400 10.000
639600 10.000
639800 10.000
640000 10.000
640200 10.000
640400 10.000
640600 10.000
640800 10.000
641000 10.000
641200 10.000
641400 10.000
641600 10.000
641800 10.000
642000 10.000
642200 10.000
642400 10.000
642600 10.000
642800 10.000
643000 10.000
643200 10.000
643400 10.000
643600 10.000
643800 10.000
644000 10.000
644200 10.000
644400 10.000
644600 10.000
644800 10.000
645000 10.000
645200 10.000
645400 10.000
645600 10.000
645800 10.000
646000 10.000
646200 10.000
646400 10.000
646600 10.000
646800 10.000
647000 10.000
647200 10.000
647400 10.000
647600 10.000
647800 10.000
648000 10.000
648200 10.000
648400 10.000
648600 10.000
648800 10.000
649000 10.000
649200 10.000
649400 10.000
649600 10.000
649800 10.000
650000 10.000
650200 10.000
650400 10.000
650600 10.000
650800 10.000
651000 10.000
651200 10.000
651400 10.000
651600 10.000
651800 10.000
652000 10.000
652200 10.000
652400 10.000
652600 10.000
652800 10.000
653000 10.000
653200 10.000
653400 10.000
653600 10.000
653800 10.000
654000 10.000
654200 10.000
654400 10.000
654600 10.000
654800 10.000
655000 10.000
655200 10.000
655400 10.000
655600 10.000
655800 10.000
656000 10.000
656200 10.000
656400 10.000
656600 10.000
656800 10.000
657000 10.000
657200 10.000
657400 10.000
657600 10.000
657800 10.000
658000 10.000
658200 10.000
658400 10.000
658600 10.000
658800 10.000
659000 10.000
659200 10.000
659400 10.000
659600 10.000
659800 10.000
660000 10.000
660200 10.000
660400 10.000
660600 10.000
660800 10.000
661000 10.000
661200 10.000
661400 10.000
661600 10.000
661800 10.000
662000 10.000
662200 10.000
662400 10.000
662600 10.000
662800 10.000
663000 10.000
663200 10.000
663400 10.000
663600 10.000
663800 10.000
664000 10.000
664200 10.000
664400 10.000
664600 10.000
664800 10.000
665000 10.000
665200 10.000
665400 10.000
665600 10.000
665800 10.000
666000 10.000
666200 10.000
666400 10.000
666600 10.000
666800 10.000
667000 10.000
667200 10.000
667400 10.000
667600 10.000
667800 10.000
668000 10.000
668200 10.000
668400 10.000
668600 10.000
668800 10.000
669000 10.000
669200 10.000
669400 10.000
669600 10.000
669800 10.000
670000 10.000
670200 10.000
670400 10.000
670600 10.000
670800 10.000
671000 10.000
671200 10.000
671400 10.000
671600 10.000
671800 10.000
672000 10.000
672200 10.000
672400 10.000
672600 10.000
672800 10.000
673000 10.000
673200 10.000
673400 10.000
673600 10.000
673800 10.000
674000 10.000
674200 10.000
674400 10.000
674600 10.000
674800 10.000
675000 10.000
675200 10.000
675400 10.000
675600 10.000
675800 10.000
676000 10.000
676200 10.000
676400 10.000
676600 10.000
676800 10.000
677000 10.000
677200 10.000
677400 10.000
677600 10.000
677800 10.000
678000 10.000
678200 10.000
678400 10.000
678600 10.000
678800 10.000
679000 10.000
679200 10.000
679400 10.000
679600 10.000
679800 10.000
680000 10.000
680200 10.000
680400 10.000
680600 10.000
680800 10.000
681000 10.000
681200 10.000
681400 10.000
681600 10.000
681800 10.000
682000 10.000
682200 10.000
682400 10.000
682600 10.000
682800 10.000
683000 10.000
683200 10.000
683400 10.000
683600 10.000
683800 10.000
684000 10.000
684200 10.000
684400 10.000
684600 10.000
684800 10.000
685000 10.000
685200 10.000
685400 10.000
685600 10.000
685800 10.000
686000 10.000
686200 10.000
686400 10.000
686600 10.000
686800 10.000
687000 10.000
687200 10.000
687400 10.000
687600 10.000
687800 10.000
688000 10.000
688200 10.000
688400 10.000
688600 10.000
688800 10.000
689000 10.000
689200 10.000
689400 10.000
689600 10.000
689800 10.000
690000 10.000
690200 10.000
690400 10.000
690600 10.000
690800 10.000
691000 10.000
691200 10.000
691400 10.000
691600 10.000
691800 10.000
692000 10.000
692200 10.000
692400 10.000
692600 10.000
692800 10.000
693000 10.000
693200 10.000
693400 10.000
693600 10.000
693800 10.000
694000 10.000
694200 10.000
694400 10.000
694600 10.000
694800 10.000
695000 10.000
695200 10.000
695400 10.000
695600 10.000
695800 10.000
696000 10.000
696200 10.000
696400 10.000
696600 10.000
696800 10.000
697000 10.000
697200 10.000
697400 10.000
697600 10.000
697800 10.000
698000 10.000
698200 10.000
698400 10.000
698600 10.000
698800 10.000
699000 10.000
699200 10.000
699400 10.000
699600 10.000
699800 10.000
700000 10.000
700200 10.000
700400 10.000
700600 10.000
700800 10.000
701000 10.000
701200 10.000
701400 10.000
701600 10.000
701800 10.000
702000 10.000
702200 10.000
702400 10.000
702600 10.000
702800 10.000
703000 10.000
703200 10.000
703400 10.000
703600 10.000
703800 10.000
704000 10.000
704200 10.000
704400 10.000
704600 10.000
704800 10.000
705000 10.000
705200 10.000
705400 10.000
705600 10.000
705800 10.000
706000 10.000
706200 10.000
706400 10.000
706600 10.000
706800 10.000
707000 10.000
707200 10.000
707400 10.000
707600 10.000
707800 10.000
708000 10.000
708200 10.000
708400 10.000
708600 10.000
708800 10.000
709000 10.000
709200 10.000
709400 10.000
709600 10.000
709800 10.000
710000 10.000
710200 10.000
710400 10.000
710600 10.000
710800 10.000
711000 10.000
711200 10.000
711400 10.000
711600 10.000
711800 10.000
712000 10.000
712200 10.000
712400 10.000
712600 10.000
712800 10.000
713000 10.000
713200 10.000
713400 10.000
713600 10.000
713800 10.000
714000 10.000
714200 10.000
714400 10.000
714600 10.000
714800 10.000
715000 10.000
715200 10.000
715400 10.000
715600 10.000
715800 10.000
716000 10.000
716200 10.000
716400 10.000
716600 10.000
716800 10.000
717000 10.000
717200 10.000
717400 10.000
717600 10.000
717800 10.000
718000 10.000
718200 10.000
718400 10.000
718600 10.000
718800 10.000
719000 10.000
719200 10.000
719400 10.000
719600 10.000
719800 10.000
720000 10.000
720200 10.000
720400 10.000
720600 10.000
720800 10.000
721000 10.000
721200 10.000
721400 10.000
721600 10.000
721800 10.000
722000 10.000
722200 10.000
722400 10.000
722600 10.000
722800 10.000
723000 10.000
723200 10.000
723400 10.000
723600 10.000
723800 10.000
724000 10.000
724200 10.000
724400 10.000
724600 10.000
724800 10.000
725000 10.000
725200 10.000
725400 10.000
725600 10.000
725800 10.000
726000 10.000
726200 10.000
726400 10.000
726600 10.000
726800 10.000
727000 10.000
727200 10.000
727400 10.000
727600 10.000
727800 10.000
728000 10.000
728200 10.000
728400 10.000
728600 10.000
728800 10.000
729000 10.000
729200 10.000
729400 10.000
729600 10.000
729800 10.000
730000 10.000
730200 10.000
730400 10.000
730600 10.000
730800 10.000
731000 10.000
731200 10.000
731400 10.000
731600 10.000
731800 10.000
732000 10.000
732200 10.000
732400 10.000
732600 10.000
732800 10.000
733000 10.000
733200 10.000
733400 10.000
733600 10.000
733800 10.000
734000 10.000
734200 10.000
734400 10.000
734600 10.000
734800 10.000
735000 10.000
735200 10.000
735400 10.000
735600 10.000
735800 10.000
736000 10.000
736200 10.000
736400 10.000
736600 10.000
736800 10.000
737000 10.000
737200 10.000
737400 10.000
737600 10.000
737800 10.000
738000 10.000
738200 10.000
738400 10.000
738600 10.000
738800 10.000
739000 10.000
739200 10.000
739400 10.000
739600 10.000
739800 10.000
740000 10.000
740200 10.000
740400 10.000
740600 10.000
740800 10.000
741000 10.000
741200 10.000
741400 10.000
741600 10.000
741800 10.000
742000 10.000
742200 10.000
742400 10.000
742600 10.000
742800 10.000
743000 10.000
743200 10.000
743400 10.000
743600 10.000
743800 10.000
744000 10.000
744200 10.000
744400 10.000
744600 10.000
744800 10.000
745000 10.000
745200 10.000
745400 10.000
745600 10.000
745800 10.000
746000 10.000
746200 10.000
746400 10.000
746600 10.000
746800 10.000
747000 10.000
747200 10.000
747400 10.000
747600 10.000
747800 10.000
748000 10.000
748200 10.000
748400 10.000
748600 10.000
748800 10.000
749000 10.000
749200 10.000
749400 10.000
749600 10.000
749800 10.000
750000 10.000
750200 10.000
750400 10.000
750600 10.000
750800 10.000
751000 10.000
751200 10.000
751400 10.000
751600 10.000
751800 10.000
752000 10.000
752200 10.000
752400 10.000
752600 10.000
752800 10.000
753000 10.000
753200 10.000
753400 10.000
753600 10.000
753800 10.000
754000 10.000
754200 10.000
754400 10.000
754600 10.000
754800 10.000
755000 10.000
755200 10.000
755400 10.000
755600 10.000
755800 10.000
756000 10.000
756200 10.000
756400 10.000
756600 10.000
756800 10.000
757000 10.000
757200 10.000
757400 10.000
757600 10.000
757800 10.000
758000 10.000
758200 10.000
758400 10.000
758600 10.000
758800 10.000
759000 10.000
759200 10.000
759400 10.000
759600 10.000
759800 10.000
760000 10.000
760200 10.000
760400 10.000
760600 10.000
760800 10.000
761000 10.000
761200 10.000
761400 10.000
761600 10.000
761800 10.000
762000 10.000
762200 10.000
762400 10.000
762600 10.000
762800 10.000
763000 10.000
763200 10.000
763400 10.000
763600 10.000
763800 10.000
764000 10.000
764200 10.000
764400 10.000
764600 10.000
764800 10.000
765000 10.000
765200 10.000
765400 10.000
765600 10.000
765800 10.000
766000 10.000
766200 10.000
766400 10.000
766600 10.000
766800 10.000
767000 10.000
767200 10.000
767400 10.000
767600 10.000
767800 10.000
768000 10.000
768200 10.000
768400 10.000
768600 10.000
768800 10.000
769000 10.000
769200 10.000
769400 10.000
769600 10.000
769800 10.000
770000 10.000
770200 10.000
770400 10.000
770600 10.000
770800 10.000
771000 10.000
771200 10.000
771400 10.000
771600 10.000
771800 10.000
772000 10.000
772200 10.000
772400 10.000
772600 10.000
772800 10.000
773000 10.000
773200 10.000
773400 10.000
773600 10.000
773800 10.000
774000 10.000
774200 10.000
774400 10.000
774600 10.000
774800 10.000
775000 10.000
775200 10.000
775400 10.000
775600 10.000
775800 10.000
776000 10.000
776200 10.000
776400 10.000
776600 10.000
776800 10.000
777000 10.000
777200 10.000
777400 10.000
777600 10.000
777800 10.000
778000 10.000
778200 10.000
778400 10.000
778600 10.000
778800 10.000
779000 10.000
779200 10.000
779400 10.000
779600 10.000
779800 10.000
780000 10.000
780200 10.000
780400 10.000
780600 10.000
780800 10.000
781000 10.000
781200 10.000
781400 10.000
781600 10.000
781800 10.000
782000 10.000
782200 10.000
782400 10.000
782600 10.000
782800 10.000
783000 10.000
783200 10.000
783400 10.000
783600 10.000
783800 10.000
784000 10.000
784200 10.000
784400 10.000
784600 10.000
784800 10.000
785000 10.000
785200 10.000
785400 10.000
785600 10.000
785800 10.000
786000 10.000
786200 10.000
786400 10.000
786600 10.000
786800 10.000
787000 10.000
787200 10.000
787400 10.000
787600 10.000
787800 10.000
788000 10.000
788200 10.000
788400 10.000
788600 10.000
788800 10.000
789000 10.000
789200 10.000
789400 10.000
789600 10.000
789800 10.000
790000 10.000
790200 10.000
790400 10.000
790600 10.000
790800 10.000
791000 10.000
791200 10.000
791400 10.000
791600 10.000
791800 10.000
792000 10.000
792200 10.000
792400 10.000
792600 10.000
792800 10.000
793000 10.000
793200 10.000
793400 10.000
793600 10.000
793800 10.000
794000 10.000
794200 10.000
794400 10.000
794600 10.000
794800 10.000
795000 10.000
795200 10.000
795400 10.000
795600 10.000
795800 10.000
796000 10.000
796200 10.000
796400 10.000
796600 10.000
796800 10.000
797000 10.000
797200 10.000
797400 10.000
797600 10.000
797800 10.000
798000 10.000
798200 10.000
798400 10.000
798600 10.000
798800 10.000
799000 10.000
799200 10.000
799400 10.000
799600 10.000
799800 10.000
800000 10.000
800200 10.000
800400 10.000
800600 10.000
800800 10.000
801000 10.000
801200 10.000
801400 10.000
801600 10.000
801800 10.000
802000 10.000
802200 10.000
802400 10.000
802600 10.000
802800 10.000
803000 10.000
803200 10.000
803400 10.000
803600 10.000
803800 10.000
804000 10.000
804200 10.000
804400 10.000
804600 10.000
804800 10.000
805000 10.000
805200 10.000
805400 10.000
805600 10.000
805800 10.000
806000 10.000
806200 10.000
806400 10.000
806600 10.000
806800 10.000
807000 10.000
807200 10.000
807400 10.000
807600 10.000
807800 10.000
808000 10.000
808200 10.000
808400 10.000
808600 10.000
808800 10.000
809000 10.000
809200 10.000
809400 10.000
809600 10.000
809800 10.000
810000 10.000
810200 10.000
810400 10.000
810600 10.000
810800 10.000
811000 10.000
811200 10.000
811400 10.000
811600 10.000
811800 10.000
812000 10.000
812200 10.000
812400 10.000
812600 10.000
812800 10.000
813000 10.000
813200 10.000
813400 10.000
813600 10.000
813800 10.000
814000 10.000
814200 10.000
814400 10.000
814600 10.000
814800 10.000
815000 10.000
815200 10.000
815400 10.000
815600 10.000
815800 10.000
816000 10.000
816200 10.000
816400 10.000
816600 10.000
816800 10.000
817000 10.000
817200 10.000
817400 10.000
817600 10.000
817800 10.000
818000 10.000
818200 10.000
818400 10.000
818600 10.000
818800 10.000
819000 10.000
819200 10.000
819400 10.000
819600 10.000
819800 10.000
820000 10.000
820200 10.000
820400 10.000
820600 10.000
820800 10.000
821000 10.000
821200 10.000
821400 10.000
821600 10.000
821800 10.000
822000 10.000
822200 10.000
822400 10.000
822600 10.000
822800 10.000
823000 10.000
823200 10.000
823400 10.000
823600 10.000
823800 10.000
824000 10.000
824200 10.000
824400 10.000
824600 10.000
824800 10.000
825000 10.000
825200 10.000
825400 10.000
825600 10.000
825800 10.000
826000 10.000
826200 10.000
826400 10.000
826600 10.000
826800 10.000
827000 10.000
827200 10.000
827400 10.000
827600 10.000
827800 10.000
828000 10.000
828200 10.000
828400 10.000
828600 10.000
828800 10.000
829000 10.000
829200 10.000
829400 10.000
829600 10.000
829800 10.000
830000 10.000
830200 10.000
830400 10.000
830600 10.000
830800 10.000
831000 10.000
831200 10.000
831400 10.000
831600 10.000
831800 10.000
832000 10.000
832200 10.000
832400 10.000
832600 10.000
832800 10.000
833000 10.000
833200 10.000
833400 10.000
833600 10.000
833800 10.000
834000 10.000
834200 10.000
834400 10.000
834600 10.000
834800 10.000
835000 10.000
835200 10.000
835400 10.000
835600 10.000
835800 10.000
836000 10.000
836200 10.000
836400 10.000
836600 10.000
836800 10.000
837000 10.000
837200 10.000
837400 10.000
837600 10.000
837800 10.000
838000 10.000
838200 10.000
838400 10.000
838600 10.000
838800 10.000
839000 10.000
839200 10.000
839400 10.000
839600 10.000
839800 10.000
840000 10.000
840200 10.000
840400 10.000
840600 10.000
840800 10.000
841000 10.000
841200 10.000
841400 10.000
841600 10.000
841800 10.000
842000 10.000
842200 10.000
842400 10.000
842600 10.000
842800 10.000
843000 10.000
843200 10.000
843400 10.000
843600 10.000
843800 10.000
844000 10.000
844200 10.000
844400 10.000
844600 10.000
844800 10.000
845000 10.000
845200 10.000
845400 10.000
845600 10.000
845800 10.000
846000 10.000
846200 10.000
846400 10.000
846600 10.000
846800 10.000
847000 10.000
847200 10.000
847400 10.000
847600 10.000
847800 10.000
848000 10.000
848200 10.000
848400 10.000
848600 10.000
848800 10.000
849000 10.000
849200 10.000
849400 10.000
849600 10.000
849800 10.000
850000 10.000
850200 10.000
850400 10.000
850600 10.000
850800 10.000
851000 10.000
851200 10.000
851400 10.000
851600 10.000
851800 10.000
852000 10.000
852200 10.000
852400 10.000
852600 10.000
852800 10.000
853000 10.000
853200 10.000
853400 10.000
853600 10.000
853800 10.000
854000 10.000
854200 10.000
854400 10.000
854600 10.000
854800 10.000
855000 10.000
855200 10.000
855400 10.000
855600 10.000
855800 10.000
856000 10.000
856200 10.000
856400 10.000
856600 10.000
856800 10.000
857000 10.000
857200 10.000
857400 10.000
857600 10.000
857800 10.000
858000 10.000
858200 10.000
858400 10.000
858600 10.000
858800 10.000
859000 10.000
859200 10.000
859400 10.000
859600 10.000
859800 10.000
860000 10.000
860200 10.000
860400 10.000
860600 10.000
860800 10.000
861000 10.000
861200 10.000
861400 10.000
861600 10.000
861800 10.000
862000 10.000
862200 10.000
862400 10.000
862600 10.000
862800 10.000
863000 10.000
863200 10.000
863400 10.000
863600 10.000
863800 10.000
864000 10.000
864200 10.000
864400 10.000
864600 10.000
864800 10.000
865000 10.000
865200 10.000
865400 10.000
865600 10.000
865800 10.000
866000 10.000
866200 10.000
866400 10.000
866600 10.000
866800 10.000
867000 10.000
867200 10.000
867400 10.000
867600 10.000
867800 10.000
868000 10.000
868200 10.000
868400 10.000
868600 10.000
868800 10.000
869000 10.000
869200 10.000
869400 10.000
869600 10.000
869800 10.000
870000 10.000
870200 10.000
870400 10.000
870600 10.000
870800 10.000
871000 10.000
871200 10.000
871400 10.000
871600 10.000
871800 10.000
872000 10.000
872200 10.000
872400 10.000
872600 10.000
872800 10.000
873000 10.000
873200 10.000
873400 10.000
873600 10.000
873800 10.000
874000 10.000
874200 10.000
874400 10.000
874600 10.000
874800 10.000
875000 10.000
875200 10.000
875400 10.000
875600 10.000
875800 10.000
876000 10.000
876200 10.000
876400 10.000
876600 10.000
876800 10.000
877000 10.000
877200 10.000
877400 10.000
877600 10.000
877800 10.000
878000 10.000
878200 10.000
878400 10.000
878600 10.000
878800 10.000
879000 10.000
879200 10.000
879400 10.000
879600 10.000
879800 10.000
880000 10.000
880200 10.000
880400 10.000
880600 10.000
880800 10.000
881000 10.000
881200 10.000
881400 10.000
881600 10.000
881800 10.000
882000 10.000
882200 10.000
882400 10.000
882600 10.000
882800 10.000
883000 10.000
883200 10.000
883400 10.000
883600 10.000
883800 10.000
884000 10.000
884200 10.000
884400 10.000
884600 10.000
884800 10.000
885000 10.000
885200 10.000
885400 10.000
885600 10.000
885800 10.000
886000 10.000
886200 10.000
886400 10.000
886600 10.000
886800 10.000
887000 10.000
887200 10.000
887400 10.000
887600 10.000
887800 10.000
888000 10.000
888200 10.000
888400 10.000
888600 10.000
888800 10.000
889000 10.000
889200 10.000
889400 10.000
889600 10.000
889800 10.000
890000 10.000
890200 10.000
890400 10.000
890600 10.000
890800 10.000
891000 10.000
891200 10.000
891400 10.000
891600 10.000
891800 10.000
892000 10.000
892200 10.000
892400 10.000
892600 10.000
892800 10.000
893000 10.000
893200 10.000
893400 10.000
893600 10.000
893800 10.000
894000 10.000
894200 10.000
894400 10.000
894600 10.000
894800 10.000
895000 10.000
895200 10.000
895400 10.000
895600 10.000
895800 10.000
896000 10.000
896200 10.000
896400 10.000
896600 10.000
896800 10.000
897000 10.000
897200 10.000
897400 10.000
897600 10.000
897800 10.000
898000 10.000
898200 10.000
898400 10.000
898600 10.000
898800 10.000
899000 10.000
899200 10.000
899400 10.000
899600 10.000
899800 10.000
900000 10.000
900200 10.000
900400 10.000
900600 10.000
900800 10.000
901000 10.000
901200 10.000
901400 10.000
901600 10.000
901800 10.000
902000 10.000
902200 10.000
902400 10.000
902600 10.000
902800 10.000
903000 10.000
903200 10.000
903400 10.000
903600 10.000
903800 10.000
904000 10.000
904200 10.000
904400 10.000
904600 10.000
904800 10.000
905000 10.000
905200 10.000
905400 10.000
905600 10.000
905800 10.000
906000 10.000
906200 10.000
906400 10.000
906600 10.000
906800 10.000
907000 10.000
907200 10.000
907400 10.000
907600 10.000
907800 10.000
908000 10.000
908200 10.000
908400 10.000
908600 10.000
908800 10.000
909000 10.000
909200 10.000
909400 10.000
909600 10.000
909800 10.000
910000 10.000
910200 10.000
910400 10.000
910600 10.000
910800 10.000
911000 10.000
911200 10.000
911400 10.000
911600 10.000
911800 10.000
912000 10.000
912200 10.000
912400 10.000
912600 10.000
912800 10.000
913000 10.000
913200 10.000
913400 10.000
913600 10.000
913800 10.000
914000 10.000
914200 10.000
914400 10.000
914600 10.000
914800 10.000
915000 10.000
915200 10.000
915400 10.000
915600 10.000
915800 10.000
916000 10.000
916200 10.000
916400 10.000
916600 10.000
916800 10.000
917000 10.000
917200 10.000
917400 10.000
917600 10.000
917800 10.000
918000 10.000
918200 10.000
918400 10.000
918600 10.000
918800 10.000
919000 10.000
919200 10.000
919400 10.000
919600 10.000
919800 10.000
920000 10.000
920200 10.000
920400 10.000
920600 10.000
920800 10.000
921000 10.000
921200 10.000
921400 10.000
921600 10.000
921800 10.000
922000 10.000
922200 10.000
922400 10.000
922600 10.000
922800 10.000
923000 10.000
923200 10.000
923400 10.000
923600 10.000
923800 10.000
924000 10.000
924200 10.000
924400 10.000
924600 10.000
924800 10.000
925000 10.000
925200 10.000
925400 10.000
925600 10.000
925800 10.000
926000 10.000
926200 10.000
926400 10.000
926600 10.000
926800 10.000
927000 10.000
927200 10.000
927400 10.000
927600 10.000
927800 10.000
928000 10.000
928200 10.000
928400 10.000
928600 10.000
928800 10.000
929000 10.000
929200 10.000
929400 10.000
929600 10.000
929800 10.000
930000 10.000
930200 10.000
930400 10.000
930600 10.000
930800 10.000
931000 10.000
931200 10.000
931400 10.000
931600 10.000
931800 10.000
932000 10.000
932200 10.000
932400 10.000
932600 10.000
932800 10.000
933000 10.000
933200 10.000
933400 10.000
933600 10.000
933800 10.000
934000 10.000
934200 10.000
934400 10.000
934600 10.000
934800 10.000
935000 10.000
935200 10.000
935400 10.000
935600 10.000
935800 10.000
936000 10.000
936200 10.000
936400 10.000
936600 10.000
936800 10.000
937000 10.000
937200 10.000
937400 10.000
937600 10.000
937800 10.000
938000 10.000
938200 10.000
938400 10.000
938600 10.000
938800 10.000
939000 10.000
939200 10.000
939400 10.000
939600 10.000
939800 10.000
940000 10.000
940200 10.000
940400 10.000
940600 10.000
940800 10.000
941000 10.000
941200 10.000
941400 10.000
941600 10.000
941800 10.000
942000 10.000
942200 10.000
942400 10.000
942600 10.000
942800 10.000
943000 10.000
943200 10.000
943400 10.000
943600 10.000
943800 10.000
944000 10.000
944200 10.000
944400 10.000
944600 10.000
944800 10.000
945000 10.000
945200 10.000
945400 10.000
945600 10.000
945800 10.000
946000 10.000
946200 10.000
946400 10.000
946600 10.000
946800 10.000
947000 10.000
947200 10.000
947400 10.000
947600 10.000
947800 10.000
948000 10.000
948200 10.000
948400 10.000
948600 10.000
948800 10.000
949000 10.000
949200 10.000
949400 10.000
949600 10.000
949800 10.000
950000 10.000
950200 10.000
950400 10.000
950600 10.000
950800 10.000
951000 10.000
951200 10.000
951400 10.000
951600 10.000
951800 10.000
952000 10.000
952200 10.000
952400 10.000
952600 10.000
952800 10.000
953000 10.000
953200 10.000
953400 10.000
953600 10.000
953800 10.000
954000 10.000
954200 10.000
954400 10.000
954600 10.000
954800 10.000
955000 10.000
955200 10.000
955400 10.000
955600 10.000
955800 10.000
956000 10.000
956200 10.000
956400 10.000
956600 10.000
956800 10.000
957000 10.000
957200 10.000
957400 10.000
957600 10.000
957800 10.000
958000 10.000
958200 10.000
958400 10.000
958600 10.000
958800 10.000
959000 10.000
959200 10.000
959400 10.000
959600 10.000
959800 10.000
960000 10.000
960200 10.000
960400 10.000
960600 10.000
960800 10.000
961000 10.000
961200 10.000
961400 10.000
961600 10.000
961800 10.000
962000 10.000
962200 10.000
962400 10.000
962600 10.000
962800 10.000
963000 10.000
963200 10.000
963400 10.000
963600 10.000
963800 10.000
964000 10.000
964200 10.000
964400 10.000
964600 10.000
964800 10.000
965000 10.000
965200 10.000
965400 10.000
965600 10.000
965800 10.000
966000 10.000
966200 10.000
966400 10.000
966600 10.000
966800 10.000
967000 10.000
967200 10.000
967400 10.000
967600 10.000
967800 10.000
968000 10.000
968200 10.000
968400 10.000
968600 10.000
968800 10.000
969000 10.000
969200 10.000
969400 10.000
969600 10.000
969800 10.000
970000 10.000
970200 10.000
970400 10.000
970600 10.000
970800 10.000
971000 10.000
971200 10.000
971400 10.000
971600 10.000
971800 10.000
972000 10.000
972200 10.000
972400 10.000
972600 10.000
972800 10.000
973000 10.000
973200 10.000
973400 10.000
973600 10.000
973800 10.000
974000 10.000
974200 10.000
974400 10.000
974600 10.000
974800 10.000
975000 10.000
975200 10.000
975400 10.000
975600 10.000
975800 10.000
976000 10.000
976200 10.000
976400 10.000
976600 10.000
976800 10.000
977000 10.000
977200 10.000
977400 10.000
977600 10.000
977800 10.000
978000 10.000
978200 10.000
978400 10.000
978600 10.000
978800 10.000
979000 10.000
979200 10.000
979400 10.000
979600 10.000
979800 10.000
980000 10.000
980200 10.000
980400 10.000
980600 10.000
980800 10.000
981000 10.000
981200 10.000
981400 10.000
981600 10.000
981800 10.000
982000 10.000
982200 10.000
982400 10.000
982600 10.000
982800 10.000
983000 10.000
983200 10.000
983400 10.000
983600 10.000
983800 10.000
984000 10.000
984200 10.000
984400 10.000
984600 10.000
984800 10.000
985000 10.000
985200 10.000
985400 10.000
985600 10.000
985800 10.000
986000 10.000
986200 10.000
986400 10.000
986600 10.000
986800 10.000
987000 10.000
987200 10.000
987400 10.000
987600 10.000
987800 10.000
988000 10.000
988200 10.000
988400 10.000
988600 10.000
988800 10.000
989000 10.000
989200 10.000
989400 10.000
989600 10.000
989800 10.000
990000 10.000
990200 10.000
990400 10.000
990600 10.000
990800 10.000
991000 10.000
991200 10.000
991400 10.000
991600 10.000
991800 10.000
992000 10.000
992200 10.000
992400 10.000
992600 10.000
992800 10.000
993000 10.000
993200 10.000
993400 10.000
993600 10.000
993800 10.000
994000 10.000
994200 10.000
994400 10.000
994600 10.000
994800 10.000
995000 10.000
995200 10.000
995400 10.000
995600 10.000
995800 10.000
996000 10.000
996200 10.000
996400 10.000
996600 10.000
996800 10.000
997000 10.000
997200 10.000
997400 10.000
997600 10.000
997800 10.000
998000 10.000
998200 10.000
998400 10.000
998600 10.000
998800 10.000
999000 10.000
999200 10.000
999400 10.000
999600 10.000
999800 10.000
1000000 0.100
