SP: 41 50 59 68 67 
L: 68 59 60 61 
J: 70 
K: 69 68 59 50 41 32 31 22 13 
Q: 14 15 16 17 18 
S: 17 26 35 44 53 
I: 44 35 
T: 34 33 32 31 30 
F: 21 
P: 30 31 32 41 50 59 68 77 76 
M: 77 68 59 50 41 32 
SP: 41 
D: 32 33 
G: 32 31 30 29 20 11 
O: 20 29 30 31 32 41 50 59 
C: 50 41 32 33 34 35 26 17 8 7 
R: 8 17 26 35 44 53 52 51 
B: 50 41 32 31 30 29 28 
N: 29 30 31 32 33 34 43 
A: 34 35 36 27 
H: 26 35 34 33 32 31 30 39 48 
E: 49 50 41 32 
SP
TIME: 25h 40m

//AM/PM付き
//Cost計算間違いの可能性あり（SumCost関数を通してない）
