200 128
400 151
600 129
800 138
1000 134
1200 136
1400 120
1600 136
1800 139
2000 137
2200 132
2400 137
2600 138
2800 122
3000 147
3200 134
3400 116
3600 127
3800 115
4000 111
4200 137
4400 124
4600 124
4800 137
5000 134
5200 150
5400 152
5600 147
5800 144
6000 146
6200 124
6400 149
6600 128
6800 152
7000 143
7200 151
7400 137
7600 140
7800 145
8000 137
8200 161
8400 136
8600 121
8800 149
9000 151
9200 157
9400 151
9600 127
9800 141
10000 141
10200 135
10400 136
10600 150
10800 136
11000 150
11200 149
11400 131
11600 145
11800 139
12000 137
12200 136
12400 134
12600 155
12800 135
13000 142
13200 144
13400 155
13600 151
13800 139
14000 123
14200 147
14400 148
14600 120
14800 138
15000 136
15200 137
15400 116
15600 143
15800 152
16000 145
16200 124
16400 139
16600 149
16800 157
17000 140
17200 141
17400 152
17600 141
17800 145
18000 134
18200 146
18400 142
18600 156
18800 123
19000 144
19200 129
19400 153
19600 152
19800 142
20000 128
20200 154
20400 137
20600 143
20800 161
21000 139
21200 139
21400 111
21600 137
21800 137
22000 122
22200 131
22400 152
22600 133
22800 147
23000 131
23200 135
23400 152
23600 144
23800 169
24000 139
24200 157
24400 130
24600 127
24800 152
25000 144
25200 131
25400 141
25600 124
25800 158
26000 139
26200 123
26400 150
26600 145
26800 151
27000 153
27200 148
27400 131
27600 136
27800 117
28000 137
28200 146
28400 151
28600 151
28800 144
29000 155
29200 143
29400 127
29600 131
29800 133
30000 131
30200 154
30400 146
30600 135
30800 135
31000 138
31200 126
31400 123
31600 125
31800 138
32000 123
32200 155
32400 132
32600 157
32800 130
33000 152
33200 122
33400 129
33600 134
33800 145
34000 135
34200 140
34400 132
34600 127
34800 150
35000 133
35200 150
35400 124
35600 120
35800 108
36000 126
36200 150
36400 132
36600 140
36800 148
37000 143
37200 158
37400 114
37600 115
37800 142
38000 136
38200 131
38400 143
38600 136
38800 153
39000 131
39200 139
39400 129
39600 144
39800 147
40000 138
40200 132
40400 164
40600 141
40800 137
41000 129
41200 136
41400 123
41600 145
41800 122
42000 145
42200 158
42400 148
42600 146
42800 134
43000 121
43200 129
43400 132
43600 128
43800 151
44000 125
44200 136
44400 149
44600 135
44800 149
45000 111
45200 134
45400 157
45600 131
45800 142
46000 145
46200 137
46400 136
46600 127
46800 147
47000 157
47200 137
47400 137
47600 146
47800 126
48000 139
48200 132
48400 129
48600 145
48800 139
49000 125
49200 121
49400 141
49600 128
49800 142
50000 138
50200 126
50400 151
50600 135
50800 153
51000 133
51200 129
51400 146
51600 147
51800 137
52000 127
52200 159
52400 127
52600 152
52800 134
53000 134
53200 137
53400 129
53600 148
53800 126
54000 133
54200 140
54400 139
54600 160
54800 152
55000 131
55200 165
55400 159
55600 147
55800 142
56000 137
56200 140
56400 136
56600 144
56800 110
57000 149
57200 142
57400 128
57600 142
57800 127
58000 167
58200 121
58400 140
58600 149
58800 147
59000 132
59200 153
59400 133
59600 153
59800 140
60000 151
60200 144
60400 131
60600 143
60800 150
61000 134
61200 122
61400 146
61600 149
61800 138
62000 149
62200 134
62400 138
62600 145
62800 136
63000 130
63200 126
63400 151
63600 129
63800 137
64000 155
64200 140
64400 139
64600 141
64800 140
65000 141
65200 146
65400 146
65600 156
65800 135
66000 134
66200 140
66400 141
66600 125
66800 142
67000 144
67200 140
67400 120
67600 113
67800 111
68000 141
68200 135
68400 152
68600 133
68800 152
69000 138
69200 137
69400 121
69600 144
69800 136
70000 158
70200 141
70400 146
70600 130
70800 150
71000 145
71200 112
71400 146
71600 123
71800 136
72000 156
72200 146
72400 119
72600 138
72800 147
73000 131
73200 139
73400 143
73600 132
73800 130
74000 138
74200 143
74400 134
74600 124
74800 127
75000 129
75200 142
75400 139
75600 140
75800 155
76000 119
76200 127
76400 111
76600 131
76800 139
77000 144
77200 154
77400 138
77600 138
77800 150
78000 145
78200 147
78400 148
78600 143
78800 131
79000 142
79200 131
79400 145
79600 144
79800 127
80000 124
80200 130
80400 129
80600 131
80800 133
81000 142
81200 128
81400 137
81600 146
81800 143
82000 119
82200 129
82400 138
82600 126
82800 127
83000 166
83200 134
83400 153
83600 122
83800 138
84000 156
84200 130
84400 163
84600 128
84800 135
85000 159
85200 151
85400 140
85600 119
85800 150
86000 124
86200 144
86400 115
86600 139
86800 146
87000 142
87200 139
87400 141
87600 121
87800 124
88000 123
88200 118
88400 121
88600 125
88800 142
89000 130
89200 148
89400 122
89600 145
89800 128
90000 144
90200 151
90400 142
90600 136
90800 157
91000 145
91200 126
91400 127
91600 141
91800 119
92000 143
92200 146
92400 119
92600 135
92800 138
93000 148
93200 130
93400 151
93600 139
93800 119
94000 157
94200 141
94400 126
94600 114
94800 141
95000 138
95200 147
95400 144
95600 132
95800 140
96000 146
96200 127
96400 160
96600 144
96800 141
97000 142
97200 140
97400 129
97600 138
97800 134
98000 142
98200 132
98400 158
98600 118
98800 138
99000 137
99200 132
99400 122
99600 168
99800 150
100000 155
100200 160
100400 141
100600 139
100800 143
101000 127
101200 136
101400 127
101600 140
101800 139
102000 138
102200 156
102400 142
102600 125
102800 145
103000 133
103200 136
103400 124
103600 152
103800 140
104000 135
104200 145
104400 126
104600 144
104800 124
105000 145
105200 144
105400 144
105600 153
105800 141
106000 139
106200 135
106400 134
106600 125
106800 132
107000 164
107200 137
107400 138
107600 133
107800 150
108000 144
108200 150
108400 138
108600 125
108800 126
109000 115
109200 134
109400 146
109600 139
109800 116
110000 137
110200 134
110400 162
110600 145
110800 138
111000 128
111200 132
111400 142
111600 159
111800 134
112000 134
112200 131
112400 140
112600 155
112800 132
113000 154
113200 130
113400 120
113600 139
113800 134
114000 133
114200 134
114400 137
114600 147
114800 145
115000 133
115200 148
115400 128
115600 136
115800 148
116000 130
116200 128
116400 130
116600 142
116800 128
117000 134
117200 158
117400 149
117600 152
117800 153
118000 130
118200 149
118400 155
118600 146
118800 133
119000 143
119200 154
119400 142
119600 138
119800 130
120000 127
120200 121
120400 162
120600 120
120800 130
121000 147
121200 133
121400 141
121600 152
121800 121
122000 132
122200 140
122400 131
122600 161
122800 134
123000 131
123200 138
123400 137
123600 137
123800 134
124000 145
124200 143
124400 109
124600 132
124800 115
125000 144
125200 162
125400 156
125600 136
125800 147
126000 130
126200 142
126400 120
126600 131
126800 143
127000 143
127200 123
127400 148
127600 134
127800 135
128000 124
128200 118
128400 116
128600 141
128800 136
129000 139
129200 126
129400 154
129600 139
129800 141
130000 140
130200 141
130400 149
130600 147
130800 137
131000 149
131200 123
131400 150
131600 153
131800 139
132000 136
132200 138
132400 137
132600 128
132800 146
133000 143
133200 127
133400 146
133600 150
133800 128
134000 122
134200 137
134400 135
134600 138
134800 137
135000 141
135200 131
135400 131
135600 121
135800 130
136000 136
136200 139
136400 143
136600 126
136800 138
137000 152
137200 127
137400 149
137600 148
137800 146
138000 135
138200 128
138400 128
138600 145
138800 145
139000 149
139200 140
139400 114
139600 130
139800 160
140000 144
140200 158
140400 135
140600 129
140800 141
141000 140
141200 137
141400 124
141600 134
141800 165
142000 147
142200 154
142400 148
142600 134
142800 141
143000 133
143200 148
143400 143
143600 148
143800 130
144000 134
144200 136
144400 127
144600 144
144800 119
145000 154
145200 144
145400 140
145600 158
145800 137
146000 139
146200 145
146400 135
146600 157
146800 160
147000 122
147200 148
147400 130
147600 130
147800 157
148000 147
148200 154
148400 133
148600 128
148800 137
149000 137
149200 150
149400 137
149600 125
149800 136
150000 139
150200 144
150400 123
150600 140
150800 116
151000 138
151200 109
151400 143
151600 130
151800 143
152000 146
152200 133
152400 148
152600 141
152800 157
153000 123
153200 156
153400 155
153600 145
153800 138
154000 138
154200 156
154400 159
154600 126
154800 139
155000 147
155200 143
155400 156
155600 160
155800 137
156000 131
156200 133
156400 134
156600 155
156800 138
157000 137
157200 134
157400 139
157600 119
157800 105
158000 149
158200 118
158400 149
158600 158
158800 123
159000 123
159200 151
159400 147
159600 156
159800 146
160000 133
160200 151
160400 146
160600 155
160800 144
161000 148
161200 141
161400 131
161600 144
161800 122
162000 130
162200 141
162400 145
162600 133
162800 135
163000 126
163200 136
163400 142
163600 135
163800 157
164000 137
164200 141
164400 148
164600 135
164800 135
165000 129
165200 128
165400 131
165600 132
165800 143
166000 124
166200 144
166400 139
166600 153
166800 128
167000 119
167200 138
167400 126
167600 153
167800 114
168000 129
168200 151
168400 149
168600 139
168800 114
169000 139
169200 119
169400 141
169600 131
169800 119
170000 130
170200 130
170400 134
170600 137
170800 132
171000 133
171200 123
171400 126
171600 134
171800 129
172000 164
172200 132
172400 167
172600 126
172800 144
173000 145
173200 143
173400 143
173600 135
173800 143
174000 137
174200 153
174400 131
174600 124
174800 155
175000 127
175200 128
175400 145
175600 144
175800 157
176000 137
176200 148
176400 130
176600 146
176800 121
177000 146
177200 151
177400 140
177600 161
177800 134
178000 127
178200 142
178400 131
178600 137
178800 151
179000 158
179200 141
179400 141
179600 127
179800 116
180000 135
180200 133
180400 167
180600 155
180800 111
181000 126
181200 125
181400 151
181600 137
181800 137
182000 132
182200 131
182400 134
182600 136
182800 140
183000 151
183200 135
183400 126
183600 137
183800 140
184000 146
184200 134
184400 114
184600 138
184800 137
185000 154
185200 130
185400 129
185600 130
185800 131
186000 158
186200 129
186400 138
186600 165
186800 129
187000 141
187200 160
187400 128
187600 142
187800 125
188000 116
188200 153
188400 128
188600 151
188800 140
189000 126
189200 143
189400 144
189600 138
189800 119
190000 157
190200 147
190400 147
190600 141
190800 137
191000 149
191200 137
191400 140
191600 146
191800 127
192000 158
192200 131
192400 130
192600 136
192800 140
193000 123
193200 131
193400 127
193600 135
193800 138
194000 164
194200 134
194400 139
194600 165
194800 136
195000 126
195200 119
195400 158
195600 143
195800 142
196000 144
196200 130
196400 138
196600 133
196800 160
197000 154
197200 156
197400 134
197600 141
197800 158
198000 139
198200 119
198400 155
198600 125
198800 130
199000 139
199200 145
199400 139
199600 144
199800 127
200000 136
200200 128
200400 141
200600 127
200800 156
201000 131
201200 155
201400 141
201600 138
201800 138
202000 125
202200 153
202400 132
202600 144
202800 132
203000 165
203200 134
203400 149
203600 139
203800 148
204000 144
204200 150
204400 134
204600 115
204800 137
205000 136
205200 130
205400 135
205600 154
205800 123
206000 128
206200 148
206400 142
206600 134
206800 147
207000 120
207200 152
207400 129
207600 131
207800 139
208000 157
208200 128
208400 125
208600 131
208800 141
209000 144
209200 144
209400 146
209600 157
209800 127
210000 149
210200 134
210400 128
210600 144
210800 150
211000 118
211200 134
211400 146
211600 135
211800 147
212000 137
212200 140
212400 142
212600 157
212800 135
213000 152
213200 140
213400 145
213600 141
213800 133
214000 157
214200 150
214400 140
214600 136
214800 144
215000 146
215200 118
215400 131
215600 132
215800 156
216000 139
216200 138
216400 113
216600 127
216800 123
217000 131
217200 126
217400 125
217600 129
217800 137
218000 141
218200 131
218400 145
218600 117
218800 137
219000 125
219200 137
219400 146
219600 137
219800 145
220000 145
220200 144
220400 161
220600 144
220800 141
221000 132
221200 133
221400 144
221600 129
221800 136
222000 121
222200 157
222400 126
222600 143
222800 137
223000 120
223200 150
223400 157
223600 153
223800 134
224000 124
224200 149
224400 136
224600 133
224800 127
225000 131
225200 148
225400 151
225600 141
225800 136
226000 125
226200 117
226400 125
226600 147
226800 141
227000 130
227200 153
227400 160
227600 135
227800 136
228000 131
228200 124
228400 139
228600 138
228800 135
229000 145
229200 123
229400 123
229600 148
229800 135
230000 141
230200 142
230400 139
230600 148
230800 142
231000 138
231200 109
231400 152
231600 149
231800 128
232000 136
232200 135
232400 147
232600 125
232800 120
233000 136
233200 128
233400 123
233600 123
233800 149
234000 149
234200 122
234400 144
234600 140
234800 123
235000 143
235200 133
235400 137
235600 125
235800 149
236000 136
236200 139
236400 138
236600 138
236800 144
237000 135
237200 132
237400 139
237600 149
237800 129
238000 144
238200 116
238400 150
238600 136
238800 144
239000 141
239200 156
239400 138
239600 138
239800 126
240000 124
240200 150
240400 124
240600 150
240800 147
241000 142
241200 143
241400 160
241600 146
241800 124
242000 127
242200 135
242400 111
242600 140
242800 134
243000 128
243200 117
243400 134
243600 136
243800 124
244000 140
244200 141
244400 160
244600 146
244800 121
245000 147
245200 133
245400 141
245600 148
245800 130
246000 137
246200 130
246400 143
246600 143
246800 140
247000 147
247200 128
247400 132
247600 135
247800 147
248000 130
248200 130
248400 154
248600 154
248800 122
249000 146
249200 150
249400 143
249600 124
249800 132
250000 150
250200 124
250400 129
250600 144
250800 122
251000 119
251200 113
251400 132
251600 133
251800 157
252000 151
252200 117
252400 134
252600 154
252800 126
253000 134
253200 147
253400 156
253600 156
253800 136
254000 138
254200 144
254400 117
254600 142
254800 147
255000 143
255200 140
255400 152
255600 128
255800 125
256000 136
256200 145
256400 130
256600 143
256800 148
257000 145
257200 153
257400 151
257600 171
257800 147
258000 146
258200 117
258400 131
258600 118
258800 132
259000 147
259200 130
259400 151
259600 130
259800 124
260000 138
260200 134
260400 143
260600 133
260800 149
261000 115
261200 126
261400 147
261600 136
261800 123
262000 117
262200 142
262400 122
262600 127
262800 143
263000 150
263200 139
263400 134
263600 126
263800 142
264000 138
264200 134
264400 124
264600 139
264800 135
265000 131
265200 124
265400 140
265600 135
265800 133
266000 143
266200 150
266400 136
266600 143
266800 129
267000 157
267200 144
267400 122
267600 144
267800 142
268000 149
268200 128
268400 165
268600 110
268800 135
269000 159
269200 140
269400 133
269600 157
269800 148
270000 151
270200 137
270400 139
270600 142
270800 153
271000 161
271200 150
271400 135
271600 147
271800 144
272000 131
272200 139
272400 147
272600 137
272800 118
273000 133
273200 132
273400 154
273600 137
273800 143
274000 128
274200 141
274400 133
274600 136
274800 137
275000 114
275200 121
275400 120
275600 144
275800 145
276000 139
276200 144
276400 132
276600 152
276800 132
277000 141
277200 141
277400 149
277600 141
277800 124
278000 132
278200 143
278400 146
278600 125
278800 141
279000 150
279200 142
279400 148
279600 144
279800 146
280000 120
280200 146
280400 146
280600 155
280800 130
281000 146
281200 144
281400 163
281600 136
281800 117
282000 142
282200 151
282400 124
282600 135
282800 152
283000 132
283200 124
283400 142
283600 145
283800 149
284000 131
284200 149
284400 148
284600 138
284800 127
285000 136
285200 124
285400 121
285600 137
285800 143
286000 120
286200 133
286400 130
286600 119
286800 141
287000 150
287200 127
287400 125
287600 160
287800 128
288000 145
288200 147
288400 141
288600 154
288800 140
289000 136
289200 136
289400 138
289600 132
289800 144
290000 138
290200 136
290400 141
290600 157
290800 140
291000 136
291200 154
291400 137
291600 134
291800 126
292000 139
292200 128
292400 138
292600 148
292800 119
293000 133
293200 136
293400 130
293600 154
293800 155
294000 136
294200 136
294400 136
294600 143
294800 142
295000 143
295200 149
295400 115
295600 130
295800 134
296000 146
296200 143
296400 143
296600 156
296800 157
297000 150
297200 146
297400 117
297600 143
297800 131
298000 130
298200 155
298400 131
298600 138
298800 146
299000 143
299200 138
299400 133
299600 145
299800 146
300000 146
300200 143
300400 122
300600 133
300800 121
301000 140
301200 131
301400 120
301600 141
301800 141
302000 147
302200 140
302400 156
302600 134
302800 140
303000 159
303200 146
303400 117
303600 136
303800 120
304000 156
304200 145
304400 147
304600 149
304800 142
305000 143
305200 131
305400 144
305600 137
305800 142
306000 119
306200 131
306400 126
306600 129
306800 141
307000 127
307200 144
307400 116
307600 141
307800 130
308000 145
308200 128
308400 127
308600 138
308800 150
309000 144
309200 146
309400 132
309600 157
309800 137
310000 137
310200 125
310400 144
310600 146
310800 161
311000 130
311200 144
311400 147
311600 140
311800 147
312000 146
312200 142
312400 157
312600 132
312800 122
313000 140
313200 135
313400 145
313600 142
313800 138
314000 137
314200 143
314400 151
314600 141
314800 163
315000 147
315200 150
315400 123
315600 154
315800 122
316000 142
316200 126
316400 145
316600 139
316800 131
317000 130
317200 117
317400 150
317600 129
317800 133
318000 134
318200 127
318400 135
318600 150
318800 155
319000 133
319200 145
319400 114
319600 134
319800 134
320000 128
320200 136
320400 136
320600 133
320800 127
321000 140
321200 124
321400 127
321600 122
321800 130
322000 131
322200 133
322400 145
322600 119
322800 150
323000 157
323200 136
323400 160
323600 151
323800 160
324000 146
324200 152
324400 132
324600 126
324800 148
325000 145
325200 116
325400 122
325600 119
325800 145
326000 133
326200 156
326400 130
326600 148
326800 110
327000 138
327200 120
327400 145
327600 147
327800 144
328000 122
328200 127
328400 137
328600 143
328800 143
329000 136
329200 130
329400 118
329600 145
329800 147
330000 143
330200 146
330400 157
330600 143
330800 120
331000 140
331200 143
331400 141
331600 151
331800 139
332000 119
332200 122
332400 151
332600 133
332800 146
333000 150
333200 133
333400 153
333600 130
333800 154
334000 137
334200 157
334400 144
334600 146
334800 150
335000 137
335200 126
335400 147
335600 126
335800 139
336000 141
336200 130
336400 139
336600 141
336800 147
337000 124
337200 161
337400 133
337600 142
337800 134
338000 155
338200 162
338400 140
338600 150
338800 120
339000 132
339200 131
339400 138
339600 125
339800 153
340000 155
340200 127
340400 144
340600 136
340800 131
341000 139
341200 139
341400 142
341600 117
341800 139
342000 105
342200 133
342400 129
342600 118
342800 133
343000 137
343200 146
343400 123
343600 130
343800 126
344000 127
344200 129
344400 128
344600 121
344800 116
345000 133
345200 106
345400 160
345600 150
345800 142
346000 161
346200 144
346400 135
346600 134
346800 132
347000 139
347200 133
347400 127
347600 132
347800 140
348000 141
348200 138
348400 158
348600 119
348800 133
349000 138
349200 145
349400 128
349600 135
349800 130
350000 156
350200 148
350400 130
350600 152
350800 130
351000 133
351200 144
351400 123
351600 146
351800 128
352000 115
352200 122
352400 112
352600 150
352800 140
353000 138
353200 138
353400 156
353600 132
353800 131
354000 140
354200 131
354400 138
354600 147
354800 150
355000 133
355200 117
355400 150
355600 125
355800 150
356000 153
356200 133
356400 124
356600 146
356800 134
357000 152
357200 134
357400 143
357600 134
357800 128
358000 150
358200 148
358400 128
358600 149
358800 146
359000 117
359200 131
359400 133
359600 147
359800 142
360000 136
360200 142
360400 111
360600 147
360800 138
361000 150
361200 139
361400 119
361600 130
361800 132
362000 158
362200 140
362400 122
362600 130
362800 152
363000 135
363200 138
363400 143
363600 142
363800 127
364000 159
364200 140
364400 161
364600 138
364800 152
365000 117
365200 139
365400 123
365600 149
365800 131
366000 124
366200 145
366400 149
366600 155
366800 143
367000 134
367200 143
367400 142
367600 132
367800 139
368000 144
368200 139
368400 136
368600 126
368800 153
369000 145
369200 121
369400 125
369600 138
369800 133
370000 145
370200 147
370400 133
370600 139
370800 124
371000 155
371200 127
371400 136
371600 122
371800 148
372000 145
372200 146
372400 139
372600 128
372800 135
373000 142
373200 139
373400 157
373600 156
373800 127
374000 140
374200 138
374400 165
374600 151
374800 146
375000 124
375200 133
375400 127
375600 139
375800 142
376000 157
376200 133
376400 138
376600 141
376800 132
377000 139
377200 148
377400 108
377600 116
377800 158
378000 135
378200 139
378400 137
378600 127
378800 165
379000 152
379200 137
379400 150
379600 138
379800 126
380000 135
380200 130
380400 134
380600 158
380800 150
381000 163
381200 141
381400 139
381600 124
381800 134
382000 134
382200 128
382400 128
382600 126
382800 131
383000 138
383200 142
383400 146
383600 126
383800 129
384000 149
384200 117
384400 153
384600 138
384800 124
385000 130
385200 135
385400 147
385600 143
385800 115
386000 122
386200 128
386400 132
386600 130
386800 154
387000 124
387200 134
387400 143
387600 145
387800 165
388000 116
388200 129
388400 146
388600 140
388800 162
389000 154
389200 129
389400 143
389600 146
389800 136
390000 137
390200 139
390400 143
390600 127
390800 144
391000 136
391200 128
391400 139
391600 134
391800 125
392000 143
392200 120
392400 140
392600 143
392800 145
393000 133
393200 141
393400 133
393600 148
393800 132
394000 146
394200 153
394400 143
394600 148
394800 122
395000 138
395200 152
395400 148
395600 138
395800 151
396000 132
396200 125
396400 144
396600 118
396800 160
397000 152
397200 136
397400 149
397600 134
397800 126
398000 133
398200 127
398400 146
398600 146
398800 120
399000 141
399200 164
399400 153
399600 127
399800 164
400000 150
400200 133
400400 140
400600 144
400800 120
401000 129
401200 141
401400 146
401600 134
401800 156
402000 134
402200 128
402400 145
402600 150
402800 127
403000 150
403200 142
403400 140
403600 136
403800 113
404000 141
404200 136
404400 140
404600 126
404800 117
405000 148
405200 160
405400 140
405600 145
405800 131
406000 136
406200 154
406400 121
406600 122
406800 151
407000 137
407200 158
407400 143
407600 130
407800 131
408000 120
408200 134
408400 142
408600 108
408800 147
409000 147
409200 129
409400 138
409600 135
409800 144
410000 133
410200 143
410400 132
410600 113
410800 153
411000 140
411200 142
411400 138
411600 157
411800 137
412000 136
412200 132
412400 148
412600 135
412800 116
413000 143
413200 168
413400 148
413600 125
413800 127
414000 117
414200 126
414400 119
414600 136
414800 125
415000 132
415200 141
415400 144
415600 153
415800 149
416000 131
416200 146
416400 120
416600 143
416800 140
417000 140
417200 148
417400 151
417600 148
417800 117
418000 128
418200 129
418400 146
418600 146
418800 139
419000 131
419200 122
419400 118
419600 133
419800 143
420000 111
420200 143
420400 141
420600 147
420800 134
421000 125
421200 121
421400 134
421600 151
421800 132
422000 143
422200 143
422400 148
422600 149
422800 121
423000 122
423200 152
423400 132
423600 123
423800 142
424000 158
424200 136
424400 142
424600 135
424800 151
425000 126
425200 151
425400 136
425600 142
425800 159
426000 147
426200 142
426400 131
426600 163
426800 143
427000 132
427200 156
427400 152
427600 121
427800 133
428000 123
428200 139
428400 122
428600 120
428800 139
429000 134
429200 127
429400 138
429600 143
429800 155
430000 134
430200 155
430400 151
430600 139
430800 127
431000 141
431200 139
431400 140
431600 135
431800 133
432000 117
432200 149
432400 145
432600 142
432800 138
433000 122
433200 146
433400 119
433600 139
433800 149
434000 139
434200 149
434400 123
434600 123
434800 138
435000 135
435200 131
435400 131
435600 146
435800 136
436000 130
436200 139
436400 148
436600 137
436800 127
437000 135
437200 135
437400 149
437600 144
437800 137
438000 133
438200 124
438400 138
438600 142
438800 141
439000 125
439200 158
439400 161
439600 156
439800 154
440000 157
440200 146
440400 149
440600 146
440800 146
441000 134
441200 115
441400 155
441600 133
441800 149
442000 160
442200 136
442400 129
442600 137
442800 119
443000 119
443200 130
443400 141
443600 145
443800 144
444000 130
444200 139
444400 150
444600 127
444800 129
445000 142
445200 131
445400 117
445600 148
445800 135
446000 134
446200 160
446400 157
446600 163
446800 136
447000 134
447200 153
447400 135
447600 115
447800 140
448000 141
448200 142
448400 171
448600 128
448800 134
449000 147
449200 153
449400 152
449600 147
449800 136
450000 130
450200 131
450400 138
450600 145
450800 125
451000 143
451200 134
451400 135
451600 149
451800 135
452000 149
452200 139
452400 137
452600 125
452800 146
453000 138
453200 148
453400 146
453600 158
453800 147
454000 154
454200 122
454400 145
454600 153
454800 133
455000 140
455200 134
455400 138
455600 129
455800 152
456000 140
456200 130
456400 154
456600 139
456800 135
457000 138
457200 142
457400 135
457600 132
457800 132
458000 131
458200 143
458400 137
458600 129
458800 143
459000 140
459200 136
459400 149
459600 141
459800 138
460000 159
460200 139
460400 128
460600 135
460800 136
461000 133
461200 134
461400 129
461600 122
461800 129
462000 129
462200 121
462400 157
462600 150
462800 150
463000 134
463200 118
463400 128
463600 168
463800 138
464000 145
464200 144
464400 120
464600 152
464800 132
465000 143
465200 143
465400 144
465600 147
465800 131
466000 143
466200 133
466400 148
466600 123
466800 126
467000 141
467200 122
467400 137
467600 142
467800 138
468000 128
468200 160
468400 139
468600 127
468800 136
469000 154
469200 132
469400 141
469600 131
469800 134
470000 137
470200 133
470400 142
470600 141
470800 123
471000 156
471200 143
471400 142
471600 144
471800 154
472000 131
472200 143
472400 141
472600 139
472800 128
473000 138
473200 130
473400 141
473600 133
473800 140
474000 145
474200 164
474400 143
474600 139
474800 153
475000 143
475200 150
475400 140
475600 131
475800 159
476000 108
476200 139
476400 141
476600 130
476800 147
477000 129
477200 150
477400 154
477600 149
477800 149
478000 132
478200 99
478400 122
478600 118
478800 138
479000 150
479200 129
479400 121
479600 151
479800 150
480000 168
480200 134
480400 129
480600 151
480800 133
481000 143
481200 128
481400 128
481600 145
481800 132
482000 160
482200 122
482400 131
482600 126
482800 143
483000 133
483200 118
483400 121
483600 115
483800 134
484000 146
484200 131
484400 162
484600 129
484800 149
485000 141
485200 132
485400 135
485600 149
485800 125
486000 131
486200 139
486400 140
486600 153
486800 141
487000 159
487200 119
487400 158
487600 135
487800 134
488000 140
488200 136
488400 131
488600 133
488800 157
489000 162
489200 141
489400 136
489600 128
489800 132
490000 141
490200 144
490400 158
490600 149
490800 139
491000 133
491200 130
491400 127
491600 129
491800 148
492000 129
492200 127
492400 157
492600 123
492800 131
493000 146
493200 134
493400 144
493600 128
493800 139
494000 142
494200 148
494400 154
494600 119
494800 139
495000 123
495200 125
495400 154
495600 162
495800 130
496000 160
496200 155
496400 149
496600 158
496800 128
497000 147
497200 147
497400 126
497600 147
497800 146
498000 138
498200 145
498400 125
498600 148
498800 155
499000 137
499200 116
499400 151
499600 126
499800 142
500000 125
500200 137
500400 119
500600 145
500800 146
501000 130
501200 115
501400 141
501600 140
501800 149
502000 139
502200 164
502400 115
502600 144
502800 116
503000 132
503200 139
503400 154
503600 126
503800 137
504000 138
504200 116
504400 128
504600 135
504800 127
505000 122
505200 142
505400 156
505600 127
505800 153
506000 145
506200 134
506400 140
506600 121
506800 136
507000 130
507200 146
507400 146
507600 133
507800 137
508000 143
508200 145
508400 119
508600 129
508800 149
509000 149
509200 130
509400 130
509600 154
509800 142
510000 129
510200 155
510400 140
510600 138
510800 121
511000 139
511200 133
511400 137
511600 130
511800 130
512000 154
512200 134
512400 139
512600 131
512800 141
513000 139
513200 145
513400 145
513600 144
513800 112
514000 106
514200 148
514400 131
514600 135
514800 147
515000 150
515200 121
515400 135
515600 121
515800 134
516000 146
516200 159
516400 143
516600 126
516800 164
517000 126
517200 127
517400 134
517600 129
517800 118
518000 136
518200 135
518400 131
518600 145
518800 126
519000 119
519200 140
519400 133
519600 144
519800 132
520000 151
520200 138
520400 133
520600 127
520800 124
521000 135
521200 127
521400 129
521600 138
521800 137
522000 139
522200 156
522400 154
522600 121
522800 148
523000 130
523200 114
523400 144
523600 158
523800 140
524000 133
524200 139
524400 126
524600 128
524800 143
525000 132
525200 130
525400 110
525600 162
525800 144
526000 152
526200 147
526400 143
526600 146
526800 107
527000 137
527200 160
527400 144
527600 140
527800 134
528000 141
528200 112
528400 139
528600 106
528800 132
529000 143
529200 111
529400 149
529600 147
529800 125
530000 135
530200 132
530400 150
530600 128
530800 146
531000 145
531200 137
531400 135
531600 133
531800 158
532000 148
532200 152
532400 150
532600 107
532800 132
533000 150
533200 131
533400 160
533600 132
533800 130
534000 145
534200 132
534400 119
534600 145
534800 152
535000 129
535200 161
535400 137
535600 141
535800 123
536000 146
536200 152
536400 143
536600 129
536800 135
537000 139
537200 128
537400 129
537600 132
537800 126
538000 133
538200 147
538400 143
538600 129
538800 138
539000 138
539200 143
539400 134
539600 120
539800 115
540000 121
540200 138
540400 145
540600 118
540800 144
541000 153
541200 141
541400 124
541600 118
541800 145
542000 126
542200 130
542400 128
542600 139
542800 138
543000 133
543200 157
543400 157
543600 133
543800 158
544000 143
544200 135
544400 142
544600 135
544800 131
545000 125
545200 118
545400 141
545600 139
545800 134
546000 118
546200 160
546400 123
546600 158
546800 167
547000 138
547200 132
547400 129
547600 130
547800 121
548000 128
548200 128
548400 133
548600 123
548800 131
549000 123
549200 128
549400 129
549600 147
549800 151
550000 142
550200 128
550400 140
550600 150
550800 156
551000 146
551200 135
551400 150
551600 153
551800 148
552000 157
552200 148
552400 136
552600 130
552800 150
553000 129
553200 145
553400 137
553600 146
553800 141
554000 117
554200 152
554400 132
554600 140
554800 121
555000 130
555200 137
555400 133
555600 137
555800 119
556000 141
556200 163
556400 131
556600 146
556800 143
557000 125
557200 133
557400 121
557600 135
557800 140
558000 144
558200 137
558400 140
558600 147
558800 137
559000 124
559200 133
559400 161
559600 148
559800 145
560000 150
560200 145
560400 148
560600 130
560800 124
561000 156
561200 124
561400 125
561600 161
561800 110
562000 150
562200 139
562400 144
562600 146
562800 141
563000 147
563200 140
563400 142
563600 141
563800 127
564000 154
564200 129
564400 147
564600 140
564800 139
565000 156
565200 137
565400 132
565600 132
565800 130
566000 118
566200 150
566400 144
566600 119
566800 123
567000 137
567200 151
567400 133
567600 148
567800 132
568000 129
568200 141
568400 145
568600 111
568800 120
569000 136
569200 132
569400 144
569600 142
569800 158
570000 119
570200 156
570400 145
570600 140
570800 169
571000 142
571200 152
571400 162
571600 126
571800 145
572000 120
572200 142
572400 133
572600 143
572800 161
573000 128
573200 152
573400 131
573600 136
573800 131
574000 136
574200 129
574400 137
574600 134
574800 146
575000 161
575200 132
575400 133
575600 149
575800 153
576000 132
576200 127
576400 136
576600 118
576800 138
577000 144
577200 128
577400 138
577600 132
577800 126
578000 131
578200 139
578400 131
578600 127
578800 146
579000 130
579200 141
579400 140
579600 145
579800 135
580000 143
580200 144
580400 122
580600 137
580800 153
581000 150
581200 145
581400 134
581600 139
581800 116
582000 147
582200 158
582400 147
582600 137
582800 141
583000 143
583200 147
583400 150
583600 151
583800 120
584000 158
584200 140
584400 148
584600 132
584800 131
585000 143
585200 135
585400 155
585600 123
585800 142
586000 150
586200 136
586400 97
586600 153
586800 131
587000 149
587200 141
587400 162
587600 137
587800 151
588000 146
588200 125
588400 127
588600 122
588800 155
589000 126
589200 133
589400 114
589600 128
589800 113
590000 143
590200 135
590400 140
590600 127
590800 126
591000 143
591200 140
591400 114
591600 139
591800 123
592000 146
592200 134
592400 138
592600 163
592800 136
593000 154
593200 125
593400 140
593600 122
593800 142
594000 138
594200 140
594400 130
594600 121
594800 140
595000 137
595200 145
595400 137
595600 129
595800 127
596000 147
596200 149
596400 149
596600 123
596800 140
597000 145
597200 154
597400 133
597600 125
597800 150
598000 127
598200 124
598400 133
598600 140
598800 117
599000 144
599200 136
599400 126
599600 127
599800 145
600000 130
600200 144
600400 138
600600 124
600800 145
601000 121
601200 146
601400 130
601600 138
601800 145
602000 132
602200 120
602400 161
602600 146
602800 119
603000 119
603200 135
603400 128
603600 146
603800 134
604000 151
604200 128
604400 128
604600 139
604800 116
605000 143
605200 136
605400 136
605600 145
605800 139
606000 143
606200 119
606400 129
606600 145
606800 125
607000 137
607200 152
607400 127
607600 132
607800 128
608000 136
608200 130
608400 126
608600 140
608800 148
609000 130
609200 129
609400 138
609600 146
609800 120
610000 137
610200 125
610400 148
610600 128
610800 121
611000 153
611200 145
611400 113
611600 131
611800 151
612000 139
612200 149
612400 160
612600 129
612800 149
613000 149
613200 126
613400 132
613600 144
613800 141
614000 125
614200 136
614400 135
614600 165
614800 136
615000 131
615200 153
615400 138
615600 140
615800 160
616000 147
616200 146
616400 135
616600 146
616800 131
617000 142
617200 132
617400 145
617600 134
617800 129
618000 134
618200 132
618400 131
618600 141
618800 125
619000 155
619200 136
619400 149
619600 143
619800 133
620000 130
620200 140
620400 150
620600 127
620800 128
621000 128
621200 145
621400 137
621600 135
621800 147
622000 137
622200 139
622400 127
622600 121
622800 130
623000 145
623200 143
623400 129
623600 142
623800 149
624000 135
624200 135
624400 144
624600 140
624800 128
625000 142
625200 153
625400 119
625600 153
625800 152
626000 148
626200 145
626400 153
626600 148
626800 139
627000 149
627200 135
627400 136
627600 127
627800 147
628000 156
628200 139
628400 145
628600 137
628800 133
629000 138
629200 145
629400 132
629600 158
629800 158
630000 135
630200 148
630400 139
630600 139
630800 149
631000 123
631200 132
631400 142
631600 146
631800 144
632000 148
632200 153
632400 131
632600 154
632800 135
633000 157
633200 135
633400 136
633600 137
633800 149
634000 146
634200 163
634400 127
634600 145
634800 150
635000 138
635200 145
635400 123
635600 155
635800 149
636000 128
636200 146
636400 151
636600 119
636800 152
637000 147
637200 136
637400 121
637600 142
637800 129
638000 144
638200 146
638400 147
638600 147
638800 141
639000 166
639200 160
639400 131
639600 110
639800 143
640000 153
640200 151
640400 145
640600 143
640800 128
641000 138
641200 149
641400 150
641600 148
641800 163
642000 132
642200 146
642400 144
642600 102
642800 162
643000 139
643200 141
643400 114
643600 153
643800 144
644000 116
644200 157
644400 129
644600 144
644800 146
645000 144
645200 147
645400 143
645600 140
645800 126
646000 147
646200 122
646400 129
646600 135
646800 145
647000 116
647200 153
647400 124
647600 117
647800 141
648000 132
648200 151
648400 146
648600 144
648800 140
649000 139
649200 128
649400 152
649600 154
649800 137
650000 129
650200 132
650400 154
650600 129
650800 147
651000 143
651200 131
651400 159
651600 143
651800 127
652000 151
652200 123
652400 151
652600 146
652800 135
653000 157
653200 121
653400 137
653600 147
653800 125
654000 145
654200 133
654400 124
654600 141
654800 152
655000 154
655200 120
655400 146
655600 129
655800 139
656000 129
656200 125
656400 150
656600 147
656800 130
657000 133
657200 116
657400 139
657600 121
657800 134
658000 125
658200 132
658400 122
658600 145
658800 133
659000 113
659200 144
659400 119
659600 131
659800 149
660000 132
660200 143
660400 141
660600 148
660800 123
661000 161
661200 139
661400 136
661600 136
661800 115
662000 148
662200 130
662400 141
662600 126
662800 116
663000 141
663200 131
663400 151
663600 154
663800 137
664000 145
664200 136
664400 145
664600 148
664800 141
665000 151
665200 139
665400 143
665600 136
665800 136
666000 140
666200 168
666400 128
666600 124
666800 120
667000 128
667200 123
667400 133
667600 127
667800 159
668000 150
668200 138
668400 137
668600 134
668800 139
669000 140
669200 146
669400 155
669600 147
669800 119
670000 130
670200 148
670400 126
670600 144
670800 131
671000 138
671200 142
671400 133
671600 156
671800 145
672000 143
672200 123
672400 129
672600 142
672800 134
673000 132
673200 138
673400 135
673600 144
673800 131
674000 136
674200 126
674400 120
674600 135
674800 124
675000 125
675200 159
675400 129
675600 147
675800 134
676000 142
676200 159
676400 134
676600 131
676800 146
677000 156
677200 145
677400 131
677600 136
677800 126
678000 149
678200 143
678400 139
678600 137
678800 135
679000 144
679200 130
679400 143
679600 139
679800 132
680000 118
680200 127
680400 145
680600 156
680800 148
681000 134
681200 160
681400 125
681600 155
681800 133
682000 117
682200 119
682400 126
682600 153
682800 142
683000 119
683200 148
683400 122
683600 138
683800 150
684000 135
684200 136
684400 140
684600 147
684800 134
685000 143
685200 152
685400 143
685600 134
685800 130
686000 126
686200 136
686400 116
686600 146
686800 120
687000 139
687200 133
687400 134
687600 125
687800 114
688000 148
688200 128
688400 147
688600 130
688800 147
689000 146
689200 118
689400 137
689600 126
689800 130
690000 119
690200 146
690400 129
690600 121
690800 128
691000 137
691200 150
691400 123
691600 120
691800 139
692000 136
692200 146
692400 151
692600 117
692800 131
693000 120
693200 145
693400 128
693600 144
693800 134
694000 133
694200 133
694400 128
694600 140
694800 134
695000 132
695200 126
695400 133
695600 132
695800 163
696000 136
696200 123
696400 132
696600 132
696800 144
697000 123
697200 141
697400 150
697600 137
697800 136
698000 161
698200 126
698400 130
698600 139
698800 140
699000 145
699200 159
699400 117
699600 136
699800 130
700000 144
700200 149
700400 152
700600 110
700800 126
701000 127
701200 144
701400 158
701600 126
701800 133
702000 135
702200 138
702400 115
702600 125
702800 127
703000 133
703200 133
703400 134
703600 126
703800 154
704000 150
704200 144
704400 163
704600 145
704800 144
705000 147
705200 112
705400 130
705600 160
705800 128
706000 140
706200 149
706400 131
706600 137
706800 157
707000 153
707200 131
707400 136
707600 145
707800 134
708000 152
708200 133
708400 151
708600 134
708800 130
709000 134
709200 136
709400 126
709600 145
709800 135
710000 129
710200 145
710400 144
710600 140
710800 157
711000 128
711200 144
711400 128
711600 148
711800 146
712000 137
712200 140
712400 134
712600 130
712800 138
713000 125
713200 144
713400 145
713600 142
713800 114
714000 133
714200 117
714400 128
714600 134
714800 123
715000 130
715200 143
715400 130
715600 130
715800 153
716000 135
716200 122
716400 150
716600 133
716800 150
717000 136
717200 149
717400 150
717600 140
717800 112
718000 136
718200 123
718400 148
718600 140
718800 137
719000 130
719200 134
719400 134
719600 135
719800 149
720000 138
720200 125
720400 154
720600 140
720800 128
721000 135
721200 129
721400 140
721600 142
721800 132
722000 136
722200 140
722400 135
722600 147
722800 151
723000 133
723200 144
723400 144
723600 137
723800 146
724000 140
724200 141
724400 120
724600 134
724800 133
725000 151
725200 123
725400 151
725600 135
725800 125
726000 129
726200 128
726400 140
726600 133
726800 135
727000 153
727200 142
727400 134
727600 148
727800 158
728000 144
728200 131
728400 133
728600 128
728800 163
729000 138
729200 128
729400 135
729600 152
729800 152
730000 156
730200 156
730400 148
730600 137
730800 132
731000 137
731200 141
731400 151
731600 145
731800 149
732000 120
732200 144
732400 123
732600 120
732800 146
733000 126
733200 145
733400 138
733600 147
733800 140
734000 148
734200 148
734400 129
734600 147
734800 125
735000 137
735200 138
735400 153
735600 141
735800 131
736000 140
736200 146
736400 150
736600 139
736800 135
737000 132
737200 134
737400 116
737600 120
737800 139
738000 138
738200 150
738400 129
738600 131
738800 143
739000 129
739200 121
739400 143
739600 141
739800 144
740000 131
740200 127
740400 152
740600 144
740800 137
741000 133
741200 139
741400 159
741600 144
741800 143
742000 148
742200 151
742400 133
742600 137
742800 127
743000 122
743200 145
743400 130
743600 147
743800 131
744000 126
744200 145
744400 146
744600 128
744800 146
745000 146
745200 135
745400 156
745600 144
745800 142
746000 134
746200 146
746400 134
746600 136
746800 126
747000 138
747200 137
747400 130
747600 146
747800 140
748000 148
748200 152
748400 135
748600 144
748800 152
749000 129
749200 160
749400 151
749600 139
749800 121
750000 141
750200 135
750400 129
750600 124
750800 157
751000 145
751200 133
751400 145
751600 151
751800 141
752000 147
752200 129
752400 133
752600 141
752800 153
753000 139
753200 146
753400 128
753600 117
753800 135
754000 149
754200 134
754400 142
754600 145
754800 125
755000 131
755200 136
755400 139
755600 139
755800 146
756000 144
756200 140
756400 135
756600 144
756800 159
757000 136
757200 124
757400 146
757600 151
757800 140
758000 128
758200 127
758400 139
758600 156
758800 134
759000 156
759200 146
759400 142
759600 136
759800 149
760000 158
760200 133
760400 149
760600 130
760800 125
761000 137
761200 131
761400 135
761600 156
761800 131
762000 120
762200 144
762400 127
762600 143
762800 134
763000 123
763200 147
763400 127
763600 149
763800 146
764000 122
764200 134
764400 143
764600 132
764800 147
765000 123
765200 164
765400 136
765600 137
765800 127
766000 134
766200 160
766400 129
766600 130
766800 160
767000 144
767200 125
767400 133
767600 149
767800 132
768000 155
768200 140
768400 134
768600 139
768800 119
769000 144
769200 150
769400 161
769600 156
769800 135
770000 121
770200 146
770400 144
770600 129
770800 145
771000 129
771200 155
771400 146
771600 156
771800 128
772000 132
772200 133
772400 150
772600 129
772800 149
773000 149
773200 138
773400 122
773600 132
773800 147
774000 142
774200 125
774400 151
774600 123
774800 129
775000 147
775200 157
775400 152
775600 127
775800 133
776000 162
776200 158
776400 145
776600 143
776800 128
777000 127
777200 133
777400 122
777600 146
777800 120
778000 152
778200 134
778400 121
778600 124
778800 159
779000 130
779200 122
779400 143
779600 137
779800 149
780000 147
780200 132
780400 158
780600 137
780800 140
781000 136
781200 144
781400 153
781600 163
781800 148
782000 135
782200 129
782400 134
782600 148
782800 135
783000 138
783200 139
783400 137
783600 158
783800 118
784000 144
784200 140
784400 141
784600 134
784800 146
785000 118
785200 160
785400 129
785600 133
785800 148
786000 145
786200 145
786400 143
786600 135
786800 133
787000 121
787200 145
787400 150
787600 119
787800 135
788000 153
788200 143
788400 132
788600 136
788800 139
789000 154
789200 136
789400 149
789600 146
789800 123
790000 129
790200 123
790400 156
790600 142
790800 155
791000 138
791200 138
791400 165
791600 140
791800 121
792000 154
792200 139
792400 139
792600 139
792800 123
793000 151
793200 136
793400 138
793600 144
793800 126
794000 135
794200 143
794400 137
794600 135
794800 123
795000 137
795200 145
795400 137
795600 112
795800 146
796000 130
796200 119
796400 113
796600 146
796800 134
797000 136
797200 136
797400 136
797600 142
797800 132
798000 131
798200 132
798400 124
798600 118
798800 121
799000 132
799200 114
799400 133
799600 125
799800 126
800000 139
800200 118
800400 125
800600 144
800800 155
801000 136
801200 130
801400 133
801600 151
801800 131
802000 123
802200 114
802400 134
802600 134
802800 118
803000 141
803200 135
803400 136
803600 145
803800 129
804000 129
804200 140
804400 155
804600 141
804800 123
805000 153
805200 151
805400 119
805600 145
805800 150
806000 150
806200 136
806400 137
806600 136
806800 141
807000 151
807200 132
807400 137
807600 164
807800 137
808000 127
808200 146
808400 136
808600 139
808800 143
809000 122
809200 127
809400 134
809600 126
809800 150
810000 115
810200 147
810400 124
810600 161
810800 125
811000 140
811200 112
811400 132
811600 119
811800 151
812000 124
812200 113
812400 144
812600 120
812800 139
813000 143
813200 133
813400 153
813600 131
813800 149
814000 134
814200 142
814400 146
814600 137
814800 133
815000 115
815200 139
815400 143
815600 123
815800 101
816000 141
816200 161
816400 129
816600 129
816800 154
817000 130
817200 131
817400 152
817600 151
817800 125
818000 153
818200 126
818400 120
818600 145
818800 132
819000 148
819200 139
819400 149
819600 136
819800 135
820000 155
820200 113
820400 137
820600 146
820800 151
821000 123
821200 129
821400 134
821600 145
821800 126
822000 150
822200 121
822400 146
822600 138
822800 141
823000 129
823200 133
823400 140
823600 151
823800 148
824000 129
824200 116
824400 141
824600 141
824800 160
825000 129
825200 139
825400 130
825600 152
825800 149
826000 128
826200 150
826400 147
826600 149
826800 153
827000 144
827200 135
827400 140
827600 136
827800 149
828000 137
828200 148
828400 132
828600 149
828800 148
829000 130
829200 139
829400 158
829600 159
829800 130
830000 140
830200 112
830400 132
830600 138
830800 146
831000 145
831200 143
831400 142
831600 147
831800 137
832000 157
832200 125
832400 132
832600 140
832800 140
833000 145
833200 128
833400 144
833600 151
833800 130
834000 140
834200 121
834400 153
834600 165
834800 139
835000 142
835200 142
835400 130
835600 117
835800 117
836000 147
836200 158
836400 140
836600 143
836800 161
837000 136
837200 143
837400 141
837600 153
837800 145
838000 151
838200 152
838400 141
838600 119
838800 126
839000 124
839200 131
839400 142
839600 117
839800 125
840000 138
840200 128
840400 141
840600 148
840800 139
841000 125
841200 134
841400 119
841600 106
841800 133
842000 145
842200 146
842400 155
842600 146
842800 151
843000 142
843200 141
843400 132
843600 146
843800 136
844000 125
844200 138
844400 131
844600 120
844800 141
845000 141
845200 132
845400 133
845600 104
845800 138
846000 137
846200 151
846400 128
846600 146
846800 153
847000 109
847200 160
847400 129
847600 160
847800 120
848000 138
848200 133
848400 139
848600 142
848800 134
849000 122
849200 136
849400 134
849600 141
849800 118
850000 137
850200 142
850400 133
850600 124
850800 139
851000 151
851200 127
851400 146
851600 160
851800 131
852000 141
852200 137
852400 156
852600 131
852800 129
853000 145
853200 141
853400 146
853600 135
853800 137
854000 152
854200 135
854400 155
854600 136
854800 129
855000 131
855200 145
855400 140
855600 135
855800 135
856000 149
856200 115
856400 115
856600 146
856800 121
857000 125
857200 148
857400 138
857600 154
857800 140
858000 146
858200 122
858400 140
858600 120
858800 138
859000 130
859200 143
859400 141
859600 129
859800 129
860000 136
860200 137
860400 147
860600 147
860800 157
861000 141
861200 121
861400 144
861600 133
861800 151
862000 143
862200 148
862400 135
862600 154
862800 146
863000 142
863200 145
863400 125
863600 156
863800 117
864000 143
864200 123
864400 133
864600 148
864800 147
865000 132
865200 160
865400 155
865600 122
865800 133
866000 123
866200 138
866400 152
866600 130
866800 120
867000 157
867200 117
867400 155
867600 156
867800 128
868000 134
868200 115
868400 152
868600 135
868800 144
869000 138
869200 128
869400 139
869600 136
869800 139
870000 148
870200 156
870400 139
870600 127
870800 145
871000 132
871200 139
871400 107
871600 136
871800 127
872000 158
872200 132
872400 135
872600 139
872800 137
873000 138
873200 111
873400 150
873600 124
873800 131
874000 144
874200 141
874400 160
874600 145
874800 126
875000 97
875200 132
875400 127
875600 137
875800 140
876000 114
876200 151
876400 156
876600 118
876800 137
877000 135
877200 128
877400 138
877600 130
877800 148
878000 114
878200 127
878400 99
878600 127
878800 119
879000 142
879200 141
879400 118
879600 138
879800 153
880000 162
880200 137
880400 127
880600 135
880800 128
881000 147
881200 131
881400 147
881600 158
881800 119
882000 135
882200 153
882400 131
882600 135
882800 130
883000 156
883200 135
883400 146
883600 130
883800 150
884000 138
884200 140
884400 154
884600 139
884800 122
885000 130
885200 145
885400 132
885600 134
885800 133
886000 141
886200 133
886400 136
886600 100
886800 152
887000 137
887200 143
887400 151
887600 130
887800 143
888000 137
888200 137
888400 147
888600 134
888800 136
889000 145
889200 131
889400 147
889600 154
889800 119
890000 125
890200 139
890400 127
890600 143
890800 145
891000 155
891200 122
891400 134
891600 147
891800 118
892000 143
892200 136
892400 139
892600 163
892800 157
893000 138
893200 142
893400 140
893600 137
893800 134
894000 142
894200 153
894400 123
894600 150
894800 126
895000 146
895200 131
895400 139
895600 137
895800 129
896000 147
896200 137
896400 138
896600 133
896800 141
897000 136
897200 137
897400 154
897600 133
897800 143
898000 146
898200 147
898400 136
898600 142
898800 141
899000 137
899200 134
899400 155
899600 138
899800 143
900000 135
900200 158
900400 117
900600 137
900800 142
901000 147
901200 136
901400 136
901600 139
901800 142
902000 128
902200 135
902400 135
902600 138
902800 126
903000 129
903200 138
903400 116
903600 136
903800 147
904000 143
904200 151
904400 137
904600 134
904800 139
905000 151
905200 152
905400 129
905600 150
905800 140
906000 143
906200 139
906400 150
906600 148
906800 123
907000 146
907200 128
907400 144
907600 126
907800 131
908000 130
908200 147
908400 127
908600 150
908800 118
909000 146
909200 118
909400 139
909600 127
909800 117
910000 128
910200 123
910400 126
910600 145
910800 132
911000 141
911200 133
911400 141
911600 129
911800 142
912000 146
912200 130
912400 144
912600 121
912800 136
913000 122
913200 138
913400 141
913600 131
913800 147
914000 127
914200 133
914400 130
914600 138
914800 130
915000 150
915200 119
915400 127
915600 139
915800 136
916000 151
916200 156
916400 148
916600 142
916800 122
917000 113
917200 132
917400 117
917600 126
917800 136
918000 157
918200 135
918400 145
918600 120
918800 133
919000 145
919200 134
919400 137
919600 125
919800 146
920000 137
920200 126
920400 146
920600 131
920800 139
921000 127
921200 120
921400 143
921600 145
921800 149
922000 146
922200 142
922400 111
922600 137
922800 137
923000 120
923200 156
923400 131
923600 131
923800 148
924000 133
924200 153
924400 132
924600 143
924800 159
925000 129
925200 124
925400 142
925600 136
925800 143
926000 130
926200 153
926400 149
926600 133
926800 144
927000 137
927200 142
927400 102
927600 127
927800 123
928000 128
928200 135
928400 146
928600 160
928800 163
929000 156
929200 156
929400 157
929600 136
929800 135
930000 155
930200 147
930400 155
930600 156
930800 137
931000 150
931200 130
931400 143
931600 139
931800 140
932000 114
932200 129
932400 150
932600 135
932800 132
933000 118
933200 136
933400 141
933600 126
933800 131
934000 124
934200 124
934400 118
934600 138
934800 125
935000 134
935200 142
935400 136
935600 142
935800 147
936000 138
936200 136
936400 141
936600 128
936800 128
937000 119
937200 140
937400 127
937600 135
937800 152
938000 113
938200 122
938400 133
938600 145
938800 127
939000 144
939200 136
939400 137
939600 132
939800 155
940000 152
940200 144
940400 100
940600 140
940800 138
941000 113
941200 140
941400 147
941600 125
941800 120
942000 147
942200 156
942400 130
942600 128
942800 132
943000 129
943200 133
943400 123
943600 127
943800 121
944000 123
944200 140
944400 135
944600 150
944800 137
945000 124
945200 159
945400 133
945600 131
945800 147
946000 143
946200 133
946400 150
946600 131
946800 134
947000 125
947200 134
947400 152
947600 145
947800 137
948000 159
948200 150
948400 150
948600 123
948800 153
949000 134
949200 140
949400 144
949600 152
949800 125
950000 146
950200 112
950400 169
950600 134
950800 140
951000 146
951200 151
951400 141
951600 146
951800 101
952000 118
952200 140
952400 150
952600 160
952800 137
953000 165
953200 138
953400 120
953600 134
953800 118
954000 131
954200 125
954400 150
954600 152
954800 149
955000 159
955200 118
955400 141
955600 107
955800 156
956000 142
956200 143
956400 141
956600 156
956800 127
957000 146
957200 134
957400 151
957600 151
957800 132
958000 130
958200 126
958400 120
958600 125
958800 139
959000 119
959200 129
959400 132
959600 135
959800 125
960000 132
960200 136
960400 149
960600 144
960800 136
961000 132
961200 137
961400 148
961600 137
961800 120
962000 151
962200 138
962400 134
962600 154
962800 140
963000 136
963200 153
963400 150
963600 125
963800 126
964000 123
964200 135
964400 125
964600 163
964800 116
965000 167
965200 150
965400 147
965600 145
965800 143
966000 154
966200 132
966400 111
966600 119
966800 143
967000 146
967200 150
967400 135
967600 132
967800 140
968000 146
968200 131
968400 146
968600 143
968800 142
969000 136
969200 126
969400 144
969600 126
969800 138
970000 140
970200 131
970400 126
970600 127
970800 137
971000 128
971200 138
971400 142
971600 155
971800 121
972000 147
972200 133
972400 142
972600 135
972800 131
973000 138
973200 137
973400 152
973600 158
973800 115
974000 143
974200 137
974400 157
974600 126
974800 126
975000 144
975200 145
975400 146
975600 127
975800 134
976000 130
976200 134
976400 131
976600 143
976800 138
977000 129
977200 159
977400 118
977600 130
977800 137
978000 148
978200 139
978400 150
978600 142
978800 122
979000 164
979200 125
979400 153
979600 143
979800 129
980000 147
980200 143
980400 157
980600 110
980800 137
981000 148
981200 144
981400 145
981600 128
981800 131
982000 134
982200 128
982400 135
982600 157
982800 154
983000 136
983200 147
983400 132
983600 140
983800 147
984000 156
984200 132
984400 122
984600 128
984800 138
985000 155
985200 133
985400 140
985600 142
985800 140
986000 140
986200 140
986400 136
986600 127
986800 148
987000 119
987200 136
987400 138
987600 158
987800 125
988000 151
988200 135
988400 133
988600 138
988800 145
989000 154
989200 117
989400 141
989600 150
989800 149
990000 158
990200 153
990400 151
990600 129
990800 138
991000 116
991200 123
991400 151
991600 139
991800 146
992000 147
992200 150
992400 147
992600 132
992800 144
993000 135
993200 130
993400 132
993600 127
993800 142
994000 143
994200 140
994400 140
994600 103
994800 151
995000 164
995200 129
995400 156
995600 142
995800 133
996000 161
996200 137
996400 153
996600 126
996800 154
997000 138
997200 150
997400 154
997600 141
997800 145
998000 163
998200 138
998400 127
998600 115
998800 122
999000 149
999200 147
999400 130
999600 162
999800 153
1000000 154
