500 150
1000 139
1500 157
2000 160
2500 149
3000 136
3500 164
4000 146
4500 159
5000 148
5500 152
6000 157
6500 139
7000 169
7500 169
8000 146
8500 155
9000 133
9500 151
10000 140
10500 151
11000 140
11500 146
12000 147
12500 129
13000 129
13500 152
14000 156
14500 143
15000 157
15500 137
16000 130
16500 150
17000 158
17500 159
18000 153
18500 140
19000 157
19500 154
20000 152
20500 155
21000 145
21500 138
22000 153
22500 146
23000 165
23500 146
24000 135
24500 152
25000 155
25500 149
26000 143
26500 145
27000 144
27500 127
28000 156
28500 140
29000 144
29500 146
30000 160
30500 137
31000 157
31500 164
32000 147
32500 145
33000 148
33500 136
34000 148
34500 161
35000 127
35500 132
36000 147
36500 163
37000 138
37500 135
38000 153
38500 119
39000 137
39500 125
40000 145
40500 136
41000 140
41500 148
42000 125
42500 160
43000 144
43500 136
44000 165
44500 163
45000 139
45500 147
46000 140
46500 136
47000 159
47500 155
48000 126
48500 163
49000 139
49500 149
50000 152
50500 135
51000 131
51500 163
52000 148
52500 132
53000 161
53500 155
54000 149
54500 142
55000 133
55500 140
56000 136
56500 133
57000 143
57500 140
58000 101
58500 157
59000 146
59500 159
60000 135
60500 140
61000 120
61500 115
62000 143
62500 156
63000 148
63500 136
64000 151
64500 130
65000 140
65500 136
66000 141
66500 157
67000 115
67500 131
68000 138
68500 168
69000 139
69500 139
70000 155
70500 133
71000 138
71500 129
72000 138
72500 152
73000 146
73500 142
74000 133
74500 140
75000 136
75500 141
76000 143
76500 131
77000 143
77500 144
78000 146
78500 122
79000 140
79500 125
80000 150
80500 143
81000 135
81500 132
82000 154
82500 134
83000 152
83500 136
84000 146
84500 134
85000 141
85500 130
86000 146
86500 123
87000 137
87500 146
88000 154
88500 143
89000 135
89500 151
90000 147
90500 134
91000 133
91500 145
92000 121
92500 129
93000 141
93500 169
94000 134
94500 144
95000 139
95500 142
96000 143
96500 138
97000 152
97500 146
98000 127
98500 153
99000 150
99500 156
100000 148
100500 137
101000 154
101500 143
102000 135
102500 145
103000 143
103500 118
104000 160
104500 138
105000 134
105500 164
106000 140
106500 130
107000 136
107500 134
108000 156
108500 145
109000 132
109500 128
110000 153
110500 134
111000 138
111500 129
112000 123
112500 141
113000 154
113500 133
114000 115
114500 152
115000 142
115500 145
116000 142
116500 159
117000 138
117500 150
118000 133
118500 140
119000 150
119500 142
120000 118
120500 112
121000 128
121500 142
122000 118
122500 120
123000 134
123500 144
124000 122
124500 148
125000 118
125500 143
126000 122
126500 140
127000 111
127500 151
128000 127
128500 141
129000 142
129500 145
130000 148
130500 125
131000 116
131500 146
132000 144
132500 154
133000 137
133500 152
134000 138
134500 144
135000 145
135500 140
136000 142
136500 139
137000 138
137500 121
138000 129
138500 129
139000 140
139500 117
140000 128
140500 127
141000 120
141500 115
142000 144
142500 125
143000 116
143500 127
144000 121
144500 140
145000 126
145500 127
146000 124
146500 136
147000 139
147500 118
148000 104
148500 138
149000 109
149500 149
150000 140
150500 127
151000 129
151500 129
152000 136
152500 115
153000 127
153500 130
154000 130
154500 122
155000 154
155500 107
156000 130
156500 123
157000 125
157500 120
158000 113
158500 137
159000 111
159500 127
160000 146
160500 101
161000 162
161500 134
162000 108
162500 135
163000 112
163500 123
164000 132
164500 120
165000 119
165500 114
166000 139
166500 131
167000 121
167500 132
168000 121
168500 145
169000 127
169500 133
170000 125
170500 128
171000 154
171500 110
172000 109
172500 116
173000 114
173500 126
174000 113
174500 120
175000 108
175500 113
176000 129
176500 122
177000 128
177500 141
178000 120
178500 131
179000 115
179500 121
180000 110
180500 147
181000 125
181500 128
182000 133
182500 119
183000 144
183500 126
184000 132
184500 136
185000 148
185500 115
186000 116
186500 107
187000 106
187500 140
188000 129
188500 134
189000 128
189500 102
190000 128
190500 106
191000 139
191500 109
192000 107
192500 115
193000 117
193500 141
194000 96
194500 134
195000 106
195500 131
196000 112
196500 95
197000 128
197500 133
198000 130
198500 141
199000 109
199500 108
200000 127
200500 111
201000 112
201500 137
202000 107
202500 151
203000 168
203500 111
204000 114
204500 104
205000 119
205500 104
206000 104
206500 131
207000 108
207500 121
208000 112
208500 99
209000 116
209500 122
210000 116
210500 103
211000 116
211500 109
212000 109
212500 119
213000 93
213500 105
214000 121
214500 96
215000 109
215500 92
216000 119
216500 111
217000 105
217500 90
218000 115
218500 121
219000 127
219500 131
220000 135
220500 103
221000 109
221500 116
222000 124
222500 113
223000 99
223500 115
224000 98
224500 143
225000 110
225500 121
226000 121
226500 102
227000 109
227500 148
228000 100
228500 110
229000 98
229500 102
230000 103
230500 98
231000 109
231500 102
232000 98
232500 149
233000 93
233500 115
234000 100
234500 116
235000 89
235500 98
236000 89
236500 98
237000 102
237500 104
238000 97
238500 147
239000 94
239500 104
240000 125
240500 106
241000 119
241500 99
242000 88
242500 122
243000 99
243500 97
244000 93
244500 81
245000 104
245500 90
246000 99
246500 86
247000 105
247500 94
248000 106
248500 104
249000 99
249500 101
250000 103
250500 93
251000 117
251500 92
252000 99
252500 90
253000 99
253500 85
254000 97
254500 99
255000 93
255500 92
256000 95
256500 85
257000 83
257500 90
258000 89
258500 93
259000 87
259500 92
260000 85
260500 151
261000 89
261500 84
262000 79
262500 102
263000 96
263500 114
264000 99
264500 116
265000 84
265500 96
266000 88
266500 89
267000 94
267500 97
268000 118
268500 95
269000 100
269500 94
270000 86
270500 83
271000 106
271500 80
272000 90
272500 90
273000 80
273500 87
274000 76
274500 93
275000 90
275500 93
276000 85
276500 110
277000 83
277500 108
278000 92
278500 85
279000 136
279500 116
280000 80
280500 76
281000 84
281500 86
282000 98
282500 80
283000 88
283500 76
284000 77
284500 86
285000 80
285500 111
286000 80
286500 87
287000 79
287500 82
288000 94
288500 82
289000 86
289500 76
290000 69
290500 70
291000 127
291500 94
292000 82
292500 101
293000 92
293500 85
294000 77
294500 80
295000 76
295500 78
296000 91
296500 79
297000 71
297500 70
298000 76
298500 75
299000 81
299500 81
300000 79
300500 79
301000 104
301500 79
302000 68
302500 69
303000 71
303500 70
304000 69
304500 73
305000 77
305500 70
306000 73
306500 73
307000 73
307500 80
308000 75
308500 78
309000 78
309500 71
310000 71
310500 73
311000 74
311500 73
312000 70
312500 74
313000 76
313500 74
314000 71
314500 72
315000 74
315500 87
316000 91
316500 83
317000 94
317500 85
318000 76
318500 82
319000 78
319500 72
320000 70
320500 71
321000 70
321500 70
322000 70
322500 70
323000 71
323500 70
324000 71
324500 73
325000 71
325500 72
326000 72
326500 70
327000 69
327500 69
328000 69
328500 69
329000 69
329500 70
330000 69
330500 69
331000 69
331500 68
332000 68
332500 68
333000 70
333500 68
334000 69
334500 70
335000 70
335500 69
336000 69
336500 69
337000 71
337500 70
338000 71
338500 70
339000 69
339500 70
340000 69
340500 69
341000 70
341500 69
342000 70
342500 69
343000 69
343500 69
344000 69
344500 69
345000 69
345500 69
346000 69
346500 69
347000 69
347500 69
348000 70
348500 69
349000 69
349500 69
350000 69
350500 69
351000 69
351500 69
352000 69
352500 69
353000 70
353500 69
354000 70
354500 69
355000 69
355500 69
356000 69
356500 69
357000 69
357500 68
358000 71
358500 69
359000 68
359500 68
360000 68
360500 68
361000 68
361500 68
362000 68
362500 68
363000 68
363500 68
364000 68
364500 68
365000 68
365500 68
366000 68
366500 68
367000 68
367500 68
368000 68
368500 68
369000 68
369500 68
370000 68
370500 68
371000 68
371500 68
372000 68
372500 68
373000 68
373500 68
374000 68
374500 68
375000 68
375500 69
376000 69
376500 69
377000 69
377500 69
378000 69
378500 69
379000 69
379500 68
380000 68
380500 68
381000 68
381500 68
382000 68
382500 68
383000 68
383500 68
384000 68
384500 68
385000 68
385500 68
386000 68
386500 68
387000 68
387500 68
388000 68
388500 68
389000 68
389500 68
390000 68
390500 68
391000 68
391500 68
392000 68
392500 68
393000 68
393500 68
394000 68
394500 68
395000 68
395500 68
396000 68
396500 68
397000 69
397500 69
398000 69
398500 69
399000 69
399500 69
400000 69
400500 68
401000 68
401500 68
402000 68
402500 68
403000 68
403500 68
404000 68
404500 68
405000 68
405500 68
406000 68
406500 68
407000 68
407500 68
408000 68
408500 68
409000 68
409500 68
410000 68
410500 68
411000 68
411500 68
412000 68
412500 68
413000 68
413500 68
414000 68
414500 68
415000 68
415500 68
416000 68
416500 68
417000 68
417500 68
418000 68
418500 68
419000 68
419500 68
420000 68
420500 68
421000 68
421500 68
422000 68
422500 68
423000 68
423500 68
424000 68
424500 68
425000 68
425500 68
426000 68
426500 68
427000 68
427500 68
428000 68
428500 68
429000 68
429500 68
430000 68
430500 68
431000 68
431500 68
432000 68
432500 68
433000 68
433500 68
434000 68
434500 68
435000 68
435500 68
436000 68
436500 68
437000 68
437500 68
438000 68
438500 68
439000 68
439500 68
440000 68
440500 68
441000 68
441500 68
442000 68
442500 68
443000 68
443500 68
444000 68
444500 68
445000 68
445500 68
446000 68
446500 68
447000 68
447500 68
448000 68
448500 68
449000 68
449500 68
450000 68
450500 68
451000 68
451500 68
452000 68
452500 68
453000 68
453500 68
454000 68
454500 68
455000 68
455500 68
456000 68
456500 68
457000 68
457500 68
458000 68
458500 68
459000 68
459500 68
460000 68
460500 68
461000 68
461500 68
462000 68
462500 68
463000 68
463500 68
464000 68
464500 68
465000 68
465500 68
466000 68
466500 68
467000 68
467500 68
468000 68
468500 68
469000 68
469500 68
470000 68
470500 68
471000 68
471500 68
472000 68
472500 68
473000 68
473500 68
474000 68
474500 68
475000 68
475500 68
476000 68
476500 68
477000 68
477500 68
478000 68
478500 68
479000 68
479500 68
480000 68
480500 68
481000 68
481500 68
482000 68
482500 68
483000 68
483500 68
484000 68
484500 68
485000 68
485500 68
486000 68
486500 68
487000 68
487500 68
488000 68
488500 68
489000 68
489500 68
490000 68
490500 68
491000 68
491500 68
492000 68
492500 68
493000 68
493500 68
494000 68
494500 68
495000 68
495500 68
496000 68
496500 68
497000 68
497500 68
498000 68
498500 68
499000 68
499500 68
500000 68
500500 68
501000 68
501500 68
502000 68
502500 68
503000 68
503500 68
504000 68
504500 68
505000 68
505500 68
506000 68
506500 68
507000 68
507500 68
508000 68
508500 68
509000 68
509500 68
510000 68
510500 68
511000 68
511500 68
512000 68
512500 68
513000 68
513500 68
514000 68
514500 68
515000 68
515500 68
516000 68
516500 68
517000 68
517500 68
518000 68
518500 68
519000 68
519500 68
520000 68
520500 68
521000 68
521500 68
522000 68
522500 68
523000 68
523500 68
524000 68
524500 68
525000 68
525500 68
526000 68
526500 68
527000 68
527500 68
528000 68
528500 68
529000 68
529500 68
530000 68
530500 68
531000 68
531500 68
532000 68
532500 68
533000 68
533500 68
534000 68
534500 68
535000 68
535500 68
536000 68
536500 68
537000 68
537500 68
538000 68
538500 68
539000 68
539500 68
540000 68
540500 68
541000 68
541500 68
542000 68
542500 68
543000 68
543500 68
544000 68
544500 68
545000 68
545500 68
546000 68
546500 68
547000 68
547500 68
548000 68
548500 68
549000 68
549500 68
550000 68
550500 68
551000 68
551500 68
552000 68
552500 68
553000 68
553500 68
554000 68
554500 68
555000 68
555500 68
556000 68
556500 68
557000 68
557500 68
558000 68
558500 68
559000 68
559500 68
560000 68
560500 68
561000 68
561500 68
562000 68
562500 68
563000 68
563500 68
564000 68
564500 68
565000 68
565500 68
566000 68
566500 68
567000 68
567500 68
568000 68
568500 68
569000 68
569500 68
570000 68
570500 68
571000 68
571500 68
572000 68
572500 68
573000 68
573500 68
574000 68
574500 68
575000 68
575500 68
576000 68
576500 68
577000 68
577500 68
578000 68
578500 68
579000 68
579500 68
580000 68
580500 68
581000 68
581500 68
582000 68
582500 68
583000 68
583500 68
584000 68
584500 68
585000 68
585500 68
586000 68
586500 68
587000 68
587500 68
588000 68
588500 68
589000 68
589500 68
590000 68
590500 68
591000 68
591500 68
592000 68
592500 68
593000 68
593500 68
594000 68
594500 68
595000 68
595500 68
596000 68
596500 68
597000 68
597500 68
598000 68
598500 68
599000 68
599500 68
600000 68
600500 68
601000 68
601500 68
602000 68
602500 68
603000 68
603500 68
604000 68
604500 68
605000 68
605500 68
606000 68
606500 68
607000 68
607500 68
608000 68
608500 68
609000 68
609500 68
610000 68
610500 68
611000 68
611500 68
612000 68
612500 68
613000 68
613500 68
614000 68
614500 68
615000 68
615500 68
616000 68
616500 68
617000 68
617500 68
618000 68
618500 68
619000 68
619500 68
620000 68
620500 68
621000 68
621500 68
622000 68
622500 68
623000 68
623500 68
624000 68
624500 68
625000 68
625500 68
626000 68
626500 68
627000 68
627500 68
628000 68
628500 68
629000 68
629500 68
630000 68
630500 68
631000 68
631500 68
632000 68
632500 68
633000 68
633500 68
634000 68
634500 68
635000 68
635500 68
636000 68
636500 68
637000 68
637500 68
638000 68
638500 68
639000 68
639500 68
640000 68
640500 68
641000 68
641500 68
642000 68
642500 68
643000 68
643500 68
644000 68
644500 68
645000 68
645500 68
646000 68
646500 68
647000 68
647500 68
648000 68
648500 68
649000 68
649500 68
650000 68
650500 68
651000 68
651500 68
652000 68
652500 68
653000 68
653500 68
654000 68
654500 68
655000 68
655500 68
656000 68
656500 68
657000 68
657500 68
658000 68
658500 68
659000 68
659500 68
660000 68
