500 79
1000 79
1500 79
2000 79
2500 79
3000 79
3500 79
4000 79
4500 79
5000 79
5500 79
6000 79
6500 79
7000 79
7500 79
8000 79
8500 79
9000 79
9500 79
10000 79
10500 79
11000 79
11500 79
12000 79
12500 79
13000 79
13500 79
14000 79
14500 79
15000 79
15500 79
16000 79
16500 79
17000 79
17500 79
18000 79
18500 79
19000 79
19500 79
20000 79
20500 79
21000 79
21500 79
22000 79
22500 79
23000 79
23500 79
24000 79
24500 79
25000 79
25500 79
26000 79
26500 79
27000 79
27500 79
28000 79
28500 79
29000 79
29500 79
30000 79
30500 79
31000 79
31500 79
32000 79
32500 79
33000 79
33500 79
34000 79
34500 79
35000 79
35500 79
36000 79
36500 79
37000 79
37500 79
38000 79
38500 79
39000 79
39500 79
40000 79
40500 79
41000 79
41500 79
42000 79
42500 79
43000 79
43500 79
44000 79
44500 79
45000 79
45500 79
46000 79
46500 79
47000 79
47500 79
48000 79
48500 79
49000 79
49500 79
50000 79
50500 79
51000 79
51500 79
52000 79
52500 79
53000 79
53500 79
54000 79
54500 79
55000 79
55500 79
56000 79
56500 79
57000 79
57500 79
58000 79
58500 79
59000 79
59500 79
60000 79
60500 79
61000 79
61500 79
62000 79
62500 79
63000 79
63500 79
64000 79
64500 79
65000 79
65500 79
66000 79
66500 79
67000 79
67500 79
68000 79
68500 79
69000 79
69500 79
70000 79
70500 79
71000 79
71500 79
72000 79
72500 79
73000 79
73500 79
74000 79
74500 79
75000 79
75500 79
76000 79
76500 79
77000 79
77500 79
78000 79
78500 79
79000 79
79500 79
80000 79
80500 79
81000 79
81500 79
82000 79
82500 79
83000 79
83500 79
84000 79
84500 79
85000 79
85500 79
86000 79
86500 79
87000 79
87500 79
88000 79
88500 79
89000 79
89500 79
90000 79
90500 79
91000 79
91500 79
92000 79
92500 79
93000 79
93500 79
94000 79
94500 79
95000 79
95500 79
96000 79
96500 79
97000 79
97500 79
98000 79
98500 79
99000 79
99500 79
100000 79
100500 79
101000 79
101500 79
102000 79
102500 79
103000 79
103500 79
104000 79
104500 79
105000 79
105500 79
106000 79
106500 79
107000 79
107500 79
108000 79
108500 79
109000 79
109500 79
110000 79
110500 79
111000 79
111500 79
112000 79
112500 79
113000 79
113500 79
114000 79
114500 79
115000 79
115500 79
116000 79
116500 79
117000 79
117500 79
118000 79
118500 79
119000 79
119500 79
120000 79
120500 79
121000 79
121500 79
122000 79
122500 79
123000 79
123500 79
124000 79
124500 79
125000 79
125500 79
126000 79
126500 79
127000 79
127500 79
128000 79
128500 79
129000 79
129500 79
130000 79
130500 79
131000 79
131500 79
132000 79
132500 79
133000 79
133500 79
134000 79
134500 79
135000 79
135500 79
136000 79
136500 79
137000 79
137500 79
138000 79
138500 79
139000 79
139500 79
140000 79
140500 79
141000 79
141500 79
142000 79
142500 79
143000 79
143500 79
144000 79
144500 79
145000 79
145500 79
146000 79
146500 79
147000 79
147500 79
148000 79
148500 79
149000 79
149500 79
150000 79
150500 79
151000 79
151500 79
152000 79
152500 79
153000 79
153500 79
154000 79
154500 79
155000 79
155500 79
156000 79
156500 79
157000 79
157500 79
158000 79
158500 79
159000 79
159500 79
160000 79
160500 79
161000 79
161500 79
162000 79
162500 79
163000 79
163500 79
164000 79
164500 79
165000 79
165500 79
166000 79
166500 79
167000 79
167500 79
168000 79
168500 79
169000 79
169500 79
170000 79
170500 79
171000 79
171500 79
172000 79
172500 79
173000 79
173500 79
174000 79
174500 79
175000 79
175500 79
176000 79
176500 79
177000 79
177500 79
178000 79
178500 79
179000 79
179500 79
180000 79
180500 79
181000 79
181500 79
182000 79
182500 79
183000 79
183500 79
184000 79
184500 79
185000 79
185500 79
186000 79
186500 79
187000 79
187500 79
188000 79
188500 79
189000 79
189500 79
190000 79
190500 79
191000 79
191500 79
192000 79
192500 79
193000 79
193500 79
194000 79
194500 79
195000 79
195500 79
196000 79
196500 79
197000 79
197500 79
198000 79
198500 79
199000 79
199500 79
200000 79
200500 79
201000 79
201500 79
202000 79
202500 79
203000 79
203500 79
204000 79
204500 79
205000 79
205500 79
206000 79
206500 79
207000 79
207500 79
208000 79
208500 79
209000 79
209500 79
210000 79
210500 79
211000 79
211500 79
212000 79
212500 79
213000 79
213500 79
214000 79
214500 79
215000 79
215500 79
216000 79
216500 79
217000 79
217500 79
218000 79
218500 79
219000 79
219500 79
220000 79
220500 79
221000 79
221500 79
222000 79
222500 79
223000 79
223500 79
224000 79
224500 79
225000 79
225500 79
226000 79
226500 79
227000 79
227500 79
228000 79
228500 79
229000 79
229500 79
230000 79
230500 79
231000 79
231500 79
232000 79
232500 79
233000 79
233500 79
234000 79
234500 79
235000 79
235500 79
236000 79
236500 79
237000 79
237500 79
238000 79
238500 79
239000 79
239500 79
240000 79
240500 79
241000 79
241500 79
242000 79
242500 76
243000 76
243500 76
244000 76
244500 76
245000 76
245500 76
246000 76
246500 76
247000 76
247500 76
248000 76
248500 76
249000 76
249500 76
250000 76
250500 76
251000 76
251500 76
252000 76
252500 76
253000 76
253500 76
254000 76
254500 76
255000 76
255500 76
256000 76
256500 76
257000 76
257500 76
258000 76
258500 76
259000 76
259500 76
260000 76
260500 76
261000 76
261500 76
262000 76
262500 76
263000 76
263500 76
264000 76
264500 76
265000 76
265500 76
266000 76
266500 76
267000 76
267500 76
268000 72
268500 72
269000 72
269500 72
270000 72
270500 72
271000 72
271500 72
272000 72
272500 72
273000 72
273500 72
274000 72
274500 72
275000 72
275500 72
276000 72
276500 72
277000 72
277500 72
278000 72
278500 72
279000 72
279500 72
280000 72
280500 72
281000 72
281500 72
282000 72
282500 72
283000 72
283500 72
284000 72
284500 72
285000 72
285500 72
286000 72
286500 72
287000 72
287500 72
288000 72
288500 72
289000 71
289500 69
290000 66
290500 66
291000 66
291500 66
292000 66
292500 66
293000 66
293500 66
294000 66
294500 66
295000 66
295500 66
296000 66
296500 66
297000 66
297500 66
298000 66
298500 66
299000 66
299500 66
300000 66
300500 66
301000 66
301500 66
302000 66
302500 66
303000 66
303500 66
304000 66
304500 66
305000 66
305500 66
306000 66
306500 66
307000 66
307500 66
308000 66
308500 66
309000 66
309500 66
310000 66
310500 66
311000 66
311500 66
312000 66
312500 66
313000 66
313500 66
314000 66
314500 66
315000 66
315500 66
316000 66
316500 66
317000 66
317500 66
318000 66
318500 66
319000 66
319500 66
320000 66
320500 66
321000 66
321500 66
322000 66
322500 66
323000 66
323500 66
324000 66
324500 66
325000 66
325500 66
326000 66
326500 66
327000 66
327500 66
328000 66
328500 66
329000 66
329500 66
330000 66
330500 66
331000 66
331500 66
332000 66
332500 66
333000 66
333500 66
334000 66
334500 66
335000 66
335500 66
336000 66
336500 66
337000 66
337500 66
338000 66
338500 66
339000 66
339500 66
340000 66
340500 66
341000 66
341500 66
342000 66
342500 66
343000 66
343500 66
344000 66
344500 66
345000 66
345500 66
346000 66
346500 66
347000 66
347500 66
348000 66
348500 66
349000 66
349500 66
350000 66
350500 66
351000 66
351500 66
352000 66
352500 66
353000 66
353500 66
354000 66
354500 66
355000 66
355500 66
356000 66
356500 66
357000 66
357500 66
358000 66
358500 66
359000 66
359500 66
360000 66
360500 66
361000 66
361500 66
362000 66
362500 66
363000 66
363500 66
364000 66
364500 66
365000 66
365500 66
366000 66
366500 66
367000 66
367500 66
368000 66
368500 66
369000 66
369500 66
370000 66
370500 66
371000 66
371500 66
372000 66
372500 66
373000 66
373500 66
374000 66
374500 66
375000 66
375500 66
376000 66
376500 66
377000 66
377500 66
378000 66
378500 66
379000 66
379500 66
380000 66
380500 66
381000 66
381500 66
382000 66
382500 66
383000 66
383500 66
384000 66
384500 66
385000 66
385500 66
386000 66
386500 66
387000 66
387500 66
388000 66
388500 66
389000 66
389500 66
390000 66
390500 66
391000 66
391500 66
392000 66
392500 66
393000 66
393500 66
394000 66
394500 66
395000 66
395500 66
396000 66
396500 66
397000 66
397500 66
398000 66
398500 66
399000 66
399500 66
400000 66
400500 66
401000 66
401500 66
402000 66
402500 66
403000 66
403500 66
404000 66
404500 66
405000 66
405500 66
406000 66
406500 66
407000 66
407500 66
408000 66
408500 66
409000 66
409500 66
410000 66
410500 66
411000 66
411500 66
412000 66
412500 66
413000 66
413500 66
414000 66
414500 66
415000 66
415500 66
416000 66
416500 66
417000 66
417500 66
418000 66
418500 66
419000 66
419500 66
420000 66
420500 66
421000 66
421500 66
422000 66
422500 66
423000 66
423500 66
424000 66
424500 66
425000 66
425500 66
426000 66
426500 66
427000 66
427500 66
428000 66
428500 66
429000 66
429500 66
430000 66
430500 66
431000 66
431500 66
432000 66
432500 66
433000 66
433500 66
434000 66
434500 66
435000 66
435500 66
436000 66
436500 66
437000 66
437500 66
438000 66
438500 66
439000 66
439500 66
440000 66
440500 66
441000 66
441500 66
442000 66
442500 66
443000 66
443500 66
444000 66
444500 66
445000 66
445500 66
446000 66
446500 66
447000 66
447500 66
448000 66
448500 66
449000 66
449500 66
450000 66
450500 66
451000 66
451500 66
452000 66
452500 66
453000 66
453500 66
454000 66
454500 66
455000 66
455500 66
456000 66
456500 66
457000 66
457500 66
458000 66
458500 66
459000 66
459500 66
460000 66
460500 66
461000 66
461500 66
462000 66
462500 66
463000 66
463500 66
464000 66
464500 66
465000 66
465500 66
466000 66
466500 66
467000 66
467500 66
468000 66
468500 66
469000 66
469500 66
470000 66
470500 66
471000 66
471500 66
472000 66
472500 66
473000 66
473500 66
474000 66
474500 66
475000 66
475500 66
476000 66
476500 66
477000 66
477500 66
478000 66
478500 66
479000 66
479500 66
480000 66
480500 66
481000 66
481500 66
482000 66
482500 66
483000 66
483500 66
484000 66
484500 66
485000 66
485500 66
486000 66
486500 66
487000 66
487500 66
488000 66
488500 66
489000 66
489500 66
490000 66
490500 66
491000 66
491500 66
492000 66
492500 66
493000 66
493500 66
494000 66
494500 66
495000 66
495500 66
496000 66
496500 66
497000 66
497500 66
498000 66
498500 66
499000 66
499500 66
500000 66
500500 66
501000 66
501500 66
502000 66
502500 66
503000 66
503500 66
504000 66
504500 66
505000 66
505500 66
506000 66
506500 66
507000 66
507500 66
508000 66
508500 66
509000 66
509500 66
510000 66
510500 66
511000 66
511500 66
512000 66
512500 66
513000 66
513500 66
514000 66
514500 66
515000 66
515500 66
516000 66
516500 66
517000 66
517500 66
518000 66
518500 66
519000 66
519500 66
520000 66
520500 66
521000 66
521500 66
522000 66
522500 66
523000 66
523500 66
524000 66
524500 66
525000 66
525500 66
526000 66
526500 66
527000 66
527500 66
528000 66
528500 66
529000 66
529500 66
530000 66
530500 66
531000 66
531500 66
532000 66
532500 66
533000 66
533500 66
534000 66
534500 66
535000 66
535500 66
536000 66
536500 66
537000 66
537500 66
538000 66
538500 66
539000 66
539500 66
540000 66
540500 66
541000 66
541500 66
542000 66
542500 66
543000 66
543500 66
544000 66
544500 66
545000 66
545500 66
546000 66
546500 66
547000 66
547500 66
548000 66
548500 66
549000 66
549500 66
550000 66
550500 66
551000 66
551500 66
552000 66
552500 66
553000 66
553500 66
554000 66
554500 66
555000 66
555500 66
556000 66
556500 66
557000 66
557500 66
558000 66
558500 66
559000 66
559500 66
560000 66
560500 66
561000 66
561500 66
562000 66
562500 66
563000 66
563500 66
564000 66
564500 66
565000 66
565500 66
566000 66
566500 66
567000 66
567500 66
568000 66
568500 66
569000 66
569500 66
570000 66
570500 66
571000 66
571500 66
572000 66
572500 66
573000 66
573500 66
574000 66
574500 66
575000 66
575500 66
576000 66
576500 66
577000 66
577500 66
578000 66
578500 66
579000 66
579500 66
580000 66
580500 66
581000 66
581500 66
582000 66
582500 66
583000 66
583500 66
584000 66
584500 66
585000 66
585500 66
586000 66
586500 66
587000 66
587500 66
588000 66
588500 66
589000 66
589500 66
590000 66
590500 66
591000 66
591500 66
592000 66
592500 66
593000 66
593500 66
594000 66
594500 66
595000 66
595500 66
596000 66
596500 66
597000 66
597500 66
598000 66
598500 66
599000 66
599500 66
600000 66
600500 66
601000 66
601500 66
602000 66
602500 66
603000 66
603500 66
604000 66
604500 66
605000 66
605500 66
606000 66
606500 66
607000 66
607500 66
608000 66
608500 66
609000 66
609500 66
610000 66
610500 66
611000 66
611500 66
612000 66
612500 66
613000 66
613500 66
614000 66
614500 66
615000 66
615500 66
616000 66
616500 66
617000 66
617500 66
618000 66
618500 66
619000 66
619500 66
620000 66
620500 66
621000 66
621500 66
622000 66
622500 66
623000 66
623500 66
624000 66
624500 66
625000 66
625500 66
626000 66
626500 66
627000 66
627500 66
628000 66
628500 66
629000 66
629500 66
630000 66
630500 66
631000 66
631500 66
632000 66
632500 66
633000 66
633500 66
634000 66
634500 66
635000 66
635500 66
636000 66
636500 66
637000 66
637500 66
638000 66
638500 66
639000 66
639500 66
640000 66
640500 66
641000 66
641500 66
642000 66
642500 66
643000 66
643500 66
644000 66
644500 66
645000 66
645500 66
646000 66
646500 66
647000 66
647500 66
648000 66
648500 66
649000 66
649500 66
650000 66
650500 66
651000 66
651500 66
652000 66
652500 66
653000 66
653500 66
654000 66
654500 66
655000 66
655500 66
656000 66
656500 66
