500 160
1000 144
1500 141
2000 150
2500 170
3000 145
3500 146
4000 150
4500 153
5000 161
5500 140
6000 154
6500 134
7000 133
7500 158
8000 143
8500 143
9000 129
9500 153
10000 161
10500 158
11000 146
11500 143
12000 162
12500 146
13000 138
13500 152
14000 138
14500 145
15000 146
15500 162
16000 145
16500 159
17000 145
17500 151
18000 132
18500 123
19000 136
19500 143
20000 145
20500 165
21000 139
21500 145
22000 162
22500 146
23000 143
23500 135
24000 141
24500 135
25000 143
25500 158
26000 139
26500 149
27000 113
27500 145
28000 156
28500 156
29000 158
29500 131
30000 135
30500 157
31000 149
31500 148
32000 163
32500 140
33000 157
33500 123
34000 159
34500 138
35000 115
35500 140
36000 140
36500 157
37000 143
37500 142
38000 129
38500 141
39000 140
39500 167
40000 155
40500 154
41000 155
41500 145
42000 153
42500 145
43000 138
43500 149
44000 156
44500 149
45000 156
45500 145
46000 156
46500 136
47000 154
47500 144
48000 148
48500 157
49000 135
49500 138
50000 139
50500 153
51000 128
51500 155
52000 149
52500 131
53000 147
53500 136
54000 127
54500 159
55000 118
55500 152
56000 150
56500 127
57000 145
57500 155
58000 160
58500 155
59000 141
59500 153
60000 151
60500 133
61000 144
61500 152
62000 140
62500 161
63000 143
63500 152
64000 151
64500 165
65000 140
65500 144
66000 137
66500 138
67000 149
67500 138
68000 131
68500 111
69000 143
69500 132
70000 143
70500 136
71000 130
71500 157
72000 145
72500 136
73000 140
73500 133
74000 143
74500 141
75000 166
75500 130
76000 138
76500 123
77000 157
77500 137
78000 159
78500 156
79000 143
79500 156
80000 144
80500 140
81000 143
81500 137
82000 140
82500 159
83000 154
83500 138
84000 154
84500 126
85000 135
85500 140
86000 127
86500 133
87000 138
87500 140
88000 140
88500 150
89000 129
89500 147
90000 151
90500 125
91000 134
91500 151
92000 144
92500 154
93000 139
93500 129
94000 133
94500 124
95000 141
95500 133
96000 123
96500 145
97000 139
97500 141
98000 150
98500 129
99000 153
99500 139
100000 128
100500 128
101000 138
101500 134
102000 143
102500 137
103000 138
103500 130
104000 147
104500 132
105000 144
105500 144
106000 116
106500 156
107000 115
107500 132
108000 142
108500 135
109000 141
109500 152
110000 159
110500 118
111000 158
111500 128
112000 154
112500 128
113000 156
113500 148
114000 131
114500 142
115000 147
115500 149
116000 130
116500 145
117000 130
117500 131
118000 150
118500 126
119000 153
119500 133
120000 147
120500 125
121000 137
121500 140
122000 140
122500 125
123000 133
123500 131
124000 131
124500 145
125000 137
125500 141
126000 140
126500 140
127000 145
127500 135
128000 130
128500 147
129000 134
129500 144
130000 135
130500 125
131000 124
131500 137
132000 157
132500 136
133000 127
133500 146
134000 128
134500 148
135000 118
135500 134
136000 112
136500 156
137000 122
137500 131
138000 114
138500 131
139000 142
139500 126
140000 146
140500 143
141000 113
141500 115
142000 134
142500 117
143000 144
143500 134
144000 140
144500 117
145000 145
145500 132
146000 130
146500 121
147000 149
147500 117
148000 141
148500 113
149000 108
149500 136
150000 114
150500 119
151000 129
151500 142
152000 131
152500 133
153000 123
153500 138
154000 136
154500 137
155000 142
155500 146
156000 123
156500 136
157000 139
157500 139
158000 115
158500 127
159000 130
159500 139
160000 135
160500 139
161000 121
161500 140
162000 124
162500 116
163000 128
163500 129
164000 138
164500 142
165000 136
165500 130
166000 130
166500 143
167000 127
167500 140
168000 112
168500 125
169000 136
169500 106
170000 116
170500 134
171000 130
171500 117
172000 115
172500 116
173000 122
173500 130
174000 128
174500 162
175000 112
175500 119
176000 120
176500 118
177000 109
177500 110
178000 125
178500 123
179000 127
179500 129
180000 100
180500 120
181000 131
181500 122
182000 122
182500 119
183000 120
183500 132
184000 108
184500 136
185000 110
185500 119
186000 131
186500 131
187000 112
187500 123
188000 142
188500 130
189000 91
189500 139
190000 109
190500 125
191000 130
191500 129
192000 117
192500 123
193000 119
193500 116
194000 108
194500 123
195000 120
195500 106
196000 107
196500 106
197000 91
197500 127
198000 111
198500 96
199000 117
199500 117
200000 138
200500 101
201000 146
201500 131
202000 127
202500 140
203000 118
203500 120
204000 115
204500 119
205000 104
205500 105
206000 119
206500 132
207000 125
207500 124
208000 88
208500 104
209000 121
209500 125
210000 113
210500 114
211000 118
211500 110
212000 125
212500 107
213000 123
213500 118
214000 123
214500 109
215000 141
215500 86
216000 118
216500 114
217000 110
217500 118
218000 107
218500 99
219000 110
219500 118
220000 97
220500 109
221000 130
221500 108
222000 113
222500 129
223000 100
223500 134
224000 94
224500 110
225000 139
225500 102
226000 117
226500 111
227000 107
227500 92
228000 89
228500 106
229000 108
229500 96
230000 103
230500 109
231000 102
231500 95
232000 105
232500 114
233000 112
233500 92
234000 102
234500 105
235000 105
235500 96
236000 99
236500 84
237000 119
237500 98
238000 106
238500 93
239000 105
239500 107
240000 108
240500 120
241000 91
241500 99
242000 105
242500 76
243000 90
243500 102
244000 102
244500 101
245000 88
245500 130
246000 98
246500 89
247000 82
247500 89
248000 94
248500 105
249000 88
249500 109
250000 91
250500 92
251000 87
251500 100
252000 87
252500 86
253000 102
253500 98
254000 138
254500 86
255000 90
255500 124
256000 99
256500 96
257000 92
257500 98
258000 90
258500 89
259000 76
259500 85
260000 109
260500 93
261000 108
261500 94
262000 87
262500 89
263000 136
263500 91
264000 82
264500 87
265000 93
265500 93
266000 94
266500 86
267000 100
267500 93
268000 72
268500 116
269000 92
269500 86
270000 97
270500 86
271000 79
271500 91
272000 86
272500 88
273000 78
273500 79
274000 79
274500 109
275000 101
275500 89
276000 84
276500 77
277000 79
277500 77
278000 76
278500 82
279000 86
279500 89
280000 85
280500 87
281000 80
281500 83
282000 82
282500 111
283000 90
283500 91
284000 94
284500 75
285000 77
285500 100
286000 83
286500 76
287000 74
287500 77
288000 104
288500 72
289000 71
289500 69
290000 66
290500 69
291000 67
291500 77
292000 76
292500 73
293000 83
293500 78
294000 79
294500 78
295000 101
295500 107
296000 79
296500 77
297000 75
297500 77
298000 78
298500 83
299000 96
299500 77
300000 69
300500 90
301000 83
301500 73
302000 76
302500 93
303000 87
303500 74
304000 76
304500 90
305000 83
305500 80
306000 98
306500 81
307000 74
307500 71
308000 71
308500 71
309000 72
309500 72
310000 72
310500 70
311000 76
311500 88
312000 75
312500 73
313000 71
313500 70
314000 69
314500 72
315000 69
315500 71
316000 71
316500 74
317000 69
317500 69
318000 71
318500 71
319000 71
319500 70
320000 69
320500 69
321000 69
321500 69
322000 71
322500 70
323000 69
323500 71
324000 69
324500 69
325000 73
325500 102
326000 103
326500 77
327000 81
327500 85
328000 75
328500 72
329000 71
329500 72
330000 71
330500 71
331000 72
331500 72
332000 73
332500 71
333000 71
333500 82
334000 72
334500 72
335000 72
335500 72
336000 72
336500 98
337000 77
337500 71
338000 71
338500 91
339000 77
339500 73
340000 70
340500 70
341000 70
341500 72
342000 71
342500 70
343000 69
343500 70
344000 92
344500 86
345000 108
345500 107
346000 76
346500 75
347000 70
347500 68
348000 68
348500 68
349000 68
349500 68
350000 68
350500 69
351000 68
351500 68
352000 69
352500 68
353000 68
353500 68
354000 69
354500 68
355000 68
355500 69
356000 68
356500 68
357000 68
357500 68
358000 68
358500 68
359000 70
359500 69
360000 68
360500 68
361000 68
361500 69
362000 71
362500 68
363000 68
363500 68
364000 68
364500 68
365000 68
365500 68
366000 68
366500 68
367000 68
367500 68
368000 68
368500 68
369000 68
369500 68
370000 68
370500 68
371000 68
371500 68
372000 68
372500 68
373000 68
373500 68
374000 68
374500 68
375000 68
375500 68
376000 68
376500 68
377000 68
377500 68
378000 68
378500 68
379000 68
379500 68
380000 68
380500 68
381000 68
381500 68
382000 68
382500 68
383000 68
383500 68
384000 68
384500 68
385000 68
385500 68
386000 68
386500 68
387000 68
387500 68
388000 68
388500 68
389000 68
389500 68
390000 68
390500 68
391000 68
391500 68
392000 68
392500 68
393000 68
393500 68
394000 68
394500 68
395000 68
395500 68
396000 68
396500 68
397000 68
397500 68
398000 68
398500 68
399000 68
399500 68
400000 68
400500 68
401000 68
401500 68
402000 68
402500 68
403000 68
403500 68
404000 68
404500 68
405000 68
405500 68
406000 68
406500 68
407000 68
407500 68
408000 68
408500 68
409000 68
409500 68
410000 68
410500 68
411000 68
411500 68
412000 68
412500 68
413000 68
413500 68
414000 68
414500 68
415000 68
415500 68
416000 68
416500 68
417000 68
417500 68
418000 68
418500 68
419000 68
419500 68
420000 68
420500 68
421000 68
421500 68
422000 68
422500 68
423000 68
423500 68
424000 68
424500 68
425000 68
425500 68
426000 68
426500 68
427000 68
427500 68
428000 68
428500 68
429000 68
429500 68
430000 68
430500 68
431000 68
431500 68
432000 68
432500 68
433000 68
433500 68
434000 68
434500 68
435000 68
435500 68
436000 68
436500 68
437000 68
437500 68
438000 68
438500 68
439000 68
439500 68
440000 68
440500 68
441000 68
441500 68
442000 68
442500 68
443000 68
443500 68
444000 68
444500 68
445000 68
445500 68
446000 68
446500 68
447000 68
447500 68
448000 68
448500 68
449000 68
449500 68
450000 68
450500 68
451000 68
451500 68
452000 68
452500 68
453000 68
453500 68
454000 68
454500 68
455000 68
455500 68
456000 68
456500 68
457000 68
457500 68
458000 68
458500 68
459000 68
459500 68
460000 68
460500 68
461000 68
461500 68
462000 68
462500 68
463000 68
463500 68
464000 68
464500 68
465000 68
465500 68
466000 68
466500 68
467000 68
467500 68
468000 68
468500 68
469000 68
469500 68
470000 68
470500 68
471000 68
471500 68
472000 68
472500 68
473000 68
473500 68
474000 68
474500 68
475000 68
475500 68
476000 68
476500 68
477000 68
477500 68
478000 68
478500 68
479000 68
479500 68
480000 68
480500 68
481000 68
481500 68
482000 68
482500 68
483000 68
483500 68
484000 68
484500 68
485000 68
485500 68
486000 68
486500 68
487000 68
487500 68
488000 68
488500 68
489000 68
489500 68
490000 68
490500 68
491000 68
491500 68
492000 68
492500 68
493000 68
493500 68
494000 68
494500 68
495000 68
495500 68
496000 68
496500 68
497000 68
497500 68
498000 68
498500 68
499000 68
499500 68
500000 68
500500 68
501000 68
501500 68
502000 68
502500 68
503000 68
503500 68
504000 68
504500 68
505000 68
505500 68
506000 68
506500 68
507000 68
507500 68
508000 68
508500 68
509000 68
509500 68
510000 68
510500 68
511000 68
511500 68
512000 68
512500 68
513000 68
513500 68
514000 68
514500 68
515000 68
515500 68
516000 68
516500 68
517000 68
517500 68
518000 68
518500 68
519000 68
519500 68
520000 68
520500 68
521000 68
521500 68
522000 68
522500 68
523000 68
523500 68
524000 68
524500 68
525000 68
525500 68
526000 68
526500 68
527000 68
527500 68
528000 68
528500 68
529000 68
529500 68
530000 68
530500 68
531000 68
531500 68
532000 68
532500 68
533000 68
533500 68
534000 68
534500 68
535000 68
535500 68
536000 68
536500 68
537000 68
537500 68
538000 68
538500 68
539000 68
539500 68
540000 68
540500 68
541000 68
541500 68
542000 68
542500 68
543000 68
543500 68
544000 68
544500 68
545000 68
545500 68
546000 68
546500 68
547000 68
547500 68
548000 68
548500 68
549000 68
549500 68
550000 68
550500 68
551000 68
551500 68
552000 68
552500 68
553000 68
553500 68
554000 68
554500 68
555000 68
555500 68
556000 68
556500 68
557000 68
557500 68
558000 68
558500 68
559000 68
559500 68
560000 68
560500 68
561000 68
561500 68
562000 68
562500 68
563000 68
563500 68
564000 68
564500 68
565000 68
565500 68
566000 68
566500 68
567000 68
567500 68
568000 68
568500 68
569000 68
569500 68
570000 68
570500 68
571000 68
571500 68
572000 68
572500 68
573000 68
573500 68
574000 68
574500 68
575000 68
575500 68
576000 68
576500 68
577000 68
577500 68
578000 68
578500 68
579000 68
579500 68
580000 68
580500 68
581000 68
581500 68
582000 68
582500 68
583000 68
583500 68
584000 68
584500 68
585000 68
585500 68
586000 68
586500 68
587000 68
587500 68
588000 68
588500 68
589000 68
589500 68
590000 68
590500 68
591000 68
591500 68
592000 68
592500 68
593000 68
593500 68
594000 68
594500 68
595000 68
595500 68
596000 68
596500 68
597000 68
597500 68
598000 68
598500 68
599000 68
599500 68
600000 68
600500 68
601000 68
601500 68
602000 68
602500 68
603000 68
603500 68
604000 68
604500 68
605000 68
605500 68
606000 68
606500 68
607000 68
607500 68
608000 68
608500 68
609000 68
609500 68
610000 68
610500 68
611000 68
611500 68
612000 68
612500 68
613000 68
613500 68
614000 68
614500 68
615000 68
615500 68
616000 68
616500 68
617000 68
617500 68
618000 68
618500 68
619000 68
619500 68
620000 68
620500 68
621000 68
621500 68
622000 68
622500 68
623000 68
623500 68
624000 68
624500 68
625000 68
625500 68
626000 68
626500 68
627000 68
627500 68
628000 68
628500 68
629000 68
629500 68
630000 68
630500 68
631000 68
631500 68
632000 68
632500 68
633000 68
633500 68
634000 68
634500 68
635000 68
635500 68
636000 68
636500 68
637000 68
637500 68
638000 68
638500 68
639000 68
639500 68
640000 68
640500 68
641000 68
641500 68
642000 68
642500 68
643000 68
643500 68
644000 68
644500 68
645000 68
645500 68
646000 68
646500 68
647000 68
647500 68
648000 68
648500 68
649000 68
649500 68
650000 68
650500 68
651000 68
651500 68
652000 68
652500 68
653000 68
653500 68
654000 68
654500 68
655000 68
655500 68
656000 68
656500 68
