50 156
100 148
150 149
200 141
250 144
300 172
350 145
400 152
450 159
500 144
550 152
600 142
650 149
700 134
750 121
800 151
850 131
900 149
950 144
1000 157
1050 151
1100 147
1150 152
1200 163
1250 164
1300 165
1350 162
1400 172
1450 131
1500 161
1550 135
1600 136
1650 146
1700 140
1750 157
1800 150
1850 147
1900 154
1950 146
2000 144
2050 141
2100 155
2150 146
2200 144
2250 147
2300 150
2350 153
2400 146
2450 151
2500 164
2550 138
2600 151
2650 149
2700 156
2750 149
2800 146
2850 125
2900 128
2950 143
3000 143
3050 163
3100 145
3150 159
3200 156
3250 149
3300 136
3350 150
3400 139
3450 139
3500 141
3550 149
3600 149
3650 171
3700 173
3750 157
3800 147
3850 138
3900 131
3950 141
4000 150
4050 153
4100 158
4150 159
4200 135
4250 149
4300 169
4350 147
4400 134
4450 138
4500 137
4550 159
4600 155
4650 150
4700 140
4750 143
4800 143
4850 127
4900 140
4950 138
5000 141
5050 140
5100 140
5150 145
5200 161
5250 161
5300 152
5350 141
5400 154
5450 144
5500 142
5550 148
5600 155
5650 145
5700 153
5750 134
5800 143
5850 143
5900 148
5950 156
6000 150
6050 142
6100 144
6150 139
6200 140
6250 144
6300 137
6350 140
6400 157
6450 160
6500 145
6550 154
6600 140
6650 133
6700 135
6750 131
6800 136
6850 134
6900 161
6950 157
7000 143
7050 120
7100 140
7150 139
7200 135
7250 138
7300 156
7350 162
7400 153
7450 153
7500 157
7550 139
7600 147
7650 129
7700 139
7750 112
7800 116
7850 119
7900 100
7950 120
8000 120
8050 135
8100 156
8150 150
8200 148
8250 151
8300 165
8350 160
8400 155
8450 158
8500 154
8550 159
8600 148
8650 149
8700 133
8750 144
8800 142
8850 141
8900 129
8950 142
9000 148
9050 164
9100 160
9150 138
9200 140
9250 135
9300 147
9350 132
9400 133
9450 139
9500 131
9550 133
9600 142
9650 153
9700 154
9750 157
9800 156
9850 163
9900 155
9950 159
10000 165
10050 157
10100 155
10150 147
10200 159
10250 139
10300 148
10350 143
10400 158
10450 126
10500 158
10550 168
10600 150
10650 147
10700 154
10750 159
10800 163
10850 143
10900 156
10950 146
11000 148
11050 132
11100 117
11150 124
11200 126
11250 127
11300 140
11350 157
11400 151
11450 149
11500 137
11550 138
11600 141
11650 156
11700 138
11750 139
11800 143
11850 130
11900 140
11950 142
12000 149
12050 150
12100 149
12150 141
12200 145
12250 134
12300 135
12350 161
12400 169
12450 151
12500 144
12550 137
12600 124
12650 132
12700 132
12750 139
12800 170
12850 148
12900 146
12950 147
13000 159
13050 154
13100 149
13150 131
13200 163
13250 137
13300 139
13350 144
13400 130
13450 144
13500 137
13550 157
13600 166
13650 160
13700 151
13750 149
13800 157
13850 152
13900 151
13950 145
14000 144
14050 141
14100 139
14150 146
14200 174
14250 165
14300 159
14350 139
14400 138
14450 122
14500 142
14550 134
14600 145
14650 141
14700 135
14750 147
14800 152
14850 141
14900 136
14950 161
15000 160
15050 150
15100 142
15150 145
15200 165
15250 163
15300 144
15350 141
15400 141
15450 137
15500 137
15550 147
15600 154
15650 152
15700 147
15750 143
15800 141
15850 160
15900 153
15950 158
16000 160
16050 165
16100 162
16150 162
16200 135
16250 138
16300 133
16350 151
16400 139
16450 139
16500 142
16550 143
16600 147
16650 143
16700 166
16750 178
16800 157
16850 164
16900 159
16950 153
17000 155
17050 152
17100 146
17150 140
17200 147
17250 157
17300 132
17350 157
17400 157
17450 162
17500 157
17550 141
17600 141
17650 141
17700 137
17750 134
17800 134
17850 140
17900 129
17950 149
18000 161
18050 139
18100 145
18150 135
18200 139
18250 138
18300 159
18350 126
18400 136
18450 151
18500 163
18550 171
18600 161
18650 149
18700 135
18750 135
18800 150
18850 152
18900 149
18950 149
19000 142
19050 142
19100 152
19150 148
19200 149
19250 168
19300 159
19350 162
19400 143
19450 140
19500 126
19550 155
19600 146
19650 148
19700 137
19750 132
19800 146
19850 147
19900 153
19950 150
20000 155
20050 133
20100 141
20150 146
20200 125
20250 130
20300 152
20350 146
20400 147
20450 139
20500 134
20550 133
20600 137
20650 134
20700 158
20750 150
20800 139
20850 150
20900 138
20950 153
21000 151
21050 146
21100 137
21150 134
21200 121
21250 126
21300 137
21350 125
21400 149
21450 128
21500 135
21550 154
21600 136
21650 134
21700 133
21750 131
21800 139
21850 126
21900 138
21950 121
22000 140
22050 145
22100 132
22150 137
22200 121
22250 123
22300 134
22350 149
22400 146
22450 137
22500 144
22550 141
22600 142
22650 135
22700 136
22750 154
22800 138
22850 139
22900 132
22950 135
23000 120
23050 106
23100 122
23150 113
23200 137
23250 151
23300 135
23350 129
23400 134
23450 126
23500 142
23550 125
23600 129
23650 146
23700 147
23750 146
23800 138
23850 135
23900 138
23950 133
24000 121
24050 133
24100 144
24150 151
24200 148
24250 147
24300 160
24350 147
24400 143
24450 142
24500 132
24550 124
24600 133
24650 136
24700 154
24750 137
24800 130
24850 135
24900 152
24950 117
25000 130
25050 138
25100 144
25150 126
25200 149
25250 137
25300 151
25350 137
25400 124
25450 135
25500 159
25550 140
25600 159
25650 144
25700 148
25750 162
25800 124
25850 133
25900 157
25950 127
26000 133
26050 126
26100 160
26150 141
26200 145
26250 142
26300 135
26350 155
26400 152
26450 126
26500 127
26550 142
26600 144
26650 135
26700 141
26750 147
26800 156
26850 126
26900 137
26950 134
27000 141
27050 142
27100 157
27150 141
27200 135
27250 121
27300 126
27350 129
27400 146
27450 118
27500 150
27550 140
27600 141
27650 153
27700 149
27750 157
27800 128
27850 138
27900 134
27950 162
28000 140
28050 135
28100 151
28150 138
28200 152
28250 143
28300 150
28350 154
28400 133
28450 146
28500 147
28550 155
28600 132
28650 144
28700 150
28750 139
28800 143
28850 148
28900 132
28950 131
29000 135
29050 142
29100 141
29150 143
29200 130
29250 155
29300 147
29350 157
29400 147
29450 149
29500 151
29550 145
29600 140
29650 139
29700 131
29750 140
29800 141
29850 135
29900 135
29950 156
30000 129
30050 132
30100 133
30150 129
30200 133
30250 130
30300 135
30350 127
30400 126
30450 142
30500 152
30550 151
30600 123
30650 124
30700 122
30750 137
30800 123
30850 130
30900 127
30950 134
31000 144
31050 151
31100 124
31150 137
31200 133
31250 153
31300 168
31350 135
31400 124
31450 132
31500 130
31550 142
31600 151
31650 149
31700 140
31750 134
31800 126
31850 124
31900 128
31950 146
32000 135
32050 116
32100 159
32150 147
32200 157
32250 130
32300 154
32350 119
32400 120
32450 124
32500 148
32550 128
32600 139
32650 130
32700 142
32750 138
32800 127
32850 123
32900 131
32950 126
33000 131
33050 136
33100 145
33150 134
33200 132
33250 126
33300 125
33350 162
33400 131
33450 150
33500 139
33550 167
33600 161
33650 136
33700 127
33750 161
33800 156
33850 144
33900 145
33950 144
34000 135
34050 148
34100 150
34150 136
34200 144
34250 121
34300 125
34350 126
34400 140
34450 159
34500 145
34550 149
34600 155
34650 134
34700 157
34750 160
34800 153
34850 150
34900 127
34950 132
35000 144
35050 128
35100 122
35150 129
35200 152
35250 134
35300 127
35350 117
35400 144
35450 134
35500 134
35550 151
35600 134
35650 107
35700 139
35750 122
35800 141
35850 146
35900 137
35950 133
36000 149
36050 146
36100 140
36150 147
36200 145
36250 165
36300 155
36350 130
36400 134
36450 142
36500 146
36550 124
36600 141
36650 148
36700 132
36750 130
36800 137
36850 164
36900 139
36950 142
37000 137
37050 142
37100 116
37150 121
37200 126
37250 143
37300 161
37350 139
37400 140
37450 135
37500 126
37550 128
37600 134
37650 140
37700 149
37750 162
37800 133
37850 126
37900 118
37950 116
38000 138
38050 135
38100 130
38150 119
38200 111
38250 129
38300 143
38350 128
38400 124
38450 117
38500 131
38550 140
38600 147
38650 143
38700 130
38750 136
38800 149
38850 126
38900 154
38950 164
39000 151
39050 140
39100 133
39150 149
39200 159
39250 148
39300 140
39350 129
39400 145
39450 147
39500 135
39550 148
39600 146
39650 153
39700 153
39750 146
39800 137
39850 139
39900 128
39950 119
40000 123
40050 117
40100 130
40150 115
40200 125
40250 129
40300 113
40350 117
40400 112
40450 132
40500 124
40550 130
40600 119
40650 126
40700 122
40750 118
40800 115
40850 110
40900 109
40950 124
41000 121
41050 127
41100 124
41150 116
41200 113
41250 120
41300 117
41350 131
41400 121
41450 116
41500 110
41550 122
41600 119
41650 115
41700 122
41750 131
41800 108
41850 114
41900 114
41950 120
42000 118
42050 147
42100 125
42150 117
42200 112
42250 140
42300 132
42350 106
42400 105
42450 118
42500 117
42550 131
42600 132
42650 119
42700 114
42750 149
42800 126
42850 122
42900 119
42950 103
43000 98
43050 106
43100 117
43150 119
43200 134
43250 119
43300 118
43350 133
43400 106
43450 121
43500 113
43550 118
43600 124
43650 111
43700 90
43750 94
43800 90
43850 107
43900 104
43950 107
44000 137
44050 114
44100 125
44150 125
44200 121
44250 125
44300 130
44350 138
44400 127
44450 118
44500 126
44550 116
44600 104
44650 104
44700 104
44750 95
44800 101
44850 105
44900 95
44950 95
45000 103
45050 144
45100 136
45150 137
45200 138
45250 134
45300 140
45350 118
45400 119
45450 123
45500 115
45550 114
45600 126
45650 116
45700 109
45750 111
45800 98
45850 103
45900 121
45950 116
46000 127
46050 134
46100 120
46150 135
46200 147
46250 115
46300 130
46350 131
46400 116
46450 127
46500 117
46550 124
46600 103
46650 106
46700 105
46750 116
46800 119
46850 104
46900 103
46950 104
47000 134
47050 131
47100 126
47150 153
47200 120
47250 122
47300 123
47350 112
47400 99
47450 122
47500 119
47550 116
47600 100
47650 104
47700 98
47750 108
47800 138
47850 115
47900 135
47950 135
48000 147
48050 116
48100 121
48150 124
48200 110
48250 120
48300 122
48350 113
48400 111
48450 127
48500 117
48550 132
48600 122
48650 111
48700 97
48750 90
48800 109
48850 129
48900 131
48950 117
49000 114
49050 124
49100 118
49150 142
49200 122
49250 123
49300 112
49350 109
49400 112
49450 124
49500 114
49550 125
49600 112
49650 120
49700 118
49750 122
49800 132
49850 111
49900 112
49950 123
50000 118
50050 106
50100 102
50150 111
50200 114
50250 128
50300 135
50350 155
50400 110
50450 127
50500 110
50550 121
50600 119
50650 101
50700 105
50750 109
50800 120
50850 102
50900 112
50950 108
51000 122
51050 115
51100 114
51150 119
51200 122
51250 118
51300 112
51350 128
51400 111
51450 110
51500 105
51550 111
51600 105
51650 105
51700 109
51750 108
51800 149
51850 117
51900 108
51950 112
52000 136
52050 130
52100 119
52150 126
52200 119
52250 138
52300 110
52350 107
52400 93
52450 123
52500 113
52550 123
52600 118
52650 111
52700 109
52750 119
52800 127
52850 128
52900 127
52950 138
53000 125
53050 110
53100 128
53150 130
53200 127
53250 114
53300 103
53350 138
53400 145
53450 117
53500 123
53550 128
53600 119
53650 136
53700 136
53750 134
53800 122
53850 127
53900 123
53950 112
54000 105
54050 108
54100 115
54150 99
54200 92
54250 98
54300 115
54350 129
54400 109
54450 95
54500 108
54550 104
54600 114
54650 129
54700 126
54750 134
54800 130
54850 104
54900 123
54950 123
55000 127
55050 120
55100 124
55150 124
55200 130
55250 114
55300 113
55350 122
55400 131
55450 108
55500 126
55550 136
55600 129
55650 139
55700 129
55750 114
55800 124
55850 124
55900 99
55950 107
56000 120
56050 110
56100 109
56150 111
56200 105
56250 99
56300 124
56350 119
56400 120
56450 117
56500 107
56550 98
56600 100
56650 113
56700 110
56750 121
56800 112
56850 126
56900 123
56950 138
57000 123
57050 135
57100 122
57150 131
57200 114
57250 107
57300 104
57350 106
57400 125
57450 126
57500 119
57550 112
57600 122
57650 136
57700 132
57750 124
57800 115
57850 124
57900 112
57950 112
58000 105
58050 103
58100 113
58150 111
58200 136
58250 111
58300 124
58350 118
58400 125
58450 143
58500 123
58550 127
58600 116
58650 106
58700 126
58750 111
58800 118
58850 121
58900 115
58950 96
59000 101
59050 116
59100 131
59150 121
59200 99
59250 101
59300 120
59350 124
59400 129
59450 124
59500 135
59550 119
59600 117
59650 116
59700 119
59750 122
59800 121
59850 127
59900 121
59950 97
60000 111
60050 94
60100 90
60150 90
60200 89
60250 89
60300 88
60350 82
60400 82
60450 84
60500 84
60550 83
60600 84
60650 86
60700 100
60750 88
60800 87
60850 87
60900 157
60950 113
61000 103
61050 96
61100 90
61150 88
61200 87
61250 86
61300 86
61350 89
61400 90
61450 92
61500 92
61550 82
61600 87
61650 85
61700 85
61750 85
61800 82
61850 82
61900 77
61950 77
62000 77
62050 77
62100 77
62150 77
62200 77
62250 77
62300 71
62350 73
62400 73
62450 73
62500 71
62550 72
62600 72
62650 72
62700 72
62750 72
62800 69
62850 69
62900 69
62950 71
63000 70
63050 70
63100 70
63150 75
63200 75
63250 74
63300 74
63350 74
63400 74
63450 74
63500 74
63550 78
63600 76
63650 75
63700 77
63750 77
63800 77
63850 77
63900 75
63950 75
64000 75
64050 73
64100 72
64150 71
64200 73
64250 73
64300 73
64350 72
64400 72
64450 70
64500 70
64550 70
64600 70
64650 69
64700 69
64750 69
64800 69
64850 69
64900 69
64950 70
65000 69
65050 69
65100 75
65150 73
65200 75
65250 71
65300 70
65350 70
65400 70
65450 70
65500 70
65550 70
65600 69
65650 69
65700 72
65750 72
65800 70
65850 70
65900 75
65950 75
66000 75
66050 79
66100 79
66150 108
66200 98
66250 92
66300 89
66350 87
66400 90
66450 86
66500 81
66550 81
66600 81
66650 78
66700 76
66750 76
66800 76
66850 76
66900 77
66950 77
67000 77
67050 77
67100 77
67150 72
67200 72
67250 72
67300 72
67350 72
67400 72
67450 72
67500 72
67550 72
67600 72
67650 72
67700 72
67750 72
67800 72
67850 72
67900 70
67950 69
68000 69
68050 69
68100 69
68150 71
68200 69
68250 69
68300 69
68350 73
68400 73
68450 73
68500 73
68550 73
68600 71
68650 74
68700 72
68750 73
68800 75
68850 75
68900 75
68950 75
69000 75
69050 75
69100 75
69150 74
69200 74
69250 74
69300 74
69350 77
69400 82
69450 80
69500 74
69550 76
69600 74
69650 76
69700 76
69750 76
69800 77
69850 75
69900 75
69950 75
70000 75
70050 76
70100 113
70150 107
70200 122
70250 101
70300 104
70350 88
70400 88
70450 88
70500 88
70550 85
70600 84
70650 84
70700 74
70750 74
70800 73
70850 75
70900 76
70950 73
71000 73
71050 73
71100 73
71150 71
71200 70
71250 70
71300 70
71350 70
71400 70
71450 70
71500 70
71550 70
71600 71
71650 81
71700 77
71750 71
71800 71
71850 71
71900 71
71950 74
72000 74
72050 74
72100 74
72150 74
72200 74
72250 74
72300 75
72350 105
72400 100
72450 81
72500 81
72550 81
72600 81
72650 78
72700 78
72750 78
72800 78
72850 79
72900 79
72950 81
73000 137
73050 93
73100 93
73150 88
73200 86
73250 83
73300 83
73350 83
73400 102
73450 94
73500 90
73550 89
73600 86
73650 86
73700 83
73750 130
73800 102
73850 91
73900 87
73950 80
74000 80
74050 79
74100 79
74150 80
74200 81
74250 78
74300 78
74350 77
74400 79
74450 79
74500 77
74550 75
74600 79
74650 77
74700 74
74750 74
74800 72
74850 72
74900 72
74950 72
75000 72
75050 72
75100 75
75150 75
75200 73
75250 73
75300 72
75350 72
75400 73
75450 73
75500 73
75550 73
75600 76
75650 76
75700 77
75750 77
75800 76
75850 76
75900 76
75950 76
76000 76
76050 76
76100 78
76150 78
76200 76
76250 76
76300 76
76350 75
76400 80
76450 80
76500 74
76550 74
76600 74
76650 74
76700 72
76750 91
76800 91
76850 87
76900 87
76950 89
77000 83
77050 80
77100 82
77150 102
77200 93
77250 93
77300 95
77350 93
77400 93
77450 93
77500 85
77550 84
77600 81
77650 81
77700 81
77750 84
77800 84
77850 84
77900 84
77950 82
78000 82
78050 77
78100 77
78150 77
78200 77
78250 76
78300 77
78350 77
78400 80
78450 78
78500 79
78550 79
78600 78
78650 79
78700 79
78750 80
78800 79
78850 118
78900 95
78950 93
79000 81
79050 81
79100 81
79150 81
79200 79
79250 78
79300 78
79350 78
79400 76
79450 77
79500 77
79550 77
79600 77
79650 77
79700 77
79750 77
79800 78
79850 79
79900 79
79950 81
80000 79
80050 79
80100 79
80150 78
80200 78
80250 78
80300 78
80350 78
80400 73
80450 73
80500 73
80550 73
80600 73
80650 72
80700 72
80750 72
80800 72
80850 72
80900 72
80950 72
81000 72
81050 72
81100 72
81150 72
81200 72
81250 72
81300 72
81350 72
81400 72
81450 72
81500 72
81550 72
81600 72
81650 70
81700 70
81750 70
81800 70
81850 70
81900 70
81950 70
82000 70
82050 70
82100 70
82150 70
82200 70
82250 70
82300 70
82350 70
82400 70
82450 70
82500 70
82550 70
82600 70
82650 70
82700 70
82750 70
82800 70
82850 70
82900 70
82950 70
83000 70
83050 70
83100 70
83150 70
83200 70
83250 70
83300 70
83350 70
83400 70
83450 70
83500 70
83550 70
83600 70
83650 70
83700 70
83750 70
83800 70
83850 70
83900 70
83950 70
84000 70
84050 70
84100 70
84150 70
84200 70
84250 70
84300 70
84350 70
84400 70
84450 70
84500 70
84550 70
84600 70
84650 70
84700 70
84750 70
84800 70
84850 70
84900 70
84950 70
85000 70
85050 70
85100 70
85150 70
85200 70
85250 70
85300 70
85350 70
85400 70
85450 70
85500 70
85550 70
85600 70
85650 70
85700 70
85750 70
85800 70
85850 70
85900 70
85950 70
86000 70
86050 70
86100 70
86150 70
86200 70
86250 70
86300 70
86350 70
86400 70
86450 70
86500 70
86550 70
86600 70
86650 70
86700 70
86750 70
86800 70
86850 70
86900 70
86950 70
87000 70
87050 70
87100 70
87150 70
87200 70
87250 70
87300 70
87350 70
87400 70
87450 70
87500 70
87550 70
87600 70
87650 70
87700 70
87750 70
87800 70
87850 70
87900 70
87950 70
88000 70
88050 70
88100 70
88150 70
88200 70
88250 70
88300 70
88350 70
88400 70
88450 70
88500 70
88550 70
88600 70
88650 70
88700 70
88750 70
88800 70
88850 70
88900 70
88950 70
89000 70
89050 70
89100 70
89150 70
89200 70
89250 70
89300 70
89350 70
89400 70
89450 70
89500 70
89550 70
89600 70
89650 70
89700 70
89750 70
89800 70
89850 70
89900 70
89950 70
90000 70
90050 70
90100 70
90150 70
90200 70
90250 70
90300 70
90350 70
90400 70
90450 70
90500 70
90550 70
90600 70
90650 70
90700 70
90750 70
90800 70
90850 70
90900 70
90950 70
91000 70
91050 70
91100 70
91150 70
91200 70
91250 70
91300 70
91350 70
91400 70
91450 70
91500 70
91550 70
91600 70
91650 70
91700 70
91750 70
91800 70
91850 70
91900 70
91950 70
92000 70
92050 70
92100 70
92150 70
92200 70
92250 70
92300 70
92350 70
92400 70
92450 70
92500 70
92550 70
92600 70
92650 70
92700 70
92750 70
92800 70
92850 70
92900 70
92950 70
93000 70
93050 70
93100 70
93150 70
93200 70
93250 70
93300 70
93350 70
93400 70
93450 70
93500 70
93550 70
93600 70
93650 70
93700 70
93750 70
93800 70
93850 70
93900 70
93950 70
94000 70
94050 70
94100 70
94150 70
94200 70
94250 70
94300 70
94350 70
94400 70
94450 70
94500 70
94550 70
94600 70
94650 70
94700 70
94750 70
94800 70
94850 70
94900 70
94950 70
95000 70
95050 70
95100 70
95150 70
95200 70
95250 70
95300 70
95350 70
95400 70
95450 70
95500 70
95550 70
95600 70
95650 70
95700 70
95750 70
95800 70
95850 70
95900 70
95950 70
96000 70
96050 70
96100 70
96150 70
96200 70
96250 70
96300 70
96350 70
96400 70
96450 70
96500 70
96550 70
96600 70
96650 70
96700 70
96750 70
96800 70
96850 70
96900 70
96950 70
97000 70
97050 70
97100 70
97150 70
97200 70
97250 70
97300 70
97350 70
97400 70
97450 70
97500 70
97550 70
97600 70
97650 70
97700 70
97750 70
97800 70
97850 70
97900 70
97950 70
98000 70
98050 70
98100 70
98150 70
98200 70
98250 70
98300 70
98350 69
98400 69
98450 69
98500 69
98550 69
98600 69
98650 69
98700 69
98750 69
98800 68
98850 68
98900 68
98950 68
99000 68
99050 68
99100 68
99150 68
99200 68
99250 68
99300 68
99350 68
99400 68
99450 68
99500 68
99550 68
99600 68
99650 68
99700 68
99750 68
99800 68
99850 68
99900 68
99950 68
100000 68
100050 68
100100 68
100150 68
100200 68
100250 68
100300 68
100350 68
100400 68
100450 68
100500 68
100550 68
100600 68
100650 68
100700 68
100750 68
100800 68
100850 68
100900 68
100950 68
101000 68
101050 68
101100 68
101150 68
101200 68
101250 68
101300 68
101350 68
101400 68
101450 68
101500 68
101550 68
101600 68
101650 68
101700 68
101750 68
101800 68
101850 68
101900 68
101950 68
102000 68
102050 68
102100 68
102150 68
102200 68
102250 68
102300 68
102350 68
102400 68
102450 68
102500 68
102550 68
102600 68
102650 68
102700 68
102750 68
102800 68
102850 68
102900 68
102950 68
103000 68
103050 68
103100 68
103150 68
103200 68
103250 68
103300 68
103350 68
103400 68
103450 68
103500 68
103550 68
103600 68
103650 68
103700 68
103750 68
103800 68
103850 68
103900 68
103950 68
104000 68
104050 68
104100 68
104150 68
104200 68
104250 68
104300 68
104350 68
104400 68
104450 68
104500 68
104550 68
104600 68
104650 68
104700 68
104750 68
104800 68
104850 68
104900 68
104950 68
105000 68
105050 68
105100 68
105150 68
105200 68
105250 68
105300 68
105350 68
105400 68
105450 68
105500 68
105550 68
105600 68
105650 68
105700 68
105750 68
105800 68
105850 68
105900 68
105950 68
106000 68
106050 68
106100 68
106150 68
106200 68
106250 68
106300 68
106350 68
106400 68
106450 68
106500 68
106550 68
106600 68
106650 68
106700 68
106750 68
106800 68
106850 68
106900 68
106950 68
107000 68
107050 68
107100 68
107150 68
107200 68
107250 68
107300 68
107350 68
107400 68
107450 68
107500 68
107550 68
107600 68
107650 68
107700 68
107750 68
107800 68
107850 68
107900 68
107950 68
108000 68
108050 68
108100 68
108150 68
108200 68
108250 68
108300 68
108350 68
108400 68
108450 68
108500 68
108550 68
108600 68
108650 68
108700 68
108750 68
108800 68
108850 68
108900 68
108950 68
109000 68
109050 68
109100 68
109150 68
109200 68
109250 68
109300 68
109350 68
109400 68
109450 68
109500 68
109550 68
109600 68
109650 68
109700 68
109750 68
109800 68
109850 68
109900 68
109950 68
110000 68
110050 68
110100 68
110150 68
110200 68
110250 68
110300 68
110350 68
110400 68
110450 68
110500 68
110550 68
110600 68
110650 68
110700 68
110750 68
110800 68
110850 68
110900 68
110950 68
111000 68
111050 68
111100 68
111150 68
111200 68
111250 68
111300 68
111350 68
111400 68
111450 68
111500 68
111550 68
111600 68
111650 68
111700 68
111750 68
111800 68
111850 68
111900 68
111950 68
112000 68
112050 68
112100 68
112150 68
112200 68
112250 68
112300 68
112350 68
112400 68
112450 68
112500 68
112550 68
112600 68
112650 68
112700 68
112750 68
112800 68
112850 68
112900 68
112950 68
113000 68
113050 68
113100 68
113150 68
113200 68
113250 68
113300 68
113350 68
113400 68
113450 68
113500 68
113550 68
113600 68
113650 68
113700 68
113750 68
113800 68
113850 68
113900 68
113950 68
114000 68
114050 68
114100 68
114150 68
114200 68
114250 68
114300 68
114350 68
114400 68
114450 68
114500 68
114550 68
114600 68
114650 68
114700 68
114750 68
114800 68
114850 68
114900 68
114950 68
115000 68
115050 68
115100 68
115150 68
115200 68
115250 68
115300 68
115350 68
115400 68
115450 68
115500 68
115550 68
115600 68
115650 68
115700 68
115750 68
115800 68
115850 68
115900 68
115950 68
116000 68
116050 68
116100 68
116150 68
116200 68
116250 68
116300 68
116350 68
116400 68
116450 68
116500 68
116550 68
116600 68
116650 68
116700 68
116750 68
116800 68
116850 68
116900 68
116950 68
117000 68
117050 68
117100 68
117150 68
117200 68
117250 68
117300 68
117350 68
117400 68
117450 68
117500 68
117550 68
117600 68
117650 68
117700 68
117750 68
117800 68
117850 68
117900 68
117950 68
118000 68
118050 68
118100 68
118150 68
118200 68
118250 68
118300 68
118350 68
118400 68
118450 68
118500 68
118550 68
118600 68
118650 68
118700 68
118750 68
118800 68
118850 68
118900 68
118950 68
119000 68
119050 68
119100 68
119150 68
119200 68
119250 68
119300 68
119350 68
119400 68
119450 68
119500 68
119550 68
119600 68
119650 68
119700 68
119750 68
119800 68
119850 68
119900 68
119950 68
120000 68
120050 68
120100 68
120150 68
120200 68
120250 68
120300 68
120350 68
120400 68
120450 68
120500 68
120550 68
120600 68
120650 68
120700 68
120750 68
120800 68
120850 68
120900 68
120950 68
121000 68
121050 68
121100 68
121150 68
121200 68
121250 68
121300 68
121350 68
121400 68
121450 68
121500 68
121550 68
121600 68
121650 68
121700 68
121750 68
121800 68
121850 68
121900 68
121950 68
122000 68
122050 68
122100 68
122150 68
122200 68
122250 68
122300 68
122350 68
122400 68
122450 68
122500 68
122550 68
122600 68
122650 68
122700 68
122750 68
122800 68
122850 68
122900 68
122950 68
123000 68
123050 68
123100 68
123150 68
123200 68
123250 68
123300 68
123350 68
123400 68
123450 68
123500 68
123550 68
123600 68
123650 68
123700 68
123750 68
123800 68
123850 68
123900 68
123950 68
124000 68
124050 68
124100 68
124150 68
124200 68
124250 68
124300 68
124350 68
124400 68
124450 68
124500 68
124550 68
124600 68
124650 68
124700 68
124750 68
124800 68
124850 68
124900 68
124950 68
125000 68
125050 68
125100 68
125150 68
125200 68
125250 68
125300 68
125350 68
125400 68
125450 68
125500 68
125550 68
125600 68
125650 68
125700 68
125750 68
125800 68
125850 68
125900 68
125950 68
126000 68
126050 68
126100 68
126150 68
126200 68
126250 68
126300 68
126350 68
126400 68
126450 68
126500 68
126550 68
126600 68
126650 68
126700 68
126750 68
126800 68
126850 68
126900 68
126950 68
127000 68
127050 68
127100 68
127150 68
127200 68
127250 68
127300 68
127350 68
127400 68
127450 68
127500 68
127550 68
127600 68
127650 68
127700 68
127750 68
127800 68
127850 68
127900 68
127950 68
128000 68
128050 68
128100 68
128150 68
128200 68
128250 68
128300 68
128350 68
128400 68
128450 68
128500 68
128550 68
128600 68
128650 68
128700 68
128750 68
128800 68
128850 68
128900 68
128950 68
129000 68
129050 68
129100 68
129150 68
129200 68
129250 68
129300 68
129350 68
129400 68
129450 68
129500 68
129550 68
129600 68
129650 68
129700 68
129750 68
129800 68
129850 68
129900 68
129950 68
130000 68
130050 68
130100 68
130150 68
130200 68
130250 68
130300 68
130350 68
130400 68
130450 68
130500 68
130550 68
130600 68
130650 68
130700 68
130750 68
130800 68
130850 68
130900 68
130950 68
131000 68
131050 68
131100 68
131150 68
131200 68
131250 68
131300 68
131350 68
131400 68
131450 68
131500 68
131550 68
131600 68
131650 68
131700 68
131750 68
131800 68
131850 68
131900 68
131950 68
132000 68
132050 68
132100 68
132150 68
132200 68
132250 68
132300 68
132350 68
132400 68
132450 68
132500 68
132550 68
132600 68
132650 68
132700 68
132750 68
132800 68
132850 68
132900 68
132950 68
133000 68
133050 68
133100 68
133150 68
133200 68
133250 68
133300 68
133350 68
133400 68
133450 68
133500 68
133550 68
133600 68
133650 68
133700 68
133750 68
133800 68
133850 68
133900 68
133950 68
134000 68
134050 68
134100 68
134150 68
134200 68
134250 68
134300 68
134350 68
134400 68
134450 68
134500 68
134550 68
134600 68
134650 68
134700 68
134750 68
134800 68
134850 68
134900 68
134950 68
135000 68
135050 68
135100 68
135150 68
135200 68
135250 68
135300 68
135350 68
135400 68
135450 68
135500 68
135550 68
135600 68
135650 68
135700 68
135750 68
135800 68
135850 68
135900 68
135950 68
136000 68
136050 68
136100 68
136150 68
136200 68
136250 68
136300 68
136350 68
136400 68
136450 68
136500 68
136550 68
136600 68
136650 68
136700 68
136750 68
136800 68
136850 68
136900 68
136950 68
137000 68
137050 68
137100 68
137150 68
137200 68
137250 68
137300 68
137350 68
137400 68
137450 68
137500 68
137550 68
137600 68
137650 68
137700 68
137750 68
137800 68
137850 68
137900 68
137950 68
138000 68
138050 68
138100 68
138150 68
138200 68
138250 68
138300 68
138350 68
138400 68
138450 68
138500 68
138550 68
138600 68
138650 68
138700 68
138750 68
138800 68
138850 68
138900 68
138950 68
139000 68
139050 68
139100 68
139150 68
139200 68
139250 68
139300 68
139350 68
139400 68
139450 68
139500 68
139550 68
139600 68
139650 68
139700 68
139750 68
139800 68
139850 68
139900 68
139950 68
140000 68
