50 79
100 79
150 79
200 79
250 79
300 79
350 79
400 79
450 79
500 79
550 79
600 79
650 79
700 79
750 79
800 79
850 79
900 79
950 79
1000 79
1050 79
1100 79
1150 74
1200 74
1250 74
1300 74
1350 74
1400 74
1450 74
1500 74
1550 74
1600 74
1650 74
1700 74
1750 74
1800 74
1850 74
1900 74
1950 74
2000 74
2050 74
2100 74
2150 74
2200 74
2250 74
2300 74
2350 74
2400 74
2450 74
2500 74
2550 74
2600 74
2650 74
2700 74
2750 74
2800 74
2850 74
2900 74
2950 74
3000 74
3050 74
3100 74
3150 74
3200 74
3250 74
3300 74
3350 74
3400 74
3450 74
3500 74
3550 74
3600 74
3650 74
3700 74
3750 74
3800 74
3850 74
3900 74
3950 74
4000 74
4050 74
4100 74
4150 74
4200 74
4250 74
4300 74
4350 74
4400 74
4450 74
4500 74
4550 74
4600 74
4650 74
4700 74
4750 74
4800 74
4850 74
4900 74
4950 74
5000 74
5050 74
5100 74
5150 74
5200 74
5250 74
5300 74
5350 74
5400 74
5450 74
5500 74
5550 74
5600 74
5650 74
5700 74
5750 74
5800 74
5850 74
5900 74
5950 74
6000 74
6050 74
6100 74
6150 74
6200 74
6250 74
6300 74
6350 74
6400 74
6450 74
6500 74
6550 74
6600 74
6650 74
6700 74
6750 74
6800 74
6850 74
6900 74
6950 74
7000 74
7050 74
7100 74
7150 74
7200 74
7250 74
7300 74
7350 74
7400 74
7450 74
7500 74
7550 74
7600 74
7650 74
7700 74
7750 74
7800 74
7850 74
7900 74
7950 74
8000 74
8050 74
8100 74
8150 74
8200 74
8250 74
8300 74
8350 74
8400 74
8450 74
8500 74
8550 74
8600 74
8650 74
8700 74
8750 74
8800 74
8850 74
8900 74
8950 74
9000 74
9050 74
9100 74
9150 74
9200 74
9250 74
9300 74
9350 74
9400 74
9450 74
9500 74
9550 74
9600 74
9650 74
9700 74
9750 74
9800 74
9850 74
9900 74
9950 74
10000 74
10050 74
10100 74
10150 74
10200 74
10250 74
10300 74
10350 74
10400 74
10450 74
10500 74
10550 74
10600 74
10650 74
10700 74
10750 74
10800 74
10850 74
10900 74
10950 74
11000 74
11050 74
11100 74
11150 74
11200 74
11250 74
11300 74
11350 74
11400 74
11450 74
11500 74
11550 74
11600 74
11650 74
11700 74
11750 74
11800 74
11850 74
11900 74
11950 74
12000 74
12050 74
12100 74
12150 74
12200 74
12250 74
12300 74
12350 74
12400 74
12450 74
12500 74
12550 74
12600 74
12650 74
12700 74
12750 74
12800 74
12850 74
12900 74
12950 74
13000 74
13050 74
13100 74
13150 74
13200 74
13250 74
13300 74
13350 74
13400 74
13450 74
13500 74
13550 74
13600 74
13650 74
13700 74
13750 74
13800 74
13850 74
13900 74
13950 74
14000 74
14050 74
14100 74
14150 74
14200 74
14250 74
14300 74
14350 74
14400 74
14450 74
14500 74
14550 74
14600 74
14650 74
14700 74
14750 74
14800 74
14850 74
14900 74
14950 74
15000 74
15050 74
15100 74
15150 74
15200 74
15250 74
15300 74
15350 74
15400 74
15450 74
15500 74
15550 74
15600 74
15650 74
15700 74
15750 74
15800 74
15850 74
15900 74
15950 74
16000 74
16050 74
16100 74
16150 74
16200 74
16250 74
16300 74
16350 74
16400 74
16450 74
16500 74
16550 74
16600 74
16650 74
16700 74
16750 74
16800 74
16850 74
16900 74
16950 74
17000 74
17050 74
17100 74
17150 74
17200 74
17250 74
17300 74
17350 74
17400 74
17450 74
17500 74
17550 74
17600 74
17650 74
17700 74
17750 74
17800 74
17850 74
17900 74
17950 74
18000 74
18050 74
18100 74
18150 74
18200 74
18250 74
18300 74
18350 74
18400 74
18450 74
18500 74
18550 74
18600 74
18650 74
18700 74
18750 74
18800 74
18850 74
18900 74
18950 74
19000 74
19050 74
19100 74
19150 74
19200 74
19250 74
19300 74
19350 74
19400 74
19450 74
19500 74
19550 74
19600 74
19650 74
19700 74
19750 74
19800 74
19850 74
19900 74
19950 74
20000 74
20050 74
20100 74
20150 74
20200 74
20250 74
20300 74
20350 74
20400 74
20450 74
20500 74
20550 74
20600 74
20650 74
20700 74
20750 74
20800 74
20850 74
20900 74
20950 74
21000 74
21050 74
21100 74
21150 74
21200 74
21250 74
21300 74
21350 74
21400 74
21450 74
21500 74
21550 74
21600 74
21650 74
21700 74
21750 74
21800 74
21850 74
21900 74
21950 74
22000 74
22050 74
22100 74
22150 74
22200 74
22250 74
22300 74
22350 74
22400 74
22450 74
22500 74
22550 74
22600 74
22650 74
22700 74
22750 74
22800 74
22850 74
22900 74
22950 74
23000 74
23050 74
23100 74
23150 74
23200 74
23250 74
23300 74
23350 74
23400 74
23450 74
23500 74
23550 74
23600 74
23650 74
23700 74
23750 74
23800 74
23850 74
23900 74
23950 74
24000 74
24050 74
24100 74
24150 74
24200 74
24250 74
24300 74
24350 74
24400 74
24450 74
24500 74
24550 74
24600 74
24650 74
24700 74
24750 74
24800 74
24850 74
24900 74
24950 74
25000 74
25050 74
25100 74
25150 74
25200 74
25250 74
25300 74
25350 74
25400 74
25450 74
25500 74
25550 74
25600 74
25650 74
25700 74
25750 74
25800 74
25850 74
25900 74
25950 74
26000 74
26050 74
26100 74
26150 74
26200 74
26250 74
26300 74
26350 74
26400 74
26450 74
26500 74
26550 74
26600 74
26650 74
26700 74
26750 74
26800 74
26850 74
26900 74
26950 74
27000 74
27050 74
27100 74
27150 74
27200 74
27250 74
27300 74
27350 74
27400 74
27450 74
27500 74
27550 74
27600 74
27650 74
27700 74
27750 74
27800 74
27850 74
27900 74
27950 74
28000 74
28050 74
28100 74
28150 74
28200 74
28250 74
28300 74
28350 74
28400 74
28450 74
28500 74
28550 74
28600 74
28650 74
28700 74
28750 74
28800 74
28850 74
28900 74
28950 74
29000 74
29050 74
29100 74
29150 74
29200 74
29250 74
29300 74
29350 74
29400 74
29450 74
29500 74
29550 74
29600 74
29650 74
29700 74
29750 74
29800 74
29850 74
29900 74
29950 74
30000 74
30050 74
30100 74
30150 74
30200 74
30250 74
30300 74
30350 74
30400 74
30450 74
30500 74
30550 74
30600 74
30650 74
30700 74
30750 74
30800 74
30850 74
30900 74
30950 74
31000 74
31050 74
31100 74
31150 74
31200 74
31250 74
31300 74
31350 74
31400 74
31450 74
31500 74
31550 74
31600 74
31650 74
31700 74
31750 74
31800 74
31850 74
31900 74
31950 74
32000 74
32050 74
32100 74
32150 74
32200 74
32250 74
32300 74
32350 74
32400 74
32450 74
32500 74
32550 74
32600 74
32650 74
32700 74
32750 74
32800 74
32850 74
32900 74
32950 74
33000 74
33050 74
33100 74
33150 74
33200 74
33250 74
33300 74
33350 74
33400 74
33450 74
33500 74
33550 74
33600 74
33650 74
33700 74
33750 74
33800 74
33850 74
33900 74
33950 74
34000 74
34050 74
34100 74
34150 74
34200 74
34250 74
34300 74
34350 74
34400 74
34450 74
34500 74
34550 74
34600 74
34650 74
34700 74
34750 74
34800 74
34850 74
34900 74
34950 74
35000 74
35050 74
35100 74
35150 74
35200 74
35250 74
35300 74
35350 74
35400 74
35450 74
35500 74
35550 74
35600 74
35650 74
35700 74
35750 74
35800 74
35850 74
35900 74
35950 74
36000 74
36050 74
36100 74
36150 74
36200 74
36250 74
36300 74
36350 74
36400 74
36450 74
36500 74
36550 74
36600 74
36650 74
36700 74
36750 74
36800 74
36850 74
36900 74
36950 74
37000 74
37050 74
37100 74
37150 74
37200 74
37250 74
37300 74
37350 74
37400 74
37450 74
37500 74
37550 74
37600 74
37650 74
37700 74
37750 74
37800 74
37850 74
37900 74
37950 74
38000 74
38050 74
38100 74
38150 74
38200 74
38250 74
38300 74
38350 74
38400 74
38450 74
38500 74
38550 74
38600 74
38650 74
38700 74
38750 74
38800 74
38850 74
38900 74
38950 74
39000 74
39050 74
39100 74
39150 74
39200 74
39250 74
39300 74
39350 74
39400 74
39450 74
39500 74
39550 74
39600 74
39650 74
39700 74
39750 74
39800 74
39850 74
39900 74
39950 74
40000 74
40050 74
40100 74
40150 74
40200 74
40250 74
40300 74
40350 74
40400 74
40450 74
40500 74
40550 74
40600 74
40650 74
40700 74
40750 74
40800 74
40850 74
40900 74
40950 74
41000 74
41050 74
41100 74
41150 74
41200 74
41250 74
41300 74
41350 74
41400 74
41450 74
41500 74
41550 74
41600 74
41650 74
41700 74
41750 74
41800 74
41850 74
41900 74
41950 74
42000 74
42050 74
42100 74
42150 74
42200 74
42250 74
42300 74
42350 74
42400 74
42450 74
42500 74
42550 74
42600 74
42650 74
42700 74
42750 74
42800 74
42850 74
42900 74
42950 74
43000 74
43050 74
43100 74
43150 74
43200 74
43250 74
43300 74
43350 74
43400 74
43450 74
43500 74
43550 74
43600 74
43650 74
43700 74
43750 74
43800 74
43850 74
43900 74
43950 74
44000 74
44050 74
44100 74
44150 74
44200 74
44250 74
44300 74
44350 74
44400 74
44450 74
44500 74
44550 74
44600 74
44650 74
44700 74
44750 74
44800 74
44850 74
44900 74
44950 74
45000 74
45050 74
45100 74
45150 74
45200 74
45250 74
45300 74
45350 74
45400 74
45450 74
45500 74
45550 74
45600 74
45650 74
45700 74
45750 74
45800 74
45850 74
45900 74
45950 74
46000 74
46050 74
46100 74
46150 74
46200 74
46250 74
46300 74
46350 74
46400 73
46450 73
46500 73
46550 73
46600 73
46650 73
46700 73
46750 73
46800 73
46850 73
46900 73
46950 73
47000 73
47050 73
47100 73
47150 73
47200 73
47250 73
47300 73
47350 73
47400 73
47450 73
47500 73
47550 73
47600 73
47650 73
47700 73
47750 73
47800 73
47850 73
47900 73
47950 73
48000 73
48050 73
48100 73
48150 73
48200 73
48250 73
48300 73
48350 73
48400 73
48450 73
48500 73
48550 73
48600 73
48650 73
48700 73
48750 73
48800 73
48850 73
48900 73
48950 73
49000 73
49050 73
49100 73
49150 73
49200 73
49250 73
49300 73
49350 73
49400 73
49450 73
49500 73
49550 73
49600 73
49650 73
49700 73
49750 73
49800 73
49850 73
49900 73
49950 73
50000 73
50050 70
50100 70
50150 70
50200 70
50250 70
50300 70
50350 70
50400 70
50450 70
50500 70
50550 70
50600 70
50650 70
50700 70
50750 70
50800 70
50850 70
50900 70
50950 70
51000 70
51050 70
51100 70
51150 70
51200 70
51250 70
51300 70
51350 70
51400 70
51450 70
51500 70
51550 70
51600 70
51650 70
51700 70
51750 70
51800 70
51850 70
51900 70
51950 70
52000 70
52050 70
52100 70
52150 70
52200 70
52250 70
52300 70
52350 70
52400 70
52450 70
52500 70
52550 70
52600 70
52650 70
52700 70
52750 70
52800 70
52850 70
52900 70
52950 70
53000 70
53050 70
53100 70
53150 70
53200 70
53250 70
53300 70
53350 70
53400 70
53450 70
53500 70
53550 70
53600 70
53650 70
53700 70
53750 70
53800 70
53850 70
53900 70
53950 70
54000 70
54050 70
54100 70
54150 70
54200 70
54250 70
54300 70
54350 70
54400 70
54450 70
54500 70
54550 70
54600 70
54650 70
54700 70
54750 70
54800 70
54850 70
54900 70
54950 70
55000 70
55050 70
55100 70
55150 70
55200 70
55250 70
55300 70
55350 70
55400 70
55450 70
55500 70
55550 70
55600 70
55650 70
55700 70
55750 70
55800 70
55850 70
55900 70
55950 70
56000 70
56050 70
56100 70
56150 70
56200 70
56250 70
56300 70
56350 70
56400 70
56450 70
56500 70
56550 70
56600 70
56650 70
56700 70
56750 70
56800 70
56850 70
56900 70
56950 70
57000 70
57050 70
57100 70
57150 70
57200 70
57250 70
57300 70
57350 70
57400 70
57450 70
57500 70
57550 70
57600 70
57650 70
57700 70
57750 70
57800 70
57850 70
57900 70
57950 70
58000 70
58050 70
58100 70
58150 70
58200 70
58250 70
58300 70
58350 70
58400 70
58450 70
58500 70
58550 70
58600 70
58650 70
58700 70
58750 70
58800 70
58850 70
58900 70
58950 70
59000 70
59050 70
59100 70
59150 70
59200 70
59250 70
59300 70
59350 70
59400 70
59450 70
59500 70
59550 70
59600 70
59650 70
59700 70
59750 70
59800 70
59850 70
59900 70
59950 70
60000 70
60050 70
60100 70
60150 70
60200 70
60250 70
60300 70
60350 70
60400 70
60450 70
60500 70
60550 70
60600 70
60650 70
60700 70
60750 70
60800 70
60850 70
60900 70
60950 70
61000 70
61050 70
61100 70
61150 70
61200 70
61250 70
61300 70
61350 70
61400 70
61450 70
61500 70
61550 70
61600 70
61650 70
61700 70
61750 70
61800 70
61850 70
61900 70
61950 70
62000 70
62050 70
62100 70
62150 70
62200 70
62250 70
62300 70
62350 70
62400 70
62450 70
62500 70
62550 70
62600 70
62650 70
62700 70
62750 70
62800 70
62850 70
62900 70
62950 70
63000 70
63050 70
63100 70
63150 70
63200 70
63250 70
63300 70
63350 70
63400 70
63450 70
63500 70
63550 70
63600 70
63650 70
63700 70
63750 70
63800 70
63850 70
63900 70
63950 70
64000 70
64050 70
64100 70
64150 70
64200 70
64250 70
64300 70
64350 70
64400 70
64450 70
64500 70
64550 70
64600 70
64650 70
64700 70
64750 70
64800 70
64850 70
64900 70
64950 70
65000 70
65050 70
65100 70
65150 70
65200 70
65250 70
65300 70
65350 70
65400 70
65450 70
65500 70
65550 70
65600 70
65650 70
65700 70
65750 70
65800 70
65850 70
65900 70
65950 70
66000 70
66050 70
66100 70
66150 70
66200 70
66250 70
66300 70
66350 70
66400 70
66450 70
66500 70
66550 70
66600 70
66650 70
66700 70
66750 70
66800 70
66850 70
66900 70
66950 70
67000 70
67050 70
67100 70
67150 70
67200 70
67250 70
67300 70
67350 70
67400 70
67450 70
67500 70
67550 70
67600 70
67650 70
67700 70
67750 70
67800 70
67850 70
67900 70
67950 70
68000 70
68050 70
68100 70
68150 70
68200 70
68250 70
68300 70
68350 70
68400 70
68450 70
68500 70
68550 70
68600 70
68650 70
68700 70
68750 70
68800 70
68850 70
68900 70
68950 70
69000 70
69050 70
69100 70
69150 70
69200 70
69250 70
69300 70
69350 70
69400 70
69450 70
69500 70
69550 70
69600 70
69650 70
69700 70
69750 70
69800 70
69850 70
69900 70
69950 70
70000 70
70050 70
70100 70
70150 70
70200 70
70250 70
70300 70
70350 70
70400 70
70450 70
70500 70
70550 70
70600 70
70650 70
70700 70
70750 70
70800 70
70850 70
70900 70
70950 70
71000 70
71050 70
71100 70
71150 70
71200 70
71250 70
71300 70
71350 70
71400 70
71450 70
71500 70
71550 70
71600 70
71650 70
71700 70
71750 70
71800 70
71850 70
71900 70
71950 70
72000 70
72050 70
72100 70
72150 70
72200 70
72250 70
72300 70
72350 70
72400 70
72450 70
72500 70
72550 70
72600 70
72650 70
72700 70
72750 70
72800 70
72850 70
72900 70
72950 70
73000 70
73050 70
73100 70
73150 70
73200 70
73250 70
73300 70
73350 70
73400 70
73450 70
73500 70
73550 70
73600 70
73650 70
73700 70
73750 70
73800 70
73850 70
73900 70
73950 70
74000 70
74050 70
74100 70
74150 70
74200 70
74250 70
74300 70
74350 70
74400 70
74450 70
74500 70
74550 70
74600 70
74650 70
74700 70
74750 70
74800 70
74850 70
74900 70
74950 70
75000 70
75050 70
75100 70
75150 70
75200 70
75250 70
75300 70
75350 70
75400 70
75450 70
75500 70
75550 70
75600 70
75650 70
75700 70
75750 70
75800 70
75850 70
75900 70
75950 70
76000 70
76050 70
76100 70
76150 70
76200 70
76250 70
76300 70
76350 70
76400 70
76450 70
76500 70
76550 70
76600 70
76650 70
76700 70
76750 70
76800 70
76850 70
76900 70
76950 70
77000 70
77050 70
77100 70
77150 70
77200 70
77250 70
77300 70
77350 70
77400 70
77450 70
77500 70
77550 70
77600 70
77650 70
77700 70
77750 70
77800 70
77850 70
77900 70
77950 70
78000 70
78050 70
78100 70
78150 70
78200 70
78250 70
78300 70
78350 70
78400 70
78450 70
78500 70
78550 70
78600 70
78650 70
78700 70
78750 70
78800 70
78850 70
78900 70
78950 70
79000 70
79050 70
79100 70
79150 70
79200 70
79250 70
79300 70
79350 70
79400 70
79450 70
79500 70
79550 70
79600 70
79650 70
79700 70
79750 70
79800 70
79850 70
79900 70
79950 70
80000 70
80050 70
80100 70
80150 70
80200 70
80250 70
80300 70
80350 70
80400 70
80450 70
80500 70
80550 70
80600 70
80650 70
80700 70
80750 70
80800 70
80850 70
80900 70
80950 70
81000 70
81050 70
81100 70
81150 70
81200 70
81250 70
81300 70
81350 70
81400 70
81450 70
81500 70
81550 70
81600 70
81650 70
81700 70
81750 70
81800 70
81850 70
81900 70
81950 70
82000 70
82050 70
82100 70
82150 70
82200 70
82250 70
82300 70
82350 70
82400 70
82450 70
82500 70
82550 70
82600 70
82650 70
82700 70
82750 70
82800 70
82850 70
82900 70
82950 70
83000 70
83050 70
83100 70
83150 70
83200 70
83250 70
83300 70
83350 70
83400 70
83450 70
83500 70
83550 70
83600 70
83650 70
83700 70
83750 70
83800 70
83850 70
83900 70
83950 70
84000 70
84050 70
84100 70
84150 70
84200 70
84250 70
84300 70
84350 70
84400 70
84450 70
84500 70
84550 70
84600 70
84650 70
84700 70
84750 70
84800 70
84850 70
84900 70
84950 70
85000 70
85050 70
85100 70
85150 70
85200 70
85250 70
85300 70
85350 70
85400 70
85450 70
85500 70
85550 70
85600 70
85650 70
85700 70
85750 70
85800 70
85850 70
85900 70
85950 70
86000 70
86050 70
86100 70
86150 70
86200 70
86250 70
86300 70
86350 70
86400 70
86450 70
86500 70
86550 70
86600 70
86650 70
86700 70
86750 70
86800 70
86850 70
86900 70
86950 70
87000 70
87050 70
87100 70
87150 70
87200 70
87250 70
87300 70
87350 70
87400 70
87450 70
87500 70
87550 70
87600 70
87650 70
87700 70
87750 70
87800 70
87850 70
87900 70
87950 70
88000 70
88050 70
88100 70
88150 70
88200 70
88250 70
88300 70
88350 70
88400 70
88450 70
88500 70
88550 70
88600 70
88650 70
88700 70
88750 70
88800 70
88850 70
88900 70
88950 70
89000 70
89050 70
89100 70
89150 70
89200 70
89250 70
89300 70
89350 70
89400 70
89450 70
89500 70
89550 70
89600 70
89650 70
89700 70
89750 70
89800 70
89850 70
89900 70
89950 70
90000 70
90050 70
90100 70
90150 70
90200 70
90250 70
90300 70
90350 70
90400 70
90450 70
90500 70
90550 70
90600 70
90650 70
90700 70
90750 70
90800 70
90850 70
90900 70
90950 70
91000 70
91050 70
91100 70
91150 70
91200 70
91250 70
91300 70
91350 70
91400 70
91450 70
91500 70
91550 70
91600 70
91650 70
91700 70
91750 70
91800 70
91850 70
91900 70
91950 70
92000 70
92050 70
92100 70
92150 70
92200 70
92250 70
92300 70
92350 70
92400 70
92450 70
92500 70
92550 70
92600 70
92650 70
92700 70
92750 70
92800 70
92850 70
92900 70
92950 70
93000 70
93050 70
93100 70
93150 70
93200 70
93250 70
93300 70
93350 70
93400 70
93450 70
93500 70
93550 70
93600 70
93650 70
93700 70
93750 70
93800 70
93850 70
93900 70
93950 70
94000 70
94050 70
94100 70
94150 70
94200 70
94250 70
94300 70
94350 70
94400 70
94450 70
94500 70
94550 70
94600 70
94650 70
94700 70
94750 70
94800 70
94850 70
94900 70
94950 70
95000 70
95050 70
95100 70
95150 70
95200 70
95250 70
95300 70
95350 70
95400 70
95450 70
95500 70
95550 70
95600 70
95650 70
95700 70
95750 70
95800 70
95850 70
95900 70
95950 70
96000 70
96050 70
96100 70
96150 70
96200 70
96250 70
96300 70
96350 70
96400 70
96450 70
96500 70
96550 70
96600 70
96650 70
96700 70
96750 70
96800 70
96850 70
96900 70
96950 70
97000 70
97050 70
97100 70
97150 70
97200 70
97250 70
97300 70
97350 70
97400 70
97450 70
97500 70
97550 70
97600 70
97650 70
97700 70
97750 70
97800 70
97850 70
97900 70
97950 70
98000 70
98050 70
98100 70
98150 70
98200 70
98250 70
98300 70
98350 70
98400 70
98450 70
98500 70
98550 70
98600 70
98650 70
98700 70
98750 70
98800 70
98850 70
98900 70
98950 70
99000 70
99050 70
99100 70
99150 70
99200 70
99250 70
99300 70
99350 70
99400 70
99450 70
99500 70
99550 70
99600 70
99650 70
99700 70
99750 70
99800 70
99850 70
99900 70
99950 70
100000 70
