500 150
1000 150
1500 163
2000 148
2500 164
3000 154
3500 134
4000 161
4500 161
5000 132
5500 144
6000 148
6500 153
7000 135
7500 168
8000 142
8500 156
9000 136
9500 149
10000 140
10500 148
11000 132
11500 139
12000 154
12500 147
13000 145
13500 138
14000 158
14500 154
15000 152
15500 159
16000 146
16500 138
17000 158
17500 156
18000 159
18500 153
19000 139
19500 158
20000 141
20500 144
21000 158
21500 141
22000 147
22500 141
23000 157
23500 154
24000 134
24500 160
25000 139
25500 161
26000 144
26500 164
27000 163
27500 146
28000 176
28500 130
29000 162
29500 154
30000 166
30500 143
31000 140
31500 151
32000 156
32500 148
33000 163
33500 152
34000 157
34500 144
35000 147
35500 145
36000 142
36500 147
37000 145
37500 140
38000 150
38500 139
39000 151
39500 140
40000 145
40500 155
41000 139
41500 130
42000 131
42500 129
43000 151
43500 148
44000 160
44500 151
45000 155
45500 146
46000 161
46500 138
47000 148
47500 164
48000 139
48500 148
49000 148
49500 147
50000 144
50500 149
51000 150
51500 139
52000 151
52500 148
53000 129
53500 151
54000 160
54500 130
55000 124
55500 145
56000 126
56500 156
57000 152
57500 149
58000 152
58500 155
59000 164
59500 150
60000 139
60500 155
61000 152
61500 163
62000 142
62500 141
63000 147
63500 153
64000 126
64500 146
65000 125
65500 153
66000 153
66500 124
67000 151
67500 137
68000 124
68500 138
69000 155
69500 148
70000 141
70500 142
71000 158
71500 129
72000 133
72500 155
73000 120
73500 137
74000 163
74500 137
75000 139
75500 160
76000 148
76500 155
77000 151
77500 149
78000 137
78500 145
79000 148
79500 149
80000 148
80500 132
81000 125
81500 135
82000 165
82500 140
83000 155
83500 139
84000 114
84500 137
85000 136
85500 143
86000 159
86500 143
87000 137
87500 161
88000 154
88500 146
89000 142
89500 150
90000 135
90500 133
91000 136
91500 146
92000 137
92500 147
93000 134
93500 146
94000 147
94500 144
95000 137
95500 129
96000 126
96500 141
97000 132
97500 128
98000 124
98500 147
99000 128
99500 130
100000 136
100500 147
101000 155
101500 128
102000 141
102500 137
103000 150
103500 140
104000 130
104500 131
105000 137
105500 139
106000 121
106500 171
107000 140
107500 142
108000 139
108500 138
109000 135
109500 125
110000 132
110500 119
111000 142
111500 127
112000 153
112500 139
113000 139
113500 137
114000 144
114500 128
115000 151
115500 123
116000 139
116500 147
117000 127
117500 121
118000 124
118500 150
119000 134
119500 142
120000 127
120500 148
121000 155
121500 137
122000 118
122500 129
123000 134
123500 129
124000 139
124500 142
125000 134
125500 117
126000 148
126500 124
127000 149
127500 144
128000 136
128500 121
129000 134
129500 129
130000 157
130500 125
131000 113
131500 145
132000 143
132500 155
133000 140
133500 124
134000 149
134500 140
135000 149
135500 148
136000 140
136500 117
137000 128
137500 159
138000 128
138500 122
139000 119
139500 134
140000 148
140500 123
141000 122
141500 117
142000 145
142500 128
143000 144
143500 143
144000 129
144500 146
145000 137
145500 148
146000 149
146500 143
147000 139
147500 145
148000 143
148500 126
149000 130
149500 167
150000 132
150500 127
151000 132
151500 120
152000 126
152500 137
153000 113
153500 136
154000 136
154500 130
155000 113
155500 152
156000 111
156500 137
157000 117
157500 139
158000 140
158500 129
159000 109
159500 146
160000 133
160500 130
161000 124
161500 120
162000 120
162500 144
163000 147
163500 124
164000 127
164500 129
165000 143
165500 124
166000 113
166500 136
167000 124
167500 135
168000 130
168500 134
169000 122
169500 116
170000 161
170500 132
171000 144
171500 138
172000 156
172500 143
173000 125
173500 157
174000 124
174500 140
175000 134
175500 122
176000 139
176500 128
177000 130
177500 123
178000 129
178500 112
179000 142
179500 129
180000 124
180500 136
181000 116
181500 133
182000 103
182500 126
183000 112
183500 151
184000 113
184500 146
185000 120
185500 125
186000 121
186500 141
187000 124
187500 146
188000 116
188500 112
189000 119
189500 126
190000 132
190500 126
191000 121
191500 114
192000 123
192500 115
193000 121
193500 126
194000 137
194500 134
195000 119
195500 161
196000 137
196500 113
197000 126
197500 131
198000 126
198500 122
199000 127
199500 112
200000 110
200500 103
201000 105
201500 113
202000 118
202500 135
203000 108
203500 131
204000 110
204500 112
205000 121
205500 110
206000 106
206500 122
207000 108
207500 119
208000 109
208500 102
209000 137
209500 128
210000 113
210500 100
211000 118
211500 106
212000 124
212500 110
213000 108
213500 99
214000 123
214500 120
215000 118
215500 137
216000 132
216500 110
217000 147
217500 119
218000 101
218500 135
219000 110
219500 133
220000 127
220500 137
221000 131
221500 108
222000 97
222500 114
223000 97
223500 109
224000 114
224500 121
225000 118
225500 108
226000 131
226500 135
227000 108
227500 112
228000 111
228500 126
229000 106
229500 102
230000 98
230500 111
231000 140
231500 107
232000 110
232500 136
233000 112
233500 120
234000 103
234500 127
235000 116
235500 109
236000 101
236500 95
237000 105
237500 103
238000 123
238500 91
239000 95
239500 93
240000 115
240500 98
241000 103
241500 128
242000 124
242500 101
243000 112
243500 98
244000 138
244500 99
245000 106
245500 108
246000 94
246500 104
247000 108
247500 111
248000 139
248500 92
249000 153
249500 106
250000 125
250500 89
251000 103
251500 91
252000 98
252500 89
253000 84
253500 93
254000 102
254500 121
255000 98
255500 87
256000 141
256500 89
257000 98
257500 98
258000 94
258500 83
259000 106
259500 97
260000 92
260500 100
261000 109
261500 103
262000 130
262500 126
263000 93
263500 91
264000 106
264500 105
265000 93
265500 93
266000 94
266500 88
267000 112
267500 90
268000 92
268500 92
269000 90
269500 110
270000 121
270500 95
271000 86
271500 100
272000 92
272500 113
273000 100
273500 117
274000 89
274500 94
275000 115
275500 81
276000 72
276500 74
277000 133
277500 87
278000 83
278500 87
279000 88
279500 120
280000 108
280500 77
281000 78
281500 78
282000 80
282500 89
283000 98
283500 88
284000 131
284500 82
285000 83
285500 110
286000 87
286500 86
287000 76
287500 88
288000 86
288500 123
289000 96
289500 94
290000 117
290500 92
291000 106
291500 78
292000 75
292500 79
293000 96
293500 83
294000 87
294500 126
295000 89
295500 86
296000 80
296500 119
297000 76
297500 90
298000 80
298500 74
299000 78
299500 84
300000 104
300500 85
301000 77
301500 82
302000 87
302500 82
303000 74
303500 89
304000 79
304500 100
305000 78
305500 72
306000 71
306500 75
307000 114
307500 84
308000 74
308500 70
309000 68
309500 69
310000 69
310500 67
311000 76
311500 99
312000 84
312500 72
313000 70
313500 70
314000 71
314500 71
315000 68
315500 68
316000 69
316500 72
317000 70
317500 79
318000 78
318500 70
319000 70
319500 77
320000 71
320500 72
321000 69
321500 70
322000 70
322500 72
323000 72
323500 124
324000 80
324500 81
325000 81
325500 94
326000 69
326500 66
327000 67
327500 66
328000 67
328500 66
329000 67
329500 67
330000 68
330500 68
331000 66
331500 67
332000 66
332500 66
333000 66
333500 67
334000 69
334500 67
335000 66
335500 66
336000 67
336500 65
337000 67
337500 70
338000 68
338500 67
339000 70
339500 66
340000 67
340500 70
341000 92
341500 82
342000 73
342500 70
343000 70
343500 70
344000 70
344500 70
345000 70
345500 71
346000 69
346500 70
347000 69
347500 72
348000 71
348500 69
349000 69
349500 73
350000 73
350500 72
351000 72
351500 70
352000 70
352500 70
353000 70
353500 71
354000 70
354500 70
355000 70
355500 70
356000 70
356500 69
357000 69
357500 69
358000 69
358500 69
359000 69
359500 68
360000 68
360500 68
361000 69
361500 68
362000 70
362500 68
363000 68
363500 68
364000 68
364500 68
365000 68
365500 68
366000 68
366500 68
367000 68
367500 68
368000 68
368500 68
369000 68
369500 68
370000 68
370500 68
371000 70
371500 69
372000 70
372500 70
373000 69
373500 68
374000 68
374500 68
375000 68
375500 68
376000 68
376500 68
377000 68
377500 68
378000 68
378500 68
379000 68
379500 68
380000 68
380500 68
381000 68
381500 68
382000 69
382500 68
383000 68
383500 68
384000 69
384500 68
385000 69
385500 69
386000 69
386500 69
387000 69
387500 69
388000 68
388500 68
389000 68
389500 68
390000 68
390500 68
391000 68
391500 68
392000 68
392500 68
393000 68
393500 68
394000 68
394500 68
395000 68
395500 69
396000 69
396500 69
397000 69
397500 69
398000 69
398500 69
399000 70
399500 70
400000 69
400500 69
401000 69
401500 68
402000 68
402500 68
403000 68
403500 68
404000 68
404500 68
405000 68
405500 68
406000 68
406500 68
407000 68
407500 68
408000 68
408500 68
409000 68
409500 68
410000 68
410500 68
411000 68
411500 68
412000 68
412500 68
413000 68
413500 68
414000 68
414500 68
415000 68
415500 68
416000 68
416500 68
417000 68
417500 68
418000 68
418500 68
419000 68
419500 68
420000 68
420500 68
421000 68
421500 68
422000 68
422500 68
423000 68
423500 68
424000 68
424500 68
425000 68
425500 68
426000 68
426500 68
427000 68
427500 68
428000 68
428500 68
429000 68
429500 68
430000 68
430500 68
431000 68
431500 68
432000 68
432500 68
433000 68
433500 68
434000 68
434500 68
435000 68
435500 68
436000 68
436500 68
437000 68
437500 68
438000 68
438500 68
439000 68
439500 68
440000 68
440500 68
441000 68
441500 68
442000 68
442500 68
443000 68
443500 68
444000 68
444500 68
445000 68
445500 68
446000 68
446500 68
447000 68
447500 68
448000 68
448500 68
449000 68
449500 68
450000 68
450500 68
451000 68
451500 68
452000 68
452500 68
453000 68
453500 68
454000 68
454500 68
455000 68
455500 68
456000 68
456500 68
457000 68
457500 68
458000 68
458500 68
459000 68
459500 68
460000 68
460500 68
461000 68
461500 68
462000 68
462500 68
463000 68
463500 68
464000 68
464500 68
465000 68
465500 68
466000 68
466500 68
467000 68
467500 68
468000 68
468500 68
469000 68
469500 68
470000 68
470500 68
471000 68
471500 68
472000 68
472500 68
473000 68
473500 68
474000 68
474500 68
475000 68
475500 68
476000 68
476500 68
477000 68
477500 68
478000 68
478500 68
479000 68
479500 68
480000 68
480500 68
481000 68
481500 68
482000 68
482500 68
483000 68
483500 68
484000 68
484500 68
485000 68
485500 68
486000 68
486500 68
487000 68
487500 68
488000 68
488500 68
489000 68
489500 68
490000 68
490500 68
491000 68
491500 68
492000 68
492500 68
493000 68
493500 68
494000 68
494500 68
495000 68
495500 68
496000 68
496500 68
497000 68
497500 68
498000 68
498500 68
499000 68
499500 68
500000 68
500500 68
501000 68
501500 68
502000 68
502500 68
503000 68
503500 68
504000 68
504500 68
505000 68
505500 68
506000 68
506500 68
507000 68
507500 68
508000 68
508500 68
509000 68
509500 68
510000 68
510500 68
511000 68
511500 68
512000 68
512500 68
513000 68
513500 68
514000 68
514500 68
515000 68
515500 68
516000 68
516500 68
517000 68
517500 68
518000 68
518500 68
519000 68
519500 68
520000 68
520500 68
521000 68
521500 68
522000 68
522500 68
523000 68
523500 68
524000 68
524500 68
525000 68
525500 68
526000 68
526500 68
527000 68
527500 68
528000 68
528500 68
529000 68
529500 68
530000 68
530500 68
531000 68
531500 68
532000 68
532500 68
533000 68
533500 68
534000 68
534500 68
535000 68
535500 68
536000 68
536500 68
537000 68
537500 68
538000 68
538500 68
539000 68
539500 68
540000 68
540500 68
541000 68
541500 68
542000 68
542500 68
543000 68
543500 68
544000 68
544500 68
545000 68
545500 68
546000 68
546500 68
547000 68
547500 68
548000 68
548500 68
549000 68
549500 68
550000 68
550500 68
551000 68
551500 68
552000 68
552500 68
553000 68
553500 68
554000 68
554500 68
555000 68
555500 68
556000 68
556500 68
557000 68
557500 68
558000 68
558500 68
559000 68
559500 68
560000 68
560500 68
561000 68
561500 68
562000 68
562500 68
563000 68
563500 68
564000 68
564500 68
565000 68
565500 68
566000 68
566500 68
567000 68
567500 68
568000 68
568500 68
569000 68
569500 68
570000 68
570500 68
571000 68
571500 68
572000 68
572500 68
573000 68
573500 68
574000 68
574500 68
575000 68
575500 68
576000 68
576500 68
577000 68
577500 68
578000 68
578500 68
579000 68
579500 68
580000 68
580500 68
581000 68
581500 68
582000 68
582500 68
583000 68
583500 68
584000 68
584500 68
585000 68
585500 68
586000 68
586500 68
587000 68
587500 68
588000 68
588500 68
589000 68
589500 68
590000 68
590500 68
591000 68
591500 68
592000 68
592500 68
593000 68
593500 68
594000 68
594500 68
595000 68
595500 68
596000 68
596500 68
597000 68
597500 68
598000 68
598500 68
599000 68
599500 68
600000 68
600500 68
601000 68
601500 68
602000 68
602500 68
603000 68
603500 68
604000 68
604500 68
605000 68
605500 68
606000 68
606500 68
607000 68
607500 68
608000 68
608500 68
609000 68
609500 68
610000 68
610500 68
611000 68
611500 68
612000 68
612500 68
613000 68
613500 68
614000 68
614500 68
615000 68
615500 68
616000 68
616500 68
617000 68
617500 68
618000 68
618500 68
619000 68
619500 68
620000 68
620500 68
621000 68
621500 68
622000 68
622500 68
623000 68
623500 68
624000 68
624500 68
625000 68
625500 68
626000 68
626500 68
627000 68
627500 68
628000 68
628500 68
629000 68
629500 68
630000 68
630500 68
631000 68
631500 68
632000 68
632500 68
633000 68
633500 68
634000 68
634500 68
635000 68
635500 68
636000 68
636500 68
637000 68
637500 68
638000 68
638500 68
639000 68
639500 68
640000 68
640500 68
641000 68
641500 68
642000 68
642500 68
643000 68
643500 68
644000 68
644500 68
645000 68
645500 68
646000 68
646500 68
647000 68
647500 68
648000 68
648500 68
649000 68
649500 68
650000 68
650500 68
651000 68
651500 68
652000 68
652500 68
653000 68
653500 68
654000 68
654500 68
655000 68
655500 68
656000 68
656500 68
657000 68
657500 68
658000 68
658500 68
659000 68
659500 68
660000 68
660500 68
661000 68
661500 68
662000 68
662500 68
663000 68
663500 68
664000 68
664500 68
665000 68
665500 68
666000 68
666500 68
667000 68
667500 68
668000 68
668500 68
669000 68
669500 68
670000 68
670500 68
671000 68
671500 68
672000 68
672500 68
673000 68
673500 68
674000 68
674500 68
675000 68
