500 160
1000 153
1500 151
2000 134
2500 128
3000 151
3500 143
4000 130
4500 153
5000 157
5500 158
6000 136
6500 128
7000 153
7500 141
8000 137
8500 142
9000 146
9500 153
10000 126
10500 145
11000 144
11500 161
12000 146
12500 147
13000 148
13500 138
14000 171
14500 149
15000 155
15500 144
16000 150
16500 148
17000 160
17500 132
18000 157
18500 143
19000 144
19500 139
20000 125
20500 136
21000 145
21500 155
22000 138
22500 140
23000 145
23500 150
24000 164
24500 136
25000 136
25500 136
26000 124
26500 163
27000 142
27500 144
28000 149
28500 150
29000 144
29500 136
30000 138
30500 162
31000 153
31500 148
32000 131
32500 147
33000 132
33500 157
34000 154
34500 124
35000 149
35500 164
36000 141
36500 162
37000 154
37500 129
38000 137
38500 151
39000 152
39500 150
40000 158
40500 140
41000 162
41500 128
42000 138
42500 158
43000 154
43500 134
44000 141
44500 132
45000 136
45500 148
46000 154
46500 140
47000 130
47500 139
48000 145
48500 146
49000 155
49500 142
50000 139
50500 152
51000 151
51500 144
52000 149
52500 144
53000 142
53500 159
54000 148
54500 147
55000 140
55500 151
56000 152
56500 176
57000 140
57500 151
58000 141
58500 146
59000 130
59500 159
60000 145
60500 147
61000 145
61500 127
62000 128
62500 132
63000 150
63500 145
64000 152
64500 159
65000 156
65500 143
66000 117
66500 124
67000 140
67500 132
68000 133
68500 149
69000 154
69500 137
70000 159
70500 144
71000 145
71500 140
72000 131
72500 125
73000 152
73500 145
74000 132
74500 140
75000 150
75500 149
76000 145
76500 141
77000 157
77500 144
78000 116
78500 144
79000 134
79500 146
80000 174
80500 154
81000 137
81500 146
82000 142
82500 135
83000 153
83500 125
84000 145
84500 130
85000 137
85500 153
86000 126
86500 136
87000 152
87500 148
88000 136
88500 141
89000 149
89500 153
90000 124
90500 136
91000 126
91500 142
92000 130
92500 115
93000 132
93500 147
94000 138
94500 147
95000 156
95500 145
96000 149
96500 144
97000 166
97500 138
98000 135
98500 130
99000 165
99500 149
100000 123
100500 133
101000 163
101500 148
102000 141
102500 138
103000 130
103500 143
104000 137
104500 148
105000 136
105500 128
106000 138
106500 154
107000 157
107500 145
108000 159
108500 142
109000 118
109500 107
110000 128
110500 126
111000 138
111500 126
112000 119
112500 158
113000 138
113500 145
114000 146
114500 148
115000 143
115500 135
116000 136
116500 128
117000 128
117500 136
118000 134
118500 150
119000 152
119500 109
120000 137
120500 136
121000 141
121500 123
122000 131
122500 120
123000 128
123500 127
124000 113
124500 103
125000 111
125500 126
126000 138
126500 148
127000 140
127500 131
128000 136
128500 137
129000 129
129500 132
130000 146
130500 147
131000 143
131500 142
132000 147
132500 135
133000 141
133500 113
134000 137
134500 121
135000 135
135500 141
136000 139
136500 134
137000 127
137500 124
138000 114
138500 139
139000 151
139500 121
140000 146
140500 136
141000 147
141500 160
142000 112
142500 127
143000 138
143500 133
144000 139
144500 123
145000 137
145500 117
146000 127
146500 137
147000 116
147500 100
148000 114
148500 117
149000 126
149500 109
150000 119
150500 132
151000 138
151500 129
152000 130
152500 127
153000 122
153500 120
154000 134
154500 121
155000 144
155500 121
156000 115
156500 124
157000 109
157500 134
158000 128
158500 143
159000 143
159500 144
160000 134
160500 121
161000 123
161500 137
162000 129
162500 141
163000 130
163500 139
164000 127
164500 121
165000 125
165500 128
166000 130
166500 119
167000 120
167500 120
168000 114
168500 135
169000 116
169500 118
170000 138
170500 117
171000 120
171500 131
172000 139
172500 124
173000 118
173500 116
174000 118
174500 134
175000 122
175500 127
176000 112
176500 131
177000 138
177500 119
178000 148
178500 107
179000 138
179500 124
180000 110
180500 114
181000 112
181500 139
182000 121
182500 127
183000 107
183500 122
184000 121
184500 130
185000 122
185500 114
186000 99
186500 110
187000 112
187500 111
188000 123
188500 125
189000 131
189500 128
190000 124
190500 101
191000 118
191500 163
192000 117
192500 119
193000 142
193500 106
194000 126
194500 116
195000 121
195500 121
196000 112
196500 118
197000 133
197500 134
198000 116
198500 117
199000 113
199500 126
200000 114
200500 115
201000 128
201500 106
202000 125
202500 100
203000 100
203500 118
204000 129
204500 118
205000 148
205500 127
206000 124
206500 111
207000 108
207500 108
208000 127
208500 133
209000 100
209500 119
210000 112
210500 102
211000 108
211500 91
212000 105
212500 113
213000 91
213500 124
214000 146
214500 96
215000 97
215500 104
216000 106
216500 115
217000 119
217500 139
218000 141
218500 96
219000 94
219500 106
220000 105
220500 98
221000 100
221500 91
222000 117
222500 106
223000 95
223500 115
224000 97
224500 114
225000 111
225500 120
226000 107
226500 116
227000 109
227500 115
228000 85
228500 100
229000 115
229500 94
230000 100
230500 109
231000 106
231500 113
232000 102
232500 88
233000 95
233500 118
234000 94
234500 123
235000 96
235500 110
236000 112
236500 84
237000 95
237500 107
238000 102
238500 148
239000 100
239500 117
240000 153
240500 95
241000 88
241500 98
242000 109
242500 86
243000 89
243500 103
244000 103
244500 105
245000 89
245500 96
246000 105
246500 99
247000 90
247500 100
248000 112
248500 126
249000 88
249500 107
250000 119
250500 101
251000 78
251500 97
252000 124
252500 99
253000 109
253500 105
254000 98
254500 116
255000 89
255500 90
256000 90
256500 88
257000 88
257500 82
258000 86
258500 103
259000 89
259500 103
260000 133
260500 84
261000 103
261500 87
262000 137
262500 94
263000 84
263500 82
264000 97
264500 83
265000 91
265500 141
266000 91
266500 76
267000 92
267500 91
268000 97
268500 90
269000 97
269500 95
270000 86
270500 87
271000 107
271500 76
272000 77
272500 80
273000 80
273500 79
274000 86
274500 78
275000 93
275500 91
276000 80
276500 111
277000 80
277500 84
278000 79
278500 84
279000 133
279500 113
280000 121
280500 100
281000 94
281500 85
282000 81
282500 83
283000 74
283500 98
284000 84
284500 73
285000 72
285500 81
286000 79
286500 76
287000 71
287500 99
288000 110
288500 80
289000 81
289500 83
290000 79
290500 81
291000 74
291500 78
292000 89
292500 74
293000 93
293500 77
294000 84
294500 103
295000 80
295500 84
296000 78
296500 78
297000 73
297500 74
298000 71
298500 115
299000 119
299500 99
300000 95
300500 82
301000 120
301500 80
302000 80
302500 74
303000 78
303500 78
304000 71
304500 78
305000 84
305500 85
306000 77
306500 71
307000 69
307500 68
308000 70
308500 68
309000 68
309500 72
310000 68
310500 68
311000 122
311500 78
312000 74
312500 80
313000 71
313500 71
314000 95
314500 74
315000 70
315500 68
316000 69
316500 93
317000 95
317500 86
318000 73
318500 74
319000 74
319500 72
320000 72
320500 71
321000 73
321500 73
322000 75
322500 87
323000 80
323500 82
324000 156
324500 84
325000 79
325500 76
326000 74
326500 73
327000 75
327500 74
328000 127
328500 123
329000 83
329500 72
330000 69
330500 69
331000 69
331500 69
332000 72
332500 68
333000 68
333500 69
334000 70
334500 70
335000 70
335500 69
336000 69
336500 69
337000 68
337500 68
338000 71
338500 69
339000 69
339500 69
340000 68
340500 68
341000 68
341500 68
342000 69
342500 68
343000 68
343500 68
344000 68
344500 68
345000 68
345500 69
346000 68
346500 68
347000 68
347500 68
348000 69
348500 68
349000 68
349500 68
350000 68
350500 70
351000 68
351500 68
352000 69
352500 68
353000 68
353500 68
354000 68
354500 69
355000 68
355500 68
356000 68
356500 68
357000 68
357500 68
358000 68
358500 68
359000 68
359500 68
360000 68
360500 68
361000 68
361500 68
362000 68
362500 68
363000 68
363500 68
364000 68
364500 68
365000 68
365500 68
366000 68
366500 68
367000 68
367500 68
368000 68
368500 68
369000 68
369500 68
370000 68
370500 69
371000 68
371500 68
372000 68
372500 68
373000 68
373500 68
374000 68
374500 68
375000 68
375500 68
376000 68
376500 68
377000 68
377500 68
378000 68
378500 68
379000 69
379500 68
380000 68
380500 68
381000 68
381500 68
382000 68
382500 68
383000 68
383500 68
384000 68
384500 68
385000 68
385500 68
386000 68
386500 68
387000 68
387500 68
388000 68
388500 68
389000 68
389500 68
390000 68
390500 68
391000 68
391500 68
392000 68
392500 68
393000 68
393500 68
394000 68
394500 68
395000 68
395500 68
396000 68
396500 68
397000 68
397500 68
398000 68
398500 68
399000 68
399500 68
400000 68
400500 68
401000 68
401500 68
402000 68
402500 68
403000 68
403500 68
404000 68
404500 68
405000 68
405500 68
406000 68
406500 68
407000 68
407500 68
408000 68
408500 68
409000 68
409500 68
410000 68
410500 68
411000 68
411500 68
412000 68
412500 68
413000 68
413500 68
414000 68
414500 68
415000 68
415500 68
416000 68
416500 68
417000 68
417500 68
418000 68
418500 68
419000 68
419500 68
420000 68
420500 68
421000 68
421500 68
422000 68
422500 68
423000 68
423500 68
424000 68
424500 68
425000 68
425500 68
426000 68
426500 68
427000 68
427500 68
428000 68
428500 68
429000 68
429500 68
430000 68
430500 68
431000 68
431500 68
432000 68
432500 68
433000 68
433500 68
434000 68
434500 68
435000 68
435500 68
436000 68
436500 68
437000 68
437500 68
438000 68
438500 68
439000 68
439500 68
440000 68
440500 68
441000 68
441500 68
442000 68
442500 68
443000 68
443500 68
444000 68
444500 68
445000 68
445500 68
446000 68
446500 68
447000 68
447500 68
448000 68
448500 68
449000 68
449500 68
450000 68
450500 68
451000 68
451500 68
452000 68
452500 68
453000 68
453500 68
454000 68
454500 68
455000 68
455500 68
456000 68
456500 68
457000 68
457500 68
458000 68
458500 68
459000 68
459500 68
460000 68
460500 68
461000 68
461500 68
462000 68
462500 68
463000 68
463500 68
464000 68
464500 68
465000 68
465500 68
466000 68
466500 68
467000 68
467500 68
468000 68
468500 68
469000 68
469500 68
470000 68
470500 68
471000 68
471500 68
472000 68
472500 68
473000 68
473500 68
474000 68
474500 68
475000 68
475500 68
476000 68
476500 68
477000 68
477500 68
478000 68
478500 68
479000 68
479500 68
480000 68
480500 68
481000 68
481500 68
482000 68
482500 68
483000 68
483500 68
484000 68
484500 68
485000 68
485500 68
486000 68
486500 68
487000 68
487500 68
488000 68
488500 68
489000 68
489500 68
490000 68
490500 68
491000 68
491500 68
492000 68
492500 68
493000 68
493500 68
494000 68
494500 68
495000 68
495500 68
496000 68
496500 68
497000 68
497500 68
498000 68
498500 68
499000 68
499500 68
500000 68
500500 68
501000 68
501500 68
502000 68
502500 68
503000 68
503500 68
504000 68
504500 68
505000 68
505500 68
506000 68
506500 68
507000 68
507500 68
508000 68
508500 68
509000 68
509500 68
510000 68
510500 68
511000 68
511500 68
512000 68
512500 68
513000 68
513500 68
514000 68
514500 68
515000 68
515500 68
516000 68
516500 68
517000 68
517500 68
518000 68
518500 68
519000 68
519500 68
520000 68
520500 68
521000 68
521500 68
522000 68
522500 68
523000 68
523500 68
524000 68
524500 68
525000 68
525500 68
526000 68
526500 68
527000 68
527500 68
528000 68
528500 68
529000 68
529500 68
530000 68
530500 68
531000 68
531500 68
532000 68
532500 68
533000 68
533500 68
534000 68
534500 68
535000 68
535500 68
536000 68
536500 68
537000 68
537500 68
538000 68
538500 68
539000 68
539500 68
540000 68
540500 68
541000 68
541500 68
542000 68
542500 68
543000 68
543500 68
544000 68
544500 68
545000 68
545500 68
546000 68
546500 68
547000 68
547500 68
548000 68
548500 68
549000 68
549500 68
550000 68
550500 68
551000 68
551500 68
552000 68
552500 68
553000 68
553500 68
554000 68
554500 68
555000 68
555500 68
556000 68
556500 68
557000 68
557500 68
558000 68
558500 68
559000 68
559500 68
560000 68
560500 68
561000 68
561500 68
562000 68
562500 68
563000 68
563500 68
564000 68
564500 68
565000 68
565500 68
566000 68
566500 68
567000 68
567500 68
568000 68
568500 68
569000 68
569500 68
570000 68
570500 68
571000 68
571500 68
572000 68
572500 68
573000 68
573500 68
574000 68
574500 68
575000 68
575500 68
576000 68
576500 68
577000 68
577500 68
578000 68
578500 68
579000 68
579500 68
580000 68
580500 68
581000 68
581500 68
582000 68
582500 68
583000 68
583500 68
584000 68
584500 68
585000 68
585500 68
586000 68
586500 68
587000 68
587500 68
588000 68
588500 68
589000 68
589500 68
590000 68
590500 68
591000 68
591500 68
592000 68
592500 68
593000 68
593500 68
594000 68
594500 68
595000 68
595500 68
596000 68
596500 68
597000 68
597500 68
598000 68
598500 68
599000 68
599500 68
600000 68
600500 68
601000 68
601500 68
602000 68
602500 68
603000 68
603500 68
604000 68
604500 68
605000 68
605500 68
606000 68
606500 68
607000 68
607500 68
608000 68
608500 68
609000 68
609500 68
610000 68
610500 68
611000 68
611500 68
612000 68
612500 68
613000 68
613500 68
614000 68
614500 68
615000 68
615500 68
616000 68
616500 68
617000 68
617500 68
618000 68
618500 68
619000 68
619500 68
620000 68
620500 68
621000 68
621500 68
622000 68
622500 68
623000 68
623500 68
624000 68
624500 68
625000 68
625500 68
626000 68
626500 68
627000 68
627500 68
628000 68
628500 68
629000 68
629500 68
630000 68
630500 68
631000 68
631500 68
632000 68
632500 68
633000 68
633500 68
634000 68
634500 68
635000 68
635500 68
636000 68
636500 68
637000 68
637500 68
638000 68
638500 68
639000 68
639500 68
640000 68
640500 68
641000 68
641500 68
642000 68
642500 68
643000 68
643500 68
644000 68
644500 68
645000 68
645500 68
646000 68
646500 68
647000 68
647500 68
648000 68
648500 68
649000 68
649500 68
650000 68
650500 68
651000 68
651500 68
652000 68
652500 68
653000 68
653500 68
654000 68
654500 68
655000 68
655500 68
656000 68
