50 77
100 77
150 77
200 77
250 77
300 77
350 77
400 77
450 77
500 77
550 77
600 77
650 77
700 77
750 77
800 77
850 77
900 77
950 77
1000 77
1050 77
1100 77
1150 77
1200 77
1250 77
1300 77
1350 77
1400 77
1450 77
1500 77
1550 77
1600 77
1650 77
1700 77
1750 77
1800 77
1850 77
1900 77
1950 77
2000 77
2050 77
2100 77
2150 77
2200 77
2250 77
2300 77
2350 77
2400 77
2450 77
2500 77
2550 77
2600 77
2650 77
2700 77
2750 77
2800 77
2850 77
2900 77
2950 77
3000 77
3050 77
3100 77
3150 77
3200 77
3250 77
3300 77
3350 77
3400 77
3450 77
3500 77
3550 77
3600 77
3650 77
3700 77
3750 77
3800 77
3850 77
3900 77
3950 77
4000 77
4050 77
4100 77
4150 77
4200 77
4250 77
4300 77
4350 77
4400 77
4450 77
4500 77
4550 77
4600 77
4650 77
4700 77
4750 77
4800 77
4850 77
4900 77
4950 77
5000 77
5050 77
5100 77
5150 77
5200 77
5250 77
5300 77
5350 77
5400 77
5450 77
5500 77
5550 77
5600 77
5650 77
5700 77
5750 77
5800 77
5850 77
5900 77
5950 77
6000 77
6050 77
6100 77
6150 77
6200 77
6250 77
6300 77
6350 77
6400 77
6450 77
6500 77
6550 77
6600 77
6650 77
6700 77
6750 77
6800 77
6850 77
6900 77
6950 77
7000 77
7050 77
7100 77
7150 77
7200 77
7250 77
7300 77
7350 77
7400 77
7450 77
7500 77
7550 77
7600 77
7650 77
7700 77
7750 77
7800 77
7850 77
7900 77
7950 77
8000 77
8050 77
8100 77
8150 77
8200 77
8250 77
8300 77
8350 77
8400 77
8450 77
8500 77
8550 77
8600 77
8650 77
8700 77
8750 77
8800 77
8850 77
8900 77
8950 77
9000 77
9050 77
9100 77
9150 77
9200 77
9250 77
9300 77
9350 77
9400 77
9450 77
9500 77
9550 77
9600 77
9650 77
9700 77
9750 77
9800 77
9850 77
9900 77
9950 77
10000 77
10050 77
10100 77
10150 77
10200 77
10250 77
10300 77
10350 77
10400 77
10450 77
10500 77
10550 77
10600 77
10650 77
10700 77
10750 77
10800 77
10850 77
10900 77
10950 77
11000 77
11050 77
11100 77
11150 77
11200 77
11250 77
11300 77
11350 77
11400 77
11450 77
11500 77
11550 77
11600 77
11650 77
11700 77
11750 77
11800 77
11850 77
11900 77
11950 77
12000 77
12050 77
12100 77
12150 77
12200 77
12250 77
12300 77
12350 77
12400 77
12450 77
12500 77
12550 77
12600 77
12650 77
12700 77
12750 77
12800 77
12850 77
12900 77
12950 77
13000 77
13050 77
13100 77
13150 77
13200 77
13250 77
13300 77
13350 77
13400 77
13450 77
13500 77
13550 77
13600 77
13650 77
13700 77
13750 77
13800 77
13850 77
13900 77
13950 77
14000 77
14050 77
14100 77
14150 77
14200 77
14250 77
14300 77
14350 77
14400 77
14450 77
14500 77
14550 77
14600 77
14650 77
14700 77
14750 77
14800 77
14850 77
14900 77
14950 77
15000 77
15050 77
15100 77
15150 77
15200 77
15250 77
15300 77
15350 77
15400 77
15450 77
15500 77
15550 77
15600 77
15650 77
15700 77
15750 77
15800 77
15850 77
15900 77
15950 77
16000 77
16050 77
16100 77
16150 77
16200 77
16250 77
16300 77
16350 77
16400 77
16450 77
16500 77
16550 77
16600 77
16650 77
16700 77
16750 77
16800 77
16850 77
16900 77
16950 77
17000 77
17050 77
17100 77
17150 77
17200 77
17250 77
17300 77
17350 77
17400 77
17450 77
17500 77
17550 77
17600 77
17650 77
17700 77
17750 77
17800 77
17850 77
17900 77
17950 77
18000 77
18050 77
18100 77
18150 77
18200 77
18250 77
18300 77
18350 77
18400 77
18450 77
18500 77
18550 77
18600 77
18650 77
18700 77
18750 77
18800 77
18850 77
18900 77
18950 77
19000 77
19050 77
19100 77
19150 77
19200 77
19250 77
19300 77
19350 77
19400 77
19450 77
19500 77
19550 77
19600 77
19650 77
19700 77
19750 77
19800 77
19850 77
19900 77
19950 77
20000 77
20050 77
20100 77
20150 77
20200 77
20250 77
20300 77
20350 77
20400 77
20450 77
20500 77
20550 77
20600 77
20650 77
20700 77
20750 77
20800 77
20850 77
20900 77
20950 77
21000 77
21050 77
21100 77
21150 77
21200 77
21250 77
21300 77
21350 77
21400 77
21450 77
21500 77
21550 77
21600 77
21650 77
21700 77
21750 77
21800 77
21850 77
21900 77
21950 77
22000 77
22050 77
22100 77
22150 77
22200 77
22250 77
22300 77
22350 77
22400 77
22450 77
22500 77
22550 77
22600 77
22650 77
22700 77
22750 77
22800 77
22850 77
22900 77
22950 77
23000 77
23050 77
23100 77
23150 77
23200 77
23250 77
23300 77
23350 77
23400 77
23450 77
23500 77
23550 77
23600 77
23650 77
23700 77
23750 77
23800 77
23850 77
23900 77
23950 77
24000 77
24050 77
24100 77
24150 77
24200 77
24250 77
24300 77
24350 77
24400 77
24450 77
24500 77
24550 77
24600 77
24650 77
24700 77
24750 77
24800 77
24850 77
24900 77
24950 77
25000 77
25050 77
25100 77
25150 77
25200 77
25250 77
25300 77
25350 77
25400 77
25450 77
25500 77
25550 77
25600 77
25650 77
25700 77
25750 77
25800 77
25850 77
25900 77
25950 77
26000 77
26050 77
26100 77
26150 77
26200 77
26250 77
26300 77
26350 77
26400 77
26450 77
26500 77
26550 77
26600 77
26650 77
26700 77
26750 77
26800 77
26850 77
26900 77
26950 77
27000 77
27050 77
27100 77
27150 77
27200 77
27250 77
27300 77
27350 77
27400 77
27450 77
27500 77
27550 77
27600 77
27650 77
27700 77
27750 77
27800 77
27850 77
27900 77
27950 77
28000 77
28050 77
28100 77
28150 77
28200 77
28250 77
28300 77
28350 77
28400 77
28450 77
28500 77
28550 77
28600 77
28650 77
28700 77
28750 77
28800 77
28850 77
28900 77
28950 77
29000 77
29050 77
29100 77
29150 77
29200 77
29250 77
29300 77
29350 77
29400 77
29450 77
29500 77
29550 77
29600 77
29650 77
29700 77
29750 77
29800 77
29850 77
29900 77
29950 77
30000 77
30050 77
30100 77
30150 77
30200 77
30250 77
30300 77
30350 77
30400 77
30450 77
30500 77
30550 77
30600 77
30650 77
30700 77
30750 77
30800 77
30850 77
30900 77
30950 77
31000 77
31050 77
31100 77
31150 77
31200 77
31250 77
31300 77
31350 77
31400 77
31450 77
31500 77
31550 77
31600 77
31650 77
31700 77
31750 77
31800 77
31850 77
31900 77
31950 77
32000 77
32050 77
32100 77
32150 77
32200 77
32250 77
32300 77
32350 77
32400 77
32450 77
32500 77
32550 77
32600 77
32650 77
32700 77
32750 77
32800 77
32850 77
32900 77
32950 77
33000 77
33050 77
33100 77
33150 77
33200 77
33250 77
33300 77
33350 77
33400 77
33450 77
33500 77
33550 77
33600 77
33650 77
33700 77
33750 77
33800 77
33850 77
33900 77
33950 77
34000 77
34050 77
34100 77
34150 77
34200 77
34250 77
34300 77
34350 77
34400 77
34450 77
34500 77
34550 77
34600 77
34650 77
34700 77
34750 77
34800 77
34850 77
34900 77
34950 77
35000 77
35050 77
35100 77
35150 77
35200 77
35250 77
35300 77
35350 77
35400 77
35450 77
35500 77
35550 77
35600 77
35650 77
35700 77
35750 77
35800 77
35850 77
35900 77
35950 77
36000 77
36050 77
36100 77
36150 77
36200 77
36250 77
36300 77
36350 77
36400 77
36450 77
36500 77
36550 77
36600 77
36650 77
36700 77
36750 77
36800 77
36850 77
36900 77
36950 77
37000 77
37050 77
37100 77
37150 77
37200 77
37250 77
37300 77
37350 77
37400 77
37450 77
37500 77
37550 77
37600 77
37650 77
37700 77
37750 77
37800 77
37850 77
37900 77
37950 77
38000 77
38050 77
38100 77
38150 77
38200 77
38250 77
38300 77
38350 77
38400 77
38450 77
38500 77
38550 77
38600 77
38650 77
38700 77
38750 77
38800 77
38850 77
38900 77
38950 77
39000 77
39050 77
39100 77
39150 77
39200 77
39250 77
39300 77
39350 77
39400 77
39450 77
39500 77
39550 77
39600 77
39650 77
39700 77
39750 77
39800 77
39850 77
39900 77
39950 77
40000 77
40050 77
40100 77
40150 77
40200 77
40250 77
40300 77
40350 77
40400 77
40450 77
40500 77
40550 77
40600 77
40650 77
40700 77
40750 77
40800 77
40850 77
40900 77
40950 77
41000 77
41050 77
41100 77
41150 77
41200 77
41250 77
41300 77
41350 77
41400 77
41450 77
41500 77
41550 77
41600 77
41650 77
41700 77
41750 77
41800 77
41850 77
41900 77
41950 77
42000 77
42050 77
42100 77
42150 77
42200 77
42250 77
42300 77
42350 77
42400 77
42450 77
42500 77
42550 77
42600 77
42650 77
42700 77
42750 77
42800 77
42850 77
42900 77
42950 77
43000 77
43050 77
43100 77
43150 77
43200 77
43250 77
43300 77
43350 77
43400 77
43450 77
43500 77
43550 77
43600 77
43650 77
43700 77
43750 77
43800 77
43850 77
43900 77
43950 77
44000 77
44050 77
44100 77
44150 77
44200 77
44250 77
44300 77
44350 77
44400 77
44450 77
44500 77
44550 77
44600 77
44650 77
44700 77
44750 77
44800 77
44850 77
44900 77
44950 77
45000 77
45050 77
45100 77
45150 77
45200 77
45250 77
45300 77
45350 77
45400 77
45450 77
45500 77
45550 77
45600 77
45650 77
45700 77
45750 77
45800 77
45850 77
45900 77
45950 77
46000 77
46050 77
46100 77
46150 77
46200 77
46250 77
46300 77
46350 77
46400 77
46450 77
46500 77
46550 77
46600 77
46650 77
46700 77
46750 77
46800 77
46850 77
46900 77
46950 77
47000 77
47050 77
47100 77
47150 77
47200 77
47250 77
47300 77
47350 77
47400 77
47450 77
47500 77
47550 77
47600 77
47650 77
47700 77
47750 77
47800 77
47850 77
47900 77
47950 77
48000 77
48050 77
48100 77
48150 77
48200 77
48250 77
48300 77
48350 77
48400 77
48450 77
48500 77
48550 77
48600 77
48650 77
48700 77
48750 77
48800 77
48850 77
48900 77
48950 77
49000 77
49050 77
49100 77
49150 77
49200 77
49250 77
49300 77
49350 77
49400 77
49450 77
49500 77
49550 77
49600 77
49650 77
49700 77
49750 77
49800 77
49850 77
49900 77
49950 77
50000 77
50050 77
50100 77
50150 77
50200 77
50250 77
50300 77
50350 77
50400 77
50450 77
50500 77
50550 77
50600 77
50650 77
50700 77
50750 77
50800 77
50850 77
50900 77
50950 77
51000 77
51050 77
51100 77
51150 77
51200 77
51250 77
51300 77
51350 77
51400 77
51450 77
51500 77
51550 77
51600 77
51650 77
51700 77
51750 77
51800 77
51850 77
51900 77
51950 77
52000 77
52050 77
52100 77
52150 77
52200 77
52250 77
52300 77
52350 77
52400 77
52450 77
52500 77
52550 77
52600 77
52650 77
52700 77
52750 77
52800 77
52850 77
52900 77
52950 77
53000 77
53050 77
53100 77
53150 77
53200 77
53250 77
53300 77
53350 77
53400 77
53450 77
53500 77
53550 77
53600 77
53650 75
53700 75
53750 75
53800 75
53850 75
53900 75
53950 75
54000 75
54050 75
54100 75
54150 75
54200 75
54250 75
54300 75
54350 75
54400 75
54450 75
54500 75
54550 75
54600 75
54650 75
54700 75
54750 75
54800 75
54850 75
54900 75
54950 75
55000 75
55050 75
55100 75
55150 75
55200 75
55250 75
55300 75
55350 75
55400 75
55450 75
55500 75
55550 75
55600 75
55650 75
55700 75
55750 75
55800 75
55850 75
55900 75
55950 75
56000 75
56050 75
56100 75
56150 75
56200 75
56250 75
56300 75
56350 75
56400 75
56450 75
56500 75
56550 75
56600 75
56650 75
56700 75
56750 75
56800 75
56850 75
56900 75
56950 75
57000 75
57050 75
57100 75
57150 75
57200 75
57250 75
57300 75
57350 75
57400 75
57450 75
57500 75
57550 75
57600 75
57650 75
57700 75
57750 75
57800 75
57850 75
57900 75
57950 75
58000 75
58050 75
58100 75
58150 75
58200 75
58250 75
58300 75
58350 75
58400 75
58450 75
58500 75
58550 75
58600 75
58650 75
58700 75
58750 75
58800 75
58850 75
58900 75
58950 75
59000 75
59050 75
59100 75
59150 75
59200 75
59250 75
59300 75
59350 75
59400 75
59450 75
59500 75
59550 75
59600 75
59650 75
59700 75
59750 75
59800 75
59850 75
59900 75
59950 75
60000 75
60050 75
60100 75
60150 75
60200 75
60250 75
60300 75
60350 75
60400 75
60450 75
60500 75
60550 75
60600 75
60650 75
60700 75
60750 75
60800 75
60850 75
60900 75
60950 75
61000 75
61050 73
61100 73
61150 73
61200 73
61250 73
61300 73
61350 73
61400 73
61450 73
61500 73
61550 73
61600 73
61650 73
61700 73
61750 73
61800 73
61850 73
61900 73
61950 73
62000 73
62050 73
62100 73
62150 72
62200 72
62250 72
62300 72
62350 72
62400 72
62450 72
62500 72
62550 72
62600 72
62650 72
62700 72
62750 72
62800 72
62850 72
62900 72
62950 72
63000 72
63050 72
63100 72
63150 72
63200 72
63250 72
63300 72
63350 72
63400 72
63450 72
63500 72
63550 71
63600 71
63650 71
63700 71
63750 71
63800 71
63850 71
63900 71
63950 71
64000 71
64050 71
64100 68
64150 68
64200 68
64250 68
64300 68
64350 68
64400 68
64450 68
64500 68
64550 68
64600 68
64650 68
64700 68
64750 68
64800 68
64850 68
64900 68
64950 68
65000 68
65050 68
65100 68
65150 68
65200 68
65250 68
65300 68
65350 68
65400 68
65450 68
65500 68
65550 68
65600 68
65650 68
65700 68
65750 68
65800 68
65850 68
65900 68
65950 68
66000 68
66050 68
66100 68
66150 68
66200 68
66250 68
66300 68
66350 68
66400 68
66450 68
66500 68
66550 68
66600 68
66650 68
66700 68
66750 68
66800 68
66850 68
66900 68
66950 68
67000 68
67050 68
67100 68
67150 68
67200 68
67250 68
67300 68
67350 68
67400 68
67450 68
67500 68
67550 68
67600 68
67650 68
67700 68
67750 68
67800 68
67850 68
67900 68
67950 68
68000 68
68050 68
68100 68
68150 68
68200 68
68250 68
68300 68
68350 68
68400 68
68450 68
68500 68
68550 68
68600 68
68650 68
68700 68
68750 68
68800 68
68850 68
68900 68
68950 68
69000 68
69050 68
69100 68
69150 68
69200 68
69250 68
69300 68
69350 68
69400 68
69450 68
69500 68
69550 68
69600 68
69650 68
69700 68
69750 68
69800 68
69850 68
69900 68
69950 68
70000 68
70050 68
70100 68
70150 68
70200 68
70250 68
70300 68
70350 68
70400 68
70450 68
70500 68
70550 68
70600 68
70650 68
70700 68
70750 68
70800 68
70850 68
70900 68
70950 68
71000 68
71050 68
71100 68
71150 68
71200 68
71250 68
71300 68
71350 68
71400 68
71450 68
71500 68
71550 68
71600 68
71650 68
71700 68
71750 68
71800 68
71850 68
71900 68
71950 68
72000 68
72050 68
72100 68
72150 67
72200 67
72250 67
72300 67
72350 67
72400 67
72450 67
72500 67
72550 67
72600 67
72650 67
72700 67
72750 67
72800 67
72850 67
72900 67
72950 67
73000 67
73050 67
73100 67
73150 67
73200 67
73250 67
73300 67
73350 67
73400 67
73450 67
73500 67
73550 67
73600 67
73650 67
73700 67
73750 67
73800 67
73850 67
73900 67
73950 67
74000 67
74050 67
74100 67
74150 67
74200 67
74250 67
74300 67
74350 67
74400 67
74450 67
74500 67
74550 67
74600 67
74650 67
74700 67
74750 67
74800 67
74850 67
74900 67
74950 67
75000 67
75050 67
75100 67
75150 67
75200 67
75250 67
75300 67
75350 67
75400 67
75450 67
75500 67
75550 67
75600 67
75650 67
75700 67
75750 67
75800 67
75850 67
75900 67
75950 67
76000 67
76050 67
76100 67
76150 67
76200 67
76250 67
76300 67
76350 67
76400 67
76450 67
76500 67
76550 67
76600 67
76650 67
76700 67
76750 67
76800 67
76850 67
76900 67
76950 67
77000 67
77050 67
77100 67
77150 67
77200 67
77250 67
77300 67
77350 67
77400 67
77450 67
77500 67
77550 67
77600 67
77650 67
77700 67
77750 67
77800 67
77850 67
77900 67
77950 67
78000 67
78050 67
78100 67
78150 67
78200 67
78250 67
78300 67
78350 67
78400 67
78450 67
78500 67
78550 67
78600 67
78650 67
78700 67
78750 67
78800 67
78850 67
78900 67
78950 67
79000 67
79050 67
79100 67
79150 67
79200 67
79250 67
79300 67
79350 67
79400 67
79450 67
79500 67
79550 67
79600 67
79650 67
79700 67
79750 67
79800 67
79850 67
79900 67
79950 67
80000 67
80050 67
80100 67
80150 67
80200 67
80250 67
80300 67
80350 67
80400 67
80450 67
80500 67
80550 67
80600 67
80650 67
80700 67
80750 67
80800 67
80850 67
80900 67
80950 67
81000 67
81050 67
81100 67
81150 67
81200 67
81250 67
81300 67
81350 67
81400 67
81450 67
81500 67
81550 67
81600 67
81650 67
81700 67
81750 67
81800 67
81850 67
81900 67
81950 67
82000 67
82050 67
82100 67
82150 67
82200 67
82250 67
82300 67
82350 67
82400 67
82450 67
82500 67
82550 67
82600 67
82650 67
82700 67
82750 67
82800 67
82850 67
82900 67
82950 67
83000 67
83050 67
83100 67
83150 67
83200 67
83250 67
83300 67
83350 67
83400 67
83450 67
83500 67
83550 67
83600 67
83650 67
83700 67
83750 67
83800 67
83850 67
83900 67
83950 67
84000 67
84050 67
84100 67
84150 67
84200 67
84250 67
84300 67
84350 67
84400 67
84450 67
84500 67
84550 67
84600 67
84650 67
84700 67
84750 67
84800 67
84850 67
84900 67
84950 67
85000 67
85050 67
85100 67
85150 67
85200 67
85250 67
85300 67
85350 67
85400 67
85450 67
85500 67
85550 67
85600 67
85650 67
85700 67
85750 67
85800 67
85850 67
85900 67
85950 67
86000 67
86050 67
86100 67
86150 67
86200 67
86250 67
86300 67
86350 67
86400 67
86450 67
86500 67
86550 67
86600 67
86650 67
86700 67
86750 67
86800 67
86850 67
86900 67
86950 67
87000 67
87050 67
87100 67
87150 67
87200 67
87250 67
87300 67
87350 67
87400 67
87450 67
87500 67
87550 67
87600 67
87650 67
87700 67
87750 67
87800 67
87850 67
87900 67
87950 67
88000 67
88050 67
88100 67
88150 67
88200 67
88250 67
88300 67
88350 67
88400 67
88450 67
88500 67
88550 67
88600 67
88650 67
88700 67
88750 67
88800 67
88850 67
88900 67
88950 67
89000 67
89050 67
89100 67
89150 67
89200 67
89250 67
89300 67
89350 67
89400 67
89450 67
89500 67
89550 67
89600 67
89650 67
89700 67
89750 67
89800 67
89850 67
89900 67
89950 67
90000 67
90050 67
90100 67
90150 67
90200 67
90250 67
90300 67
90350 67
90400 67
90450 67
90500 67
90550 67
90600 67
90650 67
90700 67
90750 67
90800 67
90850 67
90900 67
90950 67
91000 67
91050 67
91100 67
91150 67
91200 67
91250 67
91300 67
91350 67
91400 67
91450 67
91500 67
91550 67
91600 67
91650 67
91700 67
91750 67
91800 67
91850 67
91900 67
91950 67
92000 67
92050 67
92100 67
92150 67
92200 67
92250 67
92300 67
92350 67
92400 67
92450 67
92500 67
92550 67
92600 67
92650 67
92700 67
92750 67
92800 67
92850 67
92900 67
92950 67
93000 67
93050 67
93100 67
93150 67
93200 67
93250 67
93300 67
93350 67
93400 67
93450 67
93500 67
93550 67
93600 67
93650 67
93700 67
93750 67
93800 67
93850 67
93900 67
93950 67
94000 67
94050 67
94100 67
94150 67
94200 67
94250 67
94300 67
94350 67
94400 67
94450 67
94500 67
94550 67
94600 67
94650 67
94700 67
94750 67
94800 67
94850 67
94900 67
94950 67
95000 67
95050 67
95100 67
95150 67
95200 67
95250 67
95300 67
95350 67
95400 67
95450 67
95500 67
95550 67
95600 67
95650 67
95700 67
95750 67
95800 67
95850 67
95900 67
95950 67
96000 67
96050 67
96100 67
96150 67
96200 67
96250 67
96300 67
96350 67
96400 67
96450 67
96500 67
96550 67
96600 67
96650 67
96700 67
96750 67
96800 67
96850 67
96900 67
96950 67
97000 67
97050 67
97100 67
97150 67
97200 67
97250 67
97300 67
97350 67
97400 67
97450 67
97500 67
97550 67
97600 67
97650 67
97700 67
97750 67
97800 67
97850 67
97900 67
97950 67
98000 67
98050 67
98100 67
98150 67
98200 67
98250 67
98300 67
98350 67
98400 67
98450 67
98500 67
98550 67
98600 67
98650 67
98700 67
98750 67
98800 67
98850 67
98900 67
98950 67
99000 67
99050 67
99100 67
99150 67
99200 67
99250 67
99300 67
99350 67
99400 67
99450 67
99500 67
99550 67
99600 67
99650 67
99700 67
99750 67
99800 67
99850 67
99900 67
99950 67
100000 67
100050 67
100100 67
100150 67
100200 67
100250 67
100300 67
100350 67
100400 67
100450 67
100500 67
100550 67
100600 67
100650 67
100700 67
100750 67
100800 67
100850 67
100900 67
100950 67
101000 67
101050 67
101100 67
101150 67
101200 67
101250 67
101300 67
101350 67
101400 67
101450 67
101500 67
101550 67
101600 67
101650 67
101700 67
101750 67
101800 67
101850 67
101900 67
101950 67
102000 67
102050 67
102100 67
102150 67
102200 67
102250 67
102300 67
102350 67
102400 67
102450 67
102500 67
102550 67
102600 67
102650 67
102700 67
102750 67
102800 67
102850 67
102900 67
102950 67
103000 67
103050 67
103100 67
103150 67
103200 67
103250 67
103300 67
103350 67
103400 67
103450 67
103500 67
103550 67
103600 67
103650 67
103700 67
103750 67
103800 67
103850 67
103900 67
103950 67
104000 67
104050 67
104100 67
104150 67
104200 67
104250 67
104300 67
104350 67
104400 67
104450 67
104500 67
104550 67
104600 67
104650 67
104700 67
104750 67
104800 67
104850 67
104900 67
104950 67
105000 67
105050 67
105100 67
105150 67
105200 67
105250 67
105300 67
105350 67
105400 67
105450 67
105500 67
105550 67
105600 67
105650 67
105700 67
105750 67
105800 67
105850 67
105900 67
105950 67
106000 67
106050 67
106100 67
106150 67
106200 67
106250 67
106300 67
106350 67
106400 67
106450 67
106500 67
106550 67
106600 67
106650 67
106700 67
106750 67
106800 67
106850 67
106900 67
106950 67
107000 67
107050 67
107100 67
107150 67
107200 67
107250 67
107300 67
107350 67
107400 67
107450 67
107500 67
107550 67
107600 67
107650 67
107700 67
107750 67
107800 67
107850 67
107900 67
107950 67
108000 67
108050 67
108100 67
108150 67
