50 160
100 151
150 157
200 152
250 138
300 145
350 146
400 148
450 163
500 171
550 163
600 150
650 149
700 174
750 175
800 144
850 152
900 149
950 153
1000 139
1050 137
1100 132
1150 159
1200 146
1250 165
1300 143
1350 164
1400 162
1450 126
1500 139
1550 146
1600 163
1650 153
1700 154
1750 156
1800 164
1850 158
1900 128
1950 156
2000 166
2050 134
2100 150
2150 151
2200 168
2250 151
2300 143
2350 152
2400 127
2450 133
2500 153
2550 156
2600 138
2650 165
2700 145
2750 153
2800 144
2850 154
2900 163
2950 153
3000 157
3050 147
3100 142
3150 152
3200 169
3250 140
3300 137
3350 165
3400 160
3450 158
3500 172
3550 158
3600 135
3650 153
3700 162
3750 159
3800 134
3850 152
3900 155
3950 155
4000 152
4050 149
4100 147
4150 145
4200 142
4250 150
4300 142
4350 145
4400 150
4450 147
4500 146
4550 166
4600 146
4650 147
4700 144
4750 152
4800 161
4850 147
4900 136
4950 175
5000 156
5050 147
5100 147
5150 176
5200 143
5250 164
5300 150
5350 146
5400 139
5450 159
5500 144
5550 157
5600 141
5650 159
5700 171
5750 146
5800 153
5850 139
5900 149
5950 145
6000 169
6050 153
6100 165
6150 179
6200 158
6250 148
6300 140
6350 142
6400 165
6450 157
6500 152
6550 157
6600 156
6650 151
6700 139
6750 146
6800 160
6850 111
6900 152
6950 153
7000 159
7050 155
7100 149
7150 168
7200 164
7250 151
7300 145
7350 163
7400 136
7450 136
7500 148
7550 149
7600 130
7650 167
7700 156
7750 165
7800 139
7850 147
7900 155
7950 132
8000 161
8050 144
8100 166
8150 133
8200 138
8250 145
8300 157
8350 154
8400 160
8450 142
8500 159
8550 151
8600 164
8650 151
8700 152
8750 150
8800 147
8850 157
8900 143
8950 157
9000 149
9050 154
9100 126
9150 140
9200 165
9250 154
9300 180
9350 158
9400 147
9450 138
9500 172
9550 154
9600 149
9650 151
9700 168
9750 160
9800 140
9850 159
9900 139
9950 136
10000 150
10050 139
10100 122
10150 164
10200 136
10250 164
10300 161
10350 161
10400 161
10450 155
10500 148
10550 132
10600 150
10650 142
10700 146
10750 141
10800 146
10850 150
10900 160
10950 143
11000 152
11050 162
11100 150
11150 140
11200 142
11250 149
11300 155
11350 158
11400 134
11450 140
11500 169
11550 139
11600 152
11650 175
11700 144
11750 127
11800 139
11850 153
11900 156
11950 153
12000 164
12050 138
12100 159
12150 119
12200 150
12250 157
12300 137
12350 146
12400 134
12450 131
12500 137
12550 150
12600 154
12650 160
12700 133
12750 167
12800 146
12850 149
12900 157
12950 143
13000 139
13050 165
13100 151
13150 147
13200 150
13250 142
13300 154
13350 156
13400 148
13450 152
13500 153
13550 156
13600 144
13650 138
13700 139
13750 164
13800 141
13850 175
13900 134
13950 159
14000 155
14050 135
14100 162
14150 144
14200 137
14250 143
14300 139
14350 144
14400 155
14450 142
14500 159
14550 145
14600 147
14650 162
14700 143
14750 163
14800 130
14850 140
14900 163
14950 149
15000 167
15050 154
15100 154
15150 154
15200 137
15250 134
15300 143
15350 160
15400 154
15450 153
15500 164
15550 151
15600 129
15650 164
15700 160
15750 163
15800 150
15850 151
15900 158
15950 149
16000 143
16050 157
16100 161
16150 155
16200 141
16250 159
16300 157
16350 139
16400 169
16450 152
16500 167
16550 135
16600 146
16650 162
16700 163
16750 142
16800 143
16850 127
16900 167
16950 140
17000 132
17050 141
17100 150
17150 152
17200 157
17250 154
17300 157
17350 147
17400 148
17450 134
17500 171
17550 153
17600 153
17650 158
17700 164
17750 140
17800 147
17850 149
17900 156
17950 157
18000 153
18050 160
18100 156
18150 118
18200 133
18250 154
18300 137
18350 160
18400 150
18450 147
18500 141
18550 138
18600 153
18650 146
18700 157
18750 153
18800 167
18850 141
18900 126
18950 152
19000 152
19050 145
19100 148
19150 152
19200 157
19250 131
19300 147
19350 162
19400 118
19450 146
19500 148
19550 158
19600 175
19650 145
19700 166
19750 152
19800 165
19850 151
19900 153
19950 138
20000 142
20050 134
20100 126
20150 155
20200 170
20250 165
20300 156
20350 132
20400 135
20450 139
20500 131
20550 170
20600 151
20650 155
20700 140
20750 143
20800 151
20850 154
20900 164
20950 153
21000 138
21050 161
21100 153
21150 150
21200 163
21250 141
21300 160
21350 133
21400 141
21450 149
21500 130
21550 155
21600 147
21650 134
21700 131
21750 172
21800 138
21850 156
21900 154
21950 149
22000 134
22050 143
22100 152
22150 168
22200 145
22250 156
22300 150
22350 133
22400 134
22450 143
22500 138
22550 155
22600 131
22650 162
22700 143
22750 156
22800 151
22850 147
22900 149
22950 154
23000 146
23050 142
23100 153
23150 134
23200 150
23250 158
23300 147
23350 157
23400 160
23450 146
23500 160
23550 155
23600 149
23650 146
23700 150
23750 176
23800 154
23850 167
23900 171
23950 136
24000 164
24050 131
24100 136
24150 142
24200 132
24250 153
24300 147
24350 159
24400 160
24450 153
24500 175
24550 144
24600 141
24650 133
24700 135
24750 148
24800 160
24850 152
24900 153
24950 150
25000 146
25050 132
25100 155
25150 142
25200 155
25250 152
25300 160
25350 144
25400 147
25450 139
25500 146
25550 132
25600 159
25650 153
25700 173
25750 156
25800 140
25850 163
25900 149
25950 157
26000 158
26050 166
26100 143
26150 150
26200 150
26250 145
26300 134
26350 147
26400 146
26450 122
26500 165
26550 157
26600 138
26650 138
26700 149
26750 133
26800 141
26850 131
26900 145
26950 160
27000 152
27050 153
27100 167
27150 156
27200 154
27250 168
27300 149
27350 141
27400 153
27450 133
27500 134
27550 146
27600 152
27650 149
27700 145
27750 151
27800 149
27850 147
27900 145
27950 152
28000 160
28050 150
28100 162
28150 140
28200 118
28250 167
28300 146
28350 155
28400 134
28450 155
28500 154
28550 154
28600 167
28650 138
28700 143
28750 145
28800 143
28850 152
28900 144
28950 139
29000 139
29050 138
29100 153
29150 133
29200 158
29250 153
29300 140
29350 144
29400 125
29450 144
29500 138
29550 129
29600 150
29650 132
29700 152
29750 151
29800 135
29850 144
29900 151
29950 136
30000 121
30050 133
30100 141
30150 145
30200 151
30250 152
30300 145
30350 132
30400 153
30450 149
30500 144
30550 144
30600 167
30650 139
30700 144
30750 142
30800 129
30850 116
30900 148
30950 160
31000 148
31050 153
31100 145
31150 129
31200 121
31250 144
31300 131
31350 147
31400 151
31450 150
31500 136
31550 159
31600 145
31650 116
31700 149
31750 148
31800 134
31850 149
31900 149
31950 141
32000 151
32050 141
32100 146
32150 136
32200 143
32250 140
32300 157
32350 137
32400 137
32450 145
32500 152
32550 139
32600 146
32650 141
32700 158
32750 150
32800 144
32850 115
32900 168
32950 165
33000 129
33050 162
33100 141
33150 143
33200 148
33250 158
33300 136
33350 156
33400 155
33450 149
33500 155
33550 162
33600 160
33650 130
33700 157
33750 147
33800 151
33850 142
33900 135
33950 121
34000 135
34050 139
34100 153
34150 148
34200 118
34250 138
34300 120
34350 139
34400 133
34450 163
34500 147
34550 133
34600 150
34650 138
34700 167
34750 133
34800 138
34850 148
34900 151
34950 158
35000 142
35050 144
35100 140
35150 142
35200 141
35250 144
35300 139
35350 142
35400 155
35450 143
35500 129
35550 116
35600 156
35650 143
35700 156
35750 141
35800 132
35850 140
35900 150
35950 149
36000 132
36050 141
36100 131
36150 159
36200 134
36250 135
36300 149
36350 133
36400 149
36450 124
36500 138
36550 124
36600 149
36650 143
36700 128
36750 135
36800 131
36850 151
36900 130
36950 142
37000 155
37050 137
37100 138
37150 145
37200 134
37250 146
37300 143
37350 134
37400 140
37450 140
37500 141
37550 139
37600 138
37650 134
37700 146
37750 126
37800 150
37850 137
37900 120
37950 126
38000 143
38050 147
38100 127
38150 137
38200 131
38250 145
38300 138
38350 147
38400 129
38450 141
38500 161
38550 129
38600 140
38650 133
38700 141
38750 148
38800 130
38850 113
38900 137
38950 156
39000 131
39050 132
39100 136
39150 142
39200 131
39250 148
39300 126
39350 140
39400 136
39450 138
39500 141
39550 155
39600 136
39650 125
39700 132
39750 132
39800 146
39850 122
39900 148
39950 133
40000 127
40050 133
40100 110
40150 132
40200 155
40250 151
40300 136
40350 117
40400 140
40450 134
40500 139
40550 143
40600 128
40650 129
40700 143
40750 123
40800 116
40850 139
40900 130
40950 141
41000 140
41050 136
41100 137
41150 142
41200 116
41250 123
41300 128
41350 107
41400 133
41450 130
41500 119
41550 148
41600 144
41650 137
41700 144
41750 136
41800 130
41850 139
41900 121
41950 139
42000 111
42050 133
42100 133
42150 131
42200 131
42250 142
42300 131
42350 149
42400 148
42450 124
42500 137
42550 134
42600 127
42650 151
42700 125
42750 131
42800 140
42850 143
42900 140
42950 147
43000 137
43050 105
43100 127
43150 132
43200 124
43250 137
43300 149
43350 133
43400 120
43450 133
43500 134
43550 125
43600 126
43650 128
43700 121
43750 105
43800 126
43850 123
43900 121
43950 139
44000 132
44050 131
44100 113
44150 133
44200 143
44250 137
44300 125
44350 105
44400 120
44450 123
44500 123
44550 140
44600 146
44650 110
44700 116
44750 126
44800 147
44850 145
44900 125
44950 106
45000 112
45050 117
45100 138
45150 131
45200 120
45250 109
45300 118
45350 138
45400 144
45450 119
45500 137
45550 119
45600 134
45650 134
45700 136
45750 119
45800 110
45850 121
45900 133
45950 128
46000 123
46050 133
46100 114
46150 120
46200 131
46250 133
46300 130
46350 108
46400 139
46450 123
46500 118
46550 85
46600 97
46650 135
46700 120
46750 126
46800 127
46850 111
46900 148
46950 124
47000 120
47050 130
47100 108
47150 100
47200 110
47250 96
47300 129
47350 135
47400 115
47450 135
47500 103
47550 104
47600 104
47650 112
47700 114
47750 124
47800 136
47850 106
47900 97
47950 111
48000 104
48050 123
48100 103
48150 125
48200 113
48250 119
48300 125
48350 117
48400 128
48450 159
48500 147
48550 128
48600 121
48650 119
48700 122
48750 113
48800 105
48850 127
48900 114
48950 117
49000 113
49050 100
49100 123
49150 130
49200 140
49250 123
49300 126
49350 106
49400 98
49450 102
49500 101
49550 127
49600 134
49650 116
49700 101
49750 120
49800 119
49850 109
49900 121
49950 128
50000 115
50050 101
50100 106
50150 132
50200 127
50250 118
50300 105
50350 100
50400 104
50450 113
50500 109
50550 96
50600 102
50650 107
50700 110
50750 110
50800 104
50850 88
50900 97
50950 96
51000 92
51050 100
51100 116
51150 109
51200 99
51250 101
51300 119
51350 106
51400 101
51450 105
51500 103
51550 92
51600 114
51650 108
51700 122
51750 102
51800 103
51850 106
51900 118
51950 105
52000 109
52050 105
52100 115
52150 110
52200 108
52250 108
52300 116
52350 112
52400 103
52450 107
52500 95
52550 104
52600 108
52650 110
52700 105
52750 100
52800 98
52850 107
52900 97
52950 87
53000 88
53050 93
53100 90
53150 96
53200 95
53250 94
53300 89
53350 86
53400 90
53450 87
53500 85
53550 95
53600 77
53650 88
53700 89
53750 86
53800 96
53850 97
53900 95
53950 93
54000 95
54050 103
54100 105
54150 114
54200 104
54250 106
54300 114
54350 96
54400 99
54450 100
54500 96
54550 95
54600 98
54650 101
54700 104
54750 97
54800 88
54850 95
54900 95
54950 101
55000 101
55050 93
55100 95
55150 91
55200 90
55250 82
55300 101
55350 85
55400 87
55450 91
55500 89
55550 89
55600 93
55650 87
55700 82
55750 82
55800 83
55850 82
55900 82
55950 92
56000 81
56050 79
56100 79
56150 81
56200 92
56250 93
56300 101
56350 95
56400 98
56450 96
56500 93
56550 83
56600 79
56650 79
56700 84
56750 84
56800 83
56850 86
56900 90
56950 99
57000 95
57050 96
57100 98
57150 103
57200 102
57250 99
57300 97
57350 99
57400 101
57450 97
57500 90
57550 87
57600 89
57650 87
57700 87
57750 87
57800 87
57850 80
57900 95
57950 90
58000 96
58050 88
58100 85
58150 95
58200 92
58250 83
58300 84
58350 85
58400 80
58450 79
58500 81
58550 81
58600 84
58650 87
58700 82
58750 91
58800 84
58850 84
58900 85
58950 82
59000 91
59050 89
59100 83
59150 83
59200 88
59250 84
59300 83
59350 88
59400 87
59450 91
59500 91
59550 88
59600 86
59650 95
59700 90
59750 89
59800 85
59850 89
59900 90
59950 91
60000 86
60050 83
60100 81
60150 81
60200 78
60250 80
60300 84
60350 86
60400 82
60450 85
60500 81
60550 85
60600 88
60650 82
60700 80
60750 79
60800 78
60850 79
60900 77
60950 76
61000 76
61050 73
61100 73
61150 73
61200 73
61250 76
61300 75
61350 75
61400 76
61450 76
61500 78
61550 78
61600 82
61650 90
61700 86
61750 86
61800 88
61850 87
61900 88
61950 91
62000 94
62050 86
62100 79
62150 72
62200 72
62250 73
62300 73
62350 73
62400 77
62450 84
62500 81
62550 77
62600 79
62650 81
62700 85
62750 86
62800 81
62850 77
62900 77
62950 77
63000 75
63050 72
63100 79
63150 79
63200 79
63250 79
63300 76
63350 77
63400 75
63450 75
63500 75
63550 71
63600 73
63650 73
63700 73
63750 73
63800 71
63850 74
63900 72
63950 72
64000 71
64050 71
64100 68
64150 70
64200 72
64250 73
64300 75
64350 73
64400 70
64450 70
64500 70
64550 71
64600 71
64650 73
64700 73
64750 73
64800 73
64850 76
64900 76
64950 75
65000 75
65050 77
65100 77
65150 77
65200 75
65250 75
65300 75
65350 74
65400 73
65450 70
65500 71
65550 69
65600 71
65650 72
65700 73
65750 72
65800 72
65850 72
65900 69
65950 69
66000 69
66050 71
66100 71
66150 70
66200 70
66250 71
66300 71
66350 70
66400 70
66450 70
66500 70
66550 70
66600 70
66650 70
66700 70
66750 70
66800 70
66850 70
66900 70
66950 68
67000 68
67050 70
67100 70
67150 70
67200 70
67250 70
67300 70
67350 70
67400 70
67450 70
67500 70
67550 70
67600 70
67650 68
67700 68
67750 68
67800 68
67850 68
67900 68
67950 68
68000 68
68050 68
68100 68
68150 68
68200 68
68250 68
68300 68
68350 68
68400 68
68450 68
68500 68
68550 68
68600 68
68650 68
68700 68
68750 68
68800 68
68850 70
68900 70
68950 70
69000 70
69050 70
69100 70
69150 70
69200 68
69250 68
69300 68
69350 68
69400 68
69450 68
69500 68
69550 68
69600 68
69650 68
69700 69
69750 68
69800 68
69850 68
69900 68
69950 68
70000 68
70050 68
70100 68
70150 68
70200 68
70250 68
70300 68
70350 68
70400 68
70450 68
70500 68
70550 68
70600 68
70650 68
70700 69
70750 68
70800 68
70850 68
70900 68
70950 68
71000 68
71050 70
71100 70
71150 70
71200 70
71250 70
71300 70
71350 69
71400 69
71450 69
71500 73
71550 73
71600 71
71650 70
71700 70
71750 70
71800 70
71850 70
71900 70
71950 70
72000 70
72050 70
72100 70
72150 67
72200 67
72250 67
72300 67
72350 67
72400 67
72450 67
72500 67
72550 67
72600 67
72650 67
72700 67
72750 67
72800 67
72850 67
72900 67
72950 67
73000 67
73050 67
73100 67
73150 67
73200 67
73250 67
73300 67
73350 67
73400 67
73450 67
73500 67
73550 67
73600 67
73650 67
73700 67
73750 67
73800 67
73850 67
73900 67
73950 67
74000 67
74050 67
74100 67
74150 67
74200 67
74250 67
74300 67
74350 67
74400 67
74450 67
74500 67
74550 67
74600 67
74650 67
74700 67
74750 67
74800 67
74850 67
74900 67
74950 67
75000 67
75050 67
75100 67
75150 67
75200 67
75250 67
75300 67
75350 67
75400 67
75450 67
75500 67
75550 67
75600 67
75650 67
75700 67
75750 67
75800 67
75850 67
75900 67
75950 67
76000 67
76050 67
76100 67
76150 67
76200 67
76250 67
76300 67
76350 67
76400 67
76450 67
76500 67
76550 67
76600 67
76650 67
76700 67
76750 67
76800 67
76850 67
76900 67
76950 67
77000 67
77050 67
77100 67
77150 67
77200 67
77250 67
77300 67
77350 67
77400 67
77450 67
77500 67
77550 67
77600 67
77650 67
77700 67
77750 67
77800 67
77850 67
77900 67
77950 67
78000 67
78050 67
78100 67
78150 67
78200 67
78250 67
78300 67
78350 67
78400 67
78450 67
78500 67
78550 67
78600 67
78650 67
78700 67
78750 67
78800 67
78850 67
78900 67
78950 67
79000 67
79050 67
79100 67
79150 67
79200 67
79250 67
79300 67
79350 67
79400 67
79450 67
79500 67
79550 67
79600 67
79650 67
79700 67
79750 67
79800 67
79850 67
79900 67
79950 67
80000 67
80050 67
80100 67
80150 67
80200 67
80250 67
80300 67
80350 67
80400 67
80450 67
80500 67
80550 67
80600 67
80650 67
80700 67
80750 67
80800 67
80850 67
80900 67
80950 67
81000 67
81050 67
81100 67
81150 67
81200 67
81250 67
81300 67
81350 67
81400 67
81450 67
81500 67
81550 67
81600 67
81650 67
81700 67
81750 67
81800 67
81850 67
81900 67
81950 67
82000 67
82050 67
82100 67
82150 67
82200 67
82250 67
82300 67
82350 67
82400 67
82450 67
82500 67
82550 67
82600 67
82650 67
82700 67
82750 67
82800 67
82850 67
82900 67
82950 67
83000 67
83050 67
83100 67
83150 67
83200 67
83250 67
83300 67
83350 67
83400 67
83450 67
83500 67
83550 67
83600 67
83650 67
83700 67
83750 67
83800 67
83850 67
83900 67
83950 67
84000 67
84050 67
84100 67
84150 67
84200 67
84250 67
84300 67
84350 67
84400 67
84450 67
84500 67
84550 67
84600 67
84650 67
84700 67
84750 67
84800 67
84850 67
84900 67
84950 67
85000 67
85050 67
85100 67
85150 67
85200 67
85250 67
85300 67
85350 67
85400 67
85450 67
85500 67
85550 67
85600 67
85650 67
85700 67
85750 67
85800 67
85850 67
85900 67
85950 67
86000 67
86050 67
86100 67
86150 67
86200 67
86250 67
86300 67
86350 67
86400 67
86450 67
86500 67
86550 67
86600 67
86650 67
86700 67
86750 67
86800 67
86850 67
86900 67
86950 67
87000 67
87050 67
87100 67
87150 67
87200 67
87250 67
87300 67
87350 67
87400 67
87450 67
87500 67
87550 67
87600 67
87650 67
87700 67
87750 67
87800 67
87850 67
87900 67
87950 67
88000 67
88050 67
88100 67
88150 67
88200 67
88250 67
88300 67
88350 67
88400 67
88450 67
88500 67
88550 67
88600 67
88650 67
88700 67
88750 67
88800 67
88850 67
88900 67
88950 67
89000 67
89050 67
89100 67
89150 67
89200 67
89250 67
89300 67
89350 67
89400 67
89450 67
89500 67
89550 67
89600 67
89650 67
89700 67
89750 67
89800 67
89850 67
89900 67
89950 67
90000 67
90050 67
90100 67
90150 67
90200 67
90250 67
90300 67
90350 67
90400 67
90450 67
90500 67
90550 67
90600 67
90650 67
90700 67
90750 67
90800 67
90850 67
90900 67
90950 67
91000 67
91050 67
91100 67
91150 67
91200 67
91250 67
91300 67
91350 67
91400 67
91450 67
91500 67
91550 67
91600 67
91650 67
91700 67
91750 67
91800 67
91850 67
91900 67
91950 67
92000 67
92050 67
92100 67
92150 67
92200 67
92250 67
92300 67
92350 67
92400 67
92450 67
92500 67
92550 67
92600 67
92650 67
92700 67
92750 67
92800 67
92850 67
92900 67
92950 67
93000 67
93050 67
93100 67
93150 67
93200 67
93250 67
93300 67
93350 67
93400 67
93450 67
93500 67
93550 67
93600 67
93650 67
93700 67
93750 67
93800 67
93850 67
93900 67
93950 67
94000 67
94050 67
94100 67
94150 67
94200 67
94250 67
94300 67
94350 67
94400 67
94450 67
94500 67
94550 67
94600 67
94650 67
94700 67
94750 67
94800 67
94850 67
94900 67
94950 67
95000 67
95050 67
95100 67
95150 67
95200 67
95250 67
95300 67
95350 67
95400 67
95450 67
95500 67
95550 67
95600 67
95650 67
95700 67
95750 67
95800 67
95850 67
95900 67
95950 67
96000 67
96050 67
96100 67
96150 67
96200 67
96250 67
96300 67
96350 67
96400 67
96450 67
96500 67
96550 67
96600 67
96650 67
96700 67
96750 67
96800 67
96850 67
96900 67
96950 67
97000 67
97050 67
97100 67
97150 67
97200 67
97250 67
97300 67
97350 67
97400 67
97450 67
97500 67
97550 67
97600 67
97650 67
97700 67
97750 67
97800 67
97850 67
97900 67
97950 67
98000 67
98050 67
98100 67
98150 67
98200 67
98250 67
98300 67
98350 67
98400 67
98450 67
98500 67
98550 67
98600 67
98650 67
98700 67
98750 67
98800 67
98850 67
98900 67
98950 67
99000 67
99050 67
99100 67
99150 67
99200 67
99250 67
99300 67
99350 67
99400 67
99450 67
99500 67
99550 67
99600 67
99650 67
99700 67
99750 67
99800 67
99850 67
99900 67
99950 67
100000 67
100050 67
100100 67
100150 67
100200 67
100250 67
100300 67
100350 67
100400 67
100450 67
100500 67
100550 67
100600 67
100650 67
100700 67
100750 67
100800 67
100850 67
100900 67
100950 67
101000 67
101050 67
101100 67
101150 67
101200 67
101250 67
101300 67
101350 67
101400 67
101450 67
101500 67
101550 67
101600 67
101650 67
101700 67
101750 67
101800 67
101850 67
101900 67
101950 67
102000 67
102050 67
102100 67
102150 67
102200 67
102250 67
102300 67
102350 67
102400 67
102450 67
102500 67
102550 67
102600 67
102650 67
102700 67
102750 67
102800 67
102850 67
102900 67
102950 67
103000 67
103050 67
103100 67
103150 67
103200 67
103250 67
103300 67
103350 67
103400 67
103450 67
103500 67
103550 67
103600 67
103650 67
103700 67
103750 67
103800 67
103850 67
103900 67
103950 67
104000 67
104050 67
104100 67
104150 67
104200 67
104250 67
104300 67
104350 67
104400 67
104450 67
104500 67
104550 67
104600 67
104650 67
104700 67
104750 67
104800 67
104850 67
104900 67
104950 67
105000 67
105050 67
105100 67
105150 67
105200 67
105250 67
105300 67
105350 67
105400 67
105450 67
105500 67
105550 67
105600 67
105650 67
105700 67
105750 67
105800 67
105850 67
105900 67
105950 67
106000 67
106050 67
106100 67
106150 67
106200 67
106250 67
106300 67
106350 67
106400 67
106450 67
106500 67
106550 67
106600 67
106650 67
106700 67
106750 67
106800 67
106850 67
106900 67
106950 67
107000 67
107050 67
107100 67
107150 67
107200 67
107250 67
107300 67
107350 67
107400 67
107450 67
107500 67
107550 67
107600 67
107650 67
107700 67
107750 67
107800 67
107850 67
107900 67
107950 67
108000 67
108050 67
108100 67
108150 67
