200 76
400 74
600 75
800 77
1000 81
1200 82
1400 78
1600 79
1800 84
2000 87
2200 76
2400 73
2600 70
2800 72
3000 73
3200 72
3400 76
3600 77
3800 77
4000 74
4200 71
4400 70
4600 75
4800 77
5000 71
5200 74
5400 76
5600 76
5800 76
6000 77
6200 75
6400 78
6600 76
6800 75
7000 75
7200 78
7400 77
7600 78
7800 75
8000 77
8200 79
8400 80
8600 73
8800 73
9000 79
9200 77
9400 76
9600 73
9800 75
10000 74
10200 74
10400 73
10600 74
10800 78
11000 75
11200 81
11400 77
11600 76
11800 75
12000 74
12200 82
12400 75
12600 78
12800 78
13000 74
13200 72
13400 74
13600 73
13800 73
14000 79
14200 76
14400 74
14600 74
14800 77
15000 82
15200 77
15400 79
15600 78
15800 80
16000 76
16200 77
16400 76
16600 78
16800 76
17000 74
17200 72
17400 71
17600 73
17800 79
18000 81
18200 78
18400 75
18600 76
18800 72
19000 75
19200 76
19400 78
19600 82
19800 81
20000 81
20200 85
20400 81
20600 78
20800 74
21000 74
21200 79
21400 79
21600 78
21800 80
22000 77
22200 77
22400 74
22600 76
22800 76
23000 78
23200 75
23400 72
23600 78
23800 77
24000 77
24200 79
24400 74
24600 72
24800 73
25000 74
25200 74
25400 71
25600 71
25800 74
26000 70
26200 71
26400 76
26600 80
26800 73
27000 79
27200 77
27400 72
27600 77
27800 74
28000 78
28200 74
28400 73
28600 81
28800 80
29000 84
29200 77
29400 83
29600 76
29800 81
30000 79
30200 78
30400 73
30600 74
30800 79
31000 77
31200 80
31400 79
31600 87
31800 76
32000 74
32200 79
32400 78
32600 75
32800 76
33000 75
33200 74
33400 79
33600 80
33800 77
34000 71
34200 71
34400 75
34600 70
34800 71
35000 72
35200 77
35400 79
35600 84
35800 82
36000 79
36200 75
36400 75
36600 79
36800 83
37000 88
37200 93
37400 80
37600 75
37800 77
38000 72
38200 78
38400 73
38600 72
38800 78
39000 75
39200 80
39400 79
39600 83
39800 73
40000 81
40200 73
40400 75
40600 78
40800 84
41000 76
41200 78
41400 73
41600 74
41800 79
42000 84
42200 78
42400 77
42600 74
42800 76
43000 75
43200 78
43400 72
43600 71
43800 73
44000 71
44200 71
44400 69
44600 73
44800 70
45000 70
45200 73
45400 73
45600 74
45800 70
46000 71
46200 71
46400 74
46600 78
46800 74
47000 74
47200 72
47400 74
47600 76
47800 76
48000 74
48200 74
48400 78
48600 76
48800 72
49000 76
49200 73
49400 72
49600 71
49800 75
50000 77
50200 73
50400 73
50600 72
50800 71
51000 71
51200 83
51400 82
51600 77
51800 77
52000 72
52200 74
52400 84
52600 79
52800 76
53000 77
53200 82
53400 75
53600 73
53800 70
54000 75
54200 72
54400 82
54600 81
54800 77
55000 79
55200 81
55400 71
55600 77
55800 72
56000 75
56200 73
56400 74
56600 73
56800 71
57000 71
57200 71
57400 73
57600 74
57800 76
58000 80
58200 76
58400 73
58600 73
58800 77
59000 81
59200 80
59400 81
59600 79
59800 75
60000 84
60200 79
60400 77
60600 78
60800 81
61000 78
61200 74
61400 79
61600 77
61800 71
62000 73
62200 73
62400 71
62600 73
62800 76
63000 75
63200 81
63400 81
63600 81
63800 77
64000 75
64200 84
64400 78
64600 81
64800 77
65000 80
65200 91
65400 82
65600 80
65800 74
66000 74
66200 74
66400 75
66600 80
66800 74
67000 81
67200 79
67400 88
67600 84
67800 75
68000 78
68200 74
68400 81
68600 77
68800 72
69000 72
69200 75
69400 74
69600 78
69800 75
70000 76
70200 74
70400 72
70600 72
70800 75
71000 84
71200 83
71400 81
71600 78
71800 70
72000 72
72200 78
72400 75
72600 81
72800 76
73000 73
73200 80
73400 78
73600 81
73800 84
74000 81
74200 79
74400 77
74600 77
74800 71
75000 73
75200 73
75400 69
75600 72
75800 71
76000 77
76200 79
76400 76
76600 77
76800 77
77000 75
77200 74
77400 75
77600 81
77800 74
78000 76
78200 71
78400 75
78600 75
78800 80
79000 88
79200 89
79400 80
79600 75
79800 75
80000 78
80200 77
80400 78
80600 79
80800 82
81000 84
81200 85
81400 75
81600 72
81800 72
82000 80
82200 84
82400 76
82600 78
82800 77
83000 78
83200 86
83400 76
83600 80
83800 85
84000 81
84200 79
84400 74
84600 79
84800 73
85000 77
85200 81
85400 74
85600 78
85800 80
86000 80
86200 80
86400 85
86600 84
86800 79
87000 78
87200 80
87400 84
87600 78
87800 82
88000 83
88200 79
88400 80
88600 80
88800 84
89000 77
89200 83
89400 82
89600 76
89800 73
90000 73
90200 75
90400 76
90600 73
90800 75
91000 76
91200 75
91400 73
91600 74
91800 83
92000 75
92200 81
92400 75
92600 79
92800 72
93000 79
93200 79
93400 83
93600 79
93800 74
94000 73
94200 73
94400 75
94600 76
94800 77
95000 73
95200 74
95400 78
95600 78
95800 80
96000 78
96200 87
96400 86
96600 80
96800 80
97000 78
97200 77
97400 81
97600 80
97800 85
98000 80
98200 81
98400 83
98600 81
98800 81
99000 78
99200 75
99400 75
99600 77
99800 77
100000 79
100200 89
100400 83
100600 82
100800 81
101000 86
101200 77
101400 81
101600 81
101800 83
102000 80
102200 79
102400 79
102600 76
102800 74
103000 72
103200 73
103400 83
103600 78
103800 73
104000 77
104200 74
104400 74
104600 75
104800 78
105000 76
105200 76
105400 74
105600 72
105800 80
106000 77
106200 68
106400 70
106600 75
106800 77
107000 71
107200 70
107400 72
107600 72
107800 74
108000 71
108200 81
108400 76
108600 76
108800 70
109000 75
109200 85
109400 80
109600 80
109800 79
110000 76
110200 77
110400 77
110600 81
110800 78
111000 80
111200 78
111400 80
111600 86
111800 75
112000 78
112200 75
112400 73
112600 74
112800 77
113000 76
113200 75
113400 76
113600 79
113800 82
114000 75
114200 75
114400 76
114600 81
114800 79
115000 79
115200 77
115400 72
115600 71
115800 75
116000 80
116200 77
116400 72
116600 72
116800 79
117000 73
117200 74
117400 75
117600 76
117800 74
118000 77
118200 77
118400 76
118600 73
118800 77
119000 77
119200 77
119400 75
119600 71
119800 76
120000 82
120200 71
120400 73
120600 74
120800 75
121000 77
121200 72
121400 77
121600 75
121800 82
122000 72
122200 71
122400 73
122600 75
122800 76
123000 75
123200 76
123400 74
123600 78
123800 77
124000 77
124200 82
124400 78
124600 81
124800 80
125000 72
125200 72
125400 83
125600 75
125800 80
126000 90
126200 87
126400 87
126600 78
126800 79
127000 86
127200 85
127400 87
127600 84
127800 78
128000 76
128200 76
128400 81
128600 79
128800 76
129000 74
129200 75
129400 77
129600 74
129800 76
130000 74
130200 77
130400 74
130600 72
130800 73
131000 71
131200 68
131400 68
131600 68
131800 68
132000 68
132200 71
132400 75
132600 77
132800 76
133000 74
133200 81
133400 87
133600 84
133800 76
134000 78
134200 77
134400 78
134600 80
134800 82
135000 82
135200 79
135400 80
135600 74
135800 75
136000 71
136200 72
136400 77
136600 78
136800 75
137000 73
137200 81
137400 79
137600 81
137800 83
138000 77
138200 84
138400 78
138600 82
138800 78
139000 73
139200 73
139400 68
139600 70
139800 71
140000 72
140200 74
140400 72
140600 69
140800 68
141000 70
141200 78
141400 76
141600 78
141800 76
142000 78
142200 74
142400 71
142600 68
142800 68
143000 72
143200 78
143400 77
143600 74
143800 80
144000 87
144200 89
144400 86
144600 82
144800 81
145000 81
145200 76
145400 74
145600 78
145800 76
146000 70
146200 69
146400 76
146600 74
146800 78
147000 84
147200 85
147400 78
147600 76
147800 76
148000 82
148200 83
148400 76
148600 74
148800 73
149000 79
149200 73
149400 76
149600 75
149800 74
150000 78
150200 77
150400 72
150600 72
150800 72
151000 80
151200 74
151400 69
151600 75
151800 69
152000 79
152200 79
152400 72
152600 76
152800 76
153000 77
153200 73
153400 73
153600 70
153800 73
154000 78
154200 73
154400 79
154600 83
154800 81
155000 78
155200 81
155400 76
155600 78
155800 77
156000 78
156200 80
156400 80
156600 77
156800 79
157000 76
157200 77
157400 74
157600 71
157800 69
158000 72
158200 72
158400 71
158600 73
158800 80
159000 73
159200 75
159400 68
159600 70
159800 70
160000 70
160200 71
160400 70
160600 69
160800 72
161000 74
161200 70
161400 67
161600 69
161800 68
162000 81
162200 75
162400 73
162600 72
162800 71
163000 75
163200 76
163400 79
163600 74
163800 72
164000 70
164200 75
164400 72
164600 75
164800 68
165000 71
165200 71
165400 68
165600 71
165800 73
166000 75
166200 71
166400 70
166600 73
166800 73
167000 74
167200 77
167400 78
167600 75
167800 73
168000 77
168200 77
168400 82
168600 81
168800 74
169000 75
169200 77
169400 79
169600 76
169800 85
170000 77
170200 73
170400 76
170600 74
170800 76
171000 76
171200 79
171400 78
171600 80
171800 76
172000 69
172200 74
172400 72
172600 73
172800 70
173000 73
173200 74
173400 75
173600 75
173800 73
174000 73
174200 76
174400 75
174600 74
174800 72
175000 73
175200 72
175400 73
175600 71
175800 74
176000 72
176200 75
176400 75
176600 78
176800 73
177000 70
177200 70
177400 77
177600 76
177800 80
178000 77
178200 74
178400 71
178600 72
178800 74
179000 76
179200 75
179400 76
179600 75
179800 77
180000 75
180200 81
180400 77
180600 76
180800 75
181000 80
181200 80
181400 77
181600 78
181800 82
182000 87
182200 77
182400 74
182600 75
182800 78
183000 78
183200 86
183400 80
183600 79
183800 75
184000 71
184200 71
184400 74
184600 74
184800 74
185000 69
185200 73
185400 77
185600 74
185800 73
186000 79
186200 79
186400 68
186600 74
186800 74
187000 75
187200 71
187400 74
187600 73
187800 78
188000 76
188200 78
188400 78
188600 73
188800 67
189000 73
189200 78
189400 81
189600 77
189800 77
190000 76
190200 69
190400 69
190600 70
190800 72
191000 71
191200 73
191400 72
191600 74
191800 74
192000 70
192200 70
192400 68
192600 67
192800 71
193000 72
193200 76
193400 74
193600 74
193800 73
194000 75
194200 75
194400 77
194600 84
194800 88
195000 77
195200 81
195400 72
195600 71
195800 70
196000 70
196200 76
196400 76
196600 82
196800 69
197000 68
197200 73
197400 69
197600 70
197800 68
198000 69
198200 74
198400 71
198600 72
198800 73
199000 80
199200 78
199400 73
199600 75
199800 78
200000 77
200200 78
200400 79
200600 75
200800 77
201000 70
201200 71
201400 72
201600 78
201800 78
202000 77
202200 80
202400 79
202600 77
202800 79
203000 78
203200 76
203400 77
203600 74
203800 77
204000 80
204200 86
204400 76
204600 71
204800 69
205000 67
205200 66
205400 72
205600 71
205800 71
206000 77
206200 71
206400 72
206600 69
206800 66
207000 67
207200 73
207400 75
207600 71
207800 73
208000 75
208200 78
208400 76
208600 73
208800 78
209000 74
209200 76
209400 76
209600 79
209800 81
210000 81
210200 78
210400 74
210600 74
210800 78
211000 85
211200 77
211400 72
211600 73
211800 78
212000 69
212200 74
212400 73
212600 72
212800 76
213000 73
213200 70
213400 70
213600 69
213800 74
214000 74
214200 72
214400 70
214600 71
214800 71
215000 67
215200 70
215400 70
215600 67
215800 70
216000 75
216200 73
216400 70
216600 70
216800 79
217000 80
217200 87
217400 79
217600 78
217800 77
218000 75
218200 74
218400 74
218600 84
218800 82
219000 84
219200 76
219400 75
219600 75
219800 71
220000 78
220200 79
220400 83
220600 85
220800 78
221000 86
221200 80
221400 79
221600 71
221800 72
222000 83
222200 74
222400 77
222600 74
222800 75
223000 76
223200 75
223400 76
223600 81
223800 75
224000 74
224200 73
224400 81
224600 77
224800 72
225000 71
225200 74
225400 71
225600 74
225800 76
226000 75
226200 78
226400 80
226600 75
226800 78
227000 75
227200 72
227400 72
227600 75
227800 81
228000 80
228200 80
228400 76
228600 75
228800 77
229000 69
229200 70
229400 71
229600 70
229800 73
230000 81
230200 75
230400 72
230600 70
230800 68
231000 69
231200 73
231400 74
231600 68
231800 76
232000 77
232200 70
232400 69
232600 67
232800 68
233000 70
233200 67
233400 71
233600 72
233800 71
234000 71
234200 68
234400 68
234600 68
234800 72
235000 73
235200 69
235400 66
235600 67
235800 67
236000 67
236200 68
236400 76
236600 68
236800 73
237000 76
237200 71
237400 80
237600 76
237800 70
238000 71
238200 69
238400 69
238600 70
238800 76
239000 74
239200 80
239400 79
239600 79
239800 81
240000 79
240200 72
240400 77
240600 74
240800 77
241000 75
241200 77
241400 73
241600 72
241800 76
242000 71
242200 73
242400 70
242600 71
242800 71
243000 71
243200 74
243400 90
243600 93
243800 93
244000 86
244200 87
244400 77
244600 75
244800 71
245000 85
245200 84
245400 79
245600 74
245800 71
246000 78
246200 78
246400 80
246600 75
246800 71
247000 72
247200 82
247400 70
247600 68
247800 71
248000 68
248200 71
248400 74
248600 72
248800 76
249000 70
249200 70
249400 71
249600 76
249800 76
250000 77
250200 74
250400 73
250600 71
250800 75
251000 75
251200 72
251400 75
251600 67
251800 73
252000 74
252200 73
252400 75
252600 78
252800 78
253000 69
253200 69
253400 73
253600 72
253800 81
254000 75
254200 74
254400 70
254600 70
254800 74
255000 73
255200 82
255400 87
255600 78
255800 79
256000 79
256200 84
256400 83
256600 86
256800 78
257000 80
257200 79
257400 78
257600 76
257800 79
258000 77
258200 72
258400 74
258600 73
258800 72
259000 74
259200 77
259400 71
259600 73
259800 72
260000 74
260200 71
260400 72
260600 72
260800 73
261000 75
261200 72
261400 74
261600 72
261800 71
262000 81
262200 77
262400 74
262600 74
262800 70
263000 71
263200 70
263400 77
263600 70
263800 71
264000 69
264200 71
264400 73
264600 75
264800 70
265000 68
265200 70
265400 77
265600 70
265800 79
266000 77
266200 75
266400 71
266600 74
266800 88
267000 91
267200 81
267400 74
267600 77
267800 74
268000 74
268200 77
268400 74
268600 71
268800 75
269000 73
269200 80
269400 77
269600 79
269800 75
270000 81
270200 76
270400 82
270600 82
270800 83
271000 79
271200 87
271400 78
271600 77
271800 75
272000 77
272200 73
272400 74
272600 74
272800 78
273000 78
273200 78
273400 74
273600 74
273800 75
274000 72
274200 73
274400 76
274600 74
274800 74
275000 78
275200 81
275400 82
275600 77
275800 73
276000 76
276200 74
276400 72
276600 71
276800 78
277000 73
277200 73
277400 71
277600 73
277800 74
278000 77
278200 73
278400 72
278600 77
278800 80
279000 83
279200 81
279400 79
279600 80
279800 77
280000 80
280200 83
280400 87
280600 89
280800 82
281000 83
281200 79
281400 77
281600 75
281800 74
282000 75
282200 82
282400 75
282600 79
282800 78
283000 75
283200 68
283400 70
283600 69
283800 66
284000 68
284200 67
284400 66
284600 68
284800 72
285000 71
285200 66
285400 67
285600 65
285800 67
286000 68
286200 67
286400 67
286600 73
286800 74
287000 75
287200 77
287400 73
287600 81
287800 78
288000 71
288200 69
288400 69
288600 74
288800 72
289000 72
289200 74
289400 78
289600 77
289800 79
290000 78
290200 73
290400 82
290600 81
290800 78
291000 72
291200 72
291400 69
291600 69
291800 69
292000 67
292200 67
292400 69
292600 69
292800 69
293000 67
293200 67
293400 73
293600 75
293800 76
294000 73
294200 72
294400 73
294600 75
294800 70
295000 69
295200 70
295400 73
295600 70
295800 70
296000 70
296200 74
296400 71
296600 70
296800 70
297000 69
297200 74
297400 76
297600 81
297800 74
298000 72
298200 74
298400 73
298600 69
298800 71
299000 73
299200 77
299400 78
299600 71
299800 70
300000 67
300200 67
300400 69
300600 70
300800 72
301000 68
301200 70
301400 72
301600 77
301800 82
302000 82
302200 77
302400 73
302600 73
302800 71
303000 76
303200 75
303400 77
303600 78
303800 74
304000 76
304200 73
304400 73
304600 76
304800 74
305000 70
305200 76
305400 70
305600 73
305800 69
306000 72
306200 73
306400 77
306600 70
306800 70
307000 69
307200 68
307400 72
307600 73
307800 72
308000 74
308200 77
308400 74
308600 74
308800 72
309000 82
309200 77
309400 73
309600 75
309800 82
310000 81
310200 80
310400 80
310600 78
310800 73
311000 79
311200 83
311400 80
311600 76
311800 77
312000 80
312200 76
312400 74
312600 78
312800 83
313000 80
313200 73
313400 71
313600 75
313800 80
314000 71
314200 72
314400 73
314600 76
314800 76
315000 79
315200 80
315400 77
315600 77
315800 75
316000 77
316200 78
316400 73
316600 73
316800 73
317000 84
317200 74
317400 77
317600 74
317800 69
318000 72
318200 73
318400 71
318600 70
318800 67
319000 70
319200 69
319400 71
319600 72
319800 72
320000 71
320200 69
320400 69
320600 73
320800 68
321000 72
321200 72
321400 75
321600 72
321800 69
322000 71
322200 79
322400 70
322600 72
322800 73
323000 74
323200 74
323400 73
323600 69
323800 70
324000 71
324200 68
324400 66
324600 69
324800 72
325000 74
325200 77
325400 80
325600 75
325800 82
326000 76
326200 73
326400 66
326600 75
326800 71
327000 68
327200 68
327400 67
327600 68
327800 66
328000 67
328200 69
328400 70
328600 71
328800 74
329000 81
329200 79
329400 73
329600 75
329800 73
330000 71
330200 75
330400 78
330600 80
330800 81
331000 82
331200 93
331400 71
331600 68
331800 67
332000 71
332200 71
332400 77
332600 75
332800 70
333000 68
333200 67
333400 66
333600 72
333800 73
334000 73
334200 75
334400 75
334600 75
334800 77
335000 73
335200 81
335400 79
335600 88
335800 74
336000 73
336200 69
336400 70
336600 74
336800 70
337000 68
337200 66
337400 76
337600 70
337800 71
338000 70
338200 69
338400 72
338600 67
338800 68
339000 68
339200 68
339400 68
339600 70
339800 69
340000 69
340200 69
340400 70
340600 74
340800 76
341000 73
341200 70
341400 66
341600 69
341800 71
342000 72
342200 72
342400 73
342600 76
342800 77
343000 79
343200 78
343400 82
343600 85
343800 79
344000 75
344200 78
344400 79
344600 86
344800 80
345000 76
345200 79
345400 74
345600 77
345800 77
346000 81
346200 79
346400 81
346600 79
346800 75
347000 76
347200 72
347400 72
347600 78
347800 79
348000 77
348200 73
348400 75
348600 84
348800 80
349000 79
349200 77
349400 78
349600 76
349800 76
350000 76
350200 76
350400 74
350600 78
350800 81
351000 78
351200 81
351400 79
351600 75
351800 81
352000 80
352200 81
352400 76
352600 76
352800 75
353000 70
353200 71
353400 69
353600 71
353800 71
354000 78
354200 77
354400 75
354600 81
354800 84
355000 80
355200 80
355400 80
355600 80
355800 81
356000 77
356200 79
356400 76
356600 75
356800 78
357000 80
357200 80
357400 85
357600 75
357800 80
358000 79
358200 81
358400 81
358600 78
358800 77
359000 76
359200 84
359400 78
359600 85
359800 84
360000 84
360200 76
360400 77
360600 79
360800 76
361000 77
361200 75
361400 76
361600 79
361800 80
362000 79
362200 78
362400 84
362600 74
362800 75
363000 76
363200 84
363400 79
363600 78
363800 78
364000 78
364200 78
364400 81
364600 84
364800 78
365000 81
365200 83
365400 81
365600 80
365800 85
366000 81
366200 83
366400 83
366600 80
366800 82
367000 76
367200 78
367400 80
367600 78
367800 74
368000 73
368200 72
368400 72
368600 69
368800 69
369000 76
369200 74
369400 71
369600 71
369800 74
370000 74
370200 75
370400 82
370600 81
370800 79
371000 82
371200 86
371400 75
371600 71
371800 72
372000 72
372200 72
372400 76
372600 78
372800 75
373000 69
373200 69
373400 67
373600 69
373800 67
374000 71
374200 73
374400 76
374600 73
374800 71
375000 74
375200 72
375400 77
375600 78
375800 80
376000 78
376200 88
376400 82
376600 69
376800 78
377000 81
377200 80
377400 76
377600 73
377800 75
378000 75
378200 76
378400 79
378600 79
378800 72
379000 78
379200 77
379400 81
379600 77
379800 77
380000 74
380200 79
380400 76
380600 77
380800 79
381000 78
381200 79
381400 76
381600 77
381800 76
382000 77
382200 80
382400 77
382600 84
382800 87
383000 78
383200 81
383400 77
383600 78
383800 78
384000 82
384200 78
384400 76
384600 82
384800 80
385000 80
385200 82
385400 77
385600 79
385800 84
386000 84
386200 83
386400 77
386600 79
386800 84
387000 79
387200 80
387400 77
387600 81
387800 80
388000 80
388200 81
388400 80
388600 82
388800 83
389000 79
389200 82
389400 81
389600 82
389800 89
390000 83
390200 79
390400 80
390600 79
390800 77
391000 82
391200 76
391400 75
391600 77
391800 82
392000 81
392200 80
392400 80
392600 77
392800 74
393000 73
393200 71
393400 70
393600 71
393800 73
394000 75
394200 75
394400 73
394600 74
394800 77
395000 74
395200 80
395400 76
395600 77
395800 78
396000 80
396200 74
396400 75
396600 79
396800 73
397000 73
397200 75
397400 74
397600 71
397800 72
398000 72
398200 72
398400 82
398600 83
398800 80
399000 74
399200 75
399400 78
399600 77
399800 80
400000 71
400200 74
400400 71
400600 71
400800 71
401000 73
401200 72
401400 67
401600 68
401800 67
402000 67
402200 69
402400 75
402600 74
402800 73
403000 76
403200 75
403400 76
403600 74
403800 75
404000 73
404200 73
404400 66
404600 68
404800 72
405000 73
405200 74
405400 76
405600 73
405800 70
406000 72
406200 74
406400 71
406600 72
406800 72
407000 75
407200 75
407400 71
407600 69
407800 74
408000 76
408200 75
408400 77
408600 77
408800 77
409000 78
409200 79
409400 78
409600 74
409800 76
410000 76
410200 84
410400 77
410600 74
410800 72
411000 75
411200 78
411400 75
411600 74
411800 80
412000 82
412200 80
412400 74
412600 75
412800 74
413000 72
413200 73
413400 70
413600 72
413800 70
414000 75
414200 77
414400 73
414600 72
414800 75
415000 70
415200 79
415400 73
415600 81
415800 71
416000 70
416200 71
416400 76
416600 72
416800 72
417000 71
417200 69
417400 68
417600 69
417800 75
418000 77
418200 77
418400 72
418600 76
418800 70
419000 74
419200 70
419400 71
419600 76
419800 72
420000 76
420200 78
420400 80
420600 78
420800 76
421000 71
421200 73
421400 72
421600 73
421800 72
422000 74
422200 82
422400 78
422600 73
422800 72
423000 70
423200 72
423400 75
423600 70
423800 74
424000 69
424200 71
424400 76
424600 73
424800 71
425000 75
425200 72
425400 79
425600 71
425800 72
426000 74
426200 69
426400 72
426600 78
426800 76
427000 73
427200 76
427400 73
427600 70
427800 70
428000 75
428200 74
428400 73
428600 75
428800 77
429000 77
429200 77
429400 74
429600 83
429800 74
430000 68
430200 76
430400 70
430600 72
430800 72
431000 70
431200 71
431400 74
431600 76
431800 79
432000 84
432200 82
432400 80
432600 83
432800 77
433000 72
433200 71
433400 68
433600 67
433800 72
434000 76
434200 75
434400 76
434600 78
434800 74
435000 71
435200 69
435400 71
435600 70
435800 71
436000 69
436200 70
436400 73
436600 70
436800 73
437000 68
437200 72
437400 75
437600 71
437800 75
438000 76
438200 77
438400 79
438600 77
438800 78
439000 81
439200 86
439400 80
439600 78
439800 77
440000 76
440200 72
440400 81
440600 72
440800 78
441000 77
441200 75
441400 74
441600 72
441800 74
442000 77
442200 74
442400 78
442600 76
442800 72
443000 73
443200 73
443400 73
443600 66
443800 68
444000 72
444200 69
444400 73
444600 70
444800 69
445000 78
445200 80
445400 71
445600 73
445800 72
446000 70
446200 73
446400 73
446600 72
446800 70
447000 70
447200 71
447400 80
447600 75
447800 72
448000 75
448200 70
448400 72
448600 73
448800 79
449000 82
449200 72
449400 70
449600 72
449800 71
450000 70
450200 74
450400 69
450600 70
450800 76
451000 80
451200 81
451400 78
451600 77
451800 74
452000 72
452200 77
452400 72
452600 77
452800 73
453000 77
453200 70
453400 69
453600 72
453800 74
454000 74
454200 74
454400 69
454600 72
454800 75
455000 80
455200 80
455400 86
455600 80
455800 77
456000 82
456200 79
456400 81
456600 79
456800 76
457000 83
457200 78
457400 79
457600 77
457800 77
458000 75
458200 80
458400 79
458600 80
458800 75
459000 78
459200 79
459400 82
459600 74
459800 74
460000 74
460200 67
460400 71
460600 73
460800 78
461000 86
461200 83
461400 81
461600 85
461800 80
462000 80
462200 79
462400 82
462600 77
462800 87
463000 78
463200 87
463400 80
463600 81
463800 78
464000 78
464200 79
464400 81
464600 81
464800 77
465000 84
465200 82
465400 78
465600 83
465800 83
466000 73
466200 75
466400 81
466600 78
466800 73
467000 74
467200 86
467400 82
467600 84
467800 77
468000 72
468200 78
468400 78
468600 77
468800 77
469000 77
469200 77
469400 84
469600 77
469800 78
470000 74
470200 81
470400 81
470600 85
470800 83
471000 80
471200 76
471400 80
471600 81
471800 82
472000 76
472200 77
472400 87
472600 85
472800 82
473000 83
473200 74
473400 74
473600 73
473800 78
474000 75
474200 74
474400 73
474600 72
474800 70
475000 71
475200 77
475400 85
475600 82
475800 83
476000 83
476200 82
476400 87
476600 79
476800 87
477000 84
477200 81
477400 75
477600 73
477800 72
478000 71
478200 72
478400 74
478600 74
478800 76
479000 80
479200 83
479400 80
479600 83
479800 86
480000 73
480200 75
480400 75
480600 76
480800 78
481000 75
481200 76
481400 75
481600 77
481800 79
482000 88
482200 80
482400 85
482600 84
482800 82
483000 82
483200 83
483400 80
483600 85
483800 82
484000 86
484200 81
484400 74
484600 80
484800 73
485000 72
485200 79
485400 83
485600 82
485800 76
486000 77
486200 78
486400 79
486600 85
486800 88
487000 91
487200 85
487400 83
487600 82
487800 80
488000 74
488200 75
488400 72
488600 70
488800 71
489000 76
489200 75
489400 76
489600 75
489800 74
490000 80
490200 77
490400 77
490600 81
490800 79
491000 81
491200 82
491400 78
491600 74
491800 75
492000 74
492200 70
492400 72
492600 78
492800 70
493000 71
493200 74
493400 75
493600 74
493800 77
494000 77
494200 74
494400 78
494600 71
494800 72
495000 74
495200 73
495400 72
495600 72
495800 77
496000 76
496200 67
496400 69
496600 69
496800 70
497000 69
497200 67
497400 68
497600 67
497800 72
498000 77
498200 72
498400 78
498600 78
498800 81
499000 80
499200 84
499400 77
499600 72
499800 74
500000 70
500200 71
500400 75
500600 70
500800 73
501000 70
501200 70
501400 73
501600 76
501800 72
502000 73
502200 71
502400 73
502600 78
502800 80
503000 77
503200 73
503400 74
503600 73
503800 68
504000 70
504200 72
504400 68
504600 70
504800 68
505000 70
505200 71
505400 72
505600 77
505800 73
506000 75
506200 77
506400 78
506600 75
506800 69
507000 72
507200 73
507400 75
507600 73
507800 74
508000 69
508200 79
508400 73
508600 79
508800 77
509000 78
509200 78
509400 71
509600 71
509800 69
510000 71
510200 82
510400 74
510600 77
510800 74
511000 77
511200 77
511400 75
511600 74
511800 78
512000 75
512200 72
512400 70
512600 72
512800 70
513000 71
513200 77
513400 78
513600 78
513800 80
514000 79
514200 76
514400 75
514600 77
514800 73
515000 74
515200 72
515400 72
515600 73
515800 67
516000 69
516200 68
516400 68
516600 71
516800 69
517000 70
517200 69
517400 68
517600 71
517800 73
518000 70
518200 70
518400 70
518600 72
518800 68
519000 75
519200 76
519400 79
519600 82
519800 76
520000 75
520200 73
520400 72
520600 69
520800 69
521000 69
521200 69
521400 69
521600 71
521800 70
522000 71
522200 70
522400 71
522600 72
522800 71
523000 73
523200 76
523400 74
523600 74
523800 80
524000 73
524200 71
524400 77
524600 72
524800 75
525000 74
525200 78
525400 80
525600 81
525800 82
526000 70
526200 80
526400 78
526600 77
526800 69
527000 69
527200 67
527400 69
527600 71
527800 76
528000 72
528200 70
528400 71
528600 72
528800 73
529000 73
529200 83
529400 82
529600 74
529800 74
530000 78
530200 72
530400 72
530600 73
530800 78
531000 82
531200 83
531400 81
531600 76
531800 80
532000 85
532200 84
532400 89
532600 81
532800 75
533000 79
533200 78
533400 74
533600 77
533800 76
534000 72
534200 73
534400 72
534600 75
534800 74
535000 73
535200 72
535400 76
535600 73
535800 70
536000 71
536200 75
536400 73
536600 73
536800 77
537000 76
537200 79
537400 79
537600 76
537800 78
538000 78
538200 71
538400 74
538600 78
538800 77
539000 69
539200 76
539400 80
539600 77
539800 78
540000 77
540200 73
540400 74
540600 76
540800 74
541000 73
541200 75
541400 72
541600 69
541800 69
542000 71
542200 73
542400 75
542600 75
542800 75
543000 79
543200 74
543400 75
543600 73
543800 79
544000 75
544200 72
544400 73
544600 75
544800 68
545000 70
545200 75
545400 74
545600 86
545800 78
546000 84
546200 81
546400 74
546600 72
546800 72
547000 70
547200 72
547400 72
547600 74
547800 79
548000 78
548200 76
548400 70
548600 70
548800 70
549000 69
549200 70
549400 75
549600 74
549800 69
550000 70
550200 67
550400 69
550600 68
550800 77
551000 72
551200 68
551400 68
551600 72
551800 69
552000 72
552200 69
552400 69
552600 70
552800 68
553000 69
553200 70
553400 69
553600 71
553800 72
554000 76
554200 71
554400 72
554600 78
554800 75
555000 78
555200 72
555400 70
555600 72
555800 71
556000 74
556200 68
556400 70
556600 71
556800 75
557000 77
557200 69
557400 71
557600 71
557800 75
558000 73
558200 73
558400 72
558600 72
558800 77
559000 75
559200 79
559400 77
559600 72
559800 74
560000 75
560200 76
560400 81
560600 80
560800 74
561000 73
561200 77
561400 80
561600 74
561800 77
562000 72
562200 68
562400 76
562600 70
562800 72
563000 72
563200 72
563400 69
563600 69
563800 70
564000 69
564200 72
564400 73
564600 73
564800 76
565000 68
565200 66
565400 68
565600 74
565800 77
566000 71
566200 69
566400 70
566600 69
566800 75
567000 71
567200 71
567400 71
567600 69
567800 67
568000 65
568200 65
568400 65
568600 66
568800 72
569000 77
569200 75
569400 83
569600 78
569800 75
570000 76
570200 69
570400 71
570600 76
570800 78
571000 70
571200 71
571400 77
571600 71
571800 70
572000 73
572200 75
572400 74
572600 75
572800 83
573000 82
573200 75
573400 76
573600 79
573800 82
574000 78
574200 79
574400 76
574600 68
574800 69
575000 73
575200 73
575400 72
575600 70
575800 68
576000 70
576200 74
576400 74
576600 70
576800 74
577000 76
577200 73
577400 76
577600 75
577800 68
578000 73
578200 76
578400 71
578600 75
578800 75
579000 70
579200 77
579400 80
579600 74
579800 75
580000 76
580200 73
580400 73
580600 69
580800 69
581000 73
581200 75
581400 76
581600 77
581800 76
582000 73
582200 81
582400 71
582600 73
582800 70
583000 74
583200 75
583400 75
583600 74
583800 75
584000 72
584200 81
584400 77
584600 76
584800 77
585000 86
585200 79
585400 74
585600 74
585800 82
586000 78
586200 73
586400 73
586600 73
586800 73
587000 74
587200 79
587400 75
587600 79
587800 72
588000 71
588200 74
588400 80
588600 80
588800 79
589000 82
589200 87
589400 83
589600 77
589800 78
590000 73
590200 76
590400 76
590600 71
590800 70
591000 82
591200 77
591400 71
591600 77
591800 74
592000 75
592200 75
592400 74
592600 72
592800 73
593000 74
593200 73
593400 74
593600 71
593800 73
594000 74
594200 77
594400 79
594600 77
594800 79
595000 83
595200 75
595400 73
595600 73
595800 77
596000 74
596200 74
596400 73
596600 77
596800 75
597000 79
597200 73
597400 72
597600 73
597800 75
598000 78
598200 82
598400 77
598600 82
598800 84
599000 82
599200 80
599400 77
599600 76
599800 71
600000 68
600200 68
600400 71
600600 77
600800 70
601000 72
601200 73
601400 71
601600 78
601800 73
602000 72
602200 72
602400 73
602600 83
602800 92
603000 84
603200 85
603400 85
603600 85
603800 76
604000 76
604200 69
604400 69
604600 71
604800 73
605000 70
605200 73
605400 72
605600 71
605800 69
606000 69
606200 72
606400 72
606600 72
606800 76
607000 75
607200 76
607400 80
607600 77
607800 76
608000 82
608200 75
608400 78
608600 76
608800 75
609000 75
609200 81
609400 77
609600 80
609800 76
610000 73
610200 71
610400 72
610600 75
610800 84
611000 80
611200 82
611400 84
611600 81
611800 83
612000 79
612200 73
612400 74
612600 74
612800 74
613000 74
613200 75
613400 71
613600 73
613800 77
614000 76
614200 75
614400 68
614600 67
614800 68
615000 68
615200 66
615400 68
615600 71
615800 66
616000 73
616200 74
616400 75
616600 70
616800 77
617000 73
617200 71
617400 73
617600 72
617800 70
618000 69
618200 69
618400 79
618600 75
618800 80
619000 76
619200 75
619400 73
619600 75
619800 76
620000 74
620200 78
620400 77
620600 80
620800 82
621000 76
621200 75
621400 74
621600 77
621800 75
622000 72
622200 70
622400 69
622600 72
622800 73
623000 75
623200 69
623400 76
623600 79
623800 72
624000 75
624200 70
624400 72
624600 72
624800 70
625000 75
625200 74
625400 70
625600 71
625800 69
626000 76
626200 69
626400 71
626600 68
626800 73
627000 74
627200 73
627400 72
627600 74
627800 71
628000 77
628200 80
628400 73
628600 75
628800 75
629000 72
629200 73
629400 75
629600 70
629800 69
630000 69
630200 73
630400 76
630600 69
630800 71
631000 75
631200 73
631400 72
631600 71
631800 70
632000 73
632200 66
632400 66
632600 66
632800 67
633000 66
633200 67
633400 69
633600 69
633800 69
634000 71
634200 72
634400 71
634600 73
634800 74
635000 75
635200 75
635400 75
635600 73
635800 75
636000 72
636200 67
636400 67
636600 67
636800 68
637000 72
637200 74
637400 73
637600 70
637800 69
638000 73
638200 73
638400 86
638600 77
638800 78
639000 76
639200 76
639400 73
639600 72
639800 71
640000 71
640200 74
640400 78
640600 76
640800 72
641000 73
641200 74
641400 70
641600 68
641800 76
642000 73
642200 71
642400 75
642600 74
642800 71
643000 72
643200 72
643400 73
643600 73
643800 76
644000 78
644200 78
644400 77
644600 75
644800 71
645000 70
645200 71
645400 71
645600 75
645800 70
646000 70
646200 71
646400 71
646600 71
646800 71
647000 69
647200 69
647400 69
647600 76
647800 73
648000 76
648200 73
648400 68
648600 70
648800 70
649000 73
649200 70
649400 70
649600 69
649800 69
650000 68
650200 70
650400 71
650600 79
650800 79
651000 83
651200 84
651400 83
651600 76
651800 71
652000 70
652200 70
652400 73
652600 70
652800 68
653000 67
653200 75
653400 74
653600 68
653800 77
654000 73
654200 67
654400 73
654600 70
654800 69
655000 70
655200 72
655400 72
655600 73
655800 76
656000 73
656200 73
656400 71
656600 72
656800 74
657000 73
657200 74
657400 76
657600 74
657800 70
658000 70
658200 70
658400 74
658600 71
658800 70
659000 69
659200 71
659400 71
659600 73
659800 69
660000 71
660200 69
660400 79
660600 74
660800 72
661000 73
661200 79
661400 74
661600 70
661800 73
662000 72
662200 80
662400 71
662600 71
662800 74
663000 74
663200 73
663400 70
663600 70
663800 69
664000 72
664200 71
664400 77
664600 67
664800 69
665000 71
665200 71
665400 73
665600 75
665800 79
666000 76
666200 74
666400 86
666600 74
666800 74
667000 73
667200 73
667400 74
667600 78
667800 77
668000 75
668200 75
668400 77
668600 80
668800 78
669000 81
669200 76
669400 82
669600 76
669800 74
670000 77
670200 77
670400 74
670600 69
670800 75
671000 71
671200 71
671400 75
671600 79
671800 74
672000 74
672200 70
672400 73
672600 73
672800 70
673000 70
673200 69
673400 70
673600 69
673800 71
674000 70
674200 73
674400 82
674600 80
674800 83
675000 82
675200 84
675400 75
675600 76
675800 73
676000 77
676200 84
676400 82
676600 70
676800 70
677000 69
677200 68
677400 73
677600 75
677800 72
678000 72
678200 74
678400 73
678600 74
678800 74
679000 76
679200 71
679400 75
679600 77
679800 76
680000 76
680200 72
680400 75
680600 83
680800 81
681000 78
681200 77
681400 75
681600 77
681800 75
682000 72
682200 74
682400 73
682600 72
682800 69
683000 74
683200 73
683400 69
683600 76
683800 84
684000 80
684200 78
684400 83
684600 78
684800 81
685000 75
685200 76
685400 75
685600 67
685800 65
686000 65
686200 69
686400 66
686600 72
686800 68
687000 71
687200 80
687400 77
687600 74
687800 81
688000 74
688200 70
688400 77
688600 76
688800 78
689000 79
689200 82
689400 82
689600 81
689800 83
690000 78
690200 78
690400 77
690600 79
690800 79
691000 82
691200 87
691400 79
691600 79
691800 83
692000 80
692200 78
692400 75
692600 76
692800 79
693000 77
693200 71
693400 73
693600 74
693800 72
694000 72
694200 72
694400 74
694600 76
694800 84
695000 80
695200 77
695400 79
695600 76
695800 72
696000 78
696200 76
696400 81
696600 72
696800 77
697000 86
697200 73
697400 76
697600 78
697800 81
698000 80
698200 79
698400 79
698600 79
698800 76
699000 78
699200 73
699400 75
699600 80
699800 76
700000 76
700200 72
700400 77
700600 72
700800 67
701000 69
701200 69
701400 76
701600 79
701800 79
702000 78
702200 78
702400 78
702600 71
702800 72
703000 70
703200 74
703400 74
703600 78
703800 76
704000 77
704200 78
704400 73
704600 74
704800 75
705000 75
705200 77
705400 72
705600 78
705800 78
706000 80
706200 77
706400 83
706600 75
706800 78
707000 75
707200 73
707400 73
707600 74
707800 76
708000 79
708200 77
708400 80
708600 80
708800 82
709000 87
709200 83
709400 86
709600 77
709800 78
710000 90
710200 83
710400 76
710600 74
710800 75
711000 76
711200 79
711400 80
711600 79
711800 81
712000 79
712200 76
712400 77
712600 82
712800 85
713000 76
713200 81
713400 75
713600 76
713800 75
714000 79
714200 77
714400 76
714600 72
714800 73
715000 75
715200 73
715400 71
715600 72
715800 74
716000 74
716200 75
716400 77
716600 80
716800 81
717000 81
717200 77
717400 70
717600 77
717800 74
718000 79
718200 79
718400 76
718600 84
718800 84
719000 81
719200 80
719400 78
719600 77
719800 83
720000 82
720200 73
720400 71
720600 70
720800 72
721000 73
721200 73
721400 74
721600 79
721800 74
722000 71
722200 68
722400 69
722600 72
722800 71
723000 68
723200 69
723400 70
723600 70
723800 69
724000 68
724200 68
724400 74
724600 76
724800 70
725000 71
725200 69
725400 73
725600 70
725800 73
726000 69
726200 71
726400 72
726600 77
726800 69
727000 71
727200 72
727400 70
727600 69
727800 74
728000 71
728200 70
728400 69
728600 68
728800 67
729000 68
729200 68
729400 74
729600 70
729800 69
730000 72
730200 72
730400 73
730600 75
730800 75
731000 74
731200 68
731400 69
731600 69
731800 70
732000 69
732200 69
732400 69
732600 74
732800 71
733000 77
733200 74
733400 74
733600 75
733800 73
734000 75
734200 78
734400 77
734600 77
734800 74
735000 74
735200 75
735400 72
735600 73
735800 74
736000 75
736200 75
736400 74
736600 73
736800 73
737000 72
737200 70
737400 75
737600 72
737800 73
738000 70
738200 70
738400 68
738600 69
738800 69
739000 69
739200 74
739400 72
739600 77
739800 69
740000 70
740200 69
740400 70
740600 77
740800 81
741000 81
741200 74
741400 76
741600 73
741800 74
742000 76
742200 71
742400 72
742600 70
742800 71
743000 72
743200 72
743400 72
743600 71
743800 71
744000 73
744200 81
744400 75
744600 81
744800 74
745000 74
745200 81
745400 81
745600 80
745800 78
746000 81
746200 78
746400 81
746600 77
746800 82
747000 72
747200 74
747400 75
747600 74
747800 72
748000 79
748200 80
748400 77
748600 78
748800 77
749000 81
749200 82
749400 80
749600 83
749800 79
750000 78
750200 78
750400 82
750600 81
750800 76
751000 79
751200 76
751400 77
751600 80
751800 72
752000 73
752200 71
752400 75
752600 81
752800 77
753000 75
753200 73
753400 79
753600 84
753800 81
754000 81
754200 77
754400 84
754600 79
754800 84
755000 75
755200 75
755400 74
755600 74
755800 75
756000 79
756200 75
756400 76
756600 76
756800 76
757000 76
757200 73
757400 74
757600 72
757800 70
758000 72
758200 72
758400 80
758600 79
758800 80
759000 74
759200 73
759400 71
759600 73
759800 70
760000 71
760200 71
760400 71
760600 74
760800 75
761000 73
761200 73
761400 75
761600 81
761800 83
762000 81
762200 78
762400 80
762600 77
762800 78
763000 71
763200 78
763400 78
763600 80
763800 76
764000 84
764200 79
764400 77
764600 80
764800 74
765000 75
765200 75
765400 75
765600 73
765800 74
766000 74
766200 82
766400 85
766600 76
766800 77
767000 76
767200 79
767400 76
767600 78
767800 74
768000 76
768200 73
768400 72
768600 73
768800 72
769000 73
769200 72
769400 76
769600 77
769800 80
770000 82
770200 79
770400 77
770600 79
770800 74
771000 73
771200 73
771400 72
771600 76
771800 74
772000 85
772200 78
772400 79
772600 84
772800 78
773000 89
773200 85
773400 79
773600 81
773800 79
774000 78
774200 74
774400 79
774600 72
774800 79
775000 82
775200 81
775400 82
775600 84
775800 83
776000 75
776200 75
776400 75
776600 70
776800 70
777000 71
777200 73
777400 74
777600 75
777800 73
778000 68
778200 76
778400 75
778600 70
778800 70
779000 76
779200 71
779400 75
779600 74
779800 78
780000 73
780200 74
780400 73
780600 75
780800 82
781000 80
781200 80
781400 79
781600 77
781800 76
782000 79
782200 77
782400 76
782600 80
782800 84
783000 85
783200 80
783400 85
783600 86
783800 81
784000 83
784200 79
784400 81
784600 82
784800 78
785000 78
785200 73
785400 81
785600 79
785800 75
786000 76
786200 75
786400 76
786600 75
786800 79
787000 84
787200 82
787400 78
787600 78
787800 82
788000 86
788200 83
788400 77
788600 72
788800 71
789000 71
789200 70
789400 70
789600 74
789800 78
790000 75
790200 69
790400 70
790600 69
790800 71
791000 73
791200 75
791400 77
791600 77
791800 73
792000 77
792200 70
792400 68
792600 68
792800 72
793000 76
793200 75
793400 80
793600 77
793800 69
794000 73
794200 77
794400 78
794600 80
794800 80
795000 84
795200 81
795400 88
795600 83
795800 85
796000 79
796200 84
796400 82
796600 76
796800 75
797000 78
797200 75
797400 73
797600 77
797800 83
798000 90
798200 78
798400 77
798600 74
798800 82
799000 76
799200 82
799400 79
799600 73
799800 72
800000 70
800200 69
800400 70
800600 70
800800 71
801000 68
801200 70
801400 70
801600 70
801800 74
802000 77
802200 77
802400 77
802600 78
802800 73
803000 88
803200 88
803400 82
803600 87
803800 80
804000 76
804200 71
804400 79
804600 83
804800 73
805000 74
805200 75
805400 72
805600 74
805800 72
806000 73
806200 71
806400 72
806600 77
806800 79
807000 76
807200 73
807400 74
807600 81
807800 83
808000 84
808200 97
808400 93
808600 87
808800 78
809000 80
809200 79
809400 82
809600 79
809800 80
810000 85
810200 85
810400 76
810600 74
810800 73
811000 73
811200 76
811400 73
811600 72
811800 72
812000 73
812200 71
812400 77
812600 71
812800 75
813000 73
813200 79
813400 79
813600 76
813800 78
814000 76
814200 77
814400 77
814600 74
814800 77
815000 74
815200 79
815400 77
815600 76
815800 77
816000 79
816200 79
816400 74
816600 75
816800 75
817000 78
817200 85
817400 88
817600 81
817800 77
818000 68
818200 70
818400 76
818600 83
818800 79
819000 73
819200 77
819400 84
819600 80
819800 71
820000 68
820200 73
820400 76
820600 72
820800 72
821000 68
821200 72
821400 67
821600 67
821800 71
822000 73
822200 68
822400 70
822600 70
822800 70
823000 76
823200 75
823400 78
823600 71
823800 70
824000 69
824200 79
824400 73
824600 77
824800 79
825000 79
825200 78
825400 77
825600 74
825800 73
826000 77
826200 74
826400 74
826600 81
826800 79
827000 81
827200 74
827400 71
827600 68
827800 73
828000 79
828200 80
828400 77
828600 74
828800 79
829000 78
829200 79
829400 86
829600 80
829800 89
830000 76
830200 76
830400 70
830600 72
830800 74
831000 70
831200 74
831400 72
831600 75
831800 74
832000 76
832200 76
832400 73
832600 72
832800 76
833000 75
833200 72
833400 72
833600 70
833800 70
834000 78
834200 76
834400 77
834600 76
834800 72
835000 75
835200 73
835400 74
835600 74
835800 81
836000 80
836200 74
836400 74
836600 72
836800 78
837000 77
837200 79
837400 77
837600 80
837800 77
838000 73
838200 77
838400 72
838600 77
838800 81
839000 84
839200 83
839400 82
839600 83
839800 79
840000 79
840200 83
840400 82
840600 79
840800 91
841000 87
841200 87
841400 88
841600 86
841800 83
842000 81
842200 85
842400 85
842600 86
842800 86
843000 85
843200 84
843400 87
843600 81
843800 79
844000 78
844200 84
844400 87
844600 73
844800 72
845000 73
845200 78
845400 71
845600 80
845800 76
846000 84
846200 82
846400 73
846600 76
846800 75
847000 77
847200 78
847400 76
847600 76
847800 75
848000 74
848200 74
848400 75
848600 76
848800 73
849000 73
849200 73
849400 74
849600 76
849800 73
850000 73
850200 78
850400 76
850600 76
850800 75
851000 82
851200 80
851400 75
851600 69
851800 68
852000 68
852200 76
852400 79
852600 75
852800 81
853000 82
853200 79
853400 70
853600 69
853800 69
854000 72
854200 69
854400 73
854600 71
854800 78
855000 73
855200 74
855400 72
855600 76
855800 71
856000 74
856200 69
856400 69
856600 69
856800 71
857000 82
857200 73
857400 67
857600 65
857800 69
858000 78
858200 76
858400 86
858600 77
858800 69
859000 72
859200 74
859400 76
859600 77
859800 75
860000 77
860200 75
860400 70
860600 72
860800 71
861000 71
861200 73
861400 71
861600 75
861800 77
862000 77
862200 73
862400 74
862600 74
862800 77
863000 74
863200 75
863400 78
863600 80
863800 82
864000 81
864200 79
864400 77
864600 77
864800 74
865000 73
865200 71
865400 75
865600 71
865800 70
866000 74
866200 72
866400 76
866600 78
866800 81
867000 81
867200 79
867400 80
867600 77
867800 83
868000 83
868200 75
868400 69
868600 71
868800 73
869000 75
869200 72
869400 79
869600 72
869800 70
870000 72
870200 70
870400 74
870600 77
870800 70
871000 75
871200 74
871400 71
871600 71
871800 76
872000 76
872200 75
872400 76
872600 72
872800 73
873000 78
873200 80
873400 84
873600 77
873800 74
874000 69
874200 69
874400 71
874600 68
874800 68
875000 70
875200 75
875400 73
875600 72
875800 75
876000 71
876200 74
876400 74
876600 75
876800 73
877000 74
877200 70
877400 76
877600 77
877800 73
878000 79
878200 76
878400 77
878600 74
878800 69
879000 76
879200 80
879400 81
879600 77
879800 74
880000 88
880200 76
880400 74
880600 75
880800 70
881000 73
881200 70
881400 71
881600 78
881800 75
882000 77
882200 75
882400 76
882600 78
882800 81
883000 80
883200 77
883400 72
883600 68
883800 71
884000 74
884200 81
884400 77
884600 81
884800 73
885000 71
885200 73
885400 72
885600 69
885800 72
886000 70
886200 76
886400 76
886600 77
886800 83
887000 71
887200 69
887400 68
887600 76
887800 71
888000 75
888200 76
888400 73
888600 71
888800 68
889000 71
889200 71
889400 71
889600 70
889800 71
890000 73
890200 77
890400 72
890600 71
890800 68
891000 73
891200 70
891400 73
891600 77
891800 72
892000 72
892200 76
892400 74
892600 74
892800 75
893000 80
893200 76
893400 74
893600 75
893800 71
894000 74
894200 73
894400 76
894600 82
894800 73
895000 75
895200 77
895400 75
895600 73
895800 76
896000 73
896200 78
896400 72
896600 71
896800 71
897000 75
897200 73
897400 71
897600 74
897800 73
898000 71
898200 69
898400 73
898600 70
898800 71
899000 70
899200 80
899400 76
899600 74
899800 80
900000 72
900200 69
900400 69
900600 69
900800 69
901000 73
901200 69
901400 71
901600 80
901800 82
902000 77
902200 74
902400 71
902600 69
902800 70
903000 68
903200 71
903400 71
903600 75
903800 73
904000 73
904200 75
904400 74
904600 71
904800 70
905000 75
905200 71
905400 66
905600 69
905800 81
906000 79
906200 74
906400 71
906600 72
906800 73
907000 77
907200 74
907400 78
907600 82
907800 80
908000 84
908200 88
908400 81
908600 78
908800 75
909000 78
909200 79
909400 83
909600 78
909800 72
910000 72
910200 72
910400 72
910600 83
910800 79
911000 80
911200 82
911400 79
911600 82
911800 86
912000 82
912200 77
912400 76
912600 81
912800 78
913000 73
913200 76
913400 80
913600 78
913800 77
914000 79
914200 75
914400 83
914600 78
914800 74
915000 78
915200 74
915400 72
915600 71
915800 72
916000 72
916200 72
916400 76
916600 73
916800 75
917000 72
917200 77
917400 77
917600 79
917800 82
918000 75
918200 74
918400 77
918600 76
918800 74
919000 73
919200 82
919400 79
919600 78
919800 78
920000 79
920200 80
920400 72
920600 81
920800 78
921000 77
921200 74
921400 75
921600 79
921800 83
922000 81
922200 74
922400 80
922600 81
922800 75
923000 73
923200 75
923400 78
923600 76
923800 76
924000 73
924200 74
924400 74
924600 77
924800 75
925000 77
925200 76
925400 83
925600 79
925800 81
926000 82
926200 75
926400 74
926600 72
926800 77
927000 83
927200 83
927400 84
927600 82
927800 80
928000 79
928200 79
928400 77
928600 82
928800 78
929000 76
929200 74
929400 74
929600 78
929800 75
930000 74
930200 73
930400 76
930600 79
930800 80
931000 76
931200 78
931400 73
931600 74
931800 81
932000 77
932200 79
932400 80
932600 79
932800 80
933000 76
933200 74
933400 74
933600 79
933800 76
934000 75
934200 77
934400 80
934600 78
934800 77
935000 81
935200 83
935400 78
935600 85
935800 84
936000 80
936200 80
936400 78
936600 73
936800 76
937000 76
937200 82
937400 80
937600 79
937800 74
938000 72
938200 75
938400 79
938600 83
938800 76
939000 75
939200 78
939400 79
939600 92
939800 84
940000 80
940200 75
940400 73
940600 81
940800 74
941000 73
941200 79
941400 73
941600 73
941800 74
942000 73
942200 79
942400 70
942600 72
942800 72
943000 74
943200 76
943400 81
943600 76
943800 74
944000 82
944200 76
944400 78
944600 82
944800 81
945000 83
945200 73
945400 83
945600 80
945800 80
946000 83
946200 75
946400 77
946600 85
946800 74
947000 76
947200 76
947400 71
947600 74
947800 75
948000 76
948200 82
948400 82
948600 83
948800 79
949000 76
949200 72
949400 71
949600 70
949800 81
950000 85
950200 78
950400 79
950600 79
950800 81
951000 85
951200 84
951400 86
951600 76
951800 74
952000 68
952200 73
952400 72
952600 74
952800 81
953000 79
953200 75
953400 75
953600 77
953800 76
954000 72
954200 72
954400 72
954600 77
954800 78
955000 74
955200 72
955400 76
955600 77
955800 76
956000 77
956200 80
956400 76
956600 76
956800 81
957000 80
957200 78
957400 77
957600 76
957800 78
958000 80
958200 77
958400 82
958600 73
958800 78
959000 77
959200 78
959400 85
959600 78
959800 78
960000 79
960200 79
960400 82
960600 82
960800 85
961000 77
961200 74
961400 79
961600 76
961800 72
962000 73
962200 75
962400 77
962600 78
962800 80
963000 78
963200 76
963400 75
963600 76
963800 85
964000 81
964200 81
964400 81
964600 79
964800 81
965000 84
965200 83
965400 84
965600 78
965800 75
966000 74
966200 76
966400 77
966600 77
966800 77
967000 76
967200 74
967400 84
967600 80
967800 75
968000 79
968200 74
968400 75
968600 75
968800 76
969000 79
969200 81
969400 77
969600 85
969800 83
970000 91
970200 77
970400 76
970600 74
970800 74
971000 75
971200 76
971400 83
971600 81
971800 75
972000 73
972200 74
972400 79
972600 80
972800 70
973000 76
973200 75
973400 73
973600 77
973800 74
974000 74
974200 77
974400 77
974600 84
974800 81
975000 77
975200 79
975400 76
975600 76
975800 81
976000 78
976200 77
976400 79
976600 80
976800 79
977000 81
977200 78
977400 77
977600 72
977800 74
978000 75
978200 82
978400 77
978600 77
978800 75
979000 72
979200 74
979400 78
979600 77
979800 75
980000 72
980200 73
980400 76
980600 76
980800 79
981000 76
981200 76
981400 78
981600 74
981800 75
982000 78
982200 76
982400 72
982600 70
982800 70
983000 71
983200 74
983400 71
983600 73
983800 74
984000 74
984200 75
984400 76
984600 77
984800 73
985000 72
985200 73
985400 77
985600 76
985800 76
986000 75
986200 73
986400 72
986600 72
986800 73
987000 69
987200 71
987400 72
987600 76
987800 79
988000 81
988200 80
988400 76
988600 74
988800 75
989000 75
989200 75
989400 82
989600 82
989800 78
990000 77
990200 77
990400 77
990600 76
990800 78
991000 71
991200 74
991400 76
991600 80
991800 81
992000 79
992200 79
992400 81
992600 79
992800 80
993000 77
993200 80
993400 77
993600 75
993800 78
994000 77
994200 84
994400 81
994600 78
994800 77
995000 81
995200 79
995400 80
995600 80
995800 80
996000 81
996200 93
996400 94
996600 91
996800 81
997000 76
997200 71
997400 73
997600 72
997800 79
998000 74
998200 82
998400 78
998600 79
998800 80
999000 75
999200 79
999400 80
999600 77
999800 81
1000000 79
