200 151
400 139
600 133
800 133
1000 150
1200 120
1400 143
1600 143
1800 167
2000 165
2200 150
2400 140
2600 139
2800 146
3000 165
3200 152
3400 149
3600 161
3800 153
4000 161
4200 148
4400 137
4600 156
4800 149
5000 152
5200 158
5400 153
5600 171
5800 162
6000 150
6200 139
6400 158
6600 139
6800 144
7000 138
7200 136
7400 159
7600 158
7800 138
8000 149
8200 171
8400 137
8600 144
8800 174
9000 157
9200 156
9400 145
9600 135
9800 163
10000 158
10200 166
10400 130
10600 156
10800 155
11000 148
11200 146
11400 153
11600 159
11800 161
12000 136
12200 164
12400 149
12600 164
12800 141
13000 136
13200 156
13400 141
13600 140
13800 176
14000 164
14200 148
14400 144
14600 148
14800 126
15000 165
15200 146
15400 176
15600 147
15800 140
16000 150
16200 156
16400 167
16600 158
16800 129
17000 156
17200 135
17400 145
17600 144
17800 165
18000 138
18200 155
18400 138
18600 145
18800 136
19000 169
19200 172
19400 150
19600 149
19800 162
20000 132
20200 124
20400 126
20600 139
20800 163
21000 147
21200 141
21400 156
21600 146
21800 158
22000 174
22200 156
22400 153
22600 139
22800 136
23000 163
23200 142
23400 146
23600 163
23800 145
24000 159
24200 152
24400 122
24600 150
24800 163
25000 156
25200 164
25400 158
25600 168
25800 154
26000 146
26200 149
26400 157
26600 132
26800 149
27000 153
27200 146
27400 160
27600 144
27800 143
28000 167
28200 166
28400 161
28600 149
28800 149
29000 149
29200 132
29400 151
29600 146
29800 148
30000 155
30200 150
30400 152
30600 145
30800 132
31000 156
31200 169
31400 142
31600 149
31800 156
32000 167
32200 140
32400 155
32600 134
32800 123
33000 152
33200 159
33400 138
33600 127
33800 154
34000 140
34200 145
34400 161
34600 154
34800 146
35000 146
35200 160
35400 158
35600 138
35800 145
36000 164
36200 158
36400 154
36600 165
36800 145
37000 133
37200 139
37400 166
37600 121
37800 164
38000 137
38200 154
38400 145
38600 171
38800 164
39000 154
39200 137
39400 148
39600 149
39800 124
40000 145
40200 151
40400 128
40600 169
40800 150
41000 145
41200 143
41400 152
41600 147
41800 164
42000 144
42200 153
42400 132
42600 158
42800 149
43000 164
43200 153
43400 137
43600 155
43800 147
44000 142
44200 145
44400 168
44600 152
44800 156
45000 150
45200 155
45400 144
45600 148
45800 148
46000 143
46200 143
46400 169
46600 143
46800 127
47000 142
47200 168
47400 152
47600 140
47800 140
48000 134
48200 140
48400 161
48600 146
48800 169
49000 146
49200 153
49400 138
49600 143
49800 157
50000 153
50200 141
50400 158
50600 153
50800 174
51000 152
51200 148
51400 152
51600 161
51800 147
52000 151
52200 162
52400 153
52600 141
52800 166
53000 135
53200 145
53400 153
53600 154
53800 176
54000 156
54200 147
54400 139
54600 126
54800 155
55000 166
55200 161
55400 157
55600 173
55800 140
56000 138
56200 140
56400 136
56600 132
56800 148
57000 156
57200 144
57400 152
57600 159
57800 160
58000 148
58200 158
58400 131
58600 150
58800 151
59000 142
59200 154
59400 153
59600 149
59800 161
60000 140
60200 171
60400 162
60600 151
60800 151
61000 147
61200 134
61400 152
61600 159
61800 149
62000 145
62200 149
62400 153
62600 161
62800 154
63000 154
63200 161
63400 151
63600 143
63800 159
64000 138
64200 145
64400 143
64600 147
64800 165
65000 145
65200 140
65400 149
65600 153
65800 146
66000 165
66200 120
66400 158
66600 147
66800 158
67000 119
67200 133
67400 141
67600 156
67800 132
68000 132
68200 135
68400 166
68600 150
68800 144
69000 136
69200 163
69400 164
69600 149
69800 156
70000 152
70200 140
70400 165
70600 153
70800 153
71000 145
71200 169
71400 152
71600 147
71800 157
72000 143
72200 144
72400 149
72600 158
72800 128
73000 150
73200 150
73400 153
73600 167
73800 145
74000 155
74200 156
74400 170
74600 150
74800 158
75000 154
75200 146
75400 151
75600 153
75800 164
76000 164
76200 151
76400 158
76600 176
76800 145
77000 154
77200 156
77400 157
77600 132
77800 113
78000 164
78200 159
78400 147
78600 146
78800 148
79000 158
79200 161
79400 146
79600 135
79800 139
80000 147
80200 152
80400 151
80600 158
80800 150
81000 172
81200 143
81400 169
81600 169
81800 152
82000 142
82200 167
82400 153
82600 175
82800 163
83000 166
83200 137
83400 141
83600 154
83800 161
84000 154
84200 140
84400 161
84600 159
84800 143
85000 162
85200 166
85400 148
85600 154
85800 139
86000 141
86200 152
86400 144
86600 146
86800 156
87000 149
87200 164
87400 157
87600 154
87800 135
88000 130
88200 150
88400 145
88600 161
88800 147
89000 158
89200 146
89400 152
89600 162
89800 154
90000 155
90200 135
90400 156
90600 144
90800 152
91000 167
91200 152
91400 159
91600 170
91800 155
92000 176
92200 134
92400 144
92600 131
92800 159
93000 156
93200 148
93400 147
93600 162
93800 142
94000 161
94200 150
94400 162
94600 152
94800 137
95000 148
95200 137
95400 153
95600 151
95800 172
96000 158
96200 153
96400 155
96600 142
96800 164
97000 136
97200 148
97400 135
97600 143
97800 165
98000 123
98200 149
98400 125
98600 158
98800 153
99000 145
99200 148
99400 153
99600 149
99800 168
100000 137
100200 134
100400 149
100600 163
100800 143
101000 135
101200 152
101400 156
101600 150
101800 135
102000 149
102200 150
102400 152
102600 134
102800 141
103000 157
103200 164
103400 150
103600 165
103800 169
104000 154
104200 149
104400 145
104600 148
104800 139
105000 146
105200 150
105400 147
105600 152
105800 152
106000 158
106200 135
106400 153
106600 143
106800 146
107000 125
107200 155
107400 153
107600 148
107800 144
108000 145
108200 153
108400 157
108600 161
108800 144
109000 167
109200 142
109400 139
109600 141
109800 146
110000 163
110200 144
110400 168
110600 156
110800 156
111000 142
111200 150
111400 137
111600 160
111800 169
112000 134
112200 135
112400 169
112600 129
112800 164
113000 154
113200 135
113400 140
113600 150
113800 154
114000 143
114200 161
114400 147
114600 151
114800 137
115000 143
115200 156
115400 154
115600 154
115800 132
116000 162
116200 152
116400 143
116600 144
116800 145
117000 166
117200 146
117400 155
117600 142
117800 153
118000 148
118200 141
118400 148
118600 150
118800 158
119000 142
119200 168
119400 157
119600 155
119800 160
120000 165
120200 125
120400 154
120600 145
120800 162
121000 168
121200 143
121400 154
121600 146
121800 137
122000 150
122200 153
122400 152
122600 155
122800 149
123000 145
123200 132
123400 172
123600 143
123800 157
124000 147
124200 142
124400 167
124600 154
124800 160
125000 142
125200 140
125400 167
125600 135
125800 145
126000 131
126200 152
126400 159
126600 125
126800 146
127000 149
127200 140
127400 160
127600 146
127800 135
128000 163
128200 142
128400 125
128600 151
128800 144
129000 148
129200 155
129400 159
129600 159
129800 129
130000 140
130200 150
130400 154
130600 145
130800 145
131000 160
131200 171
131400 146
131600 166
131800 155
132000 145
132200 155
132400 144
132600 143
132800 154
133000 164
133200 133
133400 149
133600 148
133800 138
134000 164
134200 170
134400 153
134600 145
134800 150
135000 146
135200 159
135400 165
135600 153
135800 153
136000 125
136200 137
136400 126
136600 149
136800 151
137000 170
137200 155
137400 149
137600 156
137800 144
138000 159
138200 163
138400 173
138600 156
138800 153
139000 174
139200 148
139400 138
139600 151
139800 159
140000 151
140200 148
140400 140
140600 154
140800 151
141000 150
141200 146
141400 133
141600 153
141800 155
142000 151
142200 144
142400 153
142600 149
142800 165
143000 150
143200 166
143400 161
143600 130
143800 142
144000 164
144200 144
144400 133
144600 138
144800 148
145000 159
145200 159
145400 154
145600 149
145800 149
146000 150
146200 164
146400 162
146600 153
146800 141
147000 158
147200 158
147400 152
147600 136
147800 155
148000 147
148200 163
148400 144
148600 140
148800 162
149000 149
149200 147
149400 157
149600 127
149800 161
150000 147
150200 148
150400 180
150600 151
150800 149
151000 151
151200 144
151400 155
151600 156
151800 175
152000 151
152200 148
152400 150
152600 152
152800 159
153000 156
153200 162
153400 153
153600 167
153800 160
154000 146
154200 140
154400 153
154600 153
154800 156
155000 154
155200 156
155400 131
155600 167
155800 157
156000 136
156200 158
156400 142
156600 150
156800 157
157000 151
157200 149
157400 164
157600 151
157800 162
158000 138
158200 150
158400 166
158600 142
158800 177
159000 145
159200 154
159400 149
159600 123
159800 147
160000 146
160200 131
160400 145
160600 152
160800 139
161000 153
161200 139
161400 132
161600 170
161800 117
162000 145
162200 165
162400 130
162600 166
162800 142
163000 131
163200 152
163400 147
163600 150
163800 138
164000 144
164200 156
164400 143
164600 153
164800 150
165000 169
165200 148
165400 144
165600 148
165800 147
166000 151
166200 143
166400 139
166600 156
166800 142
167000 146
167200 148
167400 169
167600 161
167800 135
168000 157
168200 148
168400 143
168600 167
168800 168
169000 168
169200 156
169400 166
169600 138
169800 152
170000 157
170200 147
170400 142
170600 155
170800 147
171000 156
171200 159
171400 156
171600 175
171800 150
172000 159
172200 147
172400 156
172600 127
172800 145
173000 144
173200 147
173400 138
173600 140
173800 165
174000 140
174200 164
174400 145
174600 155
174800 162
175000 141
175200 142
175400 152
175600 135
175800 153
176000 136
176200 139
176400 148
176600 151
176800 148
177000 140
177200 139
177400 141
177600 152
177800 161
178000 137
178200 153
178400 139
178600 170
178800 126
179000 148
179200 154
179400 146
179600 143
179800 149
180000 143
180200 167
180400 122
180600 161
180800 153
181000 137
181200 150
181400 158
181600 135
181800 140
182000 149
182200 135
182400 173
182600 151
182800 156
183000 157
183200 157
183400 141
183600 140
183800 146
184000 156
184200 159
184400 165
184600 148
184800 159
185000 159
185200 154
185400 155
185600 148
185800 153
186000 139
186200 157
186400 139
186600 158
186800 145
187000 141
187200 156
187400 141
187600 130
187800 155
188000 151
188200 163
188400 155
188600 167
188800 143
189000 144
189200 150
189400 142
189600 142
189800 150
190000 144
190200 158
190400 145
190600 144
190800 161
191000 151
191200 146
191400 157
191600 143
191800 133
192000 143
192200 138
192400 154
192600 159
192800 162
193000 155
193200 157
193400 160
193600 133
193800 147
194000 134
194200 172
194400 145
194600 158
194800 156
195000 129
195200 155
195400 144
195600 150
195800 149
196000 144
196200 156
196400 142
196600 165
196800 127
197000 146
197200 173
197400 156
197600 140
197800 144
198000 161
198200 169
198400 151
198600 169
198800 137
199000 167
199200 159
199400 144
199600 159
199800 177
200000 157
200200 141
200400 141
200600 141
200800 146
201000 135
201200 136
201400 139
201600 134
201800 150
202000 157
202200 147
202400 169
202600 160
202800 148
203000 159
203200 133
203400 156
203600 158
203800 146
204000 150
204200 160
204400 173
204600 145
204800 158
205000 153
205200 163
205400 146
205600 149
205800 124
206000 136
206200 154
206400 162
206600 153
206800 166
207000 146
207200 143
207400 159
207600 145
207800 162
208000 146
208200 136
208400 150
208600 155
208800 155
209000 158
209200 179
209400 128
209600 170
209800 155
210000 154
210200 151
210400 148
210600 156
210800 159
211000 158
211200 157
211400 125
211600 154
211800 146
212000 157
212200 140
212400 145
212600 141
212800 159
213000 151
213200 139
213400 136
213600 142
213800 157
214000 129
214200 155
214400 141
214600 154
214800 147
215000 148
215200 148
215400 134
215600 154
215800 154
216000 159
216200 156
216400 148
216600 144
216800 163
217000 167
217200 131
217400 155
217600 142
217800 147
218000 147
218200 130
218400 140
218600 156
218800 150
219000 152
219200 150
219400 143
219600 128
219800 148
220000 150
220200 130
220400 131
220600 153
220800 136
221000 152
221200 144
221400 162
221600 134
221800 165
222000 173
222200 152
222400 139
222600 152
222800 148
223000 160
223200 154
223400 155
223600 135
223800 138
224000 159
224200 133
224400 154
224600 149
224800 158
225000 141
225200 160
225400 161
225600 156
225800 138
226000 138
226200 136
226400 149
226600 145
226800 141
227000 143
227200 150
227400 157
227600 158
227800 128
228000 159
228200 132
228400 160
228600 146
228800 139
229000 135
229200 158
229400 139
229600 146
229800 141
230000 172
230200 158
230400 133
230600 143
230800 157
231000 161
231200 149
231400 143
231600 163
231800 133
232000 170
232200 149
232400 143
232600 152
232800 146
233000 150
233200 140
233400 124
233600 149
233800 150
234000 165
234200 138
234400 145
234600 128
234800 124
235000 159
235200 144
235400 141
235600 153
235800 144
236000 146
236200 141
236400 146
236600 153
236800 166
237000 141
237200 151
237400 160
237600 154
237800 133
238000 140
238200 140
238400 152
238600 152
238800 120
239000 172
239200 138
239400 145
239600 127
239800 155
240000 150
240200 133
240400 139
240600 153
240800 142
241000 168
241200 150
241400 143
241600 143
241800 148
242000 140
242200 164
242400 158
242600 164
242800 167
243000 150
243200 173
243400 142
243600 164
243800 129
244000 150
244200 146
244400 170
244600 146
244800 162
245000 157
245200 143
245400 159
245600 143
245800 155
246000 153
246200 157
246400 138
246600 137
246800 140
247000 153
247200 157
247400 148
247600 155
247800 128
248000 150
248200 145
248400 149
248600 167
248800 154
249000 153
249200 148
249400 162
249600 154
249800 161
250000 154
250200 158
250400 137
250600 154
250800 148
251000 155
251200 135
251400 147
251600 168
251800 162
252000 165
252200 151
252400 162
252600 149
252800 139
253000 151
253200 129
253400 130
253600 162
253800 156
254000 162
254200 171
254400 144
254600 134
254800 147
255000 135
255200 163
255400 147
255600 141
255800 140
256000 153
256200 156
256400 151
256600 123
256800 157
257000 136
257200 161
257400 156
257600 154
257800 153
258000 171
258200 143
258400 168
258600 161
258800 157
259000 151
259200 149
259400 148
259600 162
259800 140
260000 152
260200 166
260400 146
260600 158
260800 155
261000 155
261200 153
261400 155
261600 150
261800 150
262000 175
262200 163
262400 154
262600 154
262800 152
263000 127
263200 134
263400 154
263600 153
263800 124
264000 163
264200 178
264400 152
264600 166
264800 155
265000 132
265200 148
265400 145
265600 152
265800 169
266000 150
266200 168
266400 151
266600 160
266800 178
267000 157
267200 149
267400 150
267600 157
267800 142
268000 153
268200 144
268400 151
268600 152
268800 155
269000 146
269200 152
269400 150
269600 153
269800 135
270000 152
270200 160
270400 156
270600 130
270800 159
271000 165
271200 150
271400 144
271600 134
271800 171
272000 150
272200 138
272400 157
272600 137
272800 158
273000 132
273200 151
273400 162
273600 143
273800 138
274000 136
274200 152
274400 154
274600 140
274800 151
275000 143
275200 153
275400 151
275600 157
275800 158
276000 159
276200 153
276400 151
276600 152
276800 157
277000 144
277200 151
277400 141
277600 154
277800 143
278000 147
278200 167
278400 147
278600 152
278800 157
279000 160
279200 143
279400 131
279600 152
279800 149
280000 137
280200 132
280400 155
280600 151
280800 157
281000 121
281200 160
281400 165
281600 145
281800 155
282000 157
282200 118
282400 147
282600 168
282800 148
283000 159
283200 154
283400 153
283600 133
283800 151
284000 160
284200 148
284400 142
284600 169
284800 142
285000 159
285200 153
285400 170
285600 147
285800 161
286000 162
286200 132
286400 144
286600 166
286800 132
287000 143
287200 151
287400 144
287600 153
287800 160
288000 147
288200 145
288400 134
288600 132
288800 157
289000 156
289200 142
289400 152
289600 166
289800 165
290000 143
290200 136
290400 151
290600 155
290800 142
291000 149
291200 151
291400 140
291600 167
291800 170
292000 138
292200 156
292400 171
292600 168
292800 152
293000 139
293200 138
293400 169
293600 133
293800 148
294000 140
294200 163
294400 143
294600 159
294800 155
295000 143
295200 152
295400 142
295600 139
295800 163
296000 167
296200 151
296400 136
296600 145
296800 149
297000 133
297200 160
297400 158
297600 154
297800 145
298000 145
298200 139
298400 165
298600 149
298800 130
299000 158
299200 153
299400 156
299600 166
299800 171
300000 159
300200 143
300400 144
300600 156
300800 138
301000 146
301200 151
301400 156
301600 149
301800 171
302000 128
302200 148
302400 153
302600 157
302800 144
303000 159
303200 160
303400 159
303600 163
303800 149
304000 166
304200 149
304400 147
304600 151
304800 149
305000 133
305200 146
305400 163
305600 142
305800 140
306000 120
306200 156
306400 134
306600 124
306800 163
307000 144
307200 153
307400 154
307600 145
307800 146
308000 137
308200 154
308400 151
308600 114
308800 152
309000 160
309200 160
309400 147
309600 159
309800 147
310000 158
310200 149
310400 136
310600 157
310800 143
311000 162
311200 150
311400 144
311600 167
311800 151
312000 168
312200 147
312400 168
312600 139
312800 130
313000 139
313200 147
313400 152
313600 154
313800 154
314000 148
314200 166
314400 150
314600 139
314800 138
315000 160
315200 149
315400 160
315600 145
315800 152
316000 155
316200 154
316400 140
316600 150
316800 152
317000 151
317200 152
317400 147
317600 148
317800 149
318000 158
318200 160
318400 151
318600 128
318800 161
319000 155
319200 159
319400 174
319600 159
319800 147
320000 160
320200 140
320400 155
320600 161
320800 153
321000 139
321200 157
321400 175
321600 149
321800 143
322000 143
322200 160
322400 153
322600 150
322800 144
323000 159
323200 161
323400 138
323600 134
323800 146
324000 161
324200 151
324400 159
324600 154
324800 160
325000 131
325200 152
325400 132
325600 138
325800 152
326000 152
326200 154
326400 141
326600 139
326800 152
327000 137
327200 160
327400 165
327600 156
327800 151
328000 131
328200 138
328400 145
328600 147
328800 156
329000 146
329200 145
329400 135
329600 163
329800 144
330000 147
330200 159
330400 166
330600 151
330800 145
331000 147
331200 145
331400 153
331600 151
331800 158
332000 145
332200 160
332400 149
332600 146
332800 159
333000 148
333200 162
333400 176
333600 145
333800 158
334000 155
334200 155
334400 163
334600 168
334800 146
335000 127
335200 152
335400 138
335600 160
335800 143
336000 128
336200 161
336400 157
336600 145
336800 158
337000 163
337200 158
337400 142
337600 151
337800 156
338000 142
338200 161
338400 149
338600 137
338800 150
339000 155
339200 156
339400 153
339600 141
339800 153
340000 138
340200 164
340400 129
340600 153
340800 171
341000 151
341200 144
341400 139
341600 165
341800 145
342000 158
342200 135
342400 142
342600 161
342800 152
343000 146
343200 162
343400 146
343600 144
343800 170
344000 156
344200 172
344400 158
344600 143
344800 157
345000 149
345200 157
345400 152
345600 145
345800 149
346000 153
346200 154
346400 144
346600 146
346800 153
347000 157
347200 147
347400 160
347600 125
347800 140
348000 162
348200 143
348400 144
348600 144
348800 141
349000 167
349200 140
349400 138
349600 134
349800 164
350000 168
350200 154
350400 147
350600 158
350800 145
351000 151
351200 168
351400 138
351600 149
351800 145
352000 142
352200 164
352400 151
352600 157
352800 149
353000 155
353200 147
353400 143
353600 159
353800 173
354000 145
354200 139
354400 163
354600 180
354800 155
355000 145
355200 155
355400 159
355600 158
355800 155
356000 134
356200 151
356400 153
356600 138
356800 152
357000 126
357200 142
357400 138
357600 140
357800 154
358000 142
358200 151
358400 160
358600 171
358800 156
359000 157
359200 143
359400 170
359600 152
359800 136
360000 134
360200 151
360400 157
360600 149
360800 147
361000 145
361200 145
361400 152
361600 157
361800 173
362000 154
362200 152
362400 156
362600 135
362800 149
363000 156
363200 143
363400 153
363600 130
363800 148
364000 162
364200 144
364400 158
364600 136
364800 162
365000 145
365200 133
365400 142
365600 127
365800 141
366000 172
366200 151
366400 160
366600 147
366800 158
367000 145
367200 143
367400 145
367600 151
367800 149
368000 177
368200 155
368400 153
368600 156
368800 134
369000 153
369200 156
369400 164
369600 132
369800 150
370000 146
370200 157
370400 149
370600 169
370800 151
371000 150
371200 144
371400 151
371600 140
371800 152
372000 148
372200 162
372400 139
372600 153
372800 162
373000 149
373200 143
373400 141
373600 134
373800 143
374000 124
374200 137
374400 150
374600 159
374800 141
375000 144
375200 148
375400 164
375600 159
375800 156
376000 134
376200 128
376400 173
376600 141
376800 147
377000 133
377200 152
377400 162
377600 163
377800 129
378000 151
378200 154
378400 172
378600 156
378800 156
379000 146
379200 145
379400 152
379600 160
379800 164
380000 148
380200 167
380400 143
380600 155
380800 161
381000 152
381200 160
381400 152
381600 156
381800 136
382000 146
382200 153
382400 155
382600 155
382800 156
383000 153
383200 164
383400 137
383600 143
383800 142
384000 159
384200 151
384400 159
384600 146
384800 154
385000 136
385200 144
385400 142
385600 145
385800 154
386000 143
386200 164
386400 134
386600 151
386800 150
387000 150
387200 162
387400 131
387600 141
387800 163
388000 132
388200 137
388400 119
388600 143
388800 146
389000 120
389200 145
389400 141
389600 154
389800 146
390000 136
390200 169
390400 149
390600 147
390800 129
391000 152
391200 142
391400 154
391600 134
391800 167
392000 132
392200 179
392400 136
392600 159
392800 137
393000 146
393200 144
393400 155
393600 166
393800 161
394000 166
394200 154
394400 176
394600 158
394800 152
395000 163
395200 160
395400 136
395600 157
395800 143
396000 149
396200 132
396400 154
396600 164
396800 163
397000 168
397200 161
397400 156
397600 156
397800 160
398000 140
398200 149
398400 161
398600 142
398800 144
399000 163
399200 152
399400 150
399600 146
399800 145
400000 148
400200 140
400400 129
400600 148
400800 157
401000 156
401200 137
401400 170
401600 160
401800 143
402000 155
402200 150
402400 144
402600 147
402800 128
403000 152
403200 148
403400 169
403600 160
403800 141
404000 166
404200 147
404400 150
404600 151
404800 143
405000 133
405200 135
405400 163
405600 154
405800 169
406000 138
406200 140
406400 156
406600 141
406800 162
407000 167
407200 158
407400 146
407600 146
407800 145
408000 150
408200 147
408400 135
408600 158
408800 155
409000 145
409200 138
409400 157
409600 140
409800 144
410000 146
410200 137
410400 150
410600 159
410800 156
411000 134
411200 144
411400 144
411600 129
411800 140
412000 150
412200 144
412400 157
412600 144
412800 140
413000 158
413200 148
413400 149
413600 159
413800 151
414000 141
414200 152
414400 139
414600 158
414800 144
415000 145
415200 149
415400 160
415600 141
415800 146
416000 156
416200 173
416400 132
416600 158
416800 165
417000 138
417200 150
417400 145
417600 150
417800 155
418000 140
418200 146
418400 146
418600 156
418800 159
419000 155
419200 134
419400 160
419600 139
419800 150
420000 150
420200 147
420400 169
420600 155
420800 147
421000 165
421200 156
421400 147
421600 133
421800 147
422000 173
422200 151
422400 149
422600 124
422800 153
423000 176
423200 144
423400 150
423600 151
423800 142
424000 131
424200 135
424400 152
424600 147
424800 142
425000 136
425200 131
425400 158
425600 163
425800 163
426000 146
426200 138
426400 144
426600 159
426800 146
427000 139
427200 141
427400 163
427600 146
427800 159
428000 149
428200 139
428400 152
428600 140
428800 146
429000 147
429200 132
429400 145
429600 132
429800 150
430000 146
430200 159
430400 152
430600 142
430800 157
431000 151
431200 153
431400 158
431600 148
431800 146
432000 145
432200 154
432400 164
432600 139
432800 146
433000 171
433200 153
433400 148
433600 159
433800 141
434000 153
434200 142
434400 162
434600 149
434800 159
435000 148
435200 140
435400 133
435600 132
435800 139
436000 149
436200 139
436400 158
436600 162
436800 144
437000 171
437200 157
437400 150
437600 145
437800 149
438000 146
438200 130
438400 146
438600 143
438800 143
439000 162
439200 161
439400 158
439600 154
439800 165
440000 146
440200 151
440400 157
440600 142
440800 149
441000 149
441200 143
441400 149
441600 151
441800 129
442000 144
442200 156
442400 162
442600 157
442800 139
443000 149
443200 151
443400 157
443600 137
443800 172
444000 152
444200 145
444400 131
444600 148
444800 151
445000 142
445200 166
445400 156
445600 148
445800 157
446000 160
446200 149
446400 146
446600 153
446800 170
447000 167
447200 159
447400 145
447600 153
447800 155
448000 147
448200 135
448400 162
448600 157
448800 155
449000 153
449200 150
449400 138
449600 153
449800 151
450000 150
450200 161
450400 132
450600 148
450800 154
451000 149
451200 142
451400 158
451600 158
451800 147
452000 152
452200 152
452400 144
452600 157
452800 148
453000 137
453200 165
453400 172
453600 166
453800 153
454000 134
454200 135
454400 141
454600 158
454800 156
455000 155
455200 153
455400 164
455600 148
455800 158
456000 144
456200 141
456400 148
456600 156
456800 165
457000 145
457200 147
457400 165
457600 146
457800 162
458000 150
458200 155
458400 153
458600 135
458800 131
459000 142
459200 142
459400 155
459600 141
459800 148
460000 151
460200 145
460400 144
460600 159
460800 154
461000 146
461200 135
461400 146
461600 166
461800 140
462000 150
462200 135
462400 148
462600 167
462800 154
463000 138
463200 146
463400 169
463600 156
463800 156
464000 140
464200 158
464400 161
464600 160
464800 143
465000 138
465200 151
465400 161
465600 145
465800 169
466000 135
466200 149
466400 137
466600 140
466800 121
467000 127
467200 151
467400 144
467600 159
467800 144
468000 140
468200 144
468400 148
468600 143
468800 150
469000 158
469200 141
469400 160
469600 143
469800 150
470000 138
470200 166
470400 151
470600 143
470800 152
471000 172
471200 149
471400 148
471600 141
471800 182
472000 161
472200 170
472400 149
472600 157
472800 159
473000 152
473200 151
473400 145
473600 150
473800 141
474000 166
474200 145
474400 153
474600 148
474800 146
475000 162
475200 148
475400 148
475600 149
475800 135
476000 125
476200 142
476400 147
476600 159
476800 145
477000 154
477200 158
477400 132
477600 150
477800 147
478000 150
478200 139
478400 167
478600 143
478800 137
479000 161
479200 162
479400 139
479600 157
479800 146
480000 154
480200 149
480400 162
480600 135
480800 155
481000 156
481200 145
481400 161
481600 156
481800 153
482000 158
482200 142
482400 141
482600 157
482800 155
483000 162
483200 141
483400 147
483600 142
483800 170
484000 171
484200 140
484400 149
484600 150
484800 157
485000 132
485200 161
485400 145
485600 153
485800 156
486000 158
486200 158
486400 132
486600 170
486800 146
487000 131
487200 153
487400 161
487600 137
487800 154
488000 149
488200 145
488400 164
488600 134
488800 147
489000 169
489200 132
489400 145
489600 141
489800 153
490000 141
490200 114
490400 164
490600 158
490800 153
491000 168
491200 142
491400 149
491600 151
491800 153
492000 139
492200 159
492400 158
492600 163
492800 151
493000 149
493200 146
493400 156
493600 151
493800 152
494000 137
494200 170
494400 132
494600 147
494800 128
495000 142
495200 152
495400 128
495600 121
495800 169
496000 154
496200 142
496400 156
496600 163
496800 148
497000 152
497200 155
497400 137
497600 149
497800 170
498000 136
498200 168
498400 166
498600 154
498800 160
499000 147
499200 168
499400 167
499600 137
499800 150
500000 138
500200 138
500400 145
500600 145
500800 137
501000 150
501200 134
501400 162
501600 171
501800 135
502000 135
502200 157
502400 144
502600 140
502800 161
503000 162
503200 127
503400 146
503600 153
503800 145
504000 160
504200 142
504400 159
504600 130
504800 144
505000 163
505200 153
505400 137
505600 171
505800 152
506000 157
506200 158
506400 158
506600 154
506800 150
507000 153
507200 150
507400 173
507600 173
507800 146
508000 183
508200 150
508400 144
508600 144
508800 146
509000 138
509200 153
509400 144
509600 161
509800 161
510000 140
510200 153
510400 157
510600 170
510800 145
511000 152
511200 165
511400 172
511600 150
511800 156
512000 147
512200 155
512400 164
512600 152
512800 148
513000 144
513200 155
513400 142
513600 146
513800 146
514000 148
514200 158
514400 173
514600 158
514800 141
515000 141
515200 132
515400 136
515600 157
515800 162
516000 122
516200 143
516400 152
516600 144
516800 147
517000 134
517200 133
517400 152
517600 134
517800 132
518000 129
518200 154
518400 146
518600 144
518800 134
519000 145
519200 160
519400 156
519600 157
519800 126
520000 163
520200 150
520400 145
520600 150
520800 151
521000 161
521200 149
521400 152
521600 135
521800 144
522000 158
522200 143
522400 148
522600 157
522800 159
523000 136
523200 146
523400 148
523600 158
523800 173
524000 156
524200 163
524400 162
524600 153
524800 149
525000 151
525200 171
525400 155
525600 163
525800 155
526000 140
526200 150
526400 145
526600 160
526800 162
527000 171
527200 138
527400 146
527600 144
527800 132
528000 157
528200 135
528400 134
528600 170
528800 150
529000 158
529200 143
529400 153
529600 157
529800 153
530000 144
530200 124
530400 161
530600 134
530800 145
531000 162
531200 151
531400 147
531600 165
531800 143
532000 124
532200 156
532400 152
532600 124
532800 175
533000 169
533200 140
533400 142
533600 162
533800 140
534000 133
534200 147
534400 144
534600 141
534800 151
535000 154
535200 141
535400 162
535600 148
535800 155
536000 160
536200 154
536400 153
536600 161
536800 129
537000 155
537200 164
537400 149
537600 138
537800 152
538000 121
538200 147
538400 166
538600 149
538800 153
539000 144
539200 151
539400 155
539600 153
539800 141
540000 142
540200 152
540400 151
540600 156
540800 159
541000 150
541200 163
541400 146
541600 138
541800 142
542000 155
542200 166
542400 137
542600 151
542800 154
543000 156
543200 149
543400 140
543600 166
543800 146
544000 148
544200 139
544400 158
544600 134
544800 156
545000 145
545200 163
545400 162
545600 149
545800 146
546000 167
546200 131
546400 163
546600 160
546800 159
547000 134
547200 156
547400 123
547600 157
547800 152
548000 126
548200 137
548400 161
548600 144
548800 159
549000 126
549200 140
549400 139
549600 140
549800 144
550000 155
550200 155
550400 144
550600 142
550800 156
551000 150
551200 139
551400 144
551600 143
551800 148
552000 138
552200 146
552400 148
552600 153
552800 128
553000 146
553200 154
553400 155
553600 160
553800 161
554000 155
554200 168
554400 133
554600 168
554800 139
555000 142
555200 147
555400 154
555600 145
555800 158
556000 141
556200 156
556400 159
556600 142
556800 154
557000 145
557200 141
557400 162
557600 129
557800 156
558000 124
558200 166
558400 137
558600 142
558800 144
559000 164
559200 151
559400 138
559600 146
559800 162
560000 148
560200 155
560400 129
560600 171
560800 130
561000 164
561200 163
561400 160
561600 150
561800 169
562000 153
562200 148
562400 152
562600 160
562800 145
563000 145
563200 161
563400 168
563600 154
563800 148
564000 140
564200 151
564400 124
564600 142
564800 151
565000 159
565200 149
565400 131
565600 144
565800 146
566000 150
566200 141
566400 141
566600 152
566800 168
567000 139
567200 152
567400 151
567600 147
567800 148
568000 160
568200 162
568400 168
568600 160
568800 169
569000 132
569200 175
569400 136
569600 161
569800 155
570000 136
570200 158
570400 146
570600 150
570800 147
571000 152
571200 147
571400 159
571600 163
571800 177
572000 155
572200 155
572400 158
572600 144
572800 147
573000 160
573200 171
573400 154
573600 146
573800 144
574000 133
574200 144
574400 153
574600 154
574800 157
575000 159
575200 146
575400 159
575600 175
575800 159
576000 152
576200 144
576400 149
576600 138
576800 145
577000 148
577200 156
577400 139
577600 145
577800 173
578000 168
578200 139
578400 164
578600 155
578800 153
579000 159
579200 141
579400 138
579600 148
579800 156
580000 159
580200 161
580400 158
580600 151
580800 153
581000 141
581200 157
581400 167
581600 140
581800 142
582000 168
582200 137
582400 147
582600 154
582800 164
583000 140
583200 149
583400 151
583600 149
583800 170
584000 161
584200 141
584400 157
584600 168
584800 157
585000 137
585200 133
585400 163
585600 150
585800 131
586000 162
586200 141
586400 161
586600 149
586800 151
587000 145
587200 155
587400 167
587600 155
587800 124
588000 143
588200 154
588400 153
588600 154
588800 146
589000 136
589200 148
589400 152
589600 166
589800 158
590000 151
590200 148
590400 145
590600 157
590800 150
591000 133
591200 159
591400 146
591600 146
591800 156
592000 150
592200 148
592400 161
592600 148
592800 147
593000 147
593200 149
593400 154
593600 159
593800 175
594000 128
594200 163
594400 145
594600 143
594800 156
595000 136
595200 157
595400 155
595600 149
595800 158
596000 142
596200 159
596400 147
596600 158
596800 152
597000 168
597200 143
597400 154
597600 165
597800 145
598000 154
598200 134
598400 163
598600 146
598800 128
599000 158
599200 170
599400 140
599600 159
599800 151
600000 148
600200 141
600400 152
600600 144
600800 162
601000 156
601200 154
601400 154
601600 141
601800 147
602000 143
602200 144
602400 144
602600 146
602800 135
603000 158
603200 162
603400 142
603600 140
603800 149
604000 142
604200 167
604400 140
604600 149
604800 161
605000 135
605200 156
605400 173
605600 141
605800 156
606000 144
606200 169
606400 145
606600 159
606800 148
607000 156
607200 158
607400 153
607600 144
607800 143
608000 148
608200 160
608400 157
608600 139
608800 152
609000 159
609200 146
609400 163
609600 152
609800 149
610000 158
610200 128
610400 154
610600 154
610800 159
611000 146
611200 157
611400 168
611600 132
611800 155
612000 154
612200 147
612400 137
612600 153
612800 129
613000 146
613200 138
613400 138
613600 147
613800 163
614000 154
614200 158
614400 160
614600 127
614800 149
615000 157
615200 160
615400 174
615600 130
615800 145
616000 169
616200 150
616400 142
616600 167
616800 151
617000 171
617200 158
617400 154
617600 148
617800 153
618000 141
618200 181
618400 152
618600 131
618800 160
619000 162
619200 158
619400 152
619600 156
619800 166
620000 155
620200 143
620400 141
620600 147
620800 171
621000 153
621200 153
621400 156
621600 140
621800 136
622000 168
622200 155
622400 164
622600 153
622800 134
623000 152
623200 165
623400 144
623600 143
623800 167
624000 176
624200 154
624400 159
624600 121
624800 162
625000 151
625200 158
625400 142
625600 153
625800 157
626000 137
626200 159
626400 154
626600 141
626800 158
627000 136
627200 152
627400 160
627600 157
627800 154
628000 140
628200 168
628400 169
628600 148
628800 126
629000 161
629200 164
629400 170
629600 154
629800 159
630000 149
630200 146
630400 150
630600 163
630800 162
631000 147
631200 150
631400 132
631600 145
631800 127
632000 168
632200 153
632400 158
632600 160
632800 130
633000 159
633200 143
633400 142
633600 123
633800 153
634000 128
634200 147
634400 131
634600 146
634800 171
635000 166
635200 150
635400 157
635600 136
635800 152
636000 161
636200 164
636400 144
636600 146
636800 163
637000 166
637200 161
637400 144
637600 158
637800 161
638000 147
638200 151
638400 148
638600 133
638800 161
639000 152
639200 141
639400 161
639600 136
639800 143
640000 147
640200 140
640400 153
640600 159
640800 169
641000 154
641200 148
641400 146
641600 146
641800 151
642000 123
642200 151
642400 147
642600 149
642800 154
643000 157
643200 159
643400 162
643600 149
643800 150
644000 168
644200 141
644400 134
644600 150
644800 130
645000 137
645200 140
645400 165
645600 121
645800 157
646000 149
646200 154
646400 153
646600 160
646800 160
647000 144
647200 143
647400 149
647600 157
647800 153
648000 150
648200 150
648400 138
648600 153
648800 146
649000 139
649200 159
649400 157
649600 153
649800 150
650000 152
650200 158
650400 148
650600 139
650800 146
651000 151
651200 163
651400 159
651600 143
651800 145
652000 147
652200 145
652400 159
652600 146
652800 143
653000 133
653200 136
653400 161
653600 153
653800 148
654000 139
654200 156
654400 150
654600 150
654800 172
655000 163
655200 156
655400 164
655600 168
655800 165
656000 134
656200 149
656400 147
656600 152
656800 147
657000 146
657200 143
657400 134
657600 165
657800 137
658000 165
658200 152
658400 151
658600 137
658800 154
659000 148
659200 124
659400 164
659600 169
659800 143
660000 163
660200 134
660400 151
660600 156
660800 152
661000 163
661200 156
661400 146
661600 153
661800 153
662000 132
662200 150
662400 166
662600 150
662800 152
663000 142
663200 146
663400 158
663600 153
663800 139
664000 143
664200 140
664400 148
664600 154
664800 153
665000 136
665200 161
665400 157
665600 149
665800 139
666000 121
666200 144
666400 143
666600 113
666800 145
667000 142
667200 145
667400 157
667600 144
667800 162
668000 159
668200 152
668400 162
668600 163
668800 147
669000 157
669200 139
669400 156
669600 143
669800 141
670000 150
670200 162
670400 165
670600 149
670800 155
671000 159
671200 146
671400 140
671600 132
671800 155
672000 140
672200 147
672400 140
672600 147
672800 157
673000 138
673200 140
673400 152
673600 157
673800 162
674000 145
674200 149
674400 164
674600 143
674800 136
675000 160
675200 137
675400 142
675600 140
675800 152
676000 147
676200 142
676400 147
676600 154
676800 155
677000 146
677200 140
677400 145
677600 159
677800 164
678000 148
678200 163
678400 157
678600 174
678800 153
679000 147
679200 144
679400 151
679600 154
679800 150
680000 174
680200 155
680400 140
680600 147
680800 140
681000 159
681200 140
681400 148
681600 135
681800 142
682000 144
682200 153
682400 158
682600 148
682800 150
683000 162
683200 154
683400 167
683600 138
683800 142
684000 158
684200 175
684400 153
684600 170
684800 133
685000 135
685200 146
685400 172
685600 162
685800 148
686000 141
686200 131
686400 130
686600 136
686800 170
687000 144
687200 165
687400 142
687600 157
687800 156
688000 150
688200 159
688400 169
688600 160
688800 139
689000 137
689200 139
689400 163
689600 144
689800 140
690000 135
690200 167
690400 164
690600 141
690800 154
691000 146
691200 145
691400 138
691600 149
691800 164
692000 150
692200 140
692400 147
692600 152
692800 162
693000 134
693200 140
693400 156
693600 163
693800 156
694000 174
694200 131
694400 125
694600 142
694800 165
695000 121
695200 144
695400 135
695600 161
695800 166
696000 165
696200 155
696400 169
696600 147
696800 144
697000 147
697200 164
697400 148
697600 148
697800 158
698000 147
698200 133
698400 142
698600 138
698800 158
699000 155
699200 148
699400 141
699600 151
699800 148
700000 156
700200 155
700400 167
700600 151
700800 135
701000 146
701200 159
701400 146
701600 129
701800 162
702000 144
702200 128
702400 138
702600 156
702800 157
703000 144
703200 174
703400 145
703600 145
703800 152
704000 159
704200 160
704400 114
704600 155
704800 159
705000 145
705200 146
705400 153
705600 126
705800 168
706000 151
706200 154
706400 162
706600 168
706800 148
707000 161
707200 157
707400 157
707600 156
707800 151
708000 146
708200 161
708400 139
708600 151
708800 152
709000 155
709200 155
709400 154
709600 162
709800 146
710000 169
710200 162
710400 158
710600 173
710800 159
711000 163
711200 152
711400 163
711600 141
711800 138
712000 158
712200 160
712400 150
712600 158
712800 154
713000 144
713200 140
713400 150
713600 151
713800 156
714000 152
714200 154
714400 153
714600 148
714800 161
715000 143
715200 133
715400 153
715600 145
715800 140
716000 144
716200 173
716400 160
716600 164
716800 126
717000 152
717200 145
717400 159
717600 149
717800 171
718000 166
718200 150
718400 150
718600 162
718800 134
719000 157
719200 147
719400 131
719600 164
719800 146
720000 141
720200 161
720400 159
720600 154
720800 154
721000 157
721200 146
721400 164
721600 148
721800 158
722000 159
722200 152
722400 175
722600 135
722800 141
723000 159
723200 170
723400 127
723600 154
723800 166
724000 147
724200 148
724400 151
724600 151
724800 140
725000 156
725200 151
725400 146
725600 147
725800 149
726000 158
726200 132
726400 156
726600 160
726800 149
727000 155
727200 159
727400 148
727600 169
727800 165
728000 153
728200 167
728400 158
728600 141
728800 150
729000 135
729200 144
729400 136
729600 148
729800 147
730000 151
730200 152
730400 156
730600 138
730800 145
731000 158
731200 131
731400 153
731600 160
731800 151
732000 130
732200 157
732400 152
732600 163
732800 139
733000 159
733200 157
733400 151
733600 157
733800 141
734000 141
734200 145
734400 177
734600 139
734800 146
735000 164
735200 153
735400 151
735600 147
735800 145
736000 138
736200 154
736400 165
736600 144
736800 126
737000 148
737200 142
737400 167
737600 151
737800 150
738000 140
738200 163
738400 162
738600 165
738800 142
739000 158
739200 149
739400 155
739600 165
739800 149
740000 161
740200 141
740400 150
740600 154
740800 148
741000 173
741200 140
741400 145
741600 141
741800 145
742000 154
742200 160
742400 140
742600 144
742800 153
743000 155
743200 153
743400 157
743600 143
743800 152
744000 131
744200 166
744400 149
744600 140
744800 146
745000 153
745200 158
745400 161
745600 158
745800 131
746000 136
746200 149
746400 128
746600 132
746800 168
747000 163
747200 169
747400 159
747600 143
747800 142
748000 170
748200 130
748400 143
748600 151
748800 146
749000 148
749200 119
749400 160
749600 138
749800 160
750000 166
750200 148
750400 138
750600 140
750800 141
751000 131
751200 151
751400 164
751600 143
751800 162
752000 153
752200 143
752400 166
752600 117
752800 148
753000 174
753200 161
753400 162
753600 152
753800 143
754000 138
754200 171
754400 162
754600 126
754800 159
755000 153
755200 145
755400 162
755600 141
755800 165
756000 143
756200 149
756400 164
756600 150
756800 146
757000 176
757200 163
757400 145
757600 164
757800 126
758000 145
758200 145
758400 159
758600 132
758800 151
759000 130
759200 154
759400 115
759600 155
759800 160
760000 148
760200 164
760400 152
760600 148
760800 166
761000 168
761200 156
761400 153
761600 141
761800 145
762000 161
762200 141
762400 141
762600 143
762800 128
763000 142
763200 143
763400 145
763600 128
763800 133
764000 155
764200 150
764400 157
764600 165
764800 159
765000 141
765200 141
765400 151
765600 159
765800 136
766000 141
766200 151
766400 148
766600 152
766800 137
767000 144
767200 146
767400 133
767600 136
767800 146
768000 142
768200 149
768400 144
768600 169
768800 148
769000 136
769200 157
769400 157
769600 162
769800 149
770000 138
770200 140
770400 157
770600 166
770800 165
771000 142
771200 150
771400 141
771600 129
771800 161
772000 169
772200 156
772400 149
772600 172
772800 129
773000 148
773200 158
773400 154
773600 165
773800 145
774000 140
774200 144
774400 156
774600 177
774800 161
775000 146
775200 154
775400 149
775600 130
775800 170
776000 144
776200 145
776400 126
776600 157
776800 143
777000 141
777200 150
777400 146
777600 160
777800 142
778000 155
778200 144
778400 145
778600 145
778800 141
779000 149
779200 151
779400 171
779600 157
779800 155
780000 152
780200 165
780400 159
780600 171
780800 152
781000 132
781200 165
781400 163
781600 154
781800 159
782000 155
782200 146
782400 169
782600 138
782800 157
783000 146
783200 136
783400 145
783600 156
783800 147
784000 150
784200 140
784400 151
784600 163
784800 155
785000 147
785200 137
785400 129
785600 132
785800 140
786000 143
786200 164
786400 137
786600 156
786800 134
787000 152
787200 149
787400 164
787600 168
787800 131
788000 150
788200 150
788400 165
788600 169
788800 135
789000 136
789200 149
789400 124
789600 169
789800 141
790000 149
790200 133
790400 154
790600 139
790800 146
791000 170
791200 153
791400 146
791600 149
791800 153
792000 156
792200 143
792400 150
792600 151
792800 151
793000 138
793200 145
793400 142
793600 162
793800 164
794000 140
794200 148
794400 160
794600 168
794800 154
795000 167
795200 152
795400 163
795600 158
795800 140
796000 154
796200 139
796400 155
796600 159
796800 154
797000 136
797200 165
797400 161
797600 158
797800 165
798000 146
798200 142
798400 150
798600 146
798800 153
799000 163
799200 152
799400 129
799600 144
799800 157
800000 144
800200 155
800400 139
800600 131
800800 146
801000 152
801200 160
801400 154
801600 162
801800 158
802000 144
802200 130
802400 141
802600 152
802800 144
803000 148
803200 144
803400 148
803600 174
803800 149
804000 151
804200 141
804400 165
804600 160
804800 137
805000 148
805200 161
805400 161
805600 150
805800 161
806000 132
806200 138
806400 158
806600 151
806800 153
807000 141
807200 160
807400 138
807600 164
807800 143
808000 149
808200 166
808400 160
808600 166
808800 137
809000 160
809200 139
809400 162
809600 148
809800 142
810000 145
810200 139
810400 138
810600 142
810800 155
811000 131
811200 144
811400 149
811600 147
811800 166
812000 127
812200 151
812400 158
812600 161
812800 150
813000 147
813200 139
813400 143
813600 168
813800 143
814000 161
814200 140
814400 143
814600 164
814800 158
815000 142
815200 157
815400 144
815600 177
815800 124
816000 154
816200 146
816400 130
816600 147
816800 150
817000 153
817200 166
817400 152
817600 153
817800 146
818000 163
818200 127
818400 140
818600 156
818800 132
819000 154
819200 169
819400 138
819600 141
819800 150
820000 147
820200 150
820400 164
820600 145
820800 156
821000 159
821200 167
821400 136
821600 160
821800 161
822000 128
822200 145
822400 159
822600 150
822800 147
823000 138
823200 152
823400 164
823600 154
823800 154
824000 153
824200 151
824400 152
824600 137
824800 143
825000 163
825200 167
825400 161
825600 167
825800 148
826000 143
826200 156
826400 154
826600 160
826800 148
827000 135
827200 133
827400 140
827600 155
827800 156
828000 154
828200 140
828400 137
828600 143
828800 150
829000 168
829200 148
829400 149
829600 155
829800 142
830000 154
830200 142
830400 140
830600 152
830800 144
831000 160
831200 134
831400 143
831600 156
831800 154
832000 138
832200 159
832400 143
832600 145
832800 160
833000 164
833200 133
833400 150
833600 158
833800 153
834000 153
834200 149
834400 144
834600 152
834800 151
835000 162
835200 171
835400 154
835600 169
835800 142
836000 151
836200 129
836400 140
836600 163
836800 162
837000 155
837200 139
837400 154
837600 167
837800 152
838000 151
838200 157
838400 158
838600 148
838800 154
839000 163
839200 153
839400 145
839600 132
839800 158
840000 148
840200 147
840400 154
840600 161
840800 134
841000 139
841200 156
841400 150
841600 161
841800 147
842000 174
842200 152
842400 152
842600 129
842800 161
843000 126
843200 152
843400 147
843600 154
843800 140
844000 151
844200 156
844400 157
844600 172
844800 172
845000 140
845200 147
845400 157
845600 152
845800 136
846000 165
846200 150
846400 151
846600 137
846800 154
847000 158
847200 136
847400 135
847600 160
847800 169
848000 144
848200 141
848400 145
848600 154
848800 132
849000 169
849200 164
849400 141
849600 146
849800 139
850000 167
850200 160
850400 144
850600 133
850800 150
851000 145
851200 153
851400 167
851600 130
851800 161
852000 139
852200 157
852400 147
852600 147
852800 136
853000 173
853200 147
853400 161
853600 171
853800 141
854000 145
854200 167
854400 138
854600 148
854800 147
855000 145
855200 155
855400 169
855600 163
855800 146
856000 140
856200 147
856400 169
856600 163
856800 149
857000 154
857200 140
857400 148
857600 168
857800 153
858000 142
858200 164
858400 130
858600 153
858800 155
859000 159
859200 166
859400 140
859600 144
859800 178
860000 159
860200 146
860400 152
860600 146
860800 151
861000 160
861200 151
861400 166
861600 160
861800 142
862000 150
862200 157
862400 148
862600 165
862800 159
863000 141
863200 147
863400 177
863600 160
863800 155
864000 146
864200 140
864400 157
864600 166
864800 184
865000 170
865200 164
865400 142
865600 164
865800 148
866000 154
866200 154
866400 147
866600 120
866800 138
867000 154
867200 160
867400 149
867600 157
867800 139
868000 134
868200 148
868400 141
868600 159
868800 151
869000 160
869200 144
869400 153
869600 152
869800 153
870000 146
870200 136
870400 159
870600 137
870800 156
871000 153
871200 159
871400 148
871600 155
871800 158
872000 150
872200 152
872400 150
872600 152
872800 141
873000 138
873200 151
873400 149
873600 151
873800 153
874000 156
874200 131
874400 134
874600 164
874800 151
875000 148
875200 164
875400 150
875600 148
875800 144
876000 145
876200 145
876400 156
876600 165
876800 137
877000 169
877200 159
877400 165
877600 142
877800 166
878000 138
878200 155
878400 141
878600 161
878800 141
879000 146
879200 160
879400 149
879600 146
879800 136
880000 162
880200 158
880400 143
880600 150
880800 168
881000 127
881200 151
881400 161
881600 170
881800 143
882000 133
882200 150
882400 154
882600 152
882800 147
883000 159
883200 126
883400 178
883600 160
883800 152
884000 160
884200 159
884400 159
884600 172
884800 156
885000 163
885200 152
885400 159
885600 158
885800 154
886000 140
886200 151
886400 157
886600 153
886800 129
887000 149
887200 159
887400 174
887600 143
887800 139
888000 149
888200 147
888400 148
888600 173
888800 144
889000 166
889200 139
889400 156
889600 171
889800 150
890000 144
890200 151
890400 140
890600 131
890800 146
891000 148
891200 158
891400 154
891600 134
891800 166
892000 152
892200 157
892400 153
892600 157
892800 118
893000 149
893200 152
893400 146
893600 125
893800 144
894000 146
894200 146
894400 170
894600 122
894800 136
895000 161
895200 141
895400 143
895600 148
895800 165
896000 134
896200 145
896400 162
896600 148
896800 149
897000 152
897200 143
897400 157
897600 166
897800 173
898000 151
898200 146
898400 140
898600 165
898800 137
899000 145
899200 164
899400 153
899600 167
899800 150
900000 162
900200 163
900400 141
900600 152
900800 160
901000 142
901200 153
901400 142
901600 158
901800 134
902000 159
902200 161
902400 153
902600 129
902800 130
903000 151
903200 149
903400 163
903600 151
903800 155
904000 158
904200 149
904400 172
904600 139
904800 154
905000 144
905200 160
905400 148
905600 148
905800 144
906000 135
906200 149
906400 140
906600 140
906800 156
907000 138
907200 159
907400 163
907600 156
907800 150
908000 152
908200 145
908400 162
908600 159
908800 144
909000 152
909200 144
909400 141
909600 141
909800 146
910000 165
910200 151
910400 151
910600 154
910800 157
911000 140
911200 165
911400 160
911600 151
911800 170
912000 131
912200 144
912400 174
912600 163
912800 140
913000 139
913200 161
913400 140
913600 167
913800 142
914000 169
914200 144
914400 170
914600 148
914800 161
915000 178
915200 129
915400 155
915600 131
915800 133
916000 141
916200 167
916400 140
916600 153
916800 132
917000 136
917200 164
917400 169
917600 160
917800 147
918000 150
918200 151
918400 152
918600 165
918800 150
919000 151
919200 159
919400 158
919600 140
919800 149
920000 152
920200 158
920400 169
920600 150
920800 156
921000 156
921200 149
921400 171
921600 142
921800 145
922000 146
922200 163
922400 150
922600 159
922800 153
923000 159
923200 164
923400 165
923600 148
923800 156
924000 142
924200 135
924400 156
924600 172
924800 155
925000 162
925200 147
925400 153
925600 144
925800 165
926000 155
926200 152
926400 165
926600 160
926800 157
927000 148
927200 168
927400 161
927600 151
927800 146
928000 177
928200 138
928400 144
928600 158
928800 140
929000 151
929200 155
929400 147
929600 143
929800 134
930000 157
930200 158
930400 136
930600 143
930800 156
931000 183
931200 150
931400 149
931600 153
931800 164
932000 159
932200 155
932400 149
932600 154
932800 169
933000 143
933200 162
933400 140
933600 130
933800 161
934000 155
934200 154
934400 149
934600 150
934800 151
935000 163
935200 146
935400 144
935600 159
935800 125
936000 156
936200 134
936400 149
936600 160
936800 153
937000 161
937200 163
937400 166
937600 127
937800 149
938000 162
938200 150
938400 147
938600 144
938800 157
939000 152
939200 156
939400 148
939600 150
939800 150
940000 153
940200 154
940400 142
940600 144
940800 158
941000 161
941200 142
941400 152
941600 151
941800 157
942000 156
942200 142
942400 142
942600 134
942800 147
943000 160
943200 160
943400 165
943600 184
943800 139
944000 170
944200 131
944400 153
944600 151
944800 158
945000 152
945200 168
945400 142
945600 148
945800 146
946000 147
946200 159
946400 158
946600 169
946800 150
947000 153
947200 155
947400 141
947600 148
947800 122
948000 149
948200 153
948400 129
948600 131
948800 145
949000 139
949200 146
949400 168
949600 165
949800 160
950000 161
950200 148
950400 149
950600 151
950800 149
951000 166
951200 147
951400 161
951600 161
951800 139
952000 152
952200 155
952400 160
952600 132
952800 144
953000 141
953200 136
953400 145
953600 159
953800 154
954000 163
954200 151
954400 159
954600 163
954800 157
955000 127
955200 151
955400 169
955600 148
955800 151
956000 148
956200 133
956400 139
956600 146
956800 156
957000 133
957200 143
957400 159
957600 169
957800 148
958000 126
958200 158
958400 132
958600 161
958800 146
959000 135
959200 139
959400 166
959600 137
959800 141
960000 150
960200 165
960400 154
960600 141
960800 132
961000 166
961200 146
961400 176
961600 144
961800 148
962000 144
962200 167
962400 154
962600 151
962800 150
963000 158
963200 146
963400 135
963600 148
963800 155
964000 146
964200 155
964400 137
964600 163
964800 132
965000 143
965200 146
965400 152
965600 142
965800 158
966000 153
966200 148
966400 151
966600 149
966800 147
967000 151
967200 153
967400 142
967600 138
967800 144
968000 163
968200 153
968400 145
968600 129
968800 148
969000 128
969200 143
969400 141
969600 143
969800 162
970000 147
970200 169
970400 166
970600 141
970800 147
971000 149
971200 159
971400 128
971600 177
971800 168
972000 171
972200 146
972400 147
972600 145
972800 156
973000 148
973200 160
973400 131
973600 153
973800 155
974000 149
974200 145
974400 163
974600 135
974800 146
975000 133
975200 162
975400 163
975600 145
975800 130
976000 153
976200 152
976400 153
976600 146
976800 147
977000 135
977200 145
977400 145
977600 149
977800 156
978000 155
978200 143
978400 165
978600 147
978800 153
979000 164
979200 169
979400 147
979600 132
979800 156
980000 151
980200 172
980400 147
980600 156
980800 149
981000 135
981200 154
981400 161
981600 147
981800 140
982000 158
982200 135
982400 136
982600 159
982800 155
983000 168
983200 125
983400 147
983600 151
983800 175
984000 141
984200 167
984400 156
984600 147
984800 150
985000 157
985200 137
985400 145
985600 155
985800 149
986000 146
986200 150
986400 160
986600 157
986800 145
987000 141
987200 154
987400 159
987600 163
987800 145
988000 147
988200 146
988400 143
988600 141
988800 164
989000 125
989200 168
989400 148
989600 157
989800 150
990000 134
990200 143
990400 142
990600 153
990800 163
991000 145
991200 140
991400 167
991600 146
991800 152
992000 167
992200 167
992400 138
992600 141
992800 172
993000 130
993200 139
993400 150
993600 156
993800 153
994000 122
994200 167
994400 168
994600 150
994800 160
995000 161
995200 141
995400 157
995600 168
995800 155
996000 153
996200 157
996400 146
996600 162
996800 134
997000 150
997200 160
997400 162
997600 153
997800 146
998000 143
998200 162
998400 163
998600 156
998800 141
999000 154
999200 141
999400 162
999600 169
999800 155
1000000 146
