50 196
100 196
150 196
200 196
250 196
300 196
350 196
400 196
450 196
500 196
550 196
600 196
650 196
700 196
750 196
800 196
850 196
900 196
950 196
1000 180
1050 180
1100 180
1150 180
1200 180
1250 180
1300 180
1350 171
1400 171
1450 171
1500 171
1550 171
1600 171
1650 171
1700 171
1750 171
1800 171
1850 171
1900 171
1950 171
2000 171
2050 171
2100 162
2150 162
2200 162
2250 162
2300 162
2350 162
2400 162
2450 162
2500 162
2550 162
2600 162
2650 162
2700 162
2750 162
2800 162
2850 162
2900 162
2950 162
3000 162
3050 162
3100 162
3150 162
3200 162
3250 162
3300 162
3350 162
3400 162
3450 162
3500 162
3550 162
3600 162
3650 162
3700 162
3750 162
3800 146
3850 146
3900 146
3950 146
4000 146
4050 146
4100 146
4150 146
4200 146
4250 146
4300 146
4350 146
4400 132
4450 132
4500 132
4550 132
4600 132
4650 132
4700 132
4750 132
4800 132
4850 132
4900 132
4950 132
5000 132
5050 132
5100 132
5150 132
5200 132
5250 132
5300 132
5350 132
5400 132
5450 132
5500 132
5550 132
5600 132
5650 132
5700 132
5750 132
5800 132
5850 132
5900 132
5950 132
6000 132
6050 132
6100 132
6150 132
6200 132
6250 132
6300 132
6350 132
6400 132
6450 132
6500 132
6550 132
6600 132
6650 132
6700 132
6750 132
6800 132
6850 132
6900 132
6950 132
7000 132
7050 132
7100 132
7150 132
7200 132
7250 132
7300 132
7350 132
7400 132
7450 132
7500 132
7550 132
7600 132
7650 132
7700 132
7750 132
7800 132
7850 132
7900 132
7950 132
8000 132
8050 132
8100 132
8150 132
8200 132
8250 132
8300 132
8350 132
8400 132
8450 132
8500 132
8550 132
8600 132
8650 132
8700 132
8750 132
8800 132
8850 132
8900 132
8950 132
9000 132
9050 132
9100 132
9150 132
9200 132
9250 132
9300 132
9350 132
9400 132
9450 132
9500 132
9550 132
9600 132
9650 132
9700 132
9750 132
9800 132
9850 132
9900 132
9950 132
10000 132
10050 132
10100 132
10150 132
10200 132
10250 132
10300 132
10350 132
10400 132
10450 132
10500 132
10550 132
10600 132
10650 132
10700 132
10750 132
10800 132
10850 132
10900 132
10950 132
11000 132
11050 132
11100 132
11150 132
11200 132
11250 132
11300 132
11350 132
11400 132
11450 132
11500 132
11550 132
11600 132
11650 132
11700 131
11750 131
11800 131
11850 131
11900 131
11950 131
12000 131
12050 131
12100 131
12150 131
12200 131
12250 131
12300 131
12350 131
12400 131
12450 131
12500 131
12550 131
12600 131
12650 131
12700 131
12750 131
12800 131
12850 131
12900 127
12950 127
13000 127
13050 127
13100 118
13150 118
13200 118
13250 118
13300 118
13350 118
13400 118
13450 118
13500 115
13550 115
13600 115
13650 115
13700 115
13750 115
13800 115
13850 115
13900 115
13950 115
14000 115
14050 115
14100 115
14150 115
14200 115
14250 115
14300 115
14350 115
14400 115
14450 115
14500 115
14550 115
14600 115
14650 115
14700 115
14750 115
14800 115
14850 115
14900 115
14950 115
15000 115
15050 115
15100 115
15150 115
15200 115
15250 115
15300 115
15350 110
15400 110
15450 110
15500 110
15550 110
15600 110
15650 110
15700 110
15750 110
15800 110
15850 110
15900 110
15950 110
16000 110
16050 110
16100 110
16150 108
16200 108
16250 108
16300 108
16350 108
16400 108
16450 108
16500 108
16550 108
16600 108
16650 108
16700 108
16750 108
16800 108
16850 108
16900 108
16950 108
17000 108
17050 108
17100 108
17150 108
17200 108
17250 108
17300 108
17350 108
17400 108
17450 108
17500 108
17550 108
17600 108
17650 108
17700 105
17750 105
17800 105
17850 105
17900 105
17950 105
18000 105
18050 105
18100 105
18150 105
18200 105
18250 105
18300 105
18350 105
18400 105
18450 105
18500 105
18550 105
18600 105
18650 105
18700 105
18750 105
18800 105
18850 105
18900 105
18950 105
19000 105
19050 105
19100 105
19150 105
19200 105
19250 105
19300 105
19350 105
19400 105
19450 105
19500 105
19550 105
19600 105
19650 105
19700 105
19750 105
19800 104
19850 104
19900 104
19950 104
20000 104
20050 104
20100 104
20150 104
20200 104
20250 104
20300 104
20350 104
20400 104
20450 104
20500 104
20550 104
20600 104
20650 104
20700 104
20750 104
20800 104
20850 104
20900 104
20950 104
21000 104
21050 104
21100 104
21150 104
21200 104
21250 104
21300 104
21350 104
21400 104
21450 104
21500 100
21550 100
21600 100
21650 100
21700 100
21750 100
21800 100
21850 100
21900 100
21950 100
22000 100
22050 100
22100 100
22150 100
22200 100
22250 100
22300 100
22350 100
22400 100
22450 100
22500 100
22550 100
22600 100
22650 100
22700 100
22750 100
22800 100
22850 100
22900 100
22950 100
23000 100
23050 100
23100 100
23150 100
23200 100
23250 100
23300 100
23350 100
23400 100
23450 100
23500 100
23550 100
23600 100
23650 100
23700 100
23750 100
23800 100
23850 100
23900 100
23950 100
24000 100
24050 100
24100 100
24150 100
24200 100
24250 100
24300 100
24350 100
24400 100
24450 100
24500 100
24550 100
24600 100
24650 100
24700 100
24750 100
24800 100
24850 100
24900 100
24950 100
25000 100
25050 100
25100 100
25150 96
25200 96
25250 96
25300 96
25350 96
25400 96
25450 96
25500 96
25550 96
25600 96
25650 96
25700 96
25750 96
25800 96
25850 96
25900 96
25950 96
26000 96
26050 96
26100 96
26150 96
26200 96
26250 96
26300 96
26350 96
26400 96
26450 96
26500 96
26550 95
26600 95
26650 95
26700 95
26750 95
26800 95
26850 95
26900 95
26950 95
27000 95
27050 95
27100 95
27150 95
27200 95
27250 95
27300 95
27350 95
27400 95
27450 95
27500 95
27550 95
27600 95
27650 95
27700 95
27750 95
27800 95
27850 95
27900 95
27950 95
28000 95
28050 95
28100 95
28150 95
28200 95
28250 95
28300 95
28350 95
28400 95
28450 95
28500 95
28550 95
28600 95
28650 95
28700 95
28750 95
28800 95
28850 95
28900 95
28950 95
29000 95
29050 95
29100 95
29150 95
29200 95
29250 93
29300 93
29350 91
29400 91
29450 91
29500 91
29550 91
29600 91
29650 91
29700 91
29750 91
29800 91
29850 89
29900 89
29950 89
30000 89
30050 89
30100 89
30150 89
30200 89
30250 89
30300 89
30350 89
30400 89
30450 87
30500 87
30550 87
30600 87
30650 87
30700 87
30750 87
30800 87
30850 87
30900 85
30950 85
31000 82
31050 82
31100 82
31150 82
31200 82
31250 80
31300 80
31350 80
31400 80
31450 80
31500 80
31550 80
31600 80
31650 79
31700 79
31750 79
31800 79
31850 79
31900 79
31950 79
32000 79
32050 79
32100 79
32150 79
32200 79
32250 79
32300 79
32350 79
32400 79
32450 79
32500 79
32550 79
32600 79
32650 79
32700 79
32750 79
32800 79
32850 79
32900 79
32950 79
33000 79
33050 79
33100 79
33150 79
33200 79
33250 79
33300 79
33350 79
33400 79
33450 79
33500 79
33550 79
33600 79
33650 79
33700 79
33750 79
33800 79
33850 79
33900 79
33950 79
34000 79
34050 79
34100 79
34150 79
34200 79
34250 79
34300 79
34350 79
34400 79
34450 79
34500 79
34550 79
34600 79
34650 79
34700 79
34750 79
34800 79
34850 79
34900 79
34950 79
35000 79
35050 79
35100 79
35150 79
35200 79
35250 79
35300 79
35350 79
35400 79
35450 79
35500 79
35550 79
35600 79
35650 79
35700 79
35750 79
35800 79
35850 79
35900 79
35950 79
36000 79
36050 79
36100 79
36150 79
36200 79
36250 79
36300 79
36350 79
36400 79
36450 79
36500 79
36550 79
36600 79
36650 79
36700 79
36750 79
36800 79
36850 79
36900 79
36950 79
37000 79
37050 79
37100 79
37150 79
37200 79
37250 79
37300 79
37350 79
37400 79
37450 79
37500 79
37550 79
37600 79
37650 79
37700 79
37750 79
37800 79
37850 79
37900 79
37950 79
38000 79
38050 79
38100 79
38150 79
38200 79
38250 79
38300 79
38350 79
38400 79
38450 79
38500 79
38550 79
38600 79
38650 79
38700 79
38750 79
38800 79
38850 79
38900 79
38950 79
39000 79
39050 79
39100 79
39150 79
39200 79
39250 79
39300 79
39350 79
39400 79
39450 79
39500 79
39550 79
39600 79
39650 79
39700 79
39750 79
39800 79
39850 79
39900 79
39950 79
40000 79
40050 79
40100 79
40150 79
40200 79
40250 79
40300 79
40350 79
40400 79
40450 79
40500 79
40550 79
40600 79
40650 79
40700 79
40750 79
40800 79
40850 79
40900 79
40950 79
41000 79
41050 79
41100 79
41150 79
41200 79
41250 79
41300 79
41350 79
41400 79
41450 79
41500 79
41550 79
41600 79
41650 79
41700 79
41750 79
41800 79
41850 79
41900 79
41950 79
42000 79
42050 79
42100 79
42150 79
42200 79
42250 79
42300 79
42350 79
42400 79
42450 79
42500 79
42550 79
42600 79
42650 79
42700 79
42750 79
42800 79
42850 79
42900 79
42950 79
43000 79
43050 79
43100 79
43150 79
43200 79
43250 79
43300 79
43350 79
43400 79
43450 79
43500 79
43550 79
43600 79
43650 79
43700 79
43750 79
43800 79
43850 79
43900 79
43950 79
44000 79
44050 79
44100 79
44150 79
44200 79
44250 79
44300 79
44350 79
44400 79
44450 79
44500 79
44550 79
44600 79
44650 79
44700 79
44750 79
44800 79
44850 79
44900 79
44950 79
45000 79
45050 79
45100 79
45150 79
45200 79
45250 79
45300 79
45350 79
45400 79
45450 79
45500 79
45550 79
45600 79
45650 79
45700 79
45750 79
45800 79
45850 79
45900 79
45950 79
46000 79
46050 79
46100 79
46150 79
46200 79
46250 79
46300 79
46350 79
46400 79
46450 79
46500 79
46550 79
46600 79
46650 79
46700 79
46750 79
46800 79
46850 79
46900 79
46950 79
47000 79
47050 79
47100 79
47150 79
47200 79
47250 79
47300 79
47350 79
47400 79
47450 79
47500 79
47550 79
47600 79
47650 79
47700 79
47750 79
47800 79
47850 79
47900 79
47950 79
48000 79
48050 79
48100 79
48150 79
48200 79
48250 79
48300 79
48350 79
48400 79
48450 79
48500 79
48550 79
48600 79
48650 79
48700 79
48750 79
48800 79
48850 79
48900 79
48950 79
49000 79
49050 79
49100 79
49150 79
49200 79
49250 79
49300 79
49350 79
49400 79
49450 79
49500 79
49550 79
49600 79
49650 79
49700 79
49750 79
49800 79
49850 79
49900 79
49950 79
50000 79
50050 79
50100 79
50150 79
50200 79
50250 79
50300 79
50350 79
50400 79
50450 79
50500 79
50550 79
50600 79
50650 79
50700 79
50750 79
50800 79
50850 79
50900 79
50950 79
51000 79
51050 79
51100 79
51150 79
51200 79
51250 79
51300 79
51350 79
51400 79
51450 79
51500 79
51550 79
51600 79
51650 79
51700 79
51750 79
51800 79
51850 79
51900 79
51950 79
52000 79
52050 79
52100 79
52150 79
52200 79
52250 79
52300 79
52350 79
52400 79
52450 79
52500 79
52550 79
52600 79
52650 79
52700 79
52750 79
52800 79
52850 79
52900 79
52950 79
53000 79
53050 79
53100 79
53150 79
53200 79
53250 79
53300 79
53350 79
53400 79
53450 79
53500 79
53550 79
53600 79
53650 79
53700 79
53750 79
53800 79
53850 79
53900 79
53950 79
54000 79
54050 79
54100 79
54150 79
54200 79
54250 79
54300 79
54350 79
54400 79
54450 79
54500 79
54550 79
54600 79
54650 79
54700 79
54750 79
54800 79
54850 79
54900 79
54950 79
55000 79
55050 79
55100 79
55150 79
55200 79
55250 79
55300 79
55350 79
55400 79
55450 79
55500 79
55550 79
55600 79
55650 79
55700 79
55750 79
55800 79
55850 79
55900 79
55950 79
56000 79
56050 79
56100 79
56150 79
56200 79
56250 79
56300 79
56350 79
56400 79
56450 79
56500 79
56550 79
56600 79
56650 79
56700 79
56750 79
56800 79
56850 79
56900 79
56950 79
57000 79
57050 79
57100 79
57150 79
57200 79
57250 79
57300 79
57350 79
57400 79
57450 79
57500 79
57550 79
57600 79
