200 70
400 70
600 71
800 78
1000 75
1200 73
1400 76
1600 77
1800 80
2000 76
2200 78
2400 79
2600 77
2800 74
3000 77
3200 70
3400 70
3600 72
3800 74
4000 75
4200 75
4400 72
4600 73
4800 79
5000 76
5200 72
5400 73
5600 74
5800 75
6000 74
6200 77
6400 76
6600 74
6800 71
7000 70
7200 72
7400 73
7600 73
7800 71
8000 71
8200 71
8400 72
8600 73
8800 74
9000 72
9200 75
9400 76
9600 80
9800 80
10000 76
10200 79
10400 75
10600 75
10800 75
11000 74
11200 74
11400 76
11600 73
11800 79
12000 75
12200 72
12400 72
12600 71
12800 73
13000 72
13200 72
13400 73
13600 78
13800 73
14000 75
14200 80
14400 68
14600 70
14800 79
15000 76
15200 78
15400 80
15600 80
15800 78
16000 79
16200 76
16400 78
16600 77
16800 78
17000 71
17200 75
17400 75
17600 75
17800 72
18000 74
18200 72
18400 70
18600 74
18800 74
19000 77
19200 71
19400 72
19600 75
19800 75
20000 75
20200 72
20400 71
20600 72
20800 72
21000 70
21200 69
21400 71
21600 69
21800 76
22000 79
22200 80
22400 71
22600 78
22800 68
23000 71
23200 73
23400 74
23600 74
23800 80
24000 83
24200 79
24400 79
24600 76
24800 74
25000 72
25200 70
25400 78
25600 70
25800 78
26000 77
26200 79
26400 78
26600 70
26800 68
27000 69
27200 67
27400 70
27600 67
27800 67
28000 67
28200 67
28400 70
28600 69
28800 72
29000 71
29200 71
29400 67
29600 70
29800 70
30000 75
30200 78
30400 75
30600 72
30800 72
31000 73
31200 73
31400 72
31600 76
31800 70
32000 73
32200 73
32400 77
32600 73
32800 70
33000 71
33200 69
33400 67
33600 67
33800 67
34000 68
34200 70
34400 68
34600 70
34800 74
35000 71
35200 72
35400 71
35600 73
35800 73
36000 73
36200 76
36400 71
36600 80
36800 79
37000 77
37200 75
37400 75
37600 75
37800 74
38000 70
38200 72
38400 73
38600 74
38800 77
39000 76
39200 73
39400 74
39600 69
39800 68
40000 69
40200 69
40400 75
40600 75
40800 71
41000 70
41200 69
41400 72
41600 70
41800 71
42000 71
42200 76
42400 76
42600 75
42800 75
43000 71
43200 71
43400 71
43600 72
43800 70
44000 76
44200 72
44400 69
44600 76
44800 88
45000 82
45200 80
45400 81
45600 86
45800 88
46000 83
46200 88
46400 84
46600 82
46800 82
47000 86
47200 89
47400 77
47600 75
47800 74
48000 76
48200 74
48400 74
48600 77
48800 78
49000 84
49200 78
49400 77
49600 83
49800 74
50000 72
50200 72
50400 73
50600 74
50800 79
51000 75
51200 82
51400 76
51600 73
51800 83
52000 84
52200 79
52400 73
52600 74
52800 75
53000 77
53200 86
53400 77
53600 80
53800 83
54000 83
54200 77
54400 71
54600 75
54800 72
55000 68
55200 75
55400 71
55600 67
55800 69
56000 69
56200 69
56400 73
56600 68
56800 74
57000 78
57200 77
57400 72
57600 75
57800 78
58000 76
58200 72
58400 76
58600 73
58800 72
59000 72
59200 71
59400 72
59600 83
59800 76
60000 79
60200 77
60400 85
60600 77
60800 77
61000 77
61200 74
61400 77
61600 80
61800 72
62000 75
62200 75
62400 81
62600 75
62800 72
63000 71
63200 69
63400 75
63600 77
63800 73
64000 76
64200 75
64400 75
64600 73
64800 78
65000 76
65200 83
65400 77
65600 77
65800 75
66000 73
66200 73
66400 73
66600 75
66800 73
67000 80
67200 90
67400 81
67600 79
67800 77
68000 79
68200 76
68400 82
68600 82
68800 79
69000 77
69200 78
69400 74
69600 72
69800 79
70000 81
70200 78
70400 80
70600 77
70800 79
71000 82
71200 83
71400 84
71600 82
71800 81
72000 81
72200 76
72400 73
72600 79
72800 78
73000 75
73200 77
73400 81
73600 77
73800 78
74000 79
74200 77
74400 74
74600 75
74800 76
75000 78
75200 76
75400 74
75600 73
75800 74
76000 75
76200 72
76400 70
76600 75
76800 75
77000 75
77200 75
77400 80
77600 78
77800 81
78000 77
78200 76
78400 80
78600 77
78800 77
79000 74
79200 72
79400 73
79600 73
79800 77
80000 88
80200 79
80400 76
80600 74
80800 77
81000 85
81200 83
81400 81
81600 76
81800 75
82000 86
82200 77
82400 79
82600 73
82800 76
83000 82
83200 79
83400 80
83600 79
83800 77
84000 74
84200 69
84400 78
84600 69
84800 73
85000 73
85200 75
85400 75
85600 76
85800 80
86000 74
86200 77
86400 72
86600 72
86800 73
87000 70
87200 72
87400 74
87600 70
87800 73
88000 73
88200 70
88400 71
88600 73
88800 80
89000 71
89200 74
89400 73
89600 69
89800 81
90000 77
90200 79
90400 75
90600 91
90800 85
91000 80
91200 86
91400 83
91600 78
91800 76
92000 76
92200 82
92400 78
92600 81
92800 85
93000 82
93200 83
93400 84
93600 79
93800 78
94000 77
94200 74
94400 83
94600 82
94800 80
95000 83
95200 78
95400 79
95600 77
95800 79
96000 73
96200 74
96400 80
96600 78
96800 83
97000 85
97200 87
97400 78
97600 73
97800 77
98000 78
98200 78
98400 81
98600 81
98800 77
99000 72
99200 73
99400 79
99600 77
99800 73
100000 74
100200 74
100400 71
100600 71
100800 75
101000 76
101200 72
101400 72
101600 71
101800 68
102000 72
102200 71
102400 74
102600 70
102800 68
103000 69
103200 75
103400 81
103600 71
103800 75
104000 74
104200 76
104400 72
104600 71
104800 78
105000 76
105200 80
105400 71
105600 71
105800 72
106000 70
106200 75
106400 74
106600 74
106800 73
107000 73
107200 71
107400 72
107600 70
107800 70
108000 71
108200 73
108400 70
108600 66
108800 69
109000 68
109200 67
109400 78
109600 69
109800 67
110000 69
110200 78
110400 83
110600 72
110800 76
111000 85
111200 83
111400 80
111600 76
111800 80
112000 81
112200 78
112400 76
112600 78
112800 78
113000 80
113200 79
113400 75
113600 74
113800 84
114000 78
114200 78
114400 81
114600 74
114800 73
115000 78
115200 84
115400 73
115600 76
115800 76
116000 73
116200 75
116400 78
116600 74
116800 79
117000 79
117200 82
117400 74
117600 67
117800 67
118000 72
118200 72
118400 75
118600 73
118800 72
119000 72
119200 71
119400 75
119600 74
119800 76
120000 77
120200 72
120400 76
120600 83
120800 75
121000 74
121200 71
121400 72
121600 73
121800 78
122000 79
122200 81
122400 79
122600 78
122800 75
123000 75
123200 81
123400 80
123600 79
123800 82
124000 77
124200 82
124400 76
124600 76
124800 77
125000 78
125200 73
125400 75
125600 71
125800 72
126000 74
126200 81
126400 82
126600 73
126800 74
127000 76
127200 75
127400 76
127600 76
127800 82
128000 75
128200 75
128400 77
128600 78
128800 77
129000 74
129200 74
129400 79
129600 77
129800 73
130000 78
130200 77
130400 80
130600 81
130800 76
131000 74
131200 76
131400 74
131600 74
131800 78
132000 74
132200 76
132400 75
132600 78
132800 75
133000 76
133200 78
133400 76
133600 75
133800 76
134000 80
134200 80
134400 85
134600 78
134800 77
135000 80
135200 80
135400 82
135600 81
135800 79
136000 94
136200 82
136400 88
136600 80
136800 76
137000 77
137200 81
137400 77
137600 75
137800 71
138000 74
138200 78
138400 77
138600 83
138800 75
139000 72
139200 73
139400 71
139600 72
139800 73
140000 74
140200 74
140400 77
140600 73
140800 76
141000 78
141200 80
141400 83
141600 80
141800 82
142000 77
142200 77
142400 74
142600 76
142800 68
143000 72
143200 72
143400 73
143600 72
143800 85
144000 74
144200 72
144400 68
144600 70
144800 71
145000 71
145200 73
145400 74
145600 72
145800 73
146000 68
146200 69
146400 74
146600 77
146800 76
147000 81
147200 75
147400 70
147600 74
147800 73
148000 80
148200 74
148400 73
148600 76
148800 73
149000 73
149200 74
149400 78
149600 72
149800 73
150000 78
150200 79
150400 73
150600 77
150800 76
151000 75
151200 76
151400 77
151600 71
151800 76
152000 78
152200 78
152400 76
152600 73
152800 80
153000 72
153200 71
153400 76
153600 73
153800 79
154000 74
154200 70
154400 71
154600 71
154800 76
155000 79
155200 76
155400 75
155600 71
155800 72
156000 73
156200 75
156400 76
156600 75
156800 76
157000 76
157200 78
157400 80
157600 73
157800 81
158000 79
158200 77
158400 80
158600 76
158800 74
159000 75
159200 83
159400 84
159600 76
159800 82
160000 75
160200 76
160400 76
160600 75
160800 75
161000 75
161200 73
161400 83
161600 79
161800 80
162000 79
162200 81
162400 79
162600 77
162800 78
163000 84
163200 82
163400 75
163600 81
163800 80
164000 82
164200 85
164400 82
164600 74
164800 81
165000 79
165200 78
165400 94
165600 77
165800 76
166000 73
166200 78
166400 73
166600 73
166800 72
167000 75
167200 73
167400 73
167600 75
167800 75
168000 75
168200 75
168400 82
168600 79
168800 77
169000 76
169200 74
169400 78
169600 71
169800 72
170000 76
170200 81
170400 79
170600 76
170800 77
171000 76
171200 71
171400 77
171600 73
171800 74
172000 72
172200 73
172400 72
172600 72
172800 71
173000 72
173200 74
173400 73
173600 79
173800 78
174000 74
174200 76
174400 76
174600 74
174800 82
175000 75
175200 76
175400 79
175600 79
175800 85
176000 80
176200 80
176400 80
176600 76
176800 76
177000 82
177200 79
177400 79
177600 74
177800 74
178000 72
178200 73
178400 78
178600 70
178800 70
179000 72
179200 71
179400 72
179600 76
179800 73
180000 74
180200 78
180400 83
180600 71
180800 73
181000 77
181200 74
181400 72
181600 80
181800 70
182000 75
182200 80
182400 75
182600 81
182800 78
183000 73
183200 74
183400 72
183600 72
183800 75
184000 71
184200 72
184400 78
184600 70
184800 69
185000 73
185200 74
185400 78
185600 74
185800 74
186000 70
186200 76
186400 72
186600 73
186800 72
187000 72
187200 75
187400 80
187600 73
187800 72
188000 71
188200 74
188400 80
188600 86
188800 83
189000 85
189200 75
189400 82
189600 87
189800 77
190000 80
190200 77
190400 73
190600 70
190800 69
191000 72
191200 76
191400 79
191600 80
191800 72
192000 71
192200 74
192400 72
192600 74
192800 72
193000 72
193200 69
193400 67
193600 71
193800 73
194000 71
194200 72
194400 74
194600 76
194800 73
195000 71
195200 81
195400 79
195600 70
195800 77
196000 76
196200 74
196400 71
196600 71
196800 79
197000 82
197200 77
197400 74
197600 74
197800 72
198000 71
198200 76
198400 78
198600 77
198800 74
199000 74
199200 72
199400 78
199600 70
199800 76
200000 80
200200 71
200400 69
200600 72
200800 74
201000 79
201200 76
201400 78
201600 72
201800 73
202000 76
202200 79
202400 79
202600 85
202800 77
203000 77
203200 75
203400 78
203600 72
203800 71
204000 81
204200 80
204400 82
204600 80
204800 77
205000 77
205200 80
205400 77
205600 77
205800 78
206000 78
206200 78
206400 73
206600 70
206800 73
207000 78
207200 77
207400 84
207600 79
207800 81
208000 76
208200 78
208400 76
208600 76
208800 78
209000 75
209200 71
209400 71
209600 66
209800 65
210000 66
210200 67
210400 65
210600 67
210800 67
211000 67
211200 70
211400 72
211600 76
211800 72
212000 74
212200 76
212400 75
212600 68
212800 70
213000 68
213200 69
213400 69
213600 69
213800 72
214000 73
214200 71
214400 70
214600 71
214800 70
215000 78
215200 72
215400 72
215600 73
215800 69
216000 69
216200 72
216400 68
216600 71
216800 72
217000 72
217200 77
217400 74
217600 75
217800 79
218000 81
218200 70
218400 81
218600 83
218800 78
219000 85
219200 81
219400 80
219600 71
219800 67
220000 67
220200 72
220400 74
220600 75
220800 76
221000 74
221200 72
221400 73
221600 74
221800 75
222000 75
222200 76
222400 78
222600 80
222800 79
223000 73
223200 76
223400 70
223600 74
223800 69
224000 71
224200 72
224400 71
224600 73
224800 79
225000 78
225200 82
225400 84
225600 77
225800 80
226000 81
226200 70
226400 68
226600 72
226800 67
227000 68
227200 70
227400 75
227600 73
227800 70
228000 73
228200 73
228400 70
228600 71
228800 68
229000 69
229200 75
229400 71
229600 67
229800 69
230000 70
230200 67
230400 70
230600 69
230800 74
231000 69
231200 71
231400 72
231600 74
231800 66
232000 70
232200 69
232400 68
232600 68
232800 68
233000 70
233200 70
233400 80
233600 70
233800 70
234000 74
234200 70
234400 70
234600 69
234800 76
235000 74
235200 74
235400 77
235600 75
235800 70
236000 70
236200 75
236400 72
236600 78
236800 72
237000 70
237200 70
237400 73
237600 74
237800 75
238000 74
238200 68
238400 68
238600 77
238800 73
239000 81
239200 82
239400 76
239600 74
239800 73
240000 71
240200 69
240400 68
240600 68
240800 76
241000 77
241200 79
241400 71
241600 73
241800 72
242000 71
242200 73
242400 71
242600 72
242800 69
243000 70
243200 73
243400 83
243600 84
243800 83
244000 80
244200 85
244400 80
244600 76
244800 75
245000 77
245200 74
245400 76
245600 83
245800 79
246000 79
246200 79
246400 78
246600 77
246800 78
247000 74
247200 82
247400 81
247600 77
247800 79
248000 79
248200 74
248400 75
248600 70
248800 72
249000 77
249200 76
249400 73
249600 75
249800 71
250000 76
250200 73
250400 74
250600 81
250800 75
251000 78
251200 74
251400 78
251600 74
251800 71
252000 72
252200 74
252400 73
252600 69
252800 74
253000 78
253200 75
253400 75
253600 78
253800 77
254000 73
254200 74
254400 78
254600 73
254800 73
255000 78
255200 85
255400 89
255600 78
255800 80
256000 72
256200 71
256400 72
256600 73
256800 72
257000 80
257200 75
257400 75
257600 75
257800 73
258000 73
258200 69
258400 69
258600 68
258800 66
259000 66
259200 68
259400 70
259600 73
259800 71
260000 71
260200 72
260400 80
260600 78
260800 76
261000 74
261200 70
261400 74
261600 75
261800 83
262000 74
262200 74
262400 76
262600 82
262800 80
263000 83
263200 90
263400 77
263600 75
263800 74
264000 75
264200 73
264400 76
264600 73
264800 72
265000 72
265200 73
265400 71
265600 72
265800 76
266000 71
266200 74
266400 75
266600 70
266800 74
267000 70
267200 72
267400 75
267600 69
267800 76
268000 73
268200 75
268400 72
268600 72
268800 79
269000 76
269200 74
269400 72
269600 70
269800 72
270000 73
270200 72
270400 73
270600 72
270800 73
271000 65
271200 71
271400 69
271600 73
271800 72
272000 69
272200 73
272400 68
272600 74
272800 73
273000 70
273200 70
273400 75
273600 76
273800 81
274000 71
274200 70
274400 72
274600 71
274800 73
275000 73
275200 70
275400 74
275600 72
275800 67
276000 69
276200 69
276400 67
276600 74
276800 78
277000 72
277200 72
277400 71
277600 73
277800 74
278000 74
278200 73
278400 73
278600 74
278800 71
279000 74
279200 68
279400 70
279600 74
279800 74
280000 77
280200 81
280400 76
280600 74
280800 76
281000 75
281200 79
281400 79
281600 80
281800 90
282000 73
282200 73
282400 74
282600 73
282800 72
283000 69
283200 69
283400 73
283600 74
283800 75
284000 77
284200 76
284400 72
284600 74
284800 80
285000 82
285200 79
285400 82
285600 77
285800 82
286000 82
286200 79
286400 76
286600 80
286800 71
287000 70
287200 70
287400 71
287600 73
287800 73
288000 73
288200 71
288400 74
288600 76
288800 80
289000 72
289200 71
289400 70
289600 70
289800 72
290000 79
290200 79
290400 80
290600 86
290800 75
291000 75
291200 78
291400 75
291600 76
291800 75
292000 78
292200 82
292400 86
292600 86
292800 85
293000 83
293200 78
293400 74
293600 72
293800 77
294000 78
294200 78
294400 80
294600 77
294800 76
295000 76
295200 76
295400 77
295600 75
295800 75
296000 74
296200 78
296400 79
296600 79
296800 76
297000 80
297200 84
297400 78
297600 79
297800 73
298000 77
298200 74
298400 73
298600 76
298800 82
299000 73
299200 72
299400 72
299600 73
299800 75
300000 73
300200 76
300400 69
300600 70
300800 71
301000 73
301200 78
301400 78
301600 75
301800 77
302000 77
302200 74
302400 77
302600 77
302800 71
303000 73
303200 71
303400 76
303600 69
303800 68
304000 70
304200 70
304400 71
304600 73
304800 72
305000 69
305200 68
305400 69
305600 80
305800 78
306000 82
306200 78
306400 73
306600 76
306800 71
307000 75
307200 77
307400 76
307600 78
307800 74
308000 79
308200 72
308400 72
308600 72
308800 71
309000 79
309200 81
309400 72
309600 70
309800 73
310000 71
310200 71
310400 69
310600 70
310800 68
311000 70
311200 77
311400 70
311600 75
311800 77
312000 70
312200 78
312400 82
312600 83
312800 80
313000 79
313200 78
313400 68
313600 68
313800 78
314000 70
314200 73
314400 70
314600 78
314800 74
315000 76
315200 82
315400 76
315600 81
315800 83
316000 83
316200 80
316400 78
316600 72
316800 76
317000 77
317200 78
317400 81
317600 96
317800 83
318000 79
318200 76
318400 71
318600 70
318800 72
319000 76
319200 73
319400 76
319600 74
319800 76
320000 82
320200 72
320400 70
320600 72
320800 70
321000 72
321200 73
321400 78
321600 76
321800 80
322000 73
322200 80
322400 80
322600 75
322800 74
323000 76
323200 73
323400 74
323600 75
323800 75
324000 81
324200 86
324400 83
324600 80
324800 79
325000 77
325200 83
325400 83
325600 79
325800 77
326000 78
326200 74
326400 81
326600 78
326800 74
327000 76
327200 72
327400 77
327600 72
327800 79
328000 85
328200 80
328400 81
328600 79
328800 78
329000 77
329200 75
329400 71
329600 69
329800 72
330000 74
330200 76
330400 77
330600 84
330800 76
331000 75
331200 78
331400 86
331600 84
331800 81
332000 93
332200 83
332400 78
332600 79
332800 81
333000 79
333200 74
333400 71
333600 69
333800 70
334000 70
334200 75
334400 74
334600 70
334800 75
335000 73
335200 70
335400 71
335600 73
335800 74
336000 72
336200 75
336400 72
336600 71
336800 69
337000 70
337200 70
337400 80
337600 83
337800 76
338000 75
338200 71
338400 71
338600 71
338800 68
339000 71
339200 81
339400 81
339600 78
339800 78
340000 77
340200 78
340400 77
340600 85
340800 78
341000 82
341200 82
341400 83
341600 74
341800 75
342000 78
342200 74
342400 74
342600 76
342800 69
343000 67
343200 67
343400 75
343600 74
343800 74
344000 74
344200 74
344400 75
344600 80
344800 76
345000 79
345200 79
345400 79
345600 80
345800 80
346000 83
346200 84
346400 81
346600 79
346800 89
347000 86
347200 82
347400 73
347600 76
347800 77
348000 75
348200 80
348400 73
348600 76
348800 74
349000 80
349200 79
349400 75
349600 82
349800 80
350000 82
350200 89
350400 89
350600 87
350800 80
351000 75
351200 81
351400 79
351600 77
351800 80
352000 69
352200 70
352400 70
352600 74
352800 73
353000 77
353200 78
353400 80
353600 80
353800 76
354000 74
354200 72
354400 75
354600 74
354800 80
355000 75
355200 77
355400 81
355600 80
355800 83
356000 79
356200 76
356400 85
356600 85
356800 77
357000 76
357200 73
357400 77
357600 82
357800 75
358000 77
358200 78
358400 74
358600 72
358800 73
359000 74
359200 78
359400 78
359600 76
359800 72
360000 74
360200 71
360400 74
360600 78
360800 74
361000 74
361200 74
361400 75
361600 73
361800 77
362000 78
362200 90
362400 81
362600 79
362800 78
363000 73
363200 71
363400 71
363600 71
363800 71
364000 73
364200 71
364400 70
364600 73
364800 75
365000 71
365200 76
365400 76
365600 80
365800 83
366000 73
366200 74
366400 70
366600 74
366800 78
367000 77
367200 79
367400 74
367600 76
367800 80
368000 76
368200 79
368400 77
368600 74
368800 81
369000 76
369200 78
369400 75
369600 74
369800 75
370000 75
370200 71
370400 73
370600 74
370800 79
371000 75
371200 76
371400 75
371600 70
371800 72
372000 74
372200 71
372400 72
372600 77
372800 77
373000 76
373200 74
373400 79
373600 72
373800 83
374000 78
374200 75
374400 81
374600 78
374800 71
375000 75
375200 76
375400 77
375600 75
375800 74
376000 73
376200 76
376400 77
376600 77
376800 71
377000 76
377200 82
377400 88
377600 84
377800 77
378000 79
378200 82
378400 79
378600 86
378800 80
379000 83
379200 82
379400 80
379600 88
379800 86
380000 80
380200 81
380400 78
380600 85
380800 79
381000 75
381200 76
381400 76
381600 80
381800 78
382000 76
382200 80
382400 85
382600 83
382800 79
383000 71
383200 76
383400 83
383600 80
383800 75
384000 79
384200 83
384400 79
384600 80
384800 81
385000 83
385200 83
385400 77
385600 80
385800 83
386000 83
386200 85
386400 78
386600 83
386800 83
387000 80
387200 84
387400 76
387600 74
387800 74
388000 71
388200 72
388400 74
388600 84
388800 75
389000 73
389200 77
389400 76
389600 73
389800 70
390000 75
390200 81
390400 80
390600 80
390800 74
391000 71
391200 75
391400 77
391600 79
391800 81
392000 77
392200 81
392400 80
392600 77
392800 76
393000 76
393200 71
393400 74
393600 72
393800 72
394000 70
394200 73
394400 72
394600 72
394800 74
395000 75
395200 76
395400 76
395600 73
395800 74
396000 81
396200 81
396400 74
396600 76
396800 80
397000 75
397200 85
397400 84
397600 90
397800 82
398000 81
398200 80
398400 80
398600 72
398800 77
399000 79
399200 77
399400 80
399600 79
399800 77
400000 72
400200 74
400400 76
400600 78
400800 73
401000 71
401200 72
401400 71
401600 74
401800 76
402000 74
402200 80
402400 75
402600 77
402800 77
403000 74
403200 72
403400 77
403600 77
403800 78
404000 80
404200 80
404400 75
404600 74
404800 72
405000 78
405200 72
405400 79
405600 75
405800 81
406000 78
406200 76
406400 88
406600 78
406800 77
407000 74
407200 79
407400 73
407600 70
407800 68
408000 70
408200 73
408400 73
408600 79
408800 77
409000 76
409200 74
409400 73
409600 76
409800 72
410000 73
410200 75
410400 76
410600 77
410800 76
411000 70
411200 73
411400 72
411600 78
411800 77
412000 72
412200 75
412400 72
412600 72
412800 78
413000 77
413200 79
413400 82
413600 76
413800 73
414000 74
414200 72
414400 76
414600 73
414800 73
415000 70
415200 71
415400 74
415600 71
415800 76
416000 74
416200 70
416400 73
416600 72
416800 74
417000 71
417200 70
417400 74
417600 71
417800 69
418000 68
418200 71
418400 72
418600 70
418800 70
419000 71
419200 72
419400 72
419600 72
419800 73
420000 74
420200 71
420400 71
420600 73
420800 73
421000 74
421200 76
421400 72
421600 70
421800 75
422000 74
422200 72
422400 73
422600 77
422800 76
423000 77
423200 73
423400 68
423600 68
423800 70
424000 73
424200 72
424400 71
424600 68
424800 72
425000 70
425200 69
425400 70
425600 68
425800 69
426000 70
426200 70
426400 67
426600 68
426800 70
427000 70
427200 73
427400 76
427600 76
427800 73
428000 79
428200 78
428400 79
428600 76
428800 79
429000 78
429200 80
429400 84
429600 83
429800 83
430000 69
430200 69
430400 70
430600 72
430800 73
431000 75
431200 73
431400 80
431600 74
431800 75
432000 77
432200 74
432400 68
432600 72
432800 73
433000 71
433200 69
433400 76
433600 74
433800 79
434000 75
434200 75
434400 77
434600 76
434800 76
435000 74
435200 79
435400 76
435600 75
435800 81
436000 78
436200 75
436400 79
436600 80
436800 73
437000 77
437200 76
437400 71
437600 78
437800 74
438000 72
438200 71
438400 70
438600 68
438800 75
439000 80
439200 75
439400 81
439600 77
439800 78
440000 72
440200 75
440400 74
440600 75
440800 71
441000 78
441200 79
441400 84
441600 78
441800 75
442000 73
442200 75
442400 77
442600 74
442800 76
443000 71
443200 73
443400 71
443600 75
443800 75
444000 78
444200 90
444400 83
444600 80
444800 81
445000 76
445200 72
445400 71
445600 73
445800 84
446000 76
446200 81
446400 81
446600 76
446800 73
447000 72
447200 75
447400 71
447600 74
447800 76
448000 77
448200 70
448400 73
448600 82
448800 77
449000 82
449200 84
449400 75
449600 76
449800 74
450000 72
450200 70
450400 75
450600 77
450800 76
451000 76
451200 74
451400 73
451600 72
451800 73
452000 69
452200 75
452400 77
452600 75
452800 70
453000 71
453200 75
453400 75
453600 72
453800 72
454000 72
454200 69
454400 67
454600 69
454800 68
455000 69
455200 74
455400 73
455600 73
455800 69
456000 73
456200 71
456400 66
456600 75
456800 74
457000 77
457200 82
457400 75
457600 79
457800 81
458000 77
458200 75
458400 74
458600 75
458800 72
459000 75
459200 75
459400 71
459600 70
459800 69
460000 68
460200 68
460400 69
460600 72
460800 90
461000 71
461200 80
461400 82
461600 77
461800 75
462000 77
462200 74
462400 81
462600 70
462800 71
463000 73
463200 75
463400 73
463600 72
463800 69
464000 70
464200 71
464400 68
464600 67
464800 67
465000 71
465200 74
465400 76
465600 71
465800 74
466000 71
466200 76
466400 73
466600 78
466800 76
467000 82
467200 83
467400 84
467600 81
467800 85
468000 90
468200 84
468400 81
468600 77
468800 81
469000 77
469200 74
469400 76
469600 70
469800 80
470000 80
470200 71
470400 75
470600 77
470800 77
471000 75
471200 73
471400 75
471600 78
471800 77
472000 71
472200 75
472400 76
472600 73
472800 78
473000 75
473200 76
473400 77
473600 68
473800 67
474000 71
474200 71
474400 77
474600 76
474800 85
475000 69
475200 68
475400 72
475600 71
475800 70
476000 71
476200 71
476400 77
476600 71
476800 74
477000 70
477200 71
477400 68
477600 69
477800 72
478000 71
478200 70
478400 72
478600 78
478800 74
479000 74
479200 71
479400 76
479600 71
479800 70
480000 73
480200 71
480400 78
480600 78
480800 78
481000 79
481200 82
481400 80
481600 77
481800 73
482000 69
482200 69
482400 69
482600 76
482800 73
483000 75
483200 72
483400 74
483600 74
483800 71
484000 78
484200 76
484400 71
484600 68
484800 74
485000 82
485200 79
485400 76
485600 74
485800 78
486000 73
486200 73
486400 67
486600 77
486800 68
487000 72
487200 76
487400 80
487600 78
487800 78
488000 70
488200 66
488400 67
488600 66
488800 76
489000 78
489200 74
489400 76
489600 68
489800 71
490000 76
490200 74
490400 73
490600 74
490800 76
491000 72
491200 73
491400 73
491600 73
491800 69
492000 68
492200 69
492400 69
492600 69
492800 75
493000 75
493200 76
493400 76
493600 72
493800 70
494000 71
494200 67
494400 68
494600 75
494800 80
495000 75
495200 74
495400 77
495600 76
495800 86
496000 80
496200 68
496400 76
496600 78
496800 79
497000 81
497200 76
497400 80
497600 77
497800 74
498000 92
498200 74
498400 73
498600 72
498800 78
499000 73
499200 79
499400 75
499600 78
499800 72
500000 75
500200 78
500400 84
500600 76
500800 79
501000 90
501200 80
501400 82
501600 84
501800 83
502000 76
502200 80
502400 84
502600 86
502800 88
503000 85
503200 86
503400 83
503600 83
503800 80
504000 84
504200 79
504400 81
504600 80
504800 83
505000 82
505200 79
505400 77
505600 81
505800 84
506000 79
506200 78
506400 74
506600 73
506800 77
507000 77
507200 79
507400 82
507600 73
507800 77
508000 75
508200 75
508400 76
508600 78
508800 75
509000 80
509200 77
509400 79
509600 77
509800 74
510000 75
510200 82
510400 75
510600 77
510800 73
511000 71
511200 68
511400 72
511600 75
511800 73
512000 74
512200 72
512400 76
512600 74
512800 72
513000 76
513200 71
513400 76
513600 76
513800 82
514000 83
514200 87
514400 84
514600 76
514800 75
515000 75
515200 76
515400 80
515600 77
515800 81
516000 88
516200 78
516400 74
516600 70
516800 72
517000 73
517200 74
517400 74
517600 75
517800 72
518000 71
518200 71
518400 70
518600 80
518800 79
519000 80
519200 73
519400 71
519600 71
519800 75
520000 73
520200 72
520400 76
520600 72
520800 77
521000 73
521200 77
521400 72
521600 73
521800 73
522000 73
522200 76
522400 74
522600 73
522800 71
523000 71
523200 72
523400 72
523600 73
523800 73
524000 73
524200 72
524400 75
524600 72
524800 69
525000 72
525200 76
525400 71
525600 74
525800 79
526000 75
526200 69
526400 80
526600 73
526800 74
527000 72
527200 81
527400 81
527600 78
527800 77
528000 74
528200 79
528400 77
528600 73
528800 75
529000 78
529200 80
529400 77
529600 72
529800 82
530000 76
530200 74
530400 76
530600 78
530800 74
531000 75
531200 82
531400 76
531600 77
531800 75
532000 70
532200 78
532400 71
532600 70
532800 71
533000 70
533200 71
533400 69
533600 69
533800 69
534000 69
534200 72
534400 73
534600 79
534800 72
535000 75
535200 76
535400 77
535600 76
535800 78
536000 77
536200 76
536400 75
536600 76
536800 76
537000 83
537200 75
537400 73
537600 71
537800 70
538000 71
538200 71
538400 69
538600 71
538800 71
539000 70
539200 72
539400 76
539600 78
539800 74
540000 72
540200 70
540400 69
540600 70
540800 71
541000 69
541200 69
541400 73
541600 69
541800 70
542000 76
542200 74
542400 75
542600 74
542800 81
543000 81
543200 83
543400 79
543600 74
543800 76
544000 80
544200 85
544400 82
544600 84
544800 83
545000 82
545200 80
545400 75
545600 72
545800 76
546000 75
546200 75
546400 71
546600 76
546800 78
547000 78
547200 80
547400 76
547600 79
547800 85
548000 79
548200 80
548400 82
548600 83
548800 79
549000 78
549200 77
549400 75
549600 73
549800 75
550000 80
550200 81
550400 82
550600 79
550800 77
551000 80
551200 79
551400 78
551600 82
551800 79
552000 80
552200 75
552400 72
552600 71
552800 74
553000 79
553200 79
553400 80
553600 76
553800 76
554000 77
554200 78
554400 77
554600 72
554800 67
555000 69
555200 69
555400 72
555600 72
555800 77
556000 81
556200 82
556400 76
556600 72
556800 73
557000 75
557200 82
557400 79
557600 78
557800 81
558000 75
558200 81
558400 81
558600 76
558800 74
559000 73
559200 83
559400 82
559600 80
559800 78
560000 81
560200 82
560400 79
560600 81
560800 82
561000 80
561200 82
561400 80
561600 72
561800 77
562000 78
562200 77
562400 75
562600 74
562800 75
563000 73
563200 74
563400 74
563600 87
563800 83
564000 82
564200 81
564400 79
564600 77
564800 78
565000 74
565200 78
565400 79
565600 79
565800 78
566000 73
566200 71
566400 76
566600 75
566800 75
567000 79
567200 79
567400 77
567600 76
567800 78
568000 82
568200 81
568400 81
568600 79
568800 84
569000 82
569200 85
569400 78
569600 76
569800 79
570000 74
570200 75
570400 74
570600 79
570800 75
571000 80
571200 70
571400 75
571600 80
571800 75
572000 77
572200 73
572400 76
572600 79
572800 78
573000 76
573200 78
573400 72
573600 72
573800 72
574000 71
574200 79
574400 81
574600 76
574800 74
575000 71
575200 75
575400 73
575600 76
575800 78
576000 74
576200 79
576400 78
576600 75
576800 72
577000 72
577200 70
577400 73
577600 74
577800 77
578000 82
578200 71
578400 70
578600 69
578800 71
579000 72
579200 71
579400 70
579600 81
579800 72
580000 69
580200 69
580400 69
580600 69
580800 69
581000 76
581200 78
581400 71
581600 76
581800 72
582000 73
582200 73
582400 72
582600 75
582800 74
583000 72
583200 76
583400 76
583600 77
583800 79
584000 77
584200 73
584400 76
584600 83
584800 85
585000 80
585200 80
585400 76
585600 71
585800 76
586000 80
586200 81
586400 80
586600 80
586800 77
587000 84
587200 80
587400 88
587600 89
587800 82
588000 82
588200 81
588400 76
588600 72
588800 73
589000 74
589200 73
589400 76
589600 80
589800 80
590000 84
590200 80
590400 79
590600 75
590800 75
591000 78
591200 77
591400 77
591600 75
591800 72
592000 74
592200 71
592400 70
592600 71
592800 73
593000 75
593200 76
593400 81
593600 83
593800 81
594000 80
594200 79
594400 79
594600 80
594800 75
595000 71
595200 67
595400 67
595600 68
595800 68
596000 71
596200 68
596400 71
596600 70
596800 69
597000 70
597200 71
597400 74
597600 67
597800 70
598000 69
598200 72
598400 70
598600 68
598800 71
599000 71
599200 80
599400 74
599600 74
599800 77
600000 73
600200 77
600400 72
600600 71
600800 71
601000 72
601200 75
601400 84
601600 75
601800 78
602000 78
602200 83
602400 81
602600 84
602800 84
603000 80
603200 81
603400 79
603600 77
603800 73
604000 75
604200 77
604400 78
604600 80
604800 80
605000 82
605200 79
605400 82
605600 83
605800 82
606000 77
606200 74
606400 73
606600 80
606800 81
607000 77
607200 80
607400 83
607600 84
607800 77
608000 76
608200 78
608400 73
608600 72
608800 72
609000 73
609200 80
609400 80
609600 82
609800 79
610000 73
610200 73
610400 76
610600 79
610800 79
611000 72
611200 69
611400 70
611600 74
611800 76
612000 77
612200 72
612400 73
612600 74
612800 74
613000 72
613200 70
613400 69
613600 75
613800 75
614000 74
614200 69
614400 69
614600 72
614800 70
615000 69
615200 72
615400 75
615600 74
615800 71
616000 78
616200 79
616400 77
616600 79
616800 85
617000 80
617200 75
617400 74
617600 74
617800 74
618000 70
618200 70
618400 69
618600 70
618800 70
619000 79
619200 75
619400 76
619600 75
619800 79
620000 76
620200 73
620400 74
620600 75
620800 74
621000 76
621200 73
621400 85
621600 88
621800 78
622000 76
622200 78
622400 77
622600 72
622800 71
623000 71
623200 79
623400 87
623600 74
623800 73
624000 75
624200 74
624400 72
624600 75
624800 73
625000 75
625200 72
625400 75
625600 78
625800 77
626000 75
626200 74
626400 74
626600 79
626800 82
627000 76
627200 76
627400 74
627600 76
627800 77
628000 77
628200 73
628400 73
628600 71
628800 78
629000 73
629200 74
629400 71
629600 76
629800 80
630000 74
630200 73
630400 80
630600 84
630800 81
631000 85
631200 85
631400 84
631600 85
631800 85
632000 83
632200 79
632400 77
632600 77
632800 77
633000 77
633200 77
633400 80
633600 76
633800 76
634000 78
634200 74
634400 75
634600 75
634800 74
635000 75
635200 76
635400 75
635600 85
635800 79
636000 76
636200 78
636400 80
636600 75
636800 73
637000 73
637200 74
637400 75
637600 75
637800 75
638000 85
638200 84
638400 81
638600 83
638800 84
639000 84
639200 76
639400 73
639600 75
639800 79
640000 74
640200 82
640400 83
640600 77
640800 76
641000 74
641200 77
641400 73
641600 77
641800 80
642000 71
642200 75
642400 71
642600 73
642800 80
643000 75
643200 71
643400 72
643600 79
643800 83
644000 78
644200 81
644400 82
644600 78
644800 73
645000 73
645200 75
645400 72
645600 73
645800 75
646000 74
646200 84
646400 76
646600 78
646800 76
647000 75
647200 76
647400 75
647600 73
647800 80
648000 75
648200 73
648400 76
648600 78
648800 79
649000 75
649200 73
649400 76
649600 81
649800 82
650000 79
650200 79
650400 76
650600 76
650800 77
651000 81
651200 76
651400 74
651600 81
651800 76
652000 76
652200 75
652400 79
652600 83
652800 86
653000 81
653200 83
653400 81
653600 75
653800 78
654000 79
654200 80
654400 78
654600 76
654800 77
655000 73
655200 78
655400 71
655600 73
655800 80
656000 73
656200 74
656400 81
656600 80
656800 77
657000 76
657200 74
657400 75
657600 81
657800 78
658000 73
658200 79
658400 71
658600 75
658800 72
659000 75
659200 82
659400 81
659600 78
659800 75
660000 78
660200 82
660400 79
660600 85
660800 84
661000 76
661200 73
661400 72
661600 73
661800 77
662000 78
662200 80
662400 77
662600 81
662800 79
663000 74
663200 72
663400 72
663600 76
663800 74
664000 75
664200 73
664400 72
664600 75
664800 73
665000 71
665200 72
665400 72
665600 81
665800 79
666000 78
666200 74
666400 72
666600 72
666800 76
667000 75
667200 80
667400 84
667600 78
667800 78
668000 81
668200 74
668400 74
668600 79
668800 79
669000 81
669200 71
669400 71
669600 74
669800 80
670000 85
670200 84
670400 78
670600 83
670800 81
671000 76
671200 76
671400 78
671600 82
671800 77
672000 83
672200 85
672400 82
672600 78
672800 80
673000 80
673200 80
673400 81
673600 87
673800 82
674000 81
674200 80
674400 77
674600 75
674800 75
675000 73
675200 73
675400 74
675600 76
675800 77
676000 74
676200 75
676400 78
676600 81
676800 84
677000 77
677200 78
677400 79
677600 76
677800 75
678000 79
678200 83
678400 76
678600 75
678800 81
679000 78
679200 75
679400 79
679600 77
679800 74
680000 78
680200 75
680400 73
680600 79
680800 77
681000 76
681200 78
681400 79
681600 78
681800 75
682000 76
682200 78
682400 81
682600 79
682800 78
683000 78
683200 75
683400 72
683600 74
683800 75
684000 77
684200 84
684400 85
684600 82
684800 78
685000 80
685200 74
685400 75
685600 78
685800 78
686000 78
686200 80
686400 77
686600 84
686800 81
687000 80
687200 83
687400 84
687600 82
687800 77
688000 77
688200 75
688400 75
688600 77
688800 77
689000 77
689200 82
689400 80
689600 72
689800 70
690000 74
690200 69
690400 72
690600 81
690800 76
691000 76
691200 73
691400 76
691600 76
691800 76
692000 77
692200 79
692400 78
692600 83
692800 76
693000 73
693200 75
693400 82
693600 76
693800 79
694000 80
694200 77
694400 73
694600 77
694800 72
695000 76
695200 74
695400 72
695600 80
695800 81
696000 77
696200 78
696400 70
696600 73
696800 75
697000 71
697200 73
697400 77
697600 77
697800 78
698000 77
698200 69
698400 75
698600 74
698800 77
699000 77
699200 80
699400 73
699600 76
699800 80
700000 76
700200 77
700400 74
700600 75
700800 75
701000 74
701200 78
701400 78
701600 78
701800 73
702000 72
702200 70
702400 73
702600 69
702800 68
703000 76
703200 72
703400 78
703600 72
703800 73
704000 71
704200 71
704400 74
704600 75
704800 71
705000 74
705200 73
705400 73
705600 69
705800 70
706000 71
706200 68
706400 67
706600 67
706800 67
707000 67
707200 67
707400 69
707600 72
707800 74
708000 73
708200 74
708400 74
708600 85
708800 79
709000 77
709200 75
709400 80
709600 76
709800 78
710000 79
710200 77
710400 76
710600 77
710800 76
711000 71
711200 71
711400 74
711600 76
711800 72
712000 74
712200 75
712400 78
712600 81
712800 78
713000 76
713200 76
713400 83
713600 80
713800 83
714000 85
714200 83
714400 84
714600 75
714800 79
715000 73
715200 76
715400 75
715600 72
715800 78
716000 76
716200 72
716400 75
716600 74
716800 77
717000 85
717200 83
717400 76
717600 74
717800 76
718000 78
718200 79
718400 76
718600 76
718800 77
719000 80
719200 74
719400 75
719600 75
719800 73
720000 75
720200 78
720400 78
720600 86
720800 86
721000 88
721200 81
721400 81
721600 76
721800 74
722000 74
722200 74
722400 72
722600 72
722800 73
723000 74
723200 76
723400 78
723600 75
723800 75
724000 76
724200 76
724400 79
724600 83
724800 71
725000 69
725200 74
725400 76
725600 76
725800 77
726000 79
726200 80
726400 73
726600 76
726800 74
727000 71
727200 71
727400 68
727600 71
727800 66
728000 66
728200 67
728400 67
728600 68
728800 78
729000 78
729200 71
729400 69
729600 71
729800 70
730000 71
730200 73
730400 74
730600 71
730800 75
731000 75
731200 74
731400 77
731600 76
731800 76
732000 73
732200 74
732400 85
732600 82
732800 83
733000 78
733200 90
733400 84
733600 75
733800 75
734000 74
734200 72
734400 70
734600 72
734800 71
735000 67
735200 72
735400 71
735600 69
735800 72
736000 74
736200 78
736400 77
736600 74
736800 74
737000 73
737200 77
737400 75
737600 72
737800 74
738000 75
738200 72
738400 71
738600 77
738800 75
739000 73
739200 76
739400 76
739600 76
739800 75
740000 76
740200 83
740400 83
740600 80
740800 76
741000 78
741200 71
741400 73
741600 69
741800 70
742000 78
742200 75
742400 71
742600 78
742800 77
743000 71
743200 67
743400 76
743600 76
743800 68
744000 71
744200 74
744400 73
744600 72
744800 77
745000 76
745200 73
745400 72
745600 77
745800 75
746000 80
746200 78
746400 80
746600 77
746800 75
747000 71
747200 76
747400 78
747600 72
747800 71
748000 74
748200 70
748400 69
748600 70
748800 74
749000 76
749200 73
749400 69
749600 75
749800 73
750000 75
750200 78
750400 71
750600 70
750800 74
751000 74
751200 69
751400 71
751600 74
751800 74
752000 70
752200 68
752400 67
752600 74
752800 71
753000 70
753200 73
753400 71
753600 78
753800 70
754000 70
754200 74
754400 74
754600 77
754800 84
755000 83
755200 77
755400 72
755600 75
755800 74
756000 71
756200 71
756400 77
756600 73
756800 75
757000 73
757200 73
757400 74
757600 74
757800 76
758000 75
758200 77
758400 77
758600 78
758800 80
759000 78
759200 78
759400 78
759600 79
759800 73
760000 75
760200 78
760400 81
760600 75
760800 74
761000 81
761200 78
761400 73
761600 73
761800 73
762000 72
762200 72
762400 71
762600 83
762800 86
763000 87
763200 85
763400 86
763600 77
763800 81
764000 83
764200 86
764400 85
764600 80
764800 74
765000 73
765200 76
765400 74
765600 79
765800 73
766000 71
766200 71
766400 76
766600 80
766800 83
767000 82
767200 74
767400 74
767600 73
767800 73
768000 72
768200 76
768400 77
768600 75
768800 78
769000 80
769200 77
769400 76
769600 75
769800 76
770000 81
770200 80
770400 80
770600 80
770800 79
771000 83
771200 77
771400 72
771600 74
771800 75
772000 72
772200 79
772400 78
772600 79
772800 83
773000 82
773200 79
773400 76
773600 74
773800 72
774000 77
774200 72
774400 74
774600 76
774800 73
775000 76
775200 76
775400 76
775600 83
775800 82
776000 79
776200 82
776400 83
776600 76
776800 74
777000 73
777200 82
777400 80
777600 76
777800 74
778000 78
778200 74
778400 73
778600 75
778800 72
779000 73
779200 76
779400 72
779600 75
779800 75
780000 73
780200 71
780400 72
780600 69
780800 72
781000 82
781200 69
781400 75
781600 76
781800 76
782000 71
782200 75
782400 77
782600 73
782800 74
783000 73
783200 75
783400 77
783600 77
783800 79
784000 76
784200 77
784400 79
784600 82
784800 88
785000 80
785200 77
785400 82
785600 83
785800 76
786000 75
786200 74
786400 75
786600 80
786800 80
787000 79
787200 75
787400 77
787600 77
787800 80
788000 79
788200 80
788400 76
788600 76
788800 77
789000 75
789200 73
789400 73
789600 75
789800 77
790000 73
790200 71
790400 77
790600 74
790800 76
791000 79
791200 78
791400 71
791600 71
791800 71
792000 77
792200 78
792400 76
792600 71
792800 75
793000 76
793200 78
793400 77
793600 77
793800 82
794000 81
794200 77
794400 81
794600 79
794800 81
795000 82
795200 78
795400 77
795600 78
795800 75
796000 77
796200 85
796400 80
796600 78
796800 79
797000 81
797200 80
797400 76
797600 76
797800 78
798000 75
798200 78
798400 85
798600 90
798800 76
799000 78
799200 74
799400 78
799600 77
799800 76
800000 79
800200 78
800400 74
800600 72
800800 78
801000 76
801200 77
801400 75
801600 72
801800 82
802000 82
802200 79
802400 81
802600 77
802800 75
803000 83
803200 81
803400 79
803600 75
803800 75
804000 75
804200 73
804400 71
804600 76
804800 73
805000 74
805200 74
805400 73
805600 76
805800 77
806000 77
806200 78
806400 82
806600 84
806800 81
807000 76
807200 79
807400 74
807600 74
807800 80
808000 81
808200 83
808400 85
808600 85
808800 85
809000 83
809200 81
809400 83
809600 86
809800 83
810000 82
810200 77
810400 76
810600 75
810800 82
811000 85
811200 80
811400 83
811600 83
811800 74
812000 80
812200 85
812400 84
812600 78
812800 82
813000 82
813200 73
813400 78
813600 76
813800 72
814000 73
814200 72
814400 74
814600 75
814800 72
815000 71
815200 74
815400 72
815600 73
815800 77
816000 75
816200 73
816400 72
816600 75
816800 76
817000 74
817200 75
817400 76
817600 72
817800 82
818000 75
818200 76
818400 74
818600 73
818800 73
819000 71
819200 74
819400 71
819600 70
819800 71
820000 73
820200 78
820400 76
820600 74
820800 73
821000 70
821200 77
821400 78
821600 77
821800 77
822000 82
822200 80
822400 82
822600 77
822800 77
823000 74
823200 74
823400 79
823600 82
823800 81
824000 78
824200 81
824400 79
824600 78
824800 81
825000 76
825200 74
825400 75
825600 74
825800 77
826000 78
826200 82
826400 77
826600 80
826800 78
827000 79
827200 78
827400 77
827600 78
827800 75
828000 82
828200 82
828400 78
828600 75
828800 77
829000 76
829200 80
829400 78
829600 76
829800 74
830000 76
830200 78
830400 78
830600 76
830800 76
831000 76
831200 74
831400 76
831600 73
831800 76
832000 80
832200 82
832400 83
832600 75
832800 76
833000 86
833200 74
833400 76
833600 75
833800 78
834000 78
834200 76
834400 82
834600 78
834800 78
835000 79
835200 78
835400 79
835600 80
835800 79
836000 78
836200 72
836400 75
836600 72
836800 72
837000 83
837200 82
837400 79
837600 76
837800 74
838000 74
838200 74
838400 74
838600 72
838800 75
839000 81
839200 80
839400 75
839600 75
839800 76
840000 79
840200 76
840400 81
840600 75
840800 86
841000 83
841200 73
841400 69
841600 69
841800 72
842000 79
842200 77
842400 71
842600 71
842800 74
843000 75
843200 72
843400 72
843600 70
843800 70
844000 69
844200 68
844400 72
844600 76
844800 71
845000 71
845200 71
845400 71
845600 75
845800 79
846000 76
846200 76
846400 77
846600 77
846800 81
847000 70
847200 70
847400 76
847600 71
847800 73
848000 74
848200 75
848400 80
848600 79
848800 74
849000 72
849200 72
849400 74
849600 69
849800 71
850000 71
850200 78
850400 77
850600 86
850800 78
851000 77
851200 79
851400 83
851600 80
851800 76
852000 76
852200 77
852400 76
852600 74
852800 74
853000 75
853200 85
853400 83
853600 85
853800 84
854000 86
854200 79
854400 79
854600 76
854800 81
855000 83
855200 76
855400 76
855600 79
855800 75
856000 73
856200 79
856400 75
856600 77
856800 74
857000 75
857200 78
857400 83
857600 80
857800 72
858000 76
858200 75
858400 77
858600 78
858800 75
859000 78
859200 79
859400 78
859600 83
859800 82
860000 81
860200 82
860400 79
860600 80
860800 74
861000 70
861200 74
861400 76
861600 74
861800 75
862000 72
862200 77
862400 70
862600 75
862800 74
863000 72
863200 70
863400 74
863600 74
863800 73
864000 73
864200 71
864400 74
864600 75
864800 74
865000 73
865200 74
865400 72
865600 78
865800 78
866000 76
866200 77
866400 76
866600 74
866800 72
867000 75
867200 76
867400 78
867600 71
867800 76
868000 76
868200 78
868400 78
868600 77
868800 76
869000 78
869200 75
869400 76
869600 75
869800 74
870000 71
870200 69
870400 73
870600 73
870800 80
871000 76
871200 76
871400 76
871600 78
871800 79
872000 74
872200 78
872400 77
872600 74
872800 81
873000 76
873200 77
873400 70
873600 76
873800 72
874000 72
874200 79
874400 79
874600 78
874800 79
875000 76
875200 73
875400 79
875600 76
875800 79
876000 79
876200 72
876400 70
876600 73
876800 73
877000 75
877200 78
877400 72
877600 72
877800 73
878000 69
878200 70
878400 73
878600 77
878800 81
879000 75
879200 73
879400 72
879600 75
879800 77
880000 75
880200 75
880400 75
880600 77
880800 77
881000 81
881200 77
881400 81
881600 83
881800 77
882000 79
882200 81
882400 75
882600 75
882800 78
883000 79
883200 79
883400 79
883600 78
883800 79
884000 85
884200 76
884400 71
884600 76
884800 78
885000 77
885200 75
885400 77
885600 74
885800 75
886000 80
886200 78
886400 79
886600 76
886800 75
887000 73
887200 79
887400 74
887600 75
887800 73
888000 75
888200 76
888400 72
888600 73
888800 73
889000 81
889200 78
889400 78
889600 71
889800 79
890000 75
890200 75
890400 73
890600 76
890800 74
891000 82
891200 87
891400 87
891600 84
891800 81
892000 77
892200 77
892400 77
892600 73
892800 78
893000 80
893200 77
893400 74
893600 77
893800 78
894000 79
894200 79
894400 83
894600 83
894800 84
895000 77
895200 79
895400 73
895600 80
895800 83
896000 75
896200 72
896400 80
896600 69
896800 70
897000 72
897200 81
897400 83
897600 81
897800 79
898000 75
898200 78
898400 73
898600 76
898800 74
899000 72
899200 73
899400 70
899600 73
899800 75
900000 76
900200 77
900400 78
900600 79
900800 76
901000 83
901200 79
901400 79
901600 78
901800 78
902000 77
902200 74
902400 77
902600 73
902800 76
903000 78
903200 76
903400 75
903600 76
903800 85
904000 83
904200 82
904400 75
904600 73
904800 74
905000 76
905200 77
905400 73
905600 77
905800 79
906000 76
906200 75
906400 73
906600 77
906800 78
907000 79
907200 84
907400 81
907600 75
907800 77
908000 83
908200 81
908400 76
908600 80
908800 78
909000 78
909200 78
909400 81
909600 79
909800 78
910000 80
910200 76
910400 78
910600 79
910800 73
911000 73
911200 73
911400 74
911600 77
911800 82
912000 77
912200 75
912400 76
912600 76
912800 80
913000 73
913200 75
913400 71
913600 73
913800 71
914000 76
914200 78
914400 74
914600 77
914800 79
915000 79
915200 76
915400 75
915600 78
915800 78
916000 75
916200 76
916400 75
916600 77
916800 85
917000 85
917200 75
917400 78
917600 80
917800 89
918000 80
918200 79
918400 78
918600 88
918800 80
919000 75
919200 72
919400 74
919600 79
919800 72
920000 71
920200 70
920400 73
920600 70
920800 72
921000 77
921200 74
921400 74
921600 70
921800 78
922000 81
922200 77
922400 77
922600 76
922800 73
923000 71
923200 74
923400 73
923600 73
923800 77
924000 75
924200 75
924400 74
924600 72
924800 72
925000 74
925200 79
925400 76
925600 75
925800 78
926000 74
926200 74
926400 79
926600 73
926800 73
927000 73
927200 73
927400 71
927600 77
927800 70
928000 79
928200 80
928400 71
928600 71
928800 75
929000 71
929200 75
929400 78
929600 73
929800 74
930000 73
930200 78
930400 83
930600 80
930800 78
931000 74
931200 76
931400 76
931600 77
931800 75
932000 79
932200 82
932400 79
932600 74
932800 79
933000 74
933200 79
933400 71
933600 71
933800 70
934000 74
934200 77
934400 74
934600 75
934800 77
935000 75
935200 77
935400 73
935600 74
935800 75
936000 76
936200 71
936400 72
936600 74
936800 73
937000 75
937200 76
937400 76
937600 77
937800 74
938000 75
938200 73
938400 71
938600 75
938800 75
939000 73
939200 75
939400 75
939600 80
939800 76
940000 77
940200 77
940400 79
940600 77
940800 77
941000 76
941200 76
941400 74
941600 80
941800 78
942000 75
942200 80
942400 76
942600 77
942800 78
943000 77
943200 76
943400 77
943600 73
943800 72
944000 75
944200 73
944400 82
944600 80
944800 83
945000 81
945200 83
945400 80
945600 81
945800 80
946000 79
946200 80
946400 76
946600 77
946800 78
947000 74
947200 74
947400 78
947600 75
947800 75
948000 73
948200 74
948400 78
948600 79
948800 70
949000 74
949200 75
949400 76
949600 71
949800 70
950000 75
950200 76
950400 83
950600 81
950800 82
951000 77
951200 79
951400 73
951600 75
951800 73
952000 72
952200 76
952400 74
952600 74
952800 74
953000 78
953200 74
953400 81
953600 72
953800 75
954000 75
954200 76
954400 76
954600 74
954800 76
955000 77
955200 77
955400 71
955600 76
955800 75
956000 76
956200 73
956400 76
956600 80
956800 76
957000 74
957200 76
957400 77
957600 75
957800 77
958000 78
958200 80
958400 79
958600 75
958800 74
959000 71
959200 72
959400 75
959600 75
959800 73
960000 72
960200 72
960400 75
960600 77
960800 75
961000 83
961200 73
961400 75
961600 75
961800 69
962000 74
962200 76
962400 70
962600 75
962800 77
963000 79
963200 74
963400 74
963600 74
963800 81
964000 80
964200 76
964400 81
964600 75
964800 79
965000 70
965200 73
965400 73
965600 70
965800 73
966000 76
966200 73
966400 78
966600 76
966800 74
967000 76
967200 75
967400 77
967600 74
967800 74
968000 78
968200 75
968400 69
968600 70
968800 68
969000 71
969200 70
969400 73
969600 73
969800 74
970000 77
970200 81
970400 75
970600 75
970800 71
971000 71
971200 78
971400 73
971600 85
971800 78
972000 81
972200 76
972400 74
972600 75
972800 82
973000 72
973200 76
973400 80
973600 86
973800 75
974000 75
974200 73
974400 71
974600 74
974800 78
975000 72
975200 78
975400 81
975600 79
975800 84
976000 77
976200 82
976400 77
976600 84
976800 79
977000 76
977200 90
977400 78
977600 83
977800 82
978000 80
978200 77
978400 74
978600 74
978800 81
979000 84
979200 81
979400 83
979600 80
979800 80
980000 79
980200 79
980400 76
980600 83
980800 78
981000 85
981200 75
981400 76
981600 75
981800 78
982000 77
982200 78
982400 78
982600 81
982800 80
983000 81
983200 83
983400 83
983600 81
983800 80
984000 81
984200 84
984400 90
984600 87
984800 80
985000 73
985200 75
985400 74
985600 72
985800 70
986000 71
986200 68
986400 66
986600 67
986800 71
987000 76
987200 79
987400 78
987600 76
987800 74
988000 73
988200 74
988400 74
988600 77
988800 80
989000 77
989200 74
989400 73
989600 74
989800 74
990000 76
990200 75
990400 77
990600 79
990800 79
991000 80
991200 77
991400 75
991600 73
991800 71
992000 75
992200 80
992400 74
992600 73
992800 73
993000 73
993200 77
993400 80
993600 76
993800 74
994000 73
994200 75
994400 79
994600 73
994800 77
995000 83
995200 89
995400 81
995600 77
995800 75
996000 73
996200 73
996400 86
996600 84
996800 84
997000 82
997200 82
997400 79
997600 83
997800 78
998000 76
998200 75
998400 81
998600 76
998800 77
999000 75
999200 79
999400 83
999600 81
999800 77
1000000 77
