500 158
1000 148
1500 135
2000 117
2500 165
3000 134
3500 140
4000 150
4500 138
5000 126
5500 155
6000 168
6500 156
7000 162
7500 156
8000 174
8500 157
9000 165
9500 160
10000 135
10500 135
11000 131
11500 138
12000 145
12500 143
13000 161
13500 151
14000 158
14500 163
15000 157
15500 148
16000 161
16500 161
17000 132
17500 138
18000 164
18500 157
19000 138
19500 154
20000 148
20500 136
21000 166
21500 136
22000 112
22500 163
23000 155
23500 138
24000 144
24500 136
25000 151
25500 155
26000 142
26500 145
27000 164
27500 137
28000 143
28500 164
29000 132
29500 142
30000 135
30500 140
31000 144
31500 144
32000 156
32500 133
33000 139
33500 157
34000 151
34500 146
35000 146
35500 159
36000 126
36500 147
37000 145
37500 139
38000 148
38500 141
39000 148
39500 147
40000 123
40500 122
41000 155
41500 127
42000 134
42500 147
43000 128
43500 140
44000 155
44500 138
45000 146
45500 148
46000 153
46500 144
47000 137
47500 131
48000 147
48500 152
49000 167
49500 150
50000 157
50500 139
51000 134
51500 143
52000 150
52500 123
53000 143
53500 136
54000 169
54500 142
55000 140
55500 137
56000 150
56500 157
57000 146
57500 135
58000 117
58500 139
59000 133
59500 144
60000 131
60500 119
61000 126
61500 122
62000 144
62500 152
63000 126
63500 140
64000 167
64500 143
65000 141
65500 144
66000 128
66500 113
67000 138
67500 159
68000 133
68500 146
69000 147
69500 149
70000 133
70500 132
71000 137
71500 124
72000 144
72500 155
73000 138
73500 131
74000 163
74500 131
75000 135
75500 137
76000 143
76500 133
77000 154
77500 142
78000 140
78500 145
79000 142
79500 148
80000 137
80500 125
81000 150
81500 153
82000 153
82500 142
83000 152
83500 151
84000 140
84500 127
85000 129
85500 160
86000 151
86500 131
87000 122
87500 146
88000 122
88500 136
89000 152
89500 100
90000 156
90500 150
91000 122
91500 126
92000 135
92500 121
93000 149
93500 130
94000 152
94500 119
95000 135
95500 134
96000 149
96500 121
97000 140
97500 150
98000 122
98500 121
99000 130
99500 134
100000 169
100500 149
101000 142
101500 151
102000 158
102500 135
103000 127
103500 150
104000 148
104500 141
105000 152
105500 136
106000 151
106500 148
107000 127
107500 147
108000 127
108500 129
109000 123
109500 127
110000 122
110500 138
111000 135
111500 133
112000 121
112500 152
113000 146
113500 135
114000 150
114500 122
115000 131
115500 136
116000 126
116500 139
117000 114
117500 133
118000 149
118500 137
119000 147
119500 136
120000 132
120500 151
121000 137
121500 139
122000 120
122500 135
123000 129
123500 126
124000 120
124500 150
125000 136
125500 135
126000 127
126500 115
127000 113
127500 139
128000 135
128500 147
129000 144
129500 121
130000 118
130500 139
131000 143
131500 136
132000 107
132500 122
133000 129
133500 153
134000 128
134500 131
135000 148
135500 120
136000 133
136500 127
137000 115
137500 144
138000 124
138500 109
139000 132
139500 135
140000 139
140500 151
141000 117
141500 131
142000 137
142500 135
143000 134
143500 123
144000 133
144500 146
145000 150
145500 122
146000 148
146500 147
147000 116
147500 138
148000 133
148500 124
149000 103
149500 144
150000 131
150500 113
151000 112
151500 130
152000 133
152500 146
153000 134
153500 129
154000 126
154500 104
155000 124
155500 119
156000 122
156500 134
157000 133
157500 132
158000 152
158500 121
159000 129
159500 125
160000 112
160500 114
161000 126
161500 116
162000 113
162500 126
163000 130
163500 145
164000 130
164500 132
165000 120
165500 117
166000 118
166500 116
167000 163
167500 107
168000 129
168500 134
169000 138
169500 136
170000 133
170500 132
171000 130
171500 122
172000 124
172500 141
173000 137
173500 121
174000 105
174500 141
175000 127
175500 117
176000 134
176500 129
177000 125
177500 109
178000 130
178500 135
179000 133
179500 122
180000 150
180500 101
181000 113
181500 127
182000 122
182500 114
183000 102
183500 127
184000 138
184500 154
185000 126
185500 126
186000 139
186500 116
187000 100
187500 115
188000 120
188500 126
189000 155
189500 125
190000 132
190500 103
191000 130
191500 128
192000 132
192500 129
193000 120
193500 119
194000 121
194500 138
195000 128
195500 114
196000 113
196500 124
197000 117
197500 110
198000 128
198500 111
199000 122
199500 127
200000 131
200500 113
201000 110
201500 109
202000 113
202500 129
203000 97
203500 126
204000 145
204500 99
205000 104
205500 102
206000 113
206500 125
207000 133
207500 101
208000 122
208500 107
209000 128
209500 102
210000 108
210500 117
211000 115
211500 110
212000 109
212500 110
213000 118
213500 126
214000 117
214500 103
215000 126
215500 133
216000 97
216500 121
217000 121
217500 85
218000 96
218500 111
219000 111
219500 107
220000 126
220500 106
221000 114
221500 115
222000 100
222500 114
223000 107
223500 120
224000 116
224500 122
225000 118
225500 99
226000 97
226500 104
227000 101
227500 120
228000 118
228500 125
229000 94
229500 125
230000 99
230500 105
231000 96
231500 112
232000 116
232500 116
233000 92
233500 107
234000 132
234500 107
235000 89
235500 99
236000 87
236500 93
237000 114
237500 98
238000 106
238500 100
239000 114
239500 129
240000 111
240500 109
241000 99
241500 113
242000 138
242500 105
243000 105
243500 116
244000 108
244500 91
245000 94
245500 99
246000 117
246500 89
247000 88
247500 87
248000 91
248500 99
249000 92
249500 107
250000 102
250500 107
251000 99
251500 93
252000 89
252500 83
253000 85
253500 92
254000 104
254500 100
255000 92
255500 84
256000 88
256500 96
257000 151
257500 131
258000 83
258500 95
259000 102
259500 91
260000 94
260500 91
261000 88
261500 91
262000 82
262500 98
263000 97
263500 75
264000 80
264500 93
265000 87
265500 92
266000 98
266500 90
267000 79
267500 81
268000 94
268500 127
269000 86
269500 127
270000 87
270500 85
271000 82
271500 94
272000 80
272500 92
273000 115
273500 103
274000 97
274500 144
275000 111
275500 88
276000 109
276500 82
277000 86
277500 93
278000 82
278500 84
279000 78
279500 77
280000 102
280500 81
281000 82
281500 74
282000 82
282500 77
283000 84
283500 72
284000 105
284500 96
285000 85
285500 84
286000 79
286500 69
287000 75
287500 73
288000 74
288500 76
289000 85
289500 80
290000 72
290500 77
291000 90
291500 80
292000 75
292500 76
293000 77
293500 72
294000 70
294500 76
295000 74
295500 71
296000 79
296500 78
297000 73
297500 73
298000 74
298500 72
299000 71
299500 72
300000 75
300500 73
301000 72
301500 72
302000 76
302500 74
303000 71
303500 70
304000 73
304500 72
305000 121
305500 110
306000 80
306500 72
307000 106
307500 87
308000 119
308500 85
309000 70
309500 70
310000 73
310500 74
311000 73
311500 73
312000 75
312500 74
313000 72
313500 70
314000 70
314500 72
315000 70
315500 72
316000 69
316500 93
317000 106
317500 68
318000 68
318500 70
319000 68
319500 68
320000 70
320500 72
321000 66
321500 70
322000 67
322500 67
323000 65
323500 66
324000 71
324500 79
325000 75
325500 73
326000 93
326500 73
327000 72
327500 70
328000 70
328500 71
329000 71
329500 71
330000 70
330500 68
331000 69
331500 70
332000 68
332500 69
333000 69
333500 69
334000 69
334500 68
335000 70
335500 70
336000 71
336500 70
337000 69
337500 69
338000 68
338500 68
339000 68
339500 68
340000 68
340500 70
341000 69
341500 70
342000 69
342500 69
343000 69
343500 69
344000 70
344500 69
345000 69
345500 69
346000 69
346500 68
347000 68
347500 68
348000 68
348500 68
349000 68
349500 68
350000 68
350500 68
351000 68
351500 69
352000 70
352500 70
353000 68
353500 68
354000 69
354500 69
355000 69
355500 69
356000 69
356500 69
357000 69
357500 69
358000 69
358500 69
359000 68
359500 69
360000 69
360500 69
361000 68
361500 68
362000 68
362500 68
363000 68
363500 69
364000 70
364500 69
365000 69
365500 69
366000 69
366500 69
367000 68
367500 68
368000 69
368500 69
369000 69
369500 69
370000 69
370500 69
371000 69
371500 69
372000 69
372500 69
373000 68
373500 68
374000 68
374500 68
375000 68
375500 68
376000 68
376500 68
377000 68
377500 68
378000 68
378500 68
379000 68
379500 68
380000 69
380500 69
381000 69
381500 68
382000 68
382500 68
383000 68
383500 68
384000 68
384500 68
385000 68
385500 68
386000 68
386500 68
387000 68
387500 68
388000 68
388500 68
389000 68
389500 68
390000 68
390500 68
391000 68
391500 68
392000 68
392500 68
393000 68
393500 68
394000 68
394500 68
395000 68
395500 68
396000 68
396500 68
397000 68
397500 68
398000 68
398500 68
399000 68
399500 68
400000 68
400500 68
401000 68
401500 68
402000 68
402500 68
403000 68
403500 68
404000 68
404500 68
405000 68
405500 68
406000 68
406500 68
407000 68
407500 68
408000 68
408500 68
409000 68
409500 68
410000 68
410500 68
411000 68
411500 68
412000 68
412500 68
413000 68
413500 68
414000 68
414500 68
415000 68
415500 68
416000 68
416500 68
417000 68
417500 68
418000 68
418500 68
419000 68
419500 68
420000 68
420500 68
421000 68
421500 68
422000 68
422500 68
423000 68
423500 68
424000 68
424500 68
425000 68
425500 68
426000 68
426500 68
427000 68
427500 68
428000 68
428500 68
429000 68
429500 68
430000 68
430500 68
431000 68
431500 68
432000 68
432500 68
433000 68
433500 68
434000 68
434500 68
435000 68
435500 68
436000 68
436500 68
437000 68
437500 68
438000 68
438500 68
439000 68
439500 68
440000 68
440500 68
441000 68
441500 68
442000 68
442500 68
443000 68
443500 68
444000 68
444500 68
445000 68
445500 68
446000 68
446500 68
447000 68
447500 68
448000 68
448500 68
449000 68
449500 68
450000 68
450500 68
451000 68
451500 68
452000 68
452500 68
453000 68
453500 68
454000 68
454500 68
455000 68
455500 68
456000 68
456500 68
457000 68
457500 68
458000 68
458500 68
459000 68
459500 68
460000 68
460500 68
461000 68
461500 68
462000 68
462500 68
463000 68
463500 68
464000 68
464500 68
465000 68
465500 68
466000 68
466500 68
467000 68
467500 68
468000 68
468500 68
469000 68
469500 68
470000 68
470500 68
471000 68
471500 68
472000 68
472500 68
473000 68
473500 68
474000 68
474500 68
475000 68
475500 68
476000 68
476500 68
477000 68
477500 68
478000 68
478500 68
479000 68
479500 68
480000 68
480500 68
481000 68
481500 68
482000 68
482500 68
483000 68
483500 68
484000 68
484500 68
485000 68
485500 68
486000 68
486500 68
487000 68
487500 68
488000 68
488500 68
489000 68
489500 68
490000 68
490500 68
491000 68
491500 68
492000 68
492500 68
493000 68
493500 68
494000 68
494500 68
495000 68
495500 68
496000 68
496500 68
497000 68
497500 68
498000 68
498500 68
499000 68
499500 68
500000 68
500500 68
501000 68
501500 68
502000 68
502500 68
503000 68
503500 68
504000 68
504500 68
505000 68
505500 68
506000 68
506500 68
507000 68
507500 68
508000 68
508500 68
509000 68
509500 68
510000 68
510500 68
511000 68
511500 68
512000 68
512500 68
513000 68
513500 68
514000 68
514500 68
515000 68
515500 68
516000 68
516500 68
517000 68
517500 68
518000 68
518500 68
519000 68
519500 68
520000 68
520500 68
521000 68
521500 68
522000 68
522500 68
523000 68
523500 68
524000 68
524500 68
525000 68
525500 68
526000 68
526500 68
527000 68
527500 68
528000 68
528500 68
529000 68
529500 68
530000 68
530500 68
531000 68
531500 68
532000 68
532500 68
533000 68
533500 68
534000 68
534500 68
535000 68
535500 68
536000 68
536500 68
537000 68
537500 68
538000 68
538500 68
539000 68
539500 68
540000 68
540500 68
541000 68
541500 68
542000 68
542500 68
543000 68
543500 68
544000 68
544500 68
545000 68
545500 68
546000 68
546500 68
547000 68
547500 68
548000 68
548500 68
549000 68
549500 68
550000 68
550500 68
551000 68
551500 68
552000 68
552500 68
553000 68
553500 68
554000 68
554500 68
555000 68
555500 68
556000 68
556500 68
557000 68
557500 68
558000 68
558500 68
559000 68
559500 68
560000 68
560500 68
561000 68
561500 68
562000 68
562500 68
563000 68
563500 68
564000 68
564500 68
565000 68
565500 68
566000 68
566500 68
567000 68
567500 68
568000 68
568500 68
569000 68
569500 68
570000 68
570500 68
571000 68
571500 68
572000 68
572500 68
573000 68
573500 68
574000 68
574500 68
575000 68
575500 68
576000 68
576500 68
577000 68
577500 68
578000 68
578500 68
579000 68
579500 68
580000 68
580500 68
581000 68
581500 68
582000 68
582500 68
583000 68
583500 68
584000 68
584500 68
585000 68
585500 68
586000 68
586500 68
587000 68
587500 68
588000 68
588500 68
589000 68
589500 68
590000 68
590500 68
591000 68
591500 68
592000 68
592500 68
593000 68
593500 68
594000 68
594500 68
595000 68
595500 68
596000 68
596500 68
597000 68
597500 68
598000 68
598500 68
599000 68
599500 68
600000 68
600500 68
601000 68
601500 68
602000 68
602500 68
603000 68
603500 68
604000 68
604500 68
605000 68
605500 68
606000 68
606500 68
607000 68
607500 68
608000 68
608500 68
609000 68
609500 68
610000 68
610500 68
611000 68
611500 68
612000 68
612500 68
613000 68
613500 68
614000 68
614500 68
615000 68
615500 68
616000 68
616500 68
617000 68
617500 68
618000 68
618500 68
619000 68
619500 68
620000 68
620500 68
621000 68
621500 68
622000 68
622500 68
623000 68
623500 68
624000 68
624500 68
625000 68
625500 68
626000 68
626500 68
627000 68
627500 68
628000 68
628500 68
629000 68
629500 68
630000 68
630500 68
631000 68
631500 68
632000 68
632500 68
633000 68
633500 68
634000 68
634500 68
635000 68
635500 68
636000 68
636500 68
637000 68
637500 68
638000 68
638500 68
639000 68
639500 68
640000 68
640500 68
641000 68
641500 68
642000 68
642500 68
643000 68
643500 68
644000 68
644500 68
645000 68
645500 68
646000 68
646500 68
647000 68
647500 68
648000 68
648500 68
649000 68
649500 68
650000 68
650500 68
651000 68
651500 68
652000 68
652500 68
653000 68
653500 68
654000 68
654500 68
655000 68
655500 68
656000 68
656500 68
657000 68
657500 68
658000 68
658500 68
659000 68
659500 68
660000 68
