10 148
20 155
30 158
40 128
50 161
60 136
70 146
80 161
90 139
100 168
110 170
120 154
130 160
140 134
150 137
160 133
170 158
180 143
190 154
200 152
210 132
220 115
230 139
240 168
250 155
260 138
270 163
280 148
290 177
300 155
310 143
320 132
330 148
340 159
350 161
360 134
370 147
380 139
390 157
400 128
410 163
420 161
430 138
440 157
450 160
460 154
470 171
480 174
490 166
500 146
510 157
520 155
530 157
540 127
550 136
560 154
570 127
580 140
590 151
600 144
610 158
620 148
630 153
640 152
650 141
660 140
670 144
680 143
690 149
700 159
710 145
720 148
730 156
740 160
750 150
760 143
770 153
780 145
790 157
800 136
810 154
820 155
830 154
840 150
850 159
860 139
870 146
880 129
890 132
900 149
910 135
920 140
930 156
940 158
950 142
960 136
970 145
980 136
990 157
1000 156
1010 152
1020 149
1030 156
1040 154
1050 153
1060 122
1070 162
1080 156
1090 133
1100 144
1110 162
1120 141
1130 145
1140 135
1150 147
1160 162
1170 153
1180 151
1190 155
1200 139
1210 152
1220 146
1230 164
1240 155
1250 151
1260 157
1270 157
1280 150
1290 147
1300 148
1310 156
1320 165
1330 150
1340 151
1350 149
1360 142
1370 155
1380 154
1390 138
1400 168
1410 144
1420 141
1430 140
1440 147
1450 158
1460 144
1470 147
1480 160
1490 162
1500 146
1510 137
1520 159
1530 129
1540 149
1550 146
1560 141
1570 145
1580 159
1590 153
1600 163
1610 150
1620 148
1630 172
1640 159
1650 145
1660 169
1670 143
1680 172
1690 141
1700 151
1710 166
1720 151
1730 164
1740 172
1750 163
1760 155
1770 165
1780 154
1790 164
1800 159
1810 167
1820 148
1830 129
1840 141
1850 153
1860 147
1870 131
1880 161
1890 154
1900 148
1910 169
1920 153
1930 130
1940 148
1950 131
1960 152
1970 134
1980 165
1990 139
2000 160
2010 153
2020 151
2030 152
2040 158
2050 153
2060 140
2070 130
2080 159
2090 132
2100 158
2110 159
2120 150
2130 177
2140 141
2150 148
2160 140
2170 172
2180 150
2190 153
2200 148
2210 154
2220 146
2230 149
2240 138
2250 168
2260 152
2270 163
2280 126
2290 148
2300 124
2310 151
2320 121
2330 133
2340 136
2350 149
2360 142
2370 158
2380 149
2390 133
2400 158
2410 142
2420 141
2430 158
2440 166
2450 163
2460 148
2470 122
2480 142
2490 156
2500 145
2510 109
2520 128
2530 140
2540 144
2550 150
2560 154
2570 167
2580 159
2590 134
2600 126
2610 148
2620 146
2630 149
2640 124
2650 142
2660 148
2670 142
2680 169
2690 167
2700 151
2710 159
2720 154
2730 160
2740 145
2750 149
2760 135
2770 147
2780 138
2790 141
2800 140
2810 126
2820 144
2830 115
2840 124
2850 144
2860 151
2870 166
2880 148
2890 152
2900 156
2910 153
2920 146
2930 143
2940 169
2950 172
2960 153
2970 150
2980 139
2990 148
3000 149
3010 144
3020 154
3030 152
3040 130
3050 146
3060 164
3070 161
3080 161
3090 147
3100 148
3110 148
3120 150
3130 157
3140 154
3150 158
3160 144
3170 149
3180 142
3190 125
3200 126
3210 149
3220 146
3230 143
3240 171
3250 142
3260 115
3270 123
3280 117
3290 133
3300 127
3310 124
3320 143
3330 150
3340 136
3350 149
3360 148
3370 138
3380 125
3390 130
3400 116
3410 146
3420 165
3430 155
3440 145
3450 114
3460 131
3470 138
3480 127
3490 133
3500 148
3510 140
3520 139
3530 139
3540 143
3550 136
3560 157
3570 150
3580 156
3590 151
3600 170
3610 154
3620 127
3630 128
3640 138
3650 123
3660 141
3670 141
3680 152
3690 122
3700 140
3710 115
3720 152
3730 161
3740 166
3750 136
3760 136
3770 138
3780 135
3790 119
3800 127
3810 130
3820 129
3830 143
3840 162
3850 140
3860 145
3870 148
3880 150
3890 140
3900 147
3910 138
3920 140
3930 129
3940 133
3950 149
3960 155
3970 145
3980 122
3990 131
4000 143
4010 150
4020 126
4030 122
4040 135
4050 127
4060 121
4070 130
4080 120
4090 132
4100 148
4110 146
4120 143
4130 155
4140 146
4150 152
4160 143
4170 137
4180 133
4190 137
4200 141
4210 151
4220 154
4230 126
4240 135
4250 143
4260 144
4270 135
4280 128
4290 120
4300 126
4310 128
4320 150
4330 144
4340 144
4350 146
4360 152
4370 135
4380 121
4390 112
4400 120
4410 137
4420 141
4430 148
4440 142
4450 139
4460 128
4470 138
4480 121
4490 122
4500 118
4510 119
4520 129
4530 119
4540 118
4550 117
4560 124
4570 120
4580 118
4590 112
4600 109
4610 108
4620 116
4630 122
4640 124
4650 126
4660 120
4670 129
4680 132
4690 121
4700 126
4710 133
4720 125
4730 126
4740 120
4750 121
4760 120
4770 120
4780 118
4790 127
4800 126
4810 134
4820 127
4830 130
4840 129
4850 116
4860 121
4870 120
4880 115
4890 118
4900 105
4910 104
4920 113
4930 118
4940 113
4950 117
4960 109
4970 106
4980 117
4990 115
5000 115
5010 118
5020 132
5030 119
5040 122
5050 116
5060 101
5070 103
5080 106
5090 98
5100 98
5110 96
5120 101
5130 104
5140 113
5150 113
5160 115
5170 110
5180 120
5190 116
5200 90
5210 87
5220 90
5230 90
5240 90
5250 94
5260 84
5270 94
5280 101
5290 96
5300 96
5310 92
5320 91
5330 88
5340 88
5350 89
5360 87
5370 101
5380 99
5390 98
5400 92
5410 94
5420 85
5430 84
5440 84
5450 89
5460 89
5470 93
5480 95
5490 100
5500 103
5510 96
5520 95
5530 95
5540 91
5550 91
5560 91
5570 87
5580 85
5590 82
5600 82
5610 80
5620 80
5630 79
5640 79
5650 79
5660 79
5670 76
5680 79
5690 79
5700 79
5710 79
5720 79
5730 74
5740 74
5750 73
5760 73
5770 73
5780 73
5790 73
5800 73
5810 73
5820 73
5830 73
5840 73
5850 73
5860 73
5870 73
5880 73
5890 73
5900 74
5910 77
5920 76
5930 76
5940 76
5950 76
5960 77
5970 77
5980 77
5990 76
6000 76
6010 76
6020 76
6030 76
6040 77
6050 77
6060 77
6070 77
6080 77
6090 77
6100 77
6110 77
6120 77
6130 77
6140 76
6150 76
6160 76
6170 76
6180 76
6190 75
6200 75
6210 74
6220 74
6230 74
6240 74
6250 74
6260 74
6270 74
6280 74
6290 74
6300 74
6310 74
6320 74
6330 74
6340 75
6350 74
6360 74
6370 74
6380 75
6390 75
6400 74
6410 74
6420 73
6430 73
6440 74
6450 74
6460 74
6470 74
6480 74
6490 74
6500 74
6510 73
6520 73
6530 73
6540 73
6550 73
6560 73
6570 73
6580 73
6590 73
6600 73
6610 73
6620 73
6630 73
6640 73
6650 73
6660 73
6670 73
6680 73
6690 73
6700 73
6710 73
6720 73
6730 73
6740 73
6750 73
6760 73
6770 73
6780 73
6790 73
6800 73
6810 73
6820 73
6830 73
6840 73
6850 73
6860 73
6870 73
6880 72
6890 72
6900 72
6910 72
6920 72
6930 72
6940 72
6950 72
6960 72
6970 72
6980 72
6990 72
7000 72
7010 72
7020 72
7030 72
7040 72
7050 72
7060 72
7070 72
7080 72
7090 72
7100 72
7110 72
7120 72
7130 72
7140 71
7150 71
7160 71
7170 71
7180 71
7190 71
7200 71
7210 71
7220 71
7230 71
7240 71
7250 71
7260 71
7270 71
7280 71
7290 71
7300 71
7310 71
7320 71
7330 71
7340 71
7350 71
7360 71
7370 71
7380 71
7390 71
7400 71
7410 71
7420 71
7430 71
7440 71
7450 71
7460 71
7470 71
7480 71
7490 71
7500 71
7510 71
7520 71
7530 70
7540 70
7550 70
7560 70
7570 70
7580 70
7590 70
7600 70
7610 70
7620 70
7630 70
7640 70
7650 70
7660 70
7670 70
7680 70
7690 70
7700 70
7710 70
7720 70
7730 70
7740 70
7750 70
7760 70
7770 70
7780 70
7790 70
7800 70
7810 70
7820 70
7830 70
7840 70
7850 70
7860 70
7870 70
7880 70
7890 70
7900 70
7910 70
7920 70
7930 70
7940 70
7950 70
7960 70
7970 70
7980 70
7990 70
8000 70
8010 70
8020 70
8030 70
8040 70
8050 70
8060 70
8070 70
8080 70
8090 70
8100 70
8110 70
8120 70
8130 70
8140 70
8150 70
8160 70
8170 70
8180 70
8190 70
8200 70
8210 70
8220 70
8230 70
8240 70
8250 70
8260 70
8270 70
8280 70
8290 70
8300 70
8310 70
8320 70
8330 70
8340 70
8350 70
8360 70
8370 70
8380 70
8390 70
8400 70
8410 70
8420 70
8430 70
8440 70
8450 70
8460 70
8470 70
8480 70
8490 70
8500 70
8510 70
8520 70
8530 70
8540 70
8550 70
8560 70
8570 70
8580 70
8590 70
8600 70
8610 70
8620 70
8630 70
8640 70
8650 70
8660 70
8670 70
8680 70
8690 70
8700 70
8710 70
8720 70
8730 70
8740 70
8750 70
8760 70
8770 70
8780 70
8790 70
8800 70
8810 70
8820 70
8830 70
8840 70
8850 70
8860 70
8870 70
8880 70
8890 70
8900 70
8910 70
8920 70
8930 70
8940 70
8950 70
8960 70
8970 70
8980 70
8990 70
9000 70
9010 70
9020 70
9030 70
9040 70
9050 70
9060 70
9070 70
9080 70
9090 70
9100 70
9110 70
9120 70
9130 70
9140 70
9150 70
9160 70
9170 70
9180 70
9190 70
9200 70
9210 70
9220 70
9230 70
9240 70
9250 70
9260 70
9270 70
9280 70
9290 70
9300 70
9310 70
9320 70
9330 70
9340 70
9350 70
9360 70
9370 70
9380 70
9390 70
9400 70
9410 70
9420 70
9430 70
9440 70
9450 70
9460 70
9470 70
9480 70
9490 70
9500 70
9510 70
9520 70
9530 70
9540 70
9550 70
9560 70
9570 70
9580 70
9590 70
9600 69
9610 69
9620 69
9630 69
9640 69
9650 69
9660 69
9670 69
9680 69
9690 69
9700 69
9710 69
9720 69
9730 69
9740 69
9750 69
9760 69
9770 69
9780 69
9790 69
9800 69
9810 69
9820 69
9830 69
9840 69
9850 69
9860 69
9870 69
9880 69
9890 69
9900 69
9910 69
9920 69
9930 69
9940 69
9950 69
9960 69
9970 69
9980 69
9990 69
10000 69
10010 69
10020 69
10030 69
10040 69
10050 69
10060 69
10070 69
10080 69
10090 69
10100 69
10110 69
10120 69
10130 69
10140 69
10150 69
10160 69
10170 69
10180 69
10190 69
10200 69
10210 69
10220 69
10230 69
10240 69
10250 69
10260 69
10270 69
10280 69
10290 69
10300 69
10310 69
10320 69
10330 69
10340 69
10350 69
10360 69
10370 69
10380 69
10390 69
10400 69
10410 69
10420 69
10430 69
10440 69
10450 69
10460 69
10470 69
10480 69
10490 69
10500 69
10510 69
10520 69
10530 69
10540 69
10550 69
10560 69
10570 69
10580 69
10590 69
10600 69
10610 69
10620 69
10630 69
10640 69
10650 69
10660 69
10670 69
10680 69
10690 69
10700 69
10710 69
10720 69
10730 69
10740 69
10750 69
10760 69
10770 69
