500 143
1000 147
1500 149
2000 130
2500 150
3000 153
3500 148
4000 136
4500 146
5000 162
5500 152
6000 161
6500 135
7000 147
7500 162
8000 141
8500 157
9000 165
9500 135
10000 156
10500 141
11000 169
11500 159
12000 158
12500 155
13000 150
13500 142
14000 145
14500 141
15000 149
15500 138
16000 125
16500 158
17000 146
17500 141
18000 153
18500 163
19000 141
19500 153
20000 163
20500 153
21000 145
21500 129
22000 137
22500 147
23000 137
23500 149
24000 158
24500 151
25000 160
25500 136
26000 136
26500 136
27000 122
27500 163
28000 141
28500 140
29000 157
29500 152
30000 155
30500 149
31000 153
31500 155
32000 150
32500 160
33000 158
33500 147
34000 144
34500 159
35000 142
35500 153
36000 156
36500 156
37000 133
37500 165
38000 148
38500 155
39000 141
39500 156
40000 149
40500 154
41000 168
41500 158
42000 136
42500 152
43000 146
43500 144
44000 151
44500 135
45000 145
45500 161
46000 148
46500 142
47000 179
47500 144
48000 149
48500 149
49000 119
49500 160
50000 148
50500 157
51000 149
51500 146
52000 160
52500 170
53000 157
53500 153
54000 146
54500 147
55000 152
55500 150
56000 146
56500 145
57000 175
57500 149
58000 164
58500 134
59000 131
59500 166
60000 126
60500 138
61000 142
61500 138
62000 140
62500 146
63000 150
63500 139
64000 148
64500 148
65000 146
65500 133
66000 138
66500 137
67000 137
67500 143
68000 135
68500 145
69000 155
69500 140
70000 138
70500 141
71000 175
71500 147
72000 144
72500 129
73000 136
73500 133
74000 136
74500 152
75000 160
75500 135
76000 137
76500 145
77000 139
77500 163
78000 124
78500 140
79000 143
79500 124
80000 167
80500 120
81000 149
81500 158
82000 148
82500 152
83000 138
83500 137
84000 155
84500 133
85000 147
85500 158
86000 169
86500 156
87000 164
87500 139
88000 155
88500 160
89000 157
89500 144
90000 134
90500 148
91000 142
91500 147
92000 148
92500 136
93000 154
93500 158
94000 145
94500 133
95000 147
95500 132
96000 130
96500 151
97000 158
97500 142
98000 146
98500 162
99000 142
99500 142
100000 146
100500 137
101000 151
101500 151
102000 146
102500 143
103000 122
103500 150
104000 135
104500 157
105000 142
105500 127
106000 136
106500 136
107000 136
107500 137
108000 146
108500 127
109000 101
109500 142
110000 142
110500 142
111000 151
111500 139
112000 141
112500 122
113000 111
113500 119
114000 160
114500 138
115000 147
115500 117
116000 128
116500 101
117000 126
117500 140
118000 133
118500 121
119000 145
119500 144
120000 150
120500 119
121000 139
121500 127
122000 132
122500 136
123000 140
123500 146
124000 139
124500 156
125000 137
125500 148
126000 133
126500 131
127000 152
127500 160
128000 117
128500 159
129000 147
129500 124
130000 138
130500 146
131000 144
131500 151
132000 131
132500 141
133000 130
133500 137
134000 149
134500 153
135000 154
135500 137
136000 143
136500 124
137000 149
137500 153
138000 110
138500 131
139000 141
139500 125
140000 145
140500 134
141000 134
141500 139
142000 122
142500 158
143000 138
143500 136
144000 144
144500 140
145000 147
145500 137
146000 144
146500 149
147000 119
147500 136
148000 148
148500 131
149000 149
149500 135
150000 148
150500 159
151000 124
151500 113
152000 124
152500 135
153000 130
153500 112
154000 111
154500 134
155000 121
155500 128
156000 136
156500 128
157000 129
157500 133
158000 161
158500 117
159000 130
159500 126
160000 142
160500 115
161000 141
161500 121
162000 118
162500 122
163000 134
163500 127
164000 129
164500 130
165000 124
165500 125
166000 103
166500 127
167000 123
167500 132
168000 128
168500 124
169000 120
169500 119
170000 141
170500 143
171000 129
171500 105
172000 118
172500 143
173000 121
173500 125
174000 141
174500 136
175000 122
175500 142
176000 109
176500 123
177000 132
177500 142
178000 125
178500 121
179000 147
179500 115
180000 114
180500 138
181000 125
181500 132
182000 133
182500 141
183000 116
183500 121
184000 122
184500 139
185000 142
185500 122
186000 122
186500 132
187000 132
187500 127
188000 126
188500 123
189000 118
189500 142
190000 119
190500 124
191000 137
191500 135
192000 118
192500 142
193000 138
193500 129
194000 117
194500 112
195000 127
195500 110
196000 124
196500 133
197000 121
197500 119
198000 133
198500 117
199000 121
199500 130
200000 140
200500 121
201000 105
201500 136
202000 123
202500 93
203000 123
203500 106
204000 112
204500 118
205000 120
205500 117
206000 111
206500 131
207000 130
207500 128
208000 101
208500 112
209000 153
209500 118
210000 142
210500 104
211000 112
211500 106
212000 112
212500 108
213000 126
213500 132
214000 113
214500 148
215000 122
215500 138
216000 121
216500 128
217000 118
217500 134
218000 122
218500 110
219000 147
219500 129
220000 137
220500 119
221000 126
221500 124
222000 121
222500 143
223000 112
223500 120
224000 115
224500 120
225000 116
225500 155
226000 106
226500 126
227000 105
227500 110
228000 134
228500 120
229000 146
229500 115
230000 125
230500 113
231000 113
231500 111
232000 119
232500 144
233000 103
233500 115
234000 114
234500 118
235000 106
235500 132
236000 108
236500 112
237000 106
237500 114
238000 129
238500 95
239000 105
239500 118
240000 121
240500 97
241000 119
241500 134
242000 125
242500 128
243000 125
243500 116
244000 146
244500 127
245000 90
245500 113
246000 114
246500 94
247000 97
247500 108
248000 114
248500 131
249000 124
249500 115
250000 107
250500 99
251000 95
251500 99
252000 85
252500 99
253000 80
253500 99
254000 88
254500 88
255000 90
255500 80
256000 102
256500 79
257000 93
257500 95
258000 99
258500 95
259000 97
259500 103
260000 87
260500 100
261000 82
261500 90
262000 116
262500 104
263000 92
263500 109
264000 90
264500 86
265000 83
265500 91
266000 97
266500 107
267000 92
267500 91
268000 102
268500 113
269000 104
269500 109
270000 85
270500 126
271000 154
271500 121
272000 80
272500 79
273000 88
273500 77
274000 84
274500 108
275000 85
275500 127
276000 88
276500 112
277000 97
277500 101
278000 124
278500 94
279000 100
279500 103
280000 123
280500 103
281000 97
281500 85
282000 85
282500 126
283000 117
283500 116
284000 86
284500 113
285000 99
285500 94
286000 106
286500 92
287000 104
287500 100
288000 93
288500 93
289000 89
289500 84
290000 90
290500 135
291000 84
291500 88
292000 119
292500 106
293000 97
293500 100
294000 91
294500 83
295000 129
295500 97
296000 88
296500 83
297000 89
297500 87
298000 111
298500 81
299000 89
299500 83
300000 110
300500 70
301000 69
301500 75
302000 71
302500 77
303000 100
303500 81
304000 96
304500 78
305000 74
305500 72
306000 71
306500 102
307000 85
307500 76
308000 77
308500 81
309000 75
309500 71
310000 76
310500 73
311000 71
311500 72
312000 75
312500 75
313000 71
313500 71
314000 76
314500 74
315000 76
315500 76
316000 74
316500 83
317000 79
317500 75
318000 90
318500 76
319000 82
319500 77
320000 147
320500 82
321000 84
321500 74
322000 73
322500 87
323000 84
323500 75
324000 69
324500 68
325000 78
325500 73
326000 73
326500 109
327000 80
327500 80
328000 75
328500 109
329000 81
329500 82
330000 79
330500 70
331000 69
331500 69
332000 71
332500 74
333000 71
333500 74
334000 125
334500 81
335000 91
335500 76
336000 97
336500 81
337000 89
337500 82
338000 84
338500 74
339000 74
339500 89
340000 80
340500 78
341000 75
341500 76
342000 72
342500 88
343000 75
343500 102
344000 82
344500 80
345000 82
345500 81
346000 94
346500 77
347000 71
347500 71
348000 73
348500 87
349000 80
349500 85
350000 78
350500 111
351000 84
351500 81
352000 81
352500 76
353000 72
353500 71
354000 98
354500 77
355000 73
355500 73
356000 74
356500 73
357000 73
357500 73
358000 73
358500 73
359000 73
359500 73
360000 73
360500 73
361000 72
361500 72
362000 71
362500 71
363000 71
363500 69
364000 69
364500 70
365000 70
365500 70
366000 70
366500 70
367000 70
367500 70
368000 70
368500 71
369000 71
369500 71
370000 69
370500 69
371000 69
371500 68
372000 69
372500 69
373000 70
373500 70
374000 69
374500 69
375000 69
375500 69
376000 69
376500 68
377000 68
377500 68
378000 68
378500 68
379000 68
379500 68
380000 69
380500 68
381000 68
381500 68
382000 68
382500 68
383000 68
383500 68
384000 68
384500 69
385000 68
385500 68
386000 68
386500 68
387000 68
387500 68
388000 69
388500 69
389000 69
389500 69
390000 68
390500 68
391000 68
391500 69
392000 69
392500 69
393000 69
393500 69
394000 69
394500 69
395000 68
395500 68
396000 68
396500 68
397000 68
397500 68
398000 69
398500 69
399000 69
399500 69
400000 69
400500 69
401000 69
401500 68
402000 68
402500 68
403000 68
403500 68
404000 68
404500 68
405000 68
405500 68
406000 68
406500 68
407000 68
407500 68
408000 68
408500 68
409000 68
409500 68
410000 68
410500 68
411000 68
411500 68
412000 68
412500 68
413000 68
413500 68
414000 68
414500 68
415000 68
415500 68
416000 68
416500 68
417000 68
417500 68
418000 68
418500 68
419000 68
419500 68
420000 68
420500 68
421000 68
421500 68
422000 68
422500 68
423000 69
423500 69
424000 69
424500 68
425000 68
425500 68
426000 68
426500 68
427000 68
427500 68
428000 68
428500 68
429000 68
429500 68
430000 68
430500 68
431000 68
431500 68
432000 68
432500 68
433000 68
433500 68
434000 68
434500 68
435000 68
435500 68
436000 68
436500 68
437000 68
437500 68
438000 68
438500 68
439000 68
439500 68
440000 68
440500 68
441000 68
441500 68
442000 68
442500 68
443000 68
443500 68
444000 68
444500 68
445000 68
445500 68
446000 68
446500 68
447000 68
447500 68
448000 68
448500 68
449000 68
449500 68
450000 68
450500 68
451000 68
451500 68
452000 68
452500 68
453000 68
453500 68
454000 68
454500 68
455000 68
455500 68
456000 68
456500 68
457000 68
457500 68
458000 68
458500 68
459000 68
459500 68
460000 68
460500 68
461000 68
461500 68
462000 68
462500 68
463000 68
463500 68
464000 68
464500 68
465000 68
465500 68
466000 68
466500 68
467000 68
467500 68
468000 68
468500 68
469000 68
469500 68
470000 68
470500 68
471000 68
471500 68
472000 68
472500 68
473000 68
473500 68
474000 68
474500 68
475000 68
475500 68
476000 68
476500 68
477000 68
477500 68
478000 68
478500 68
479000 68
479500 68
480000 68
480500 68
481000 68
481500 68
482000 68
482500 68
483000 68
483500 68
484000 68
484500 68
485000 68
485500 68
486000 68
486500 68
487000 68
487500 68
488000 68
488500 68
489000 68
489500 68
490000 68
490500 68
491000 68
491500 68
492000 68
492500 68
493000 68
493500 68
494000 68
494500 68
495000 68
495500 68
496000 68
496500 68
497000 68
497500 68
498000 68
498500 68
499000 68
499500 68
500000 68
500500 68
501000 68
501500 68
502000 68
502500 68
503000 68
503500 68
504000 68
504500 68
505000 68
505500 68
506000 68
506500 68
507000 68
507500 68
508000 68
508500 68
509000 68
509500 68
510000 68
510500 68
511000 68
511500 68
512000 68
512500 68
513000 68
513500 68
514000 68
514500 68
515000 68
515500 68
516000 68
516500 68
517000 68
517500 68
518000 68
518500 68
519000 68
519500 68
520000 68
520500 68
521000 68
521500 68
522000 68
522500 68
523000 68
523500 68
524000 68
524500 68
525000 68
525500 68
526000 68
526500 68
527000 68
527500 68
528000 68
528500 68
529000 68
529500 68
530000 68
530500 68
531000 68
531500 68
532000 68
532500 68
533000 68
533500 68
534000 68
534500 68
535000 68
535500 68
536000 68
536500 68
537000 68
537500 68
538000 68
538500 68
539000 68
539500 68
540000 68
540500 68
541000 68
541500 68
542000 68
542500 68
543000 68
543500 68
544000 68
544500 68
545000 68
545500 68
546000 68
546500 68
547000 68
547500 68
548000 68
548500 68
549000 68
549500 68
550000 68
550500 68
551000 68
551500 68
552000 68
552500 68
553000 68
553500 68
554000 68
554500 68
555000 68
555500 68
556000 68
556500 68
557000 68
557500 68
558000 68
558500 68
559000 68
559500 68
560000 68
560500 68
561000 68
561500 68
562000 68
562500 68
563000 68
563500 68
564000 68
564500 68
565000 68
565500 68
566000 68
566500 68
567000 68
567500 68
568000 68
568500 68
569000 68
569500 68
570000 68
570500 68
571000 68
571500 68
572000 68
572500 68
573000 68
573500 68
574000 68
574500 68
575000 68
575500 68
576000 68
576500 68
577000 68
577500 68
578000 68
578500 68
579000 68
579500 68
580000 68
580500 68
581000 68
581500 68
582000 68
582500 68
583000 68
583500 68
584000 68
584500 68
585000 68
585500 68
586000 68
586500 68
587000 68
587500 68
588000 68
588500 68
589000 68
589500 68
590000 68
590500 68
591000 68
591500 68
592000 68
592500 68
593000 68
593500 68
594000 68
594500 68
595000 68
595500 68
596000 68
596500 68
597000 68
597500 68
598000 68
598500 68
599000 68
599500 68
600000 68
600500 68
601000 68
601500 68
602000 68
602500 68
603000 68
603500 68
604000 68
604500 68
605000 68
605500 68
606000 68
606500 68
607000 68
607500 68
608000 68
608500 68
609000 68
609500 68
610000 68
610500 68
611000 68
611500 68
612000 68
612500 68
613000 68
613500 68
614000 68
614500 68
615000 68
615500 68
616000 68
616500 68
617000 68
617500 68
618000 68
618500 68
619000 68
619500 68
620000 68
620500 68
621000 68
621500 68
622000 68
622500 68
623000 68
623500 68
624000 68
624500 68
625000 68
625500 68
626000 68
626500 68
627000 68
627500 68
628000 68
628500 68
629000 68
629500 68
630000 68
630500 68
631000 68
631500 68
632000 68
632500 68
633000 68
633500 68
634000 68
634500 68
635000 68
635500 68
636000 68
636500 68
637000 68
637500 68
638000 68
638500 68
639000 68
639500 68
640000 68
640500 68
641000 68
641500 68
642000 68
642500 68
643000 68
643500 68
644000 68
644500 68
645000 68
645500 68
646000 68
646500 68
647000 68
647500 68
648000 68
648500 68
649000 68
649500 68
650000 68
650500 68
651000 68
651500 68
652000 68
652500 68
653000 68
653500 68
654000 68
654500 68
655000 68
655500 68
656000 68
656500 68
657000 68
657500 68
658000 68
658500 68
659000 68
659500 68
660000 68
660500 68
661000 68
661500 68
662000 68
662500 68
663000 68
663500 68
664000 68
664500 68
665000 68
665500 68
666000 68
666500 68
667000 68
667500 68
668000 68
668500 68
669000 68
669500 68
670000 68
670500 68
671000 68
671500 68
672000 68
672500 68
673000 68
673500 68
674000 68
674500 68
675000 68
675500 68
676000 68
676500 68
677000 68
677500 68
678000 68
678500 68
679000 68
679500 68
680000 68
680500 68
681000 68
681500 68
682000 68
682500 68
683000 68
683500 68
684000 68
684500 68
685000 68
685500 68
686000 68
686500 68
687000 68
687500 68
688000 68
688500 68
689000 68
689500 68
690000 68
690500 68
691000 68
691500 68
692000 68
692500 68
693000 68
693500 68
694000 68
694500 68
695000 68
695500 68
696000 68
696500 68
697000 68
697500 68
698000 68
698500 68
699000 68
699500 68
700000 68
