500 214
1000 186
1500 206
2000 214
2500 204
3000 192
3500 222
4000 204
4500 198
5000 194
5500 200
6000 224
6500 220
7000 170
7500 210
8000 200
8500 188
9000 196
9500 198
10000 210
10500 212
11000 166
11500 206
12000 206
12500 190
13000 178
13500 208
14000 190
14500 190
15000 208
15500 206
16000 204
16500 200
17000 184
17500 182
18000 218
18500 188
19000 220
19500 226
20000 198
20500 216
21000 178
21500 198
22000 224
22500 206
23000 212
23500 206
24000 210
24500 182
25000 208
25500 180
26000 204
26500 214
27000 220
27500 212
28000 212
28500 192
29000 194
29500 206
30000 220
30500 200
31000 172
31500 220
32000 220
32500 210
33000 192
33500 212
34000 204
34500 202
35000 214
35500 214
36000 200
36500 210
37000 188
37500 226
38000 210
38500 198
39000 180
39500 212
40000 202
40500 202
41000 214
41500 210
42000 198
42500 158
43000 196
43500 186
44000 200
44500 222
45000 188
45500 196
46000 210
46500 198
47000 204
47500 224
48000 216
48500 198
49000 194
49500 206
50000 188
50500 198
51000 190
51500 188
52000 200
52500 202
53000 212
53500 202
54000 170
54500 196
55000 184
55500 188
56000 198
56500 190
57000 194
57500 196
58000 184
58500 204
59000 204
59500 196
60000 192
60500 206
61000 210
61500 212
62000 210
62500 200
63000 202
63500 208
64000 196
64500 202
65000 190
65500 204
66000 182
66500 174
67000 224
67500 192
68000 144
68500 222
69000 196
69500 182
70000 178
70500 204
71000 210
71500 198
72000 210
72500 228
73000 200
73500 208
74000 202
74500 210
75000 200
75500 200
76000 206
76500 200
77000 186
77500 204
78000 190
78500 200
79000 222
79500 228
80000 210
80500 210
81000 190
81500 210
82000 206
82500 200
83000 214
83500 194
84000 208
84500 186
85000 200
85500 188
86000 188
86500 204
87000 216
87500 212
88000 216
88500 192
89000 192
89500 194
90000 202
90500 196
91000 206
91500 176
92000 198
92500 176
93000 202
93500 194
94000 186
94500 188
95000 198
95500 182
96000 188
96500 192
97000 230
97500 192
98000 186
98500 212
99000 192
99500 196
100000 186
100500 224
101000 188
101500 198
102000 216
102500 212
103000 208
103500 198
104000 188
104500 204
105000 208
105500 180
106000 218
106500 212
107000 172
107500 194
108000 194
108500 194
109000 220
109500 210
110000 166
110500 206
111000 208
111500 208
112000 204
112500 206
113000 204
113500 182
114000 200
114500 166
115000 190
115500 178
116000 188
116500 198
117000 198
117500 200
118000 204
118500 214
119000 192
119500 200
120000 204
120500 200
121000 210
121500 208
122000 174
122500 200
123000 188
123500 178
124000 198
124500 190
125000 186
125500 218
126000 204
126500 182
127000 202
127500 204
128000 222
128500 206
129000 166
129500 194
130000 176
130500 184
131000 178
131500 206
132000 220
132500 204
133000 210
133500 186
134000 202
134500 188
135000 188
135500 228
136000 182
136500 176
137000 180
137500 210
138000 192
138500 204
139000 202
139500 212
140000 188
140500 200
141000 194
141500 200
142000 232
142500 176
143000 174
143500 212
144000 212
144500 200
145000 180
145500 170
146000 186
146500 192
147000 192
147500 200
148000 198
148500 202
149000 196
149500 208
150000 204
150500 174
151000 204
151500 196
152000 224
152500 176
153000 196
153500 194
154000 172
154500 174
155000 178
155500 196
156000 224
156500 190
157000 188
157500 210
158000 212
158500 190
159000 192
159500 198
160000 192
160500 202
161000 198
161500 220
162000 188
162500 186
163000 178
163500 198
164000 192
164500 196
165000 204
165500 204
166000 188
166500 190
167000 198
167500 186
168000 214
168500 196
169000 186
169500 204
170000 176
170500 188
171000 196
171500 200
172000 206
172500 212
173000 180
173500 192
174000 188
174500 190
175000 204
175500 168
176000 196
176500 202
177000 190
177500 178
178000 198
178500 230
179000 186
179500 210
180000 192
180500 192
181000 184
181500 178
182000 184
182500 188
183000 202
183500 176
184000 184
184500 182
185000 194
185500 194
186000 186
186500 200
187000 200
187500 184
188000 190
188500 194
189000 210
189500 210
190000 182
190500 192
191000 190
191500 198
192000 180
192500 194
193000 180
193500 168
194000 180
194500 192
195000 176
195500 164
196000 220
196500 174
197000 194
197500 186
198000 214
198500 174
199000 198
199500 186
200000 186
200500 198
201000 182
201500 168
202000 182
202500 194
203000 174
203500 182
204000 186
204500 200
205000 200
205500 198
206000 198
206500 200
207000 182
207500 192
208000 188
208500 178
209000 210
209500 194
210000 192
210500 196
211000 208
211500 194
212000 154
212500 192
213000 184
213500 186
214000 172
214500 202
215000 172
215500 210
216000 174
216500 200
217000 182
217500 176
218000 196
218500 198
219000 196
219500 186
220000 206
220500 184
221000 184
221500 172
222000 180
222500 174
223000 196
223500 186
224000 164
224500 176
225000 186
225500 178
226000 186
226500 186
227000 190
227500 168
228000 190
228500 196
229000 168
229500 192
230000 184
230500 206
231000 174
231500 192
232000 196
232500 186
233000 202
233500 170
234000 170
234500 172
235000 194
235500 184
236000 196
236500 204
237000 190
237500 176
238000 186
238500 186
239000 188
239500 194
240000 208
240500 198
241000 212
241500 200
242000 220
242500 192
243000 176
243500 214
244000 172
244500 204
245000 192
245500 180
246000 184
246500 194
247000 188
247500 196
248000 172
248500 168
249000 196
249500 180
250000 204
250500 176
251000 186
251500 176
252000 194
252500 214
253000 178
253500 192
254000 182
254500 198
255000 208
255500 188
256000 188
256500 174
257000 184
257500 168
258000 178
258500 198
259000 168
259500 180
260000 190
260500 190
261000 154
261500 178
262000 188
262500 194
263000 196
263500 184
264000 184
264500 184
265000 174
265500 184
266000 174
266500 184
267000 168
267500 162
268000 188
268500 174
269000 176
269500 184
270000 188
270500 200
271000 190
271500 204
272000 178
272500 188
273000 198
273500 172
274000 154
274500 178
275000 186
275500 170
276000 214
276500 200
277000 194
277500 178
278000 186
278500 190
279000 180
279500 170
280000 192
280500 192
281000 180
281500 192
282000 192
282500 174
283000 192
283500 188
284000 188
284500 164
285000 190
285500 226
286000 170
286500 190
287000 190
287500 196
288000 176
288500 172
289000 190
289500 178
290000 186
290500 170
291000 206
291500 194
292000 208
292500 180
293000 170
293500 178
294000 194
294500 182
295000 194
295500 196
296000 196
296500 220
297000 164
297500 188
298000 192
298500 178
299000 162
299500 194
300000 192
300500 198
301000 176
301500 202
302000 186
302500 176
303000 212
303500 158
304000 206
304500 172
305000 176
305500 162
306000 184
306500 182
307000 152
307500 164
308000 204
308500 178
309000 198
309500 182
310000 180
310500 184
311000 198
311500 172
312000 190
312500 168
313000 194
313500 158
314000 178
314500 168
315000 208
315500 170
316000 182
316500 214
317000 192
317500 196
318000 166
318500 210
319000 184
319500 158
320000 176
320500 194
321000 182
321500 180
322000 196
322500 190
323000 182
323500 164
324000 178
324500 168
325000 204
325500 158
326000 166
326500 198
327000 192
327500 184
328000 190
328500 162
329000 182
329500 154
330000 166
330500 184
331000 166
331500 188
332000 190
332500 192
333000 224
333500 198
334000 148
334500 178
335000 178
335500 166
336000 162
336500 198
337000 166
337500 174
338000 174
338500 166
339000 168
339500 190
340000 162
340500 158
341000 166
341500 160
342000 184
342500 194
343000 180
343500 164
344000 174
344500 184
345000 166
345500 172
346000 186
346500 176
347000 182
347500 168
348000 186
348500 168
349000 172
349500 182
350000 164
350500 218
351000 172
351500 154
352000 168
352500 172
353000 162
353500 216
354000 186
354500 172
355000 196
355500 178
356000 164
356500 168
357000 158
357500 172
358000 202
358500 156
359000 158
359500 158
360000 166
360500 206
361000 154
361500 182
362000 212
362500 162
363000 190
363500 164
364000 156
364500 178
365000 188
365500 156
366000 170
366500 194
367000 168
367500 188
368000 182
368500 170
369000 170
369500 192
370000 158
370500 190
371000 188
371500 162
372000 194
372500 184
373000 180
373500 164
374000 144
374500 158
375000 224
375500 198
376000 176
376500 198
377000 182
377500 162
378000 162
378500 192
379000 150
379500 164
380000 174
380500 170
381000 160
381500 152
382000 204
382500 132
383000 170
383500 168
384000 154
384500 208
385000 186
385500 168
386000 174
386500 168
387000 182
387500 170
388000 204
388500 172
389000 168
389500 162
390000 172
390500 146
391000 176
391500 184
392000 156
392500 150
393000 176
393500 144
394000 182
394500 182
395000 176
395500 174
396000 160
396500 134
397000 182
397500 196
398000 148
398500 164
399000 158
399500 170
400000 152
400500 154
401000 132
401500 162
402000 174
402500 188
403000 208
403500 146
404000 150
404500 152
405000 180
405500 170
406000 178
406500 172
407000 172
407500 160
408000 162
408500 158
409000 154
409500 162
410000 166
410500 176
411000 142
411500 162
412000 170
412500 148
413000 184
413500 164
414000 154
414500 158
415000 148
415500 162
416000 190
416500 178
417000 170
417500 176
418000 162
418500 172
419000 158
419500 188
420000 166
420500 164
421000 176
421500 170
422000 150
422500 162
423000 160
423500 176
424000 168
424500 170
425000 212
425500 168
426000 190
426500 154
427000 170
427500 164
428000 142
428500 184
429000 174
429500 156
430000 164
430500 146
431000 176
431500 156
432000 166
432500 162
433000 172
433500 164
434000 158
434500 178
435000 182
435500 172
436000 162
436500 152
437000 154
437500 156
438000 156
438500 170
439000 170
439500 136
440000 176
440500 180
441000 164
441500 156
442000 146
442500 148
443000 178
443500 168
444000 178
444500 164
445000 174
445500 148
446000 184
446500 138
447000 148
447500 150
448000 190
448500 144
449000 140
449500 152
450000 174
450500 176
451000 140
451500 156
452000 156
452500 146
453000 202
453500 172
454000 156
454500 160
455000 138
455500 190
456000 202
456500 148
457000 162
457500 174
458000 160
458500 186
459000 180
459500 134
460000 156
460500 166
461000 146
461500 146
462000 174
462500 160
463000 160
463500 164
464000 170
464500 170
465000 180
465500 170
466000 154
466500 138
467000 136
467500 180
468000 148
468500 144
469000 156
469500 178
470000 176
470500 172
471000 204
471500 188
472000 166
472500 182
473000 142
473500 176
474000 148
474500 152
475000 138
475500 150
476000 198
476500 158
477000 138
477500 190
478000 170
478500 196
479000 182
479500 154
480000 166
480500 154
481000 150
481500 136
482000 148
482500 144
483000 186
483500 164
484000 152
484500 124
485000 158
485500 156
486000 162
486500 130
487000 164
487500 166
488000 172
488500 146
489000 140
489500 152
490000 146
490500 156
491000 148
491500 148
492000 160
492500 152
493000 158
493500 190
494000 148
494500 144
495000 136
495500 142
496000 144
496500 184
497000 134
497500 148
498000 152
498500 188
499000 198
499500 158
500000 154
500500 184
501000 206
501500 150
502000 158
502500 160
503000 166
503500 130
504000 148
504500 148
505000 158
505500 148
506000 168
506500 142
507000 152
507500 132
508000 172
508500 138
509000 156
509500 188
510000 160
510500 176
511000 170
511500 138
512000 134
512500 144
513000 164
513500 162
514000 186
514500 142
515000 160
515500 164
516000 138
516500 138
517000 148
517500 182
518000 170
518500 142
519000 154
519500 152
520000 120
520500 132
521000 154
521500 156
522000 134
522500 126
523000 156
523500 142
524000 180
524500 138
525000 164
525500 142
526000 156
526500 126
527000 128
527500 148
528000 152
528500 142
529000 150
529500 152
530000 148
530500 156
531000 176
531500 152
532000 154
532500 184
533000 174
533500 150
534000 162
534500 158
535000 136
535500 170
536000 184
536500 198
537000 134
537500 170
538000 184
538500 202
539000 166
539500 138
540000 146
540500 172
541000 148
541500 142
542000 162
542500 154
543000 198
543500 150
544000 136
544500 154
545000 124
545500 200
546000 124
546500 164
547000 154
547500 170
548000 160
548500 156
549000 152
549500 174
550000 142
550500 128
551000 180
551500 188
552000 146
552500 200
553000 166
553500 186
554000 196
554500 146
555000 126
555500 138
556000 118
556500 128
557000 128
557500 154
558000 140
558500 130
559000 146
559500 130
560000 134
560500 136
561000 120
561500 134
562000 120
562500 132
563000 122
563500 130
564000 128
564500 138
565000 128
565500 164
566000 160
566500 128
567000 152
567500 158
568000 178
568500 180
569000 158
569500 146
570000 164
570500 156
571000 156
571500 118
572000 156
572500 158
573000 146
573500 176
574000 132
574500 156
575000 158
575500 132
576000 130
576500 154
577000 186
577500 162
578000 160
578500 126
579000 172
579500 144
580000 144
580500 132
581000 170
581500 160
582000 152
582500 216
583000 142
583500 168
584000 156
584500 136
585000 174
585500 198
586000 160
586500 132
587000 200
587500 136
588000 126
588500 164
589000 136
589500 162
590000 178
590500 130
591000 146
591500 132
592000 138
592500 128
593000 192
593500 154
594000 188
594500 146
595000 172
595500 142
596000 120
596500 152
597000 132
597500 154
598000 146
598500 132
599000 124
599500 126
600000 110
600500 148
601000 198
601500 162
602000 144
602500 150
603000 136
603500 146
604000 124
604500 130
605000 118
605500 144
606000 132
606500 130
607000 114
607500 158
608000 138
608500 132
609000 154
609500 202
610000 150
610500 138
611000 138
611500 158
612000 156
612500 130
613000 112
613500 136
614000 156
614500 166
615000 128
615500 160
616000 128
616500 218
617000 126
617500 142
618000 142
618500 178
619000 162
619500 130
620000 124
620500 162
621000 140
621500 120
622000 174
622500 130
623000 118
623500 118
624000 144
624500 150
625000 148
625500 144
626000 172
626500 136
627000 134
627500 154
628000 196
628500 170
629000 128
629500 150
630000 144
630500 160
631000 132
631500 122
632000 114
632500 136
633000 112
633500 144
634000 138
634500 138
635000 148
635500 182
636000 134
636500 206
637000 204
637500 150
638000 182
638500 136
639000 126
639500 138
640000 150
640500 162
641000 140
641500 148
642000 158
642500 178
643000 144
643500 176
644000 152
644500 124
645000 122
645500 152
646000 160
646500 146
647000 152
647500 134
648000 122
648500 140
649000 146
649500 132
650000 132
650500 118
651000 138
651500 164
652000 124
652500 116
653000 156
653500 130
654000 134
654500 132
655000 130
655500 190
656000 176
656500 124
657000 134
657500 152
658000 128
658500 132
659000 120
659500 170
660000 146
660500 170
661000 172
661500 122
662000 156
662500 134
663000 140
663500 122
664000 130
664500 142
665000 136
665500 124
666000 122
666500 150
667000 126
667500 128
668000 136
668500 128
669000 158
669500 152
670000 200
670500 194
671000 162
671500 172
672000 130
672500 162
673000 130
673500 168
674000 182
674500 132
675000 122
675500 156
676000 190
676500 134
677000 116
677500 150
678000 156
678500 134
679000 176
679500 134
680000 122
680500 204
681000 192
681500 156
682000 146
682500 140
683000 138
683500 190
684000 170
684500 144
685000 126
685500 168
686000 156
686500 158
687000 130
687500 124
688000 130
688500 158
689000 202
689500 160
690000 120
690500 126
691000 168
691500 126
692000 130
692500 150
693000 198
693500 134
694000 126
694500 190
695000 120
695500 154
696000 158
696500 124
697000 120
697500 136
698000 174
698500 140
699000 152
699500 140
700000 160
700500 156
701000 136
701500 198
702000 182
702500 130
703000 138
703500 136
704000 182
704500 144
705000 166
705500 138
706000 164
706500 126
707000 146
707500 140
708000 150
708500 150
709000 140
709500 140
710000 160
710500 164
711000 138
711500 152
712000 142
712500 158
713000 178
713500 168
714000 150
714500 160
715000 210
715500 158
716000 130
716500 114
717000 114
717500 144
718000 140
718500 146
719000 150
719500 138
720000 116
720500 126
721000 148
721500 114
722000 138
722500 140
723000 158
723500 188
724000 156
724500 178
725000 136
725500 154
726000 140
726500 154
727000 150
727500 184
728000 164
728500 148
729000 184
729500 128
730000 130
730500 122
731000 134
731500 138
732000 126
732500 142
733000 128
733500 116
734000 110
734500 156
735000 158
735500 202
736000 132
736500 154
737000 154
737500 140
738000 160
738500 172
739000 186
739500 138
740000 172
740500 138
741000 156
741500 178
742000 128
742500 178
743000 160
743500 130
744000 118
744500 172
745000 130
745500 150
746000 136
746500 124
747000 140
747500 118
748000 134
748500 120
749000 118
749500 150
750000 178
750500 154
751000 138
751500 118
752000 136
752500 134
753000 122
753500 122
754000 124
754500 120
755000 166
755500 124
756000 146
756500 160
757000 188
757500 152
758000 128
758500 126
759000 154
759500 210
760000 162
760500 144
761000 144
761500 124
762000 140
762500 118
763000 110
763500 110
764000 126
764500 140
765000 122
765500 166
766000 170
766500 146
767000 170
767500 136
768000 168
768500 168
769000 150
769500 196
770000 130
770500 158
771000 128
771500 136
772000 152
772500 140
773000 158
773500 156
774000 128
774500 166
775000 154
775500 124
776000 138
776500 128
777000 198
777500 134
778000 144
778500 196
779000 196
779500 144
780000 154
780500 122
781000 146
781500 110
782000 166
782500 206
783000 160
783500 130
784000 158
784500 152
785000 184
785500 124
786000 118
786500 146
787000 126
787500 164
788000 192
788500 186
789000 128
789500 130
790000 130
790500 156
791000 134
791500 118
792000 110
792500 140
793000 122
793500 156
794000 132
794500 140
795000 152
795500 142
796000 202
796500 158
797000 136
797500 152
798000 128
798500 122
799000 156
799500 154
800000 132
800500 144
801000 142
801500 186
802000 174
802500 118
803000 146
803500 176
804000 132
804500 182
805000 206
805500 116
806000 148
806500 150
807000 120
807500 170
808000 154
808500 150
809000 146
809500 172
810000 136
810500 154
811000 182
811500 134
812000 154
812500 126
813000 132
813500 170
814000 122
814500 182
815000 168
815500 144
816000 158
816500 126
817000 174
817500 130
818000 198
818500 122
819000 140
819500 130
820000 112
820500 130
821000 146
821500 152
822000 114
822500 144
823000 116
823500 176
824000 166
824500 130
825000 146
825500 150
826000 128
826500 144
827000 130
827500 124
828000 130
828500 130
829000 162
829500 150
830000 122
830500 160
831000 122
831500 114
832000 184
832500 152
833000 132
833500 142
834000 142
834500 134
835000 140
835500 156
836000 142
836500 172
837000 132
837500 136
838000 120
838500 132
839000 128
839500 148
840000 128
840500 136
841000 124
841500 172
842000 144
842500 144
843000 138
843500 150
844000 164
844500 130
845000 190
845500 182
846000 128
846500 142
847000 124
847500 136
848000 142
848500 142
849000 142
849500 146
850000 130
850500 138
851000 138
851500 158
852000 182
852500 140
853000 140
853500 134
854000 130
854500 128
855000 204
855500 176
856000 150
856500 194
857000 138
857500 162
858000 164
858500 186
859000 118
859500 114
860000 128
860500 130
861000 202
861500 150
862000 142
862500 132
863000 114
863500 140
864000 166
864500 120
865000 114
865500 182
866000 202
866500 120
867000 120
867500 114
868000 170
868500 144
869000 128
869500 146
870000 130
870500 204
871000 156
871500 154
872000 130
872500 156
873000 184
873500 122
874000 158
874500 124
875000 140
875500 206
876000 128
876500 126
877000 138
877500 130
878000 200
878500 148
879000 116
879500 154
880000 134
880500 162
881000 138
881500 128
882000 172
882500 126
883000 140
883500 176
884000 172
884500 138
885000 200
885500 128
886000 200
886500 138
887000 132
887500 120
888000 174
888500 120
889000 126
889500 138
890000 116
890500 162
891000 168
891500 184
892000 116
892500 146
893000 136
893500 150
894000 188
894500 192
895000 150
895500 170
896000 132
896500 160
897000 160
897500 164
898000 120
898500 172
899000 148
899500 134
900000 192
900500 164
901000 150
901500 126
902000 190
902500 118
903000 134
903500 220
904000 142
904500 136
905000 126
905500 130
906000 118
906500 162
907000 198
907500 144
908000 134
908500 140
909000 158
909500 158
910000 162
910500 162
911000 124
911500 120
912000 192
912500 196
913000 144
913500 132
914000 162
914500 122
915000 118
915500 122
916000 168
916500 162
917000 154
917500 172
918000 126
918500 176
919000 122
919500 140
920000 182
920500 120
921000 146
921500 142
922000 144
922500 128
923000 180
923500 136
924000 128
924500 124
925000 148
925500 146
926000 154
926500 154
927000 116
927500 178
928000 134
928500 140
929000 126
929500 158
930000 126
930500 122
931000 114
931500 150
932000 120
932500 170
933000 132
933500 128
934000 112
934500 162
935000 184
935500 114
936000 186
936500 128
937000 130
937500 138
938000 118
938500 156
939000 144
939500 148
940000 154
940500 156
941000 146
941500 144
942000 140
942500 146
943000 144
943500 116
944000 130
944500 156
945000 166
945500 220
946000 148
946500 140
947000 142
947500 144
948000 170
948500 148
949000 144
949500 194
950000 136
950500 162
951000 148
951500 120
952000 154
952500 124
953000 152
953500 152
954000 176
954500 134
955000 156
955500 134
956000 162
956500 158
957000 154
957500 136
958000 124
958500 138
959000 138
959500 142
960000 128
960500 138
961000 128
961500 118
962000 118
962500 116
963000 140
963500 118
964000 126
964500 144
965000 130
965500 140
966000 168
966500 128
967000 172
967500 142
968000 158
968500 152
969000 180
969500 126
970000 120
970500 142
971000 182
971500 148
972000 128
972500 148
973000 130
973500 144
974000 198
974500 148
975000 120
975500 116
976000 142
976500 138
977000 142
977500 134
978000 130
978500 144
979000 126
979500 162
980000 170
980500 138
981000 144
981500 128
982000 168
982500 132
983000 116
983500 140
984000 154
984500 128
985000 214
985500 158
986000 128
986500 152
987000 144
987500 138
988000 168
988500 148
989000 130
989500 186
990000 156
990500 158
991000 140
991500 124
992000 166
992500 180
993000 134
993500 114
994000 114
994500 114
995000 176
995500 132
996000 164
996500 124
997000 146
997500 168
998000 142
998500 122
999000 114
999500 134
1000000 174
1000500 184
1001000 160
1001500 126
1002000 142
1002500 128
1003000 114
1003500 160
1004000 120
1004500 148
1005000 140
1005500 122
1006000 134
1006500 136
1007000 136
1007500 142
1008000 142
1008500 128
1009000 134
1009500 184
1010000 148
1010500 136
1011000 168
1011500 162
1012000 128
1012500 132
1013000 156
1013500 144
1014000 130
1014500 126
1015000 170
1015500 116
1016000 116
1016500 120
1017000 122
1017500 142
1018000 124
1018500 150
1019000 122
1019500 152
1020000 120
1020500 198
1021000 182
1021500 214
1022000 120
1022500 154
1023000 152
1023500 120
1024000 124
1024500 182
1025000 154
1025500 130
1026000 120
1026500 192
1027000 170
1027500 172
1028000 152
1028500 126
1029000 136
1029500 130
1030000 124
1030500 216
1031000 126
1031500 136
1032000 114
1032500 140
1033000 166
1033500 134
1034000 192
1034500 122
1035000 116
1035500 140
1036000 148
1036500 126
1037000 116
1037500 124
1038000 126
1038500 138
1039000 176
1039500 144
1040000 188
1040500 126
1041000 150
1041500 186
1042000 144
1042500 130
1043000 164
1043500 124
1044000 136
1044500 180
1045000 168
1045500 152
1046000 124
1046500 160
1047000 128
1047500 116
1048000 130
1048500 134
1049000 176
1049500 134
1050000 164
1050500 130
1051000 138
1051500 144
1052000 138
1052500 124
1053000 164
1053500 180
1054000 152
1054500 138
1055000 182
1055500 178
1056000 144
1056500 120
1057000 154
1057500 162
1058000 164
1058500 188
1059000 132
1059500 156
1060000 158
1060500 178
1061000 168
1061500 122
1062000 130
1062500 134
1063000 142
1063500 126
1064000 152
1064500 120
1065000 124
1065500 154
1066000 122
1066500 148
1067000 184
1067500 118
1068000 136
1068500 116
1069000 194
1069500 142
1070000 148
1070500 136
1071000 136
1071500 142
1072000 136
1072500 176
1073000 162
1073500 148
1074000 150
1074500 164
1075000 110
1075500 132
1076000 146
1076500 118
1077000 162
1077500 130
1078000 128
1078500 124
1079000 130
1079500 116
1080000 116
1080500 162
1081000 202
1081500 166
1082000 130
1082500 138
1083000 166
1083500 132
1084000 180
1084500 132
1085000 148
1085500 186
1086000 160
1086500 126
1087000 122
1087500 122
1088000 124
1088500 176
1089000 174
1089500 130
1090000 152
1090500 126
1091000 120
1091500 152
1092000 164
1092500 204
1093000 150
1093500 194
1094000 126
1094500 140
1095000 120
1095500 128
1096000 144
1096500 142
1097000 134
1097500 126
1098000 130
1098500 126
1099000 162
1099500 134
1100000 168
1100500 172
1101000 134
1101500 136
1102000 118
1102500 144
1103000 140
1103500 122
1104000 126
1104500 142
1105000 134
1105500 202
1106000 126
1106500 140
1107000 130
1107500 128
1108000 118
1108500 182
1109000 206
1109500 180
1110000 144
1110500 122
1111000 132
1111500 208
1112000 118
1112500 140
1113000 204
1113500 146
1114000 188
1114500 146
1115000 156
1115500 156
1116000 156
1116500 130
1117000 152
1117500 128
1118000 122
1118500 134
1119000 188
1119500 122
1120000 120
1120500 122
1121000 158
1121500 192
1122000 172
1122500 132
1123000 124
1123500 166
1124000 124
1124500 116
1125000 184
1125500 194
1126000 136
1126500 156
1127000 142
1127500 124
1128000 124
1128500 164
1129000 162
1129500 156
1130000 146
1130500 130
1131000 180
1131500 130
1132000 124
1132500 136
1133000 148
1133500 158
1134000 130
1134500 186
1135000 120
1135500 162
1136000 134
1136500 146
1137000 170
1137500 132
1138000 124
1138500 148
1139000 146
1139500 114
1140000 146
1140500 118
1141000 176
1141500 138
1142000 172
1142500 138
1143000 154
1143500 196
1144000 162
1144500 120
1145000 114
1145500 124
1146000 186
1146500 114
1147000 148
1147500 134
1148000 122
1148500 120
1149000 116
1149500 116
1150000 116
1150500 124
1151000 156
1151500 122
1152000 154
1152500 124
1153000 114
1153500 172
1154000 166
1154500 180
1155000 142
1155500 190
1156000 134
1156500 116
1157000 144
1157500 156
1158000 138
1158500 130
1159000 150
1159500 124
1160000 136
1160500 116
1161000 128
1161500 116
1162000 144
1162500 128
1163000 138
1163500 124
1164000 120
1164500 148
1165000 122
1165500 158
1166000 116
1166500 122
1167000 122
1167500 124
1168000 182
1168500 180
1169000 146
1169500 124
1170000 120
1170500 132
1171000 150
1171500 110
1172000 186
1172500 154
1173000 168
1173500 168
1174000 212
1174500 130
1175000 116
1175500 168
1176000 178
1176500 192
1177000 136
1177500 156
1178000 140
1178500 140
1179000 180
1179500 184
1180000 200
1180500 164
1181000 168
1181500 120
1182000 162
1182500 118
1183000 168
1183500 166
1184000 210
1184500 128
1185000 120
1185500 114
1186000 112
1186500 188
1187000 152
1187500 146
1188000 120
1188500 148
1189000 142
1189500 168
1190000 118
1190500 210
1191000 198
1191500 154
1192000 164
1192500 168
1193000 148
1193500 152
1194000 172
1194500 174
1195000 168
1195500 184
1196000 170
1196500 124
1197000 130
1197500 192
1198000 158
1198500 182
1199000 122
1199500 128
1200000 160
1200500 152
1201000 118
1201500 140
1202000 118
1202500 114
1203000 114
1203500 148
1204000 154
1204500 128
1205000 138
1205500 168
1206000 170
1206500 144
1207000 170
1207500 134
1208000 156
1208500 152
1209000 138
1209500 204
1210000 148
1210500 120
1211000 118
1211500 116
1212000 174
1212500 204
1213000 118
1213500 228
1214000 162
1214500 156
1215000 162
1215500 138
1216000 134
1216500 138
1217000 174
1217500 160
1218000 148
1218500 142
1219000 154
1219500 122
1220000 162
1220500 156
1221000 148
1221500 128
1222000 148
1222500 128
1223000 144
1223500 142
1224000 122
1224500 152
1225000 202
1225500 198
1226000 184
1226500 122
1227000 118
1227500 160
1228000 122
1228500 130
1229000 120
1229500 202
1230000 136
1230500 144
1231000 134
1231500 144
1232000 142
1232500 194
1233000 136
1233500 136
1234000 168
1234500 130
1235000 126
1235500 184
1236000 166
1236500 188
1237000 122
1237500 184
1238000 134
1238500 130
1239000 134
1239500 130
1240000 122
1240500 156
1241000 172
1241500 168
1242000 204
1242500 198
1243000 140
1243500 162
1244000 138
1244500 178
1245000 122
1245500 176
1246000 192
1246500 154
1247000 190
1247500 142
1248000 124
1248500 124
1249000 154
1249500 122
1250000 120
1250500 136
1251000 118
1251500 120
1252000 140
1252500 206
1253000 144
1253500 200
1254000 180
1254500 178
1255000 130
1255500 130
1256000 114
1256500 144
1257000 176
1257500 136
1258000 126
1258500 126
1259000 150
1259500 154
1260000 196
1260500 136
1261000 168
1261500 124
1262000 164
1262500 126
1263000 140
1263500 170
1264000 136
1264500 146
1265000 138
1265500 128
1266000 114
1266500 114
1267000 112
1267500 112
1268000 112
1268500 150
1269000 162
1269500 170
1270000 160
1270500 132
1271000 138
1271500 180
1272000 160
1272500 118
1273000 144
1273500 126
1274000 170
1274500 170
1275000 150
1275500 180
1276000 168
1276500 194
1277000 126
1277500 128
1278000 150
1278500 126
1279000 204
1279500 176
1280000 140
1280500 118
1281000 124
1281500 118
1282000 140
1282500 120
1283000 142
1283500 190
1284000 130
1284500 178
1285000 160
1285500 136
1286000 154
1286500 134
1287000 124
1287500 136
1288000 152
1288500 120
1289000 190
1289500 160
1290000 124
1290500 150
1291000 130
1291500 122
1292000 118
1292500 136
1293000 152
1293500 188
1294000 182
1294500 138
1295000 132
1295500 158
1296000 128
1296500 150
1297000 132
1297500 170
1298000 150
1298500 196
1299000 124
1299500 114
1300000 114
1300500 146
1301000 118
1301500 134
1302000 138
1302500 128
1303000 124
1303500 172
1304000 130
1304500 196
1305000 174
1305500 114
1306000 154
1306500 118
1307000 146
1307500 132
1308000 122
1308500 160
1309000 122
1309500 186
1310000 148
1310500 118
1311000 146
1311500 134
1312000 144
1312500 178
1313000 124
1313500 122
1314000 116
1314500 204
1315000 142
1315500 160
1316000 134
1316500 116
1317000 136
1317500 126
1318000 138
1318500 120
1319000 178
1319500 128
1320000 128
1320500 142
1321000 184
1321500 182
1322000 122
1322500 184
1323000 210
1323500 154
1324000 180
1324500 158
1325000 118
1325500 112
1326000 150
1326500 136
1327000 218
1327500 140
1328000 164
1328500 194
1329000 146
1329500 136
1330000 136
1330500 168
1331000 138
1331500 164
1332000 136
1332500 124
1333000 124
1333500 120
1334000 196
1334500 140
1335000 146
1335500 126
1336000 150
1336500 172
1337000 154
1337500 122
1338000 140
1338500 150
1339000 132
1339500 156
1340000 152
1340500 154
1341000 146
1341500 194
1342000 146
1342500 144
1343000 132
1343500 130
1344000 120
1344500 138
1345000 148
1345500 182
1346000 132
1346500 114
1347000 182
1347500 170
1348000 136
1348500 132
1349000 124
1349500 156
1350000 122
1350500 180
1351000 190
1351500 134
1352000 118
1352500 180
1353000 120
1353500 130
1354000 116
1354500 166
1355000 126
1355500 122
1356000 130
1356500 138
1357000 164
1357500 170
1358000 126
1358500 120
1359000 134
1359500 196
1360000 146
1360500 140
1361000 152
1361500 184
1362000 136
1362500 180
1363000 124
1363500 180
1364000 142
1364500 126
1365000 120
1365500 148
1366000 196
1366500 168
1367000 120
1367500 160
1368000 190
1368500 136
1369000 118
1369500 126
1370000 170
1370500 150
1371000 150
1371500 138
1372000 168
1372500 128
1373000 126
1373500 132
1374000 132
1374500 162
1375000 134
1375500 118
1376000 114
1376500 160
1377000 132
1377500 116
1378000 112
1378500 152
1379000 148
1379500 128
1380000 120
1380500 162
1381000 126
1381500 154
1382000 218
1382500 126
1383000 132
1383500 156
1384000 164
1384500 142
1385000 138
1385500 162
1386000 180
1386500 128
1387000 116
1387500 132
1388000 118
1388500 182
1389000 134
1389500 148
1390000 146
1390500 190
1391000 178
1391500 154
1392000 130
1392500 156
1393000 132
1393500 124
1394000 126
1394500 180
1395000 140
1395500 170
1396000 134
1396500 122
1397000 110
1397500 160
1398000 118
1398500 152
1399000 128
1399500 174
1400000 146
1400500 138
1401000 180
1401500 154
1402000 180
1402500 130
1403000 118
1403500 142
1404000 132
1404500 158
1405000 152
1405500 120
1406000 146
1406500 184
1407000 150
1407500 192
1408000 166
1408500 188
1409000 186
1409500 142
1410000 122
1410500 140
1411000 130
1411500 184
1412000 154
1412500 134
1413000 136
1413500 132
1414000 144
1414500 166
1415000 156
1415500 168
1416000 128
1416500 124
1417000 116
1417500 138
1418000 120
1418500 182
1419000 128
1419500 160
1420000 190
1420500 120
1421000 144
1421500 170
1422000 140
1422500 156
1423000 160
1423500 132
1424000 148
1424500 122
1425000 144
1425500 154
1426000 174
1426500 134
1427000 172
1427500 124
1428000 144
1428500 144
1429000 132
1429500 176
1430000 124
1430500 144
1431000 116
1431500 138
1432000 134
1432500 126
1433000 146
1433500 174
1434000 176
1434500 150
1435000 140
1435500 118
1436000 118
1436500 164
1437000 178
1437500 142
1438000 152
1438500 156
1439000 160
1439500 138
1440000 116
1440500 136
1441000 214
1441500 132
1442000 132
1442500 130
1443000 192
1443500 132
1444000 154
1444500 134
1445000 120
1445500 174
1446000 160
1446500 166
1447000 156
1447500 126
1448000 216
1448500 134
1449000 142
1449500 128
1450000 178
1450500 158
1451000 130
1451500 136
1452000 142
1452500 122
1453000 114
1453500 114
1454000 126
1454500 140
1455000 144
1455500 134
1456000 124
1456500 152
1457000 128
1457500 170
1458000 160
1458500 160
1459000 168
1459500 158
1460000 130
1460500 194
1461000 126
1461500 142
1462000 160
1462500 152
1463000 160
1463500 138
1464000 128
1464500 192
1465000 124
1465500 114
1466000 160
1466500 168
1467000 162
1467500 170
1468000 134
1468500 174
1469000 132
1469500 136
1470000 170
1470500 132
1471000 144
1471500 136
1472000 180
1472500 120
1473000 164
1473500 176
1474000 174
1474500 124
1475000 132
1475500 150
1476000 150
1476500 172
1477000 192
1477500 144
1478000 130
1478500 146
1479000 188
1479500 122
1480000 114
1480500 148
1481000 140
1481500 126
1482000 192
1482500 124
1483000 140
1483500 138
1484000 122
1484500 216
1485000 206
1485500 138
1486000 172
1486500 122
1487000 116
1487500 130
1488000 176
1488500 180
1489000 148
1489500 164
1490000 146
1490500 132
1491000 116
1491500 154
1492000 152
1492500 136
1493000 124
1493500 118
1494000 116
1494500 142
1495000 124
1495500 136
1496000 174
1496500 156
1497000 124
1497500 170
1498000 130
1498500 120
1499000 114
1499500 148
1500000 124
1500500 114
1501000 114
1501500 130
1502000 160
1502500 130
1503000 136
1503500 176
1504000 156
1504500 128
1505000 156
1505500 174
1506000 176
1506500 126
1507000 168
1507500 134
1508000 192
1508500 124
1509000 118
1509500 116
1510000 150
1510500 136
1511000 166
1511500 168
1512000 152
1512500 138
1513000 138
1513500 120
1514000 118
1514500 118
1515000 120
1515500 142
1516000 200
1516500 124
1517000 136
1517500 176
1518000 124
1518500 116
1519000 160
1519500 118
1520000 142
1520500 132
1521000 168
1521500 138
1522000 134
1522500 118
1523000 162
1523500 136
1524000 154
1524500 166
1525000 140
1525500 142
1526000 158
1526500 148
1527000 144
1527500 170
1528000 148
1528500 142
1529000 172
1529500 202
1530000 140
1530500 186
1531000 152
1531500 152
1532000 176
1532500 128
1533000 142
1533500 132
1534000 140
1534500 156
1535000 158
1535500 122
1536000 140
1536500 152
1537000 184
1537500 186
1538000 152
1538500 148
1539000 164
1539500 192
1540000 126
1540500 142
1541000 184
1541500 190
1542000 164
1542500 120
1543000 154
1543500 140
1544000 114
1544500 190
1545000 166
1545500 150
1546000 152
1546500 142
1547000 124
1547500 124
1548000 166
1548500 174
1549000 128
1549500 114
1550000 138
1550500 182
1551000 146
1551500 132
1552000 118
1552500 120
1553000 142
1553500 166
1554000 132
1554500 116
1555000 142
1555500 134
1556000 158
1556500 148
1557000 120
1557500 120
1558000 160
1558500 150
1559000 142
1559500 124
1560000 120
1560500 176
1561000 134
1561500 140
1562000 152
1562500 160
1563000 184
1563500 124
1564000 118
1564500 118
1565000 118
1565500 128
1566000 180
1566500 120
1567000 120
1567500 158
1568000 136
1568500 200
1569000 150
1569500 114
1570000 122
1570500 116
1571000 204
1571500 124
1572000 120
1572500 164
1573000 196
1573500 188
1574000 146
1574500 144
1575000 128
1575500 154
1576000 144
1576500 156
1577000 170
1577500 124
1578000 128
1578500 156
1579000 124
1579500 138
1580000 118
1580500 116
1581000 116
1581500 210
1582000 200
1582500 146
1583000 122
1583500 114
1584000 114
1584500 112
1585000 130
1585500 126
1586000 200
1586500 172
1587000 130
1587500 144
1588000 130
1588500 156
1589000 176
1589500 148
1590000 144
1590500 160
1591000 172
1591500 132
1592000 190
1592500 128
1593000 146
1593500 126
1594000 126
1594500 170
1595000 114
1595500 150
1596000 138
1596500 174
1597000 130
1597500 176
1598000 154
1598500 146
1599000 184
1599500 152
1600000 206
1600500 122
1601000 222
1601500 144
1602000 174
1602500 136
1603000 132
1603500 154
1604000 190
1604500 142
1605000 184
1605500 126
1606000 134
1606500 148
1607000 154
1607500 124
1608000 134
1608500 126
1609000 156
1609500 156
1610000 128
1610500 150
1611000 122
1611500 122
1612000 120
1612500 140
1613000 128
1613500 130
1614000 118
1614500 138
1615000 136
1615500 146
1616000 120
1616500 146
1617000 158
1617500 138
1618000 152
1618500 152
1619000 136
1619500 138
1620000 116
1620500 114
1621000 184
1621500 126
1622000 128
1622500 126
1623000 166
1623500 154
1624000 140
1624500 178
1625000 176
1625500 138
1626000 158
1626500 128
1627000 128
1627500 154
1628000 134
1628500 158
1629000 132
1629500 160
1630000 112
1630500 164
1631000 146
1631500 166
1632000 122
1632500 140
1633000 186
1633500 156
1634000 190
1634500 128
1635000 190
1635500 176
1636000 138
1636500 168
1637000 132
1637500 130
1638000 126
1638500 152
1639000 186
1639500 172
1640000 148
1640500 166
1641000 130
1641500 148
1642000 140
1642500 118
1643000 140
1643500 156
1644000 168
1644500 142
1645000 152
1645500 144
1646000 164
1646500 142
1647000 124
1647500 142
1648000 162
1648500 128
1649000 120
1649500 116
1650000 154
1650500 158
1651000 204
1651500 146
1652000 160
1652500 140
1653000 152
1653500 126
1654000 144
1654500 144
1655000 116
1655500 114
1656000 128
1656500 150
1657000 176
1657500 192
1658000 138
1658500 162
1659000 142
1659500 140
1660000 154
1660500 124
1661000 116
1661500 168
1662000 126
1662500 170
1663000 132
1663500 126
1664000 148
1664500 142
1665000 130
1665500 154
1666000 168
1666500 126
1667000 140
1667500 132
1668000 130
1668500 134
1669000 132
1669500 194
1670000 178
1670500 130
1671000 124
1671500 116
1672000 150
1672500 132
1673000 150
1673500 172
1674000 144
1674500 124
1675000 140
1675500 168
1676000 164
1676500 142
1677000 156
1677500 152
1678000 124
1678500 146
1679000 128
1679500 124
1680000 120
1680500 158
1681000 132
1681500 116
1682000 164
1682500 190
1683000 158
1683500 146
1684000 164
1684500 132
1685000 136
1685500 158
1686000 134
1686500 160
1687000 126
1687500 168
1688000 128
1688500 162
1689000 144
1689500 124
1690000 146
1690500 136
1691000 120
1691500 140
1692000 148
1692500 134
1693000 152
1693500 124
1694000 140
1694500 162
1695000 132
1695500 134
1696000 170
1696500 188
1697000 156
1697500 164
1698000 128
1698500 120
1699000 142
1699500 128
1700000 144
1700500 136
1701000 128
1701500 122
1702000 122
1702500 162
1703000 150
1703500 196
1704000 152
1704500 118
1705000 114
1705500 166
1706000 178
1706500 152
1707000 120
1707500 136
1708000 130
1708500 194
1709000 168
1709500 122
1710000 142
1710500 146
1711000 206
1711500 114
1712000 122
1712500 134
1713000 116
1713500 180
1714000 130
1714500 156
1715000 200
1715500 138
1716000 178
1716500 138
1717000 174
1717500 132
1718000 142
1718500 144
1719000 168
1719500 132
1720000 128
1720500 138
1721000 172
1721500 198
1722000 124
1722500 144
1723000 140
1723500 130
1724000 118
1724500 110
1725000 160
1725500 128
1726000 116
1726500 114
1727000 112
1727500 158
1728000 124
1728500 182
1729000 120
1729500 126
1730000 116
1730500 128
1731000 138
1731500 116
1732000 132
1732500 134
1733000 180
1733500 146
1734000 168
1734500 196
1735000 148
1735500 130
1736000 184
1736500 180
1737000 192
1737500 128
1738000 142
1738500 148
1739000 188
1739500 176
1740000 128
1740500 174
1741000 134
1741500 132
1742000 168
1742500 154
1743000 174
1743500 170
1744000 128
1744500 200
1745000 160
1745500 174
1746000 186
1746500 194
1747000 158
1747500 152
1748000 128
1748500 132
1749000 152
1749500 142
1750000 126
1750500 118
1751000 146
1751500 116
1752000 134
1752500 146
1753000 116
1753500 138
1754000 124
1754500 120
1755000 132
1755500 226
1756000 130
1756500 180
1757000 138
1757500 142
1758000 130
1758500 154
1759000 120
1759500 188
1760000 128
1760500 134
1761000 146
1761500 180
1762000 170
1762500 130
1763000 138
1763500 138
1764000 140
1764500 166
1765000 174
1765500 176
1766000 130
1766500 196
1767000 134
1767500 128
1768000 118
1768500 184
1769000 170
1769500 128
