500 160
1000 136
1500 151
2000 127
2500 162
3000 126
3500 131
4000 143
4500 162
5000 153
5500 148
6000 143
6500 125
7000 167
7500 132
8000 157
8500 129
9000 155
9500 140
10000 155
10500 148
11000 152
11500 166
12000 158
12500 156
13000 154
13500 151
14000 165
14500 164
15000 168
15500 148
16000 150
16500 124
17000 153
17500 128
18000 156
18500 151
19000 141
19500 151
20000 139
20500 152
21000 132
21500 171
22000 124
22500 155
23000 133
23500 134
24000 142
24500 151
25000 144
25500 173
26000 161
26500 140
27000 144
27500 148
28000 161
28500 153
29000 147
29500 156
30000 152
30500 140
31000 146
31500 121
32000 150
32500 153
33000 140
33500 137
34000 152
34500 131
35000 148
35500 140
36000 152
36500 132
37000 148
37500 150
38000 151
38500 134
39000 146
39500 157
40000 138
40500 166
41000 155
41500 167
42000 155
42500 161
43000 125
43500 129
44000 143
44500 148
45000 137
45500 138
46000 154
46500 168
47000 145
47500 130
48000 147
48500 136
49000 146
49500 149
50000 145
50500 143
51000 139
51500 138
52000 146
52500 136
53000 152
53500 162
54000 137
54500 147
55000 142
55500 144
56000 136
56500 137
57000 136
57500 148
58000 159
58500 159
59000 117
59500 131
60000 155
60500 149
61000 151
61500 160
62000 139
62500 161
63000 157
63500 143
64000 122
64500 125
65000 151
65500 141
66000 150
66500 165
67000 146
67500 161
68000 156
68500 147
69000 136
69500 150
70000 147
70500 128
71000 151
71500 144
72000 161
72500 123
73000 155
73500 144
74000 159
74500 146
75000 142
75500 157
76000 136
76500 166
77000 161
77500 171
78000 149
78500 125
79000 137
79500 150
80000 147
80500 168
81000 147
81500 151
82000 150
82500 141
83000 150
83500 163
84000 144
84500 154
85000 149
85500 153
86000 158
86500 150
87000 165
87500 162
88000 154
88500 149
89000 137
89500 150
90000 153
90500 154
91000 127
91500 167
92000 143
92500 156
93000 171
93500 149
94000 154
94500 147
95000 135
95500 143
96000 150
96500 148
97000 152
97500 151
98000 131
98500 132
99000 169
99500 148
100000 127
100500 124
101000 140
101500 125
102000 135
102500 109
103000 142
103500 139
104000 130
104500 135
105000 137
105500 128
106000 150
106500 133
107000 158
107500 122
108000 123
108500 145
109000 138
109500 134
110000 134
110500 137
111000 154
111500 126
112000 130
112500 129
113000 152
113500 138
114000 119
114500 135
115000 124
115500 129
116000 138
116500 157
117000 132
117500 131
118000 130
118500 132
119000 136
119500 168
120000 149
120500 126
121000 150
121500 152
122000 135
122500 148
123000 143
123500 143
124000 151
124500 135
125000 126
125500 144
126000 145
126500 138
127000 145
127500 136
128000 136
128500 147
129000 149
129500 132
130000 161
130500 143
131000 130
131500 154
132000 130
132500 128
133000 130
133500 123
134000 134
134500 140
135000 160
135500 157
136000 150
136500 154
137000 135
137500 141
138000 146
138500 156
139000 126
139500 111
140000 129
140500 141
141000 141
141500 120
142000 123
142500 152
143000 133
143500 138
144000 146
144500 152
145000 142
145500 144
146000 165
146500 147
147000 145
147500 115
148000 136
148500 121
149000 136
149500 132
150000 144
150500 136
151000 146
151500 154
152000 145
152500 126
153000 165
153500 129
154000 145
154500 150
155000 141
155500 149
156000 139
156500 130
157000 159
157500 156
158000 135
158500 152
159000 152
159500 134
160000 128
160500 133
161000 127
161500 152
162000 141
162500 145
163000 147
163500 143
164000 134
164500 136
165000 133
165500 140
166000 134
166500 136
167000 139
167500 137
168000 151
168500 154
169000 138
169500 120
170000 156
170500 149
171000 138
171500 134
172000 126
172500 159
173000 131
173500 160
174000 149
174500 145
175000 131
175500 127
176000 152
176500 119
177000 127
177500 133
178000 156
178500 157
179000 110
179500 151
180000 137
180500 146
181000 149
181500 135
182000 156
182500 146
183000 147
183500 131
184000 148
184500 164
185000 147
185500 144
186000 137
186500 161
187000 128
187500 160
188000 155
188500 125
189000 146
189500 133
190000 142
190500 138
191000 157
191500 127
192000 125
192500 139
193000 128
193500 160
194000 164
194500 140
195000 140
195500 122
196000 124
196500 129
197000 139
197500 138
198000 149
198500 128
199000 143
199500 160
200000 140
200500 98
201000 109
201500 96
202000 107
202500 108
203000 115
203500 118
204000 98
204500 112
205000 124
205500 122
206000 154
206500 115
207000 125
207500 107
208000 125
208500 157
209000 123
209500 106
210000 116
210500 120
211000 113
211500 121
212000 124
212500 113
213000 110
213500 125
214000 112
214500 121
215000 143
215500 104
216000 151
216500 126
217000 139
217500 110
218000 98
218500 118
219000 114
219500 99
220000 113
220500 127
221000 124
221500 130
222000 109
222500 96
223000 143
223500 132
224000 114
224500 129
225000 120
225500 107
226000 117
226500 107
227000 118
227500 129
228000 115
228500 114
229000 111
229500 135
230000 104
230500 117
231000 120
231500 127
232000 136
232500 132
233000 112
233500 114
234000 111
234500 135
235000 132
235500 115
236000 98
236500 114
237000 118
237500 123
238000 107
238500 113
239000 109
239500 105
240000 137
240500 110
241000 109
241500 103
242000 108
242500 143
243000 123
243500 93
244000 117
244500 107
245000 102
245500 108
246000 121
246500 112
247000 102
247500 113
248000 112
248500 118
249000 119
249500 118
250000 119
250500 122
251000 119
251500 127
252000 116
252500 115
253000 117
253500 127
254000 129
254500 139
255000 124
255500 108
256000 140
256500 119
257000 113
257500 133
258000 116
258500 104
259000 143
259500 101
260000 124
260500 110
261000 128
261500 110
262000 132
262500 115
263000 116
263500 109
264000 116
264500 99
265000 114
265500 124
266000 104
266500 160
267000 152
267500 100
268000 107
268500 102
269000 153
269500 127
270000 119
270500 124
271000 117
271500 109
272000 131
272500 108
273000 132
273500 123
274000 132
274500 136
275000 138
275500 103
276000 115
276500 110
277000 97
277500 129
278000 106
278500 110
279000 105
279500 109
280000 133
280500 119
281000 107
281500 96
282000 97
282500 121
283000 110
283500 120
284000 120
284500 135
285000 113
285500 131
286000 132
286500 136
287000 109
287500 122
288000 104
288500 119
289000 118
289500 114
290000 120
290500 102
291000 111
291500 120
292000 93
292500 136
293000 131
293500 117
294000 118
294500 111
295000 142
295500 95
296000 120
296500 119
297000 131
297500 133
298000 105
298500 110
299000 144
299500 128
300000 124
300500 97
301000 78
301500 131
302000 70
302500 73
303000 72
303500 75
304000 73
304500 76
305000 80
305500 82
306000 85
306500 91
307000 80
307500 80
308000 74
308500 74
309000 87
309500 82
310000 84
310500 82
311000 77
311500 71
312000 72
312500 73
313000 71
313500 79
314000 75
314500 76
315000 77
315500 91
316000 74
316500 76
317000 71
317500 74
318000 72
318500 77
319000 81
319500 73
320000 73
320500 71
321000 71
321500 74
322000 75
322500 72
323000 78
323500 72
324000 70
324500 70
325000 75
325500 72
326000 72
326500 70
327000 76
327500 77
328000 71
328500 72
329000 72
329500 73
330000 72
330500 72
331000 71
331500 76
332000 70
332500 72
333000 70
333500 68
334000 75
334500 77
335000 72
335500 76
336000 70
336500 68
337000 70
337500 73
338000 75
338500 70
339000 72
339500 71
340000 72
340500 74
341000 75
341500 80
342000 105
342500 86
343000 131
343500 78
344000 74
344500 70
345000 72
345500 80
346000 73
346500 74
347000 77
347500 72
348000 73
348500 71
349000 74
349500 71
350000 77
350500 80
351000 79
351500 126
352000 90
352500 85
353000 83
353500 100
354000 71
354500 76
355000 78
355500 72
356000 70
356500 69
357000 69
357500 75
358000 71
358500 72
359000 75
359500 100
360000 82
360500 73
361000 74
361500 76
362000 75
362500 120
363000 101
363500 122
364000 97
364500 74
365000 87
365500 77
366000 73
366500 73
367000 75
367500 72
368000 80
368500 72
369000 73
369500 96
370000 78
370500 82
371000 80
371500 76
372000 79
372500 70
373000 70
373500 73
374000 74
374500 73
375000 72
375500 72
376000 69
376500 70
377000 74
377500 69
378000 128
378500 89
379000 105
379500 87
380000 96
380500 89
381000 79
381500 81
382000 74
382500 72
383000 73
383500 72
384000 72
384500 85
385000 126
385500 85
386000 85
386500 78
387000 71
387500 72
388000 70
388500 71
389000 71
389500 71
390000 72
390500 71
391000 76
391500 69
392000 70
392500 70
393000 69
393500 69
394000 69
394500 69
395000 69
395500 81
396000 79
396500 82
397000 70
397500 71
398000 71
398500 70
399000 70
399500 70
400000 69
400500 68
401000 68
401500 68
402000 68
402500 68
403000 68
403500 68
404000 68
404500 68
405000 68
405500 68
406000 68
406500 68
407000 68
407500 68
408000 68
408500 68
409000 68
409500 68
410000 68
410500 68
411000 68
411500 68
412000 68
412500 68
413000 68
413500 68
414000 68
414500 68
415000 68
415500 68
416000 68
416500 68
417000 68
417500 68
418000 68
418500 68
419000 68
419500 68
420000 68
420500 68
421000 68
421500 68
422000 68
422500 68
423000 68
423500 68
424000 68
424500 68
425000 68
425500 68
426000 68
426500 68
427000 68
427500 68
428000 68
428500 68
429000 68
429500 68
430000 68
430500 68
431000 68
431500 68
432000 68
432500 68
433000 68
433500 68
434000 68
434500 68
435000 68
435500 68
436000 68
436500 68
437000 68
437500 68
438000 68
438500 68
439000 68
439500 68
440000 68
440500 68
441000 68
441500 68
442000 68
442500 68
443000 68
443500 68
444000 68
444500 68
445000 68
445500 68
446000 68
446500 68
447000 68
447500 68
448000 68
448500 68
449000 68
449500 68
450000 68
450500 68
451000 68
451500 68
452000 68
452500 68
453000 68
453500 68
454000 68
454500 68
455000 68
455500 68
456000 68
456500 68
457000 68
457500 68
458000 68
458500 68
459000 68
459500 68
460000 68
460500 68
461000 68
461500 68
462000 68
462500 68
463000 68
463500 68
464000 68
464500 68
465000 68
465500 68
466000 68
466500 68
467000 68
467500 68
468000 68
468500 68
469000 68
469500 68
470000 68
470500 68
471000 68
471500 68
472000 68
472500 68
473000 68
473500 68
474000 68
474500 68
475000 68
475500 68
476000 68
476500 68
477000 68
477500 68
478000 68
478500 68
479000 68
479500 68
480000 68
480500 68
481000 68
481500 68
482000 68
482500 68
483000 68
483500 68
484000 68
484500 68
485000 68
485500 68
486000 68
486500 68
487000 68
487500 68
488000 68
488500 68
489000 68
489500 68
490000 68
490500 68
491000 68
491500 68
492000 68
492500 68
493000 68
493500 68
494000 68
494500 68
495000 68
495500 68
496000 68
496500 68
497000 68
497500 68
498000 68
498500 68
499000 68
499500 68
500000 68
500500 68
501000 68
501500 68
502000 68
502500 68
503000 68
503500 68
504000 68
504500 68
505000 68
505500 68
506000 68
506500 68
507000 68
507500 68
508000 68
508500 68
509000 68
509500 68
510000 68
510500 68
511000 68
511500 68
512000 68
512500 68
513000 68
513500 68
514000 68
514500 68
515000 68
515500 68
516000 68
516500 68
517000 68
517500 68
518000 68
518500 68
519000 68
519500 68
520000 68
520500 68
521000 68
521500 68
522000 68
522500 68
523000 68
523500 68
524000 68
524500 68
525000 68
525500 68
526000 68
526500 68
527000 68
527500 68
528000 68
528500 68
529000 68
529500 68
530000 68
530500 68
531000 68
531500 68
532000 68
532500 68
533000 68
533500 68
534000 68
534500 68
535000 68
535500 68
536000 68
536500 68
537000 68
537500 68
538000 68
538500 68
539000 68
539500 68
540000 68
540500 68
541000 68
541500 68
542000 68
542500 68
543000 68
543500 68
544000 68
544500 68
545000 68
545500 68
546000 68
546500 68
547000 68
547500 68
548000 68
548500 68
549000 68
549500 68
550000 68
550500 68
551000 68
551500 68
552000 68
552500 68
553000 68
553500 68
554000 68
554500 68
555000 68
555500 68
556000 68
556500 68
557000 68
557500 68
558000 68
558500 68
559000 68
559500 68
560000 68
560500 68
561000 68
561500 68
562000 68
562500 68
563000 68
563500 68
564000 68
564500 68
565000 68
565500 68
566000 68
566500 68
567000 68
567500 68
568000 68
568500 68
569000 68
569500 68
570000 68
570500 68
571000 68
571500 68
572000 68
572500 68
573000 68
573500 68
574000 68
574500 68
575000 68
575500 68
576000 68
576500 68
577000 68
577500 68
578000 68
578500 68
579000 68
579500 68
580000 68
580500 68
581000 68
581500 68
582000 68
582500 68
583000 68
583500 68
584000 68
584500 68
585000 68
585500 68
586000 68
586500 68
587000 68
587500 68
588000 68
588500 68
589000 68
589500 68
590000 68
590500 68
591000 68
591500 68
592000 68
592500 68
593000 68
593500 68
594000 68
594500 68
595000 68
595500 68
596000 68
596500 68
597000 68
597500 68
598000 68
598500 68
599000 68
599500 68
600000 68
600500 68
601000 68
601500 68
602000 68
602500 68
603000 68
603500 68
604000 68
604500 68
605000 68
605500 68
606000 68
606500 68
607000 68
607500 68
608000 68
608500 68
609000 68
609500 68
610000 68
610500 68
611000 68
611500 68
612000 68
612500 68
613000 68
613500 68
614000 68
614500 68
615000 68
615500 68
616000 68
616500 68
617000 68
617500 68
618000 68
618500 68
619000 68
619500 68
620000 68
620500 68
621000 68
621500 68
622000 68
622500 68
623000 68
623500 68
624000 68
624500 68
625000 68
625500 68
626000 68
626500 68
627000 68
627500 68
628000 68
628500 68
629000 68
629500 68
630000 68
630500 68
631000 68
631500 68
632000 68
632500 68
633000 68
633500 68
634000 68
634500 68
635000 68
635500 68
636000 68
636500 68
637000 68
637500 68
638000 68
638500 68
639000 68
639500 68
640000 68
640500 68
641000 68
641500 68
642000 68
642500 68
643000 68
643500 68
644000 68
644500 68
645000 68
645500 68
646000 68
646500 68
647000 68
647500 68
648000 68
648500 68
649000 68
649500 68
650000 68
650500 68
651000 68
651500 68
652000 68
652500 68
653000 68
653500 68
654000 68
654500 68
655000 68
655500 68
656000 68
656500 68
657000 68
657500 68
658000 68
658500 68
659000 68
659500 68
660000 68
660500 68
661000 68
661500 68
662000 68
662500 68
663000 68
663500 68
664000 68
664500 68
665000 68
665500 68
666000 68
666500 68
667000 68
667500 68
668000 68
668500 68
669000 68
669500 68
670000 68
670500 68
671000 68
671500 68
672000 68
672500 68
673000 68
673500 68
674000 68
674500 68
675000 68
675500 68
676000 68
676500 68
677000 68
677500 68
678000 68
678500 68
679000 68
679500 68
680000 68
680500 68
681000 68
681500 68
682000 68
682500 68
683000 68
683500 68
684000 68
684500 68
685000 68
685500 68
686000 68
686500 68
687000 68
687500 68
688000 68
688500 68
689000 68
689500 68
690000 68
690500 68
691000 68
691500 68
692000 68
692500 68
693000 68
693500 68
694000 68
694500 68
695000 68
695500 68
696000 68
696500 68
697000 68
697500 68
698000 68
698500 68
699000 68
699500 68
700000 68
