50 153
100 134
150 147
200 163
250 138
300 147
350 171
400 133
450 150
500 158
550 159
600 149
650 155
700 142
750 162
800 159
850 158
900 147
950 152
1000 157
1050 152
1100 162
1150 149
1200 167
1250 151
1300 147
1350 158
1400 162
1450 140
1500 169
1550 145
1600 156
1650 153
1700 162
1750 149
1800 164
1850 141
1900 143
1950 150
2000 145
2050 157
2100 146
2150 146
2200 152
2250 155
2300 168
2350 149
2400 159
2450 169
2500 149
2550 151
2600 151
2650 165
2700 158
2750 151
2800 133
2850 147
2900 129
2950 167
3000 149
3050 140
3100 160
3150 164
3200 149
3250 148
3300 161
3350 137
3400 148
3450 152
3500 166
3550 155
3600 148
3650 163
3700 157
3750 156
3800 157
3850 158
3900 161
3950 165
4000 150
4050 173
4100 148
4150 157
4200 154
4250 155
4300 146
4350 161
4400 159
4450 155
4500 159
4550 159
4600 163
4650 155
4700 149
4750 150
4800 145
4850 147
4900 152
4950 134
5000 143
5050 161
5100 148
5150 139
5200 164
5250 149
5300 153
5350 151
5400 153
5450 153
5500 156
5550 144
5600 154
5650 138
5700 153
5750 154
5800 151
5850 138
5900 139
5950 145
6000 141
6050 151
6100 138
6150 131
6200 153
6250 135
6300 148
6350 144
6400 159
6450 152
6500 176
6550 146
6600 148
6650 157
6700 163
6750 150
6800 160
6850 155
6900 152
6950 157
7000 160
7050 151
7100 133
7150 136
7200 163
7250 139
7300 143
7350 149
7400 165
7450 163
7500 153
7550 170
7600 161
7650 156
7700 146
7750 157
7800 152
7850 152
7900 146
7950 163
8000 148
8050 141
8100 151
8150 143
8200 137
8250 173
8300 118
8350 155
8400 156
8450 154
8500 159
8550 162
8600 154
8650 173
8700 148
8750 154
8800 157
8850 151
8900 166
8950 134
9000 143
9050 157
9100 150
9150 164
9200 162
9250 140
9300 159
9350 138
9400 149
9450 158
9500 140
9550 160
9600 154
9650 155
9700 156
9750 139
9800 166
9850 156
9900 173
9950 147
10000 170
10050 135
10100 135
10150 144
10200 164
10250 154
10300 146
10350 145
10400 143
10450 145
10500 152
10550 142
10600 133
10650 145
10700 141
10750 127
10800 140
10850 136
10900 139
10950 162
11000 144
11050 165
11100 150
11150 148
11200 173
11250 142
11300 147
11350 166
11400 158
11450 152
11500 147
11550 137
11600 158
11650 138
11700 151
11750 161
11800 136
11850 156
11900 150
11950 161
12000 143
12050 164
12100 136
12150 162
12200 156
12250 150
12300 152
12350 169
12400 137
12450 165
12500 147
12550 141
12600 137
12650 159
12700 173
12750 153
12800 142
12850 158
12900 153
12950 152
13000 156
13050 163
13100 164
13150 154
13200 149
13250 145
13300 151
13350 164
13400 121
13450 138
13500 159
13550 153
13600 151
13650 166
13700 164
13750 150
13800 135
13850 139
13900 142
13950 144
14000 104
14050 157
14100 155
14150 153
14200 138
14250 157
14300 172
14350 157
14400 143
14450 159
14500 135
14550 141
14600 137
14650 154
14700 165
14750 163
14800 162
14850 152
14900 139
14950 145
15000 153
15050 132
15100 150
15150 149
15200 138
15250 161
15300 155
15350 139
15400 157
15450 161
15500 150
15550 159
15600 125
15650 159
15700 151
15750 151
15800 167
15850 134
15900 137
15950 133
16000 148
16050 141
16100 148
16150 125
16200 141
16250 148
16300 132
16350 152
16400 132
16450 161
16500 163
16550 163
16600 150
16650 148
16700 146
16750 151
16800 138
16850 151
16900 156
16950 153
17000 146
17050 164
17100 165
17150 165
17200 137
17250 152
17300 146
17350 133
17400 139
17450 147
17500 120
17550 145
17600 156
17650 164
17700 153
17750 145
17800 150
17850 136
17900 166
17950 136
18000 155
18050 137
18100 138
18150 152
18200 139
18250 152
18300 174
18350 151
18400 145
18450 148
18500 155
18550 164
18600 151
18650 140
18700 139
18750 166
18800 171
18850 152
18900 152
18950 162
19000 161
19050 137
19100 157
19150 156
19200 140
19250 144
19300 153
19350 127
19400 151
19450 131
19500 155
19550 158
19600 127
19650 147
19700 128
19750 156
19800 147
19850 137
19900 150
19950 124
20000 161
20050 133
20100 154
20150 140
20200 135
20250 127
20300 143
20350 147
20400 140
20450 159
20500 164
20550 160
20600 163
20650 160
20700 156
20750 157
20800 150
20850 133
20900 145
20950 121
21000 135
21050 147
21100 147
21150 121
21200 164
21250 132
21300 139
21350 148
21400 152
21450 166
21500 155
21550 154
21600 148
21650 142
21700 161
21750 171
21800 164
21850 134
21900 152
21950 138
22000 157
22050 158
22100 134
22150 148
22200 162
22250 148
22300 164
22350 157
22400 152
22450 166
22500 135
22550 139
22600 157
22650 144
22700 143
22750 154
22800 144
22850 145
22900 153
22950 154
23000 141
23050 147
23100 134
23150 147
23200 141
23250 139
23300 145
23350 169
23400 149
23450 160
23500 149
23550 140
23600 134
23650 146
23700 160
23750 156
23800 141
23850 163
23900 160
23950 153
24000 142
24050 136
24100 154
24150 157
24200 133
24250 140
24300 151
24350 154
24400 164
24450 137
24500 134
24550 168
24600 133
24650 154
24700 134
24750 139
24800 145
24850 141
24900 152
24950 143
25000 156
25050 152
25100 144
25150 153
25200 142
25250 150
25300 147
25350 150
25400 146
25450 148
25500 155
25550 149
25600 128
25650 150
25700 143
25750 135
25800 151
25850 121
25900 160
25950 138
26000 148
26050 158
26100 154
26150 148
26200 148
26250 138
26300 135
26350 158
26400 137
26450 133
26500 162
26550 151
26600 157
26650 156
26700 149
26750 160
26800 156
26850 158
26900 148
26950 149
27000 153
27050 137
27100 153
27150 132
27200 147
27250 170
27300 135
27350 130
27400 150
27450 126
27500 145
27550 135
27600 165
27650 151
27700 139
27750 146
27800 140
27850 151
27900 161
27950 134
28000 147
28050 131
28100 137
28150 129
28200 139
28250 156
28300 130
28350 156
28400 150
28450 143
28500 147
28550 153
28600 174
28650 155
28700 148
28750 160
28800 164
28850 124
28900 156
28950 149
29000 142
29050 149
29100 148
29150 172
29200 162
29250 129
29300 157
29350 136
29400 137
29450 145
29500 145
29550 135
29600 138
29650 153
29700 157
29750 131
29800 137
29850 132
29900 149
29950 147
30000 148
30050 129
30100 140
30150 134
30200 127
30250 159
30300 142
30350 141
30400 153
30450 136
30500 149
30550 147
30600 146
30650 140
30700 170
30750 124
30800 146
30850 135
30900 147
30950 130
31000 139
31050 140
31100 147
31150 144
31200 148
31250 134
31300 145
31350 156
31400 157
31450 154
31500 148
31550 154
31600 144
31650 135
31700 149
31750 156
31800 152
31850 120
31900 142
31950 148
32000 125
32050 132
32100 164
32150 157
32200 139
32250 164
32300 153
32350 142
32400 163
32450 162
32500 169
32550 145
32600 159
32650 145
32700 157
32750 134
32800 143
32850 145
32900 148
32950 136
33000 131
33050 157
33100 130
33150 139
33200 157
33250 142
33300 138
33350 133
33400 155
33450 154
33500 134
33550 157
33600 116
33650 149
33700 155
33750 155
33800 147
33850 125
33900 137
33950 117
34000 153
34050 138
34100 155
34150 143
34200 144
34250 150
34300 142
34350 128
34400 139
34450 144
34500 161
34550 153
34600 158
34650 130
34700 128
34750 136
34800 148
34850 151
34900 142
34950 155
35000 146
35050 163
35100 132
35150 132
35200 160
35250 154
35300 145
35350 145
35400 152
35450 146
35500 151
35550 132
35600 147
35650 118
35700 146
35750 151
35800 117
35850 153
35900 153
35950 133
36000 137
36050 161
36100 158
36150 123
36200 121
36250 144
36300 153
36350 166
36400 137
36450 123
36500 117
36550 145
36600 141
36650 137
36700 116
36750 132
36800 154
36850 153
36900 146
36950 125
37000 143
37050 153
37100 145
37150 151
37200 120
37250 154
37300 136
37350 151
37400 150
37450 149
37500 162
37550 136
37600 137
37650 137
37700 139
37750 134
37800 134
37850 123
37900 139
37950 134
38000 138
38050 164
38100 123
38150 130
38200 135
38250 139
38300 146
38350 137
38400 133
38450 139
38500 137
38550 132
38600 142
38650 118
38700 127
38750 143
38800 152
38850 155
38900 146
38950 142
39000 144
39050 130
39100 143
39150 153
39200 133
39250 157
39300 129
39350 138
39400 141
39450 134
39500 113
39550 131
39600 142
39650 122
39700 136
39750 128
39800 168
39850 148
39900 137
39950 144
40000 147
40050 134
40100 131
40150 127
40200 129
40250 141
40300 131
40350 147
40400 143
40450 117
40500 135
40550 141
40600 150
40650 146
40700 140
40750 125
40800 130
40850 152
40900 149
40950 134
41000 152
41050 138
41100 146
41150 134
41200 148
41250 135
41300 140
41350 142
41400 123
41450 144
41500 134
41550 123
41600 146
41650 124
41700 118
41750 139
41800 131
41850 155
41900 152
41950 144
42000 141
42050 138
42100 143
42150 128
42200 115
42250 128
42300 142
42350 133
42400 123
42450 156
42500 137
42550 140
42600 149
42650 142
42700 134
42750 154
42800 133
42850 130
42900 128
42950 129
43000 143
43050 123
43100 114
43150 118
43200 116
43250 140
43300 109
43350 142
43400 116
43450 140
43500 129
43550 127
43600 120
43650 132
43700 126
43750 126
43800 124
43850 140
43900 135
43950 145
44000 132
44050 133
44100 123
44150 106
44200 123
44250 113
44300 153
44350 131
44400 140
44450 125
44500 132
44550 109
44600 139
44650 133
44700 134
44750 127
44800 131
44850 131
44900 112
44950 122
45000 133
45050 110
45100 124
45150 115
45200 122
45250 131
45300 122
45350 140
45400 145
45450 114
45500 136
45550 141
45600 130
45650 120
45700 137
45750 118
45800 117
45850 120
45900 132
45950 110
46000 119
46050 115
46100 141
46150 119
46200 135
46250 134
46300 123
46350 112
46400 128
46450 126
46500 110
46550 125
46600 131
46650 124
46700 124
46750 142
46800 127
46850 120
46900 129
46950 134
47000 108
47050 122
47100 114
47150 117
47200 123
47250 125
47300 130
47350 131
47400 143
47450 125
47500 124
47550 126
47600 120
47650 127
47700 126
47750 116
47800 114
47850 109
47900 132
47950 118
48000 136
48050 131
48100 129
48150 133
48200 125
48250 110
48300 114
48350 113
48400 116
48450 113
48500 120
48550 101
48600 106
48650 127
48700 111
48750 99
48800 105
48850 114
48900 121
48950 122
49000 126
49050 127
49100 126
49150 119
49200 120
49250 115
49300 112
49350 109
49400 123
49450 109
49500 134
49550 101
49600 102
49650 97
49700 103
49750 100
49800 97
49850 98
49900 107
49950 110
50000 111
50050 105
50100 105
50150 127
50200 111
50250 114
50300 111
50350 113
50400 109
50450 97
50500 109
50550 105
50600 111
50650 115
50700 123
50750 94
50800 102
50850 131
50900 117
50950 110
51000 121
51050 112
51100 138
51150 117
51200 106
51250 85
51300 88
51350 114
51400 121
51450 100
51500 106
51550 106
51600 109
51650 105
51700 99
51750 107
51800 107
51850 97
51900 104
51950 97
52000 87
52050 97
52100 98
52150 82
52200 82
52250 97
52300 104
52350 106
52400 102
52450 111
52500 94
52550 87
52600 91
52650 96
52700 98
52750 90
52800 96
52850 108
52900 101
52950 98
53000 97
53050 102
53100 104
53150 97
53200 97
53250 100
53300 88
53350 97
53400 90
53450 90
53500 86
53550 99
53600 100
53650 89
53700 87
53750 89
53800 86
53850 93
53900 102
53950 94
54000 106
54050 97
54100 98
54150 106
54200 103
54250 102
54300 85
54350 96
54400 123
54450 103
54500 95
54550 94
54600 89
54650 91
54700 88
54750 89
54800 109
54850 102
54900 88
54950 83
55000 86
55050 94
55100 93
55150 96
55200 92
55250 96
55300 94
55350 90
55400 92
55450 91
55500 87
55550 87
55600 86
55650 95
55700 96
55750 83
55800 94
55850 98
55900 93
55950 94
56000 88
56050 87
56100 85
56150 89
56200 95
56250 97
56300 110
56350 94
56400 89
56450 96
56500 94
56550 87
56600 89
56650 91
56700 87
56750 91
56800 104
56850 106
56900 94
56950 92
57000 95
57050 95
57100 99
57150 113
57200 114
57250 105
57300 103
57350 98
57400 101
57450 96
57500 95
57550 96
57600 93
57650 92
57700 94
57750 83
57800 80
57850 83
57900 80
57950 81
58000 82
58050 82
58100 84
58150 90
58200 87
58250 92
58300 91
58350 95
58400 89
58450 89
58500 88
58550 86
58600 85
58650 84
58700 84
58750 89
58800 85
58850 84
58900 82
58950 82
59000 80
59050 82
59100 81
59150 81
59200 79
59250 74
59300 75
59350 81
59400 89
59450 84
59500 86
59550 84
59600 79
59650 81
59700 85
59750 84
59800 84
59850 84
59900 80
59950 78
60000 80
60050 80
60100 84
60150 75
60200 77
60250 80
60300 87
60350 81
60400 81
60450 80
60500 78
60550 80
60600 80
60650 80
60700 80
60750 80
60800 80
60850 81
60900 83
60950 78
61000 79
61050 79
61100 79
61150 79
61200 79
61250 86
61300 78
61350 77
61400 77
61450 77
61500 79
61550 92
61600 85
61650 79
61700 75
61750 77
61800 79
61850 78
61900 75
61950 77
62000 80
62050 78
62100 76
62150 76
62200 78
62250 78
62300 78
62350 75
62400 80
62450 80
62500 81
62550 78
62600 74
62650 74
62700 83
62750 83
62800 82
62850 80
62900 80
62950 81
63000 83
63050 79
63100 78
63150 76
63200 76
63250 74
63300 76
63350 76
63400 76
63450 76
63500 74
63550 74
63600 75
63650 75
63700 76
63750 76
63800 76
63850 77
63900 79
63950 78
64000 77
64050 77
64100 78
64150 75
64200 74
64250 72
64300 72
64350 72
64400 72
64450 72
64500 71
64550 71
64600 73
64650 74
64700 74
64750 72
64800 72
64850 73
64900 73
64950 73
65000 73
65050 72
65100 73
65150 72
65200 74
65250 72
65300 72
65350 72
65400 72
65450 71
65500 71
65550 71
65600 71
65650 71
65700 72
65750 75
65800 71
65850 71
65900 71
65950 71
66000 71
66050 71
66100 71
66150 71
66200 71
66250 71
66300 71
66350 71
66400 72
66450 73
66500 73
66550 73
66600 74
66650 73
66700 74
66750 74
66800 74
66850 74
66900 74
66950 74
67000 74
67050 73
67100 73
67150 75
67200 73
67250 73
67300 73
67350 72
67400 72
67450 72
67500 72
67550 73
67600 75
67650 73
67700 73
67750 75
67800 75
67850 75
67900 75
67950 73
68000 73
68050 73
68100 73
68150 73
68200 73
68250 73
68300 73
68350 73
68400 73
68450 75
68500 75
68550 75
68600 73
68650 73
68700 72
68750 72
68800 72
68850 72
68900 73
68950 71
69000 72
69050 72
69100 73
69150 73
69200 73
69250 73
69300 73
69350 73
69400 72
69450 72
69500 71
69550 71
69600 71
69650 71
69700 71
69750 71
69800 71
69850 71
69900 71
69950 71
70000 73
70050 72
70100 71
70150 71
70200 73
70250 71
70300 71
70350 71
70400 73
70450 73
70500 73
70550 73
70600 73
70650 73
70700 74
70750 74
70800 74
70850 74
70900 74
70950 74
71000 74
71050 74
71100 74
71150 74
71200 74
71250 74
71300 74
71350 74
71400 74
71450 74
71500 73
71550 73
71600 73
71650 73
71700 73
71750 73
71800 73
71850 71
71900 71
71950 71
72000 71
72050 71
72100 71
72150 71
72200 71
72250 71
72300 71
72350 71
72400 71
72450 71
72500 71
72550 71
72600 71
72650 71
72700 72
72750 72
72800 72
72850 72
72900 72
72950 71
73000 71
73050 71
73100 71
73150 71
73200 71
73250 72
73300 72
73350 71
73400 71
73450 71
73500 71
73550 71
73600 71
73650 71
73700 73
73750 73
73800 73
73850 73
73900 73
73950 73
74000 73
74050 73
74100 73
74150 74
74200 74
74250 74
74300 74
74350 74
74400 74
74450 74
74500 74
74550 74
74600 74
74650 74
74700 74
74750 73
74800 73
74850 73
74900 73
74950 73
75000 73
75050 73
75100 73
75150 73
75200 73
75250 73
75300 73
75350 71
75400 72
75450 72
75500 72
75550 72
75600 72
75650 72
75700 72
75750 72
75800 72
75850 72
75900 72
75950 72
76000 72
76050 72
76100 72
76150 72
76200 71
76250 72
76300 72
76350 72
76400 72
76450 72
76500 71
76550 71
76600 71
76650 71
76700 71
76750 71
76800 71
76850 71
76900 71
76950 71
77000 71
77050 71
77100 71
77150 71
77200 71
77250 71
77300 71
77350 71
77400 71
77450 71
77500 71
77550 71
77600 71
77650 71
77700 71
77750 71
77800 71
77850 71
77900 71
77950 71
78000 71
78050 71
78100 71
78150 71
78200 71
78250 71
78300 71
78350 71
78400 71
78450 71
78500 71
78550 71
78600 71
78650 71
78700 71
78750 71
78800 71
78850 71
78900 71
78950 71
79000 71
79050 71
79100 71
79150 71
79200 71
79250 71
79300 71
79350 71
79400 71
79450 71
79500 71
79550 71
79600 71
79650 71
79700 71
79750 71
79800 71
79850 71
79900 71
79950 71
80000 71
80050 71
80100 71
80150 71
80200 71
80250 71
80300 71
80350 71
80400 71
80450 71
80500 71
80550 71
80600 71
80650 71
80700 71
80750 71
80800 71
80850 71
80900 71
80950 71
81000 71
81050 71
81100 71
81150 71
81200 71
81250 71
81300 71
81350 71
81400 71
81450 71
81500 71
81550 71
81600 71
81650 71
81700 71
81750 71
81800 71
81850 71
81900 71
81950 71
82000 71
82050 71
82100 71
82150 71
82200 71
82250 71
82300 71
82350 71
82400 71
82450 71
82500 71
82550 71
82600 71
82650 71
82700 71
82750 71
82800 71
82850 71
82900 71
82950 71
83000 71
83050 71
83100 71
83150 71
83200 71
83250 71
83300 71
83350 71
83400 71
83450 71
83500 71
83550 71
83600 71
83650 71
83700 71
83750 71
83800 71
83850 71
83900 71
83950 71
84000 71
84050 71
84100 71
84150 71
84200 71
84250 71
84300 71
84350 71
84400 71
84450 71
84500 71
84550 71
84600 71
84650 71
84700 71
84750 71
84800 71
84850 71
84900 71
84950 71
85000 71
85050 71
85100 71
85150 71
85200 71
85250 71
85300 71
85350 71
85400 71
85450 71
85500 71
85550 71
85600 71
85650 71
85700 71
85750 71
85800 71
85850 71
85900 71
85950 71
86000 71
86050 71
86100 71
86150 71
86200 71
86250 71
86300 71
86350 71
86400 71
86450 71
86500 71
86550 71
86600 71
86650 71
86700 71
86750 71
86800 71
86850 71
86900 71
86950 71
87000 71
87050 71
87100 71
87150 71
87200 71
87250 71
87300 71
87350 71
87400 71
87450 71
87500 71
87550 71
87600 71
87650 71
87700 71
87750 71
87800 71
87850 71
87900 71
87950 71
88000 71
88050 71
88100 71
88150 71
88200 71
88250 71
88300 71
88350 71
88400 71
88450 71
88500 71
88550 71
88600 71
88650 71
88700 71
88750 71
88800 71
88850 71
88900 71
88950 71
89000 71
89050 71
89100 71
89150 71
89200 71
89250 71
89300 71
89350 71
89400 71
89450 71
89500 71
89550 71
89600 71
89650 71
89700 71
89750 71
89800 71
89850 71
89900 71
89950 71
90000 71
90050 71
90100 71
90150 71
90200 71
90250 71
90300 71
90350 71
90400 71
90450 71
90500 71
90550 71
90600 71
90650 71
90700 71
90750 71
90800 71
90850 71
90900 71
90950 71
91000 71
91050 71
91100 71
91150 71
91200 71
91250 71
91300 71
91350 71
91400 71
91450 71
91500 71
91550 71
91600 71
91650 71
91700 71
91750 71
91800 71
91850 71
91900 71
91950 71
92000 71
92050 71
92100 71
92150 71
92200 71
92250 71
92300 71
92350 71
92400 71
92450 71
92500 71
92550 71
92600 71
92650 71
92700 71
92750 71
92800 71
92850 71
92900 71
92950 71
93000 71
93050 71
93100 71
93150 71
93200 71
93250 71
93300 71
93350 71
93400 71
93450 71
93500 71
93550 71
93600 71
93650 71
93700 71
93750 71
93800 71
93850 71
93900 71
93950 71
94000 71
94050 71
94100 71
94150 71
94200 71
94250 71
94300 71
94350 71
94400 71
94450 71
94500 71
94550 71
94600 71
94650 71
94700 71
94750 71
94800 71
94850 71
94900 71
94950 71
95000 71
95050 71
95100 71
95150 71
95200 71
95250 71
95300 71
95350 71
95400 71
95450 71
95500 71
95550 71
95600 71
95650 71
95700 71
95750 71
95800 71
95850 71
95900 71
95950 71
96000 71
96050 71
96100 71
96150 71
96200 71
96250 71
96300 71
96350 71
96400 71
96450 71
96500 71
96550 71
96600 71
96650 71
96700 71
96750 71
96800 71
96850 71
96900 71
96950 71
97000 71
97050 71
97100 71
97150 71
97200 71
97250 71
97300 71
97350 71
97400 71
97450 71
97500 71
97550 71
97600 71
97650 71
97700 71
97750 71
97800 71
97850 71
97900 71
97950 71
98000 71
98050 71
98100 71
98150 71
98200 71
98250 71
98300 71
98350 71
98400 71
98450 71
98500 71
98550 71
98600 71
98650 71
98700 71
98750 71
98800 71
98850 71
98900 71
98950 71
99000 71
99050 71
99100 71
99150 71
99200 71
99250 71
99300 71
99350 71
99400 71
99450 71
99500 71
99550 71
99600 71
99650 71
99700 71
99750 71
99800 71
99850 71
99900 71
99950 71
100000 71
100050 71
100100 71
100150 71
100200 71
100250 71
100300 71
100350 71
100400 71
100450 71
100500 71
100550 71
100600 71
100650 71
100700 71
100750 71
100800 71
100850 71
100900 71
100950 71
101000 71
101050 71
101100 71
101150 71
101200 71
101250 71
101300 71
101350 71
101400 71
101450 71
101500 71
101550 71
101600 71
101650 71
101700 71
101750 71
101800 71
101850 71
101900 71
101950 71
102000 71
102050 71
102100 71
102150 71
102200 71
102250 71
102300 71
102350 71
102400 71
102450 71
102500 71
102550 71
102600 71
102650 71
102700 71
102750 71
102800 71
102850 71
102900 71
102950 71
103000 71
103050 71
103100 71
103150 71
103200 71
103250 71
103300 71
103350 71
103400 71
103450 71
103500 71
103550 71
103600 71
103650 71
103700 71
103750 71
103800 71
103850 71
103900 71
103950 71
104000 71
104050 71
104100 71
104150 71
104200 71
104250 71
104300 71
104350 71
104400 71
104450 71
104500 71
104550 71
104600 71
104650 71
104700 71
104750 71
104800 71
104850 71
104900 71
104950 71
105000 71
105050 71
105100 71
105150 71
105200 71
105250 71
105300 71
105350 71
105400 71
105450 71
105500 71
105550 71
105600 71
105650 71
105700 71
105750 71
105800 71
105850 71
105900 71
105950 71
106000 71
106050 71
106100 71
106150 71
106200 71
106250 71
106300 71
106350 71
106400 71
106450 71
106500 71
106550 71
106600 71
106650 71
106700 71
106750 71
106800 71
106850 71
106900 71
106950 71
107000 71
107050 71
107100 71
107150 71
107200 71
107250 71
107300 71
107350 71
107400 71
107450 71
107500 71
107550 71
107600 71
107650 71
107700 71
107750 71
107800 71
107850 71
107900 71
107950 71
108000 71
108050 71
108100 71
108150 71
