500 143
1000 154
1500 148
2000 151
2500 157
3000 146
3500 155
4000 149
4500 163
5000 143
5500 125
6000 154
6500 147
7000 138
7500 153
8000 161
8500 148
9000 147
9500 139
10000 144
10500 175
11000 168
11500 142
12000 138
12500 150
13000 156
13500 142
14000 146
14500 161
15000 148
15500 179
16000 152
16500 159
17000 147
17500 152
18000 132
18500 144
19000 140
19500 138
20000 156
20500 143
21000 152
21500 154
22000 154
22500 169
23000 156
23500 149
24000 177
24500 142
25000 124
25500 153
26000 144
26500 137
27000 162
27500 128
28000 147
28500 160
29000 162
29500 159
30000 161
30500 148
31000 143
31500 170
32000 146
32500 141
33000 133
33500 139
34000 156
34500 157
35000 152
35500 136
36000 150
36500 152
37000 145
37500 141
38000 138
38500 128
39000 163
39500 151
40000 152
40500 142
41000 153
41500 145
42000 144
42500 142
43000 155
43500 159
44000 145
44500 128
45000 149
45500 164
46000 157
46500 145
47000 146
47500 151
48000 153
48500 127
49000 147
49500 146
50000 139
50500 140
51000 127
51500 145
52000 155
52500 137
53000 152
53500 129
54000 147
54500 142
55000 130
55500 162
56000 129
56500 160
57000 138
57500 148
58000 134
58500 156
59000 150
59500 141
60000 148
60500 150
61000 148
61500 141
62000 122
62500 149
63000 151
63500 143
64000 128
64500 129
65000 151
65500 144
66000 146
66500 131
67000 140
67500 154
68000 141
68500 131
69000 166
69500 146
70000 157
70500 157
71000 140
71500 153
72000 142
72500 154
73000 136
73500 138
74000 155
74500 145
75000 139
75500 156
76000 144
76500 142
77000 149
77500 130
78000 139
78500 152
79000 137
79500 143
80000 146
80500 139
81000 158
81500 135
82000 141
82500 139
83000 149
83500 140
84000 157
84500 146
85000 143
85500 123
86000 135
86500 147
87000 120
87500 98
88000 140
88500 142
89000 164
89500 162
90000 155
90500 136
91000 157
91500 144
92000 138
92500 145
93000 143
93500 144
94000 123
94500 161
95000 145
95500 154
96000 129
96500 148
97000 147
97500 139
98000 145
98500 139
99000 135
99500 129
100000 117
100500 140
101000 133
101500 128
102000 123
102500 130
103000 148
103500 126
104000 132
104500 130
105000 132
105500 133
106000 127
106500 125
107000 129
107500 124
108000 138
108500 138
109000 114
109500 140
110000 121
110500 141
111000 116
111500 136
112000 153
112500 156
113000 154
113500 129
114000 150
114500 128
115000 142
115500 137
116000 147
116500 129
117000 132
117500 144
118000 123
118500 136
119000 135
119500 133
120000 136
120500 149
121000 124
121500 128
122000 141
122500 154
123000 147
123500 154
124000 125
124500 128
125000 154
125500 133
126000 132
126500 117
127000 124
127500 140
128000 135
128500 121
129000 147
129500 126
130000 130
130500 137
131000 144
131500 129
132000 141
132500 131
133000 129
133500 118
134000 96
134500 129
135000 141
135500 137
136000 127
136500 108
137000 142
137500 139
138000 145
138500 136
139000 141
139500 128
140000 117
140500 136
141000 140
141500 125
142000 122
142500 131
143000 150
143500 144
144000 144
144500 138
145000 148
145500 117
146000 131
146500 138
147000 141
147500 133
148000 125
148500 144
149000 148
149500 134
150000 139
150500 116
151000 134
151500 114
152000 121
152500 158
153000 136
153500 136
154000 119
154500 139
155000 142
155500 138
156000 120
156500 127
157000 138
157500 123
158000 111
158500 126
159000 150
159500 119
160000 127
160500 129
161000 132
161500 139
162000 128
162500 125
163000 120
163500 126
164000 139
164500 115
165000 113
165500 136
166000 133
166500 128
167000 143
167500 143
168000 121
168500 119
169000 130
169500 142
170000 114
170500 137
171000 127
171500 162
172000 124
172500 125
173000 122
173500 128
174000 112
174500 128
175000 123
175500 109
176000 116
176500 111
177000 106
177500 122
178000 119
178500 119
179000 124
179500 137
180000 104
180500 131
181000 110
181500 117
182000 108
182500 114
183000 120
183500 132
184000 132
184500 105
185000 132
185500 117
186000 142
186500 113
187000 128
187500 124
188000 124
188500 122
189000 112
189500 127
190000 115
190500 131
191000 125
191500 125
192000 130
192500 123
193000 143
193500 137
194000 118
194500 121
195000 135
195500 130
196000 124
196500 127
197000 125
197500 131
198000 133
198500 121
199000 137
199500 116
200000 141
200500 121
201000 108
201500 102
202000 119
202500 116
203000 122
203500 111
204000 139
204500 102
205000 129
205500 136
206000 126
206500 121
207000 118
207500 148
208000 116
208500 134
209000 153
209500 122
210000 109
210500 106
211000 112
211500 97
212000 124
212500 104
213000 132
213500 118
214000 112
214500 123
215000 137
215500 106
216000 110
216500 118
217000 101
217500 112
218000 124
218500 155
219000 128
219500 118
220000 114
220500 118
221000 114
221500 115
222000 115
222500 120
223000 127
223500 128
224000 118
224500 124
225000 120
225500 110
226000 99
226500 135
227000 91
227500 116
228000 106
228500 99
229000 130
229500 130
230000 102
230500 97
231000 107
231500 108
232000 108
232500 97
233000 100
233500 111
234000 90
234500 99
235000 106
235500 96
236000 122
236500 116
237000 113
237500 102
238000 105
238500 98
239000 109
239500 132
240000 108
240500 100
241000 86
241500 107
242000 103
242500 102
243000 143
243500 104
244000 119
244500 114
245000 101
245500 106
246000 125
246500 108
247000 101
247500 100
248000 109
248500 89
249000 104
249500 113
250000 104
250500 94
251000 98
251500 98
252000 107
252500 101
253000 94
253500 134
254000 119
254500 91
255000 137
255500 91
256000 134
256500 87
257000 119
257500 101
258000 113
258500 95
259000 120
259500 101
260000 89
260500 103
261000 93
261500 90
262000 99
262500 119
263000 110
263500 96
264000 100
264500 99
265000 105
265500 91
266000 88
266500 96
267000 118
267500 95
268000 82
268500 79
269000 90
269500 103
270000 104
270500 108
271000 102
271500 108
272000 88
272500 101
273000 109
273500 89
274000 97
274500 105
275000 110
275500 80
276000 80
276500 117
277000 139
277500 75
278000 80
278500 78
279000 92
279500 86
280000 77
280500 121
281000 84
281500 91
282000 76
282500 79
283000 76
283500 104
284000 92
284500 83
285000 77
285500 78
286000 77
286500 74
287000 72
287500 87
288000 81
288500 84
289000 76
289500 75
290000 83
290500 85
291000 80
291500 88
292000 85
292500 80
293000 75
293500 73
294000 95
294500 130
295000 86
295500 88
296000 91
296500 82
297000 85
297500 101
298000 83
298500 94
299000 135
299500 88
300000 82
300500 85
301000 85
301500 76
302000 79
302500 77
303000 71
303500 77
304000 71
304500 71
305000 74
305500 137
306000 76
306500 74
307000 69
307500 71
308000 69
308500 70
309000 66
309500 68
310000 73
310500 73
311000 69
311500 67
312000 65
312500 66
313000 66
313500 67
314000 69
314500 67
315000 69
315500 75
316000 70
316500 75
317000 71
317500 67
318000 71
318500 128
319000 130
319500 80
320000 92
320500 73
321000 72
321500 73
322000 75
322500 75
323000 74
323500 72
324000 72
324500 74
325000 75
325500 72
326000 71
326500 75
327000 72
327500 119
328000 83
328500 79
329000 71
329500 71
330000 73
330500 76
331000 82
331500 78
332000 86
332500 72
333000 70
333500 71
334000 71
334500 72
335000 74
335500 69
336000 70
336500 69
337000 69
337500 70
338000 70
338500 69
339000 70
339500 69
340000 68
340500 68
341000 68
341500 69
342000 72
342500 69
343000 70
343500 72
344000 69
344500 69
345000 69
345500 69
346000 70
346500 69
347000 70
347500 72
348000 70
348500 70
349000 70
349500 70
350000 70
350500 70
351000 70
351500 70
352000 70
352500 70
353000 70
353500 70
354000 70
354500 70
355000 70
355500 70
356000 70
356500 71
357000 70
357500 70
358000 70
358500 70
359000 70
359500 70
360000 69
360500 69
361000 69
361500 69
362000 69
362500 69
363000 69
363500 69
364000 69
364500 69
365000 69
365500 69
366000 69
366500 69
367000 69
367500 69
368000 68
368500 68
369000 68
369500 68
370000 68
370500 68
371000 68
371500 68
372000 68
372500 69
373000 68
373500 68
374000 69
374500 69
375000 68
375500 68
376000 68
376500 68
377000 68
377500 68
378000 68
378500 68
379000 68
379500 68
380000 68
380500 68
381000 68
381500 68
382000 68
382500 68
383000 68
383500 68
384000 68
384500 68
385000 68
385500 68
386000 68
386500 68
387000 68
387500 68
388000 68
388500 68
389000 68
389500 68
390000 68
390500 68
391000 68
391500 68
392000 68
392500 68
393000 68
393500 68
394000 69
394500 68
395000 68
395500 68
396000 68
396500 68
397000 68
397500 68
398000 68
398500 69
399000 69
399500 69
400000 69
400500 69
401000 69
401500 69
402000 68
402500 68
403000 68
403500 68
404000 68
404500 68
405000 68
405500 68
406000 68
406500 68
407000 68
407500 68
408000 68
408500 68
409000 68
409500 68
410000 68
410500 68
411000 68
411500 68
412000 68
412500 68
413000 68
413500 68
414000 68
414500 68
415000 68
415500 68
416000 68
416500 68
417000 68
417500 69
418000 69
418500 69
419000 69
419500 69
420000 69
420500 69
421000 69
421500 69
422000 69
422500 69
423000 69
423500 69
424000 69
424500 68
425000 68
425500 68
426000 68
426500 68
427000 68
427500 68
428000 68
428500 68
429000 68
429500 68
430000 68
430500 68
431000 68
431500 68
432000 68
432500 68
433000 68
433500 68
434000 68
434500 68
435000 68
435500 68
436000 68
436500 68
437000 68
437500 68
438000 68
438500 68
439000 68
439500 68
440000 68
440500 68
441000 68
441500 68
442000 68
442500 68
443000 68
443500 68
444000 68
444500 68
445000 68
445500 68
446000 68
446500 68
447000 68
447500 68
448000 68
448500 68
449000 68
449500 68
450000 68
450500 68
451000 68
451500 68
452000 68
452500 68
453000 68
453500 68
454000 68
454500 68
455000 68
455500 68
456000 68
456500 68
457000 68
457500 68
458000 68
458500 68
459000 68
459500 68
460000 68
460500 68
461000 68
461500 68
462000 68
462500 68
463000 68
463500 68
464000 68
464500 68
465000 68
465500 68
466000 68
466500 68
467000 68
467500 68
468000 68
468500 68
469000 68
469500 68
470000 68
470500 68
471000 68
471500 68
472000 68
472500 68
473000 68
473500 68
474000 68
474500 68
475000 68
475500 68
476000 68
476500 68
477000 68
477500 68
478000 68
478500 68
479000 68
479500 68
480000 68
480500 68
481000 68
481500 68
482000 68
482500 68
483000 68
483500 68
484000 68
484500 68
485000 68
485500 68
486000 68
486500 68
487000 68
487500 68
488000 68
488500 68
489000 68
489500 68
490000 68
490500 68
491000 68
491500 68
492000 68
492500 68
493000 68
493500 68
494000 68
494500 68
495000 68
495500 68
496000 68
496500 68
497000 68
497500 68
498000 68
498500 68
499000 68
499500 68
500000 68
500500 68
501000 68
501500 68
502000 68
502500 68
503000 68
503500 68
504000 68
504500 68
505000 68
505500 68
506000 68
506500 68
507000 68
507500 68
508000 68
508500 68
509000 68
509500 68
510000 68
510500 68
511000 68
511500 68
512000 68
512500 68
513000 68
513500 68
514000 68
514500 68
515000 68
515500 68
516000 68
516500 68
517000 68
517500 68
518000 68
518500 68
519000 68
519500 68
520000 68
520500 68
521000 68
521500 68
522000 68
522500 68
523000 68
523500 68
524000 68
524500 68
525000 68
525500 68
526000 68
526500 68
527000 68
527500 68
528000 68
528500 68
529000 68
529500 68
530000 68
530500 68
531000 68
531500 68
532000 68
532500 68
533000 68
533500 68
534000 68
534500 68
535000 68
535500 68
536000 68
536500 68
537000 68
537500 68
538000 68
538500 68
539000 68
539500 68
540000 68
540500 68
541000 68
541500 68
542000 68
542500 68
543000 68
543500 68
544000 68
544500 68
545000 68
545500 68
546000 68
546500 68
547000 68
547500 68
548000 68
548500 68
549000 68
549500 68
550000 68
550500 68
551000 68
551500 68
552000 68
552500 68
553000 68
553500 68
554000 68
554500 68
555000 68
555500 68
556000 68
556500 68
557000 68
557500 68
558000 68
558500 68
559000 68
559500 68
560000 68
560500 68
561000 68
561500 68
562000 68
562500 68
563000 68
563500 68
564000 68
564500 68
565000 68
565500 68
566000 68
566500 68
567000 68
567500 68
568000 68
568500 68
569000 68
569500 68
570000 68
570500 68
571000 68
571500 68
572000 68
572500 68
573000 68
573500 68
574000 68
574500 68
575000 68
575500 68
576000 68
576500 68
577000 68
577500 68
578000 68
578500 68
579000 68
579500 68
580000 68
580500 68
581000 68
581500 68
582000 68
582500 68
583000 68
583500 68
584000 68
584500 68
585000 68
585500 68
586000 68
586500 68
587000 68
587500 68
588000 68
588500 68
589000 68
589500 68
590000 68
590500 68
591000 68
591500 68
592000 68
592500 68
593000 68
593500 68
594000 68
594500 68
595000 68
595500 68
596000 68
596500 68
597000 68
597500 68
598000 68
598500 68
599000 68
599500 68
600000 68
600500 68
601000 68
601500 68
602000 68
602500 68
603000 68
603500 68
604000 68
604500 68
605000 68
605500 68
606000 68
606500 68
607000 68
607500 68
608000 68
608500 68
609000 68
609500 68
610000 68
610500 68
611000 68
611500 68
612000 68
612500 68
613000 68
613500 68
614000 68
614500 68
615000 68
615500 68
616000 68
616500 68
617000 68
617500 68
618000 68
618500 68
619000 68
619500 68
620000 68
620500 68
621000 68
621500 68
622000 68
622500 68
623000 68
623500 68
624000 68
624500 68
625000 68
625500 68
626000 68
626500 68
627000 68
627500 68
628000 68
628500 68
629000 68
629500 68
630000 68
630500 68
631000 68
631500 68
632000 68
632500 68
633000 68
633500 68
634000 68
634500 68
635000 68
635500 68
636000 68
636500 68
637000 68
637500 68
638000 68
638500 68
639000 68
639500 68
640000 68
640500 68
641000 68
641500 68
642000 68
642500 68
643000 68
643500 68
644000 68
644500 68
645000 68
645500 68
646000 68
646500 68
647000 68
647500 68
648000 68
648500 68
649000 68
649500 68
650000 68
650500 68
651000 68
651500 68
652000 68
652500 68
653000 68
653500 68
654000 68
654500 68
655000 68
655500 68
656000 68
656500 68
657000 68
657500 68
658000 68
658500 68
659000 68
659500 68
660000 68
660500 68
661000 68
661500 68
662000 68
662500 68
663000 68
663500 68
664000 68
664500 68
665000 68
665500 68
666000 68
666500 68
667000 68
667500 68
668000 68
668500 68
669000 68
669500 68
670000 68
670500 68
671000 68
671500 68
672000 68
672500 68
673000 68
673500 68
674000 68
674500 68
675000 68
