500 152
1000 152
1500 169
2000 141
2500 154
3000 143
3500 130
4000 154
4500 163
5000 171
5500 145
6000 162
6500 136
7000 158
7500 148
8000 147
8500 139
9000 156
9500 131
10000 136
10500 164
11000 167
11500 157
12000 147
12500 141
13000 146
13500 146
14000 156
14500 145
15000 149
15500 123
16000 143
16500 140
17000 145
17500 126
18000 136
18500 161
19000 156
19500 145
20000 166
20500 131
21000 142
21500 149
22000 147
22500 160
23000 138
23500 132
24000 137
24500 132
25000 150
25500 157
26000 153
26500 133
27000 137
27500 130
28000 111
28500 149
29000 142
29500 157
30000 153
30500 144
31000 142
31500 157
32000 148
32500 147
33000 150
33500 163
34000 143
34500 144
35000 164
35500 170
36000 144
36500 148
37000 140
37500 136
38000 147
38500 151
39000 160
39500 156
40000 162
40500 131
41000 127
41500 134
42000 149
42500 146
43000 168
43500 139
44000 158
44500 164
45000 160
45500 111
46000 143
46500 165
47000 146
47500 147
48000 140
48500 150
49000 157
49500 154
50000 130
50500 153
51000 137
51500 130
52000 143
52500 155
53000 151
53500 156
54000 153
54500 143
55000 131
55500 150
56000 143
56500 138
57000 138
57500 125
58000 146
58500 127
59000 152
59500 146
60000 147
60500 159
61000 141
61500 153
62000 133
62500 135
63000 148
63500 158
64000 130
64500 152
65000 136
65500 133
66000 141
66500 147
67000 142
67500 145
68000 117
68500 139
69000 141
69500 133
70000 133
70500 141
71000 130
71500 154
72000 146
72500 132
73000 148
73500 137
74000 119
74500 157
75000 148
75500 149
76000 138
76500 134
77000 154
77500 134
78000 149
78500 140
79000 121
79500 141
80000 145
80500 115
81000 130
81500 154
82000 143
82500 147
83000 151
83500 138
84000 125
84500 129
85000 148
85500 146
86000 158
86500 162
87000 142
87500 150
88000 136
88500 126
89000 155
89500 138
90000 136
90500 131
91000 140
91500 138
92000 150
92500 126
93000 138
93500 151
94000 142
94500 139
95000 126
95500 135
96000 137
96500 147
97000 142
97500 144
98000 162
98500 142
99000 123
99500 149
100000 126
100500 142
101000 151
101500 144
102000 143
102500 141
103000 141
103500 141
104000 135
104500 128
105000 134
105500 146
106000 115
106500 132
107000 133
107500 130
108000 137
108500 140
109000 130
109500 140
110000 142
110500 149
111000 140
111500 119
112000 130
112500 140
113000 136
113500 133
114000 121
114500 132
115000 128
115500 123
116000 135
116500 113
117000 113
117500 138
118000 129
118500 139
119000 128
119500 139
120000 136
120500 141
121000 130
121500 157
122000 107
122500 139
123000 130
123500 125
124000 129
124500 110
125000 138
125500 136
126000 128
126500 112
127000 133
127500 138
128000 128
128500 140
129000 127
129500 118
130000 151
130500 133
131000 139
131500 142
132000 134
132500 153
133000 125
133500 147
134000 130
134500 144
135000 140
135500 136
136000 141
136500 117
137000 128
137500 141
138000 131
138500 120
139000 121
139500 157
140000 122
140500 133
141000 134
141500 110
142000 130
142500 132
143000 121
143500 142
144000 149
144500 154
145000 123
145500 126
146000 128
146500 149
147000 148
147500 143
148000 155
148500 107
149000 122
149500 127
150000 124
150500 143
151000 128
151500 141
152000 107
152500 135
153000 113
153500 127
154000 134
154500 109
155000 128
155500 130
156000 130
156500 123
157000 129
157500 135
158000 120
158500 146
159000 107
159500 133
160000 109
160500 130
161000 119
161500 126
162000 126
162500 122
163000 129
163500 126
164000 122
164500 112
165000 115
165500 131
166000 135
166500 140
167000 132
167500 129
168000 105
168500 114
169000 136
169500 126
170000 123
170500 124
171000 132
171500 125
172000 126
172500 130
173000 118
173500 154
174000 124
174500 112
175000 123
175500 125
176000 143
176500 120
177000 126
177500 123
178000 129
178500 150
179000 135
179500 103
180000 111
180500 147
181000 114
181500 110
182000 114
182500 127
183000 120
183500 116
184000 129
184500 102
185000 108
185500 138
186000 127
186500 125
187000 109
187500 117
188000 101
188500 87
189000 103
189500 144
190000 126
190500 128
191000 126
191500 126
192000 110
192500 133
193000 112
193500 104
194000 108
194500 112
195000 115
195500 128
196000 117
196500 114
197000 107
197500 118
198000 110
198500 143
199000 107
199500 122
200000 103
200500 126
201000 129
201500 126
202000 138
202500 114
203000 110
203500 128
204000 114
204500 112
205000 93
205500 111
206000 116
206500 104
207000 117
207500 110
208000 97
208500 92
209000 150
209500 99
210000 139
210500 109
211000 122
211500 118
212000 113
212500 101
213000 130
213500 103
214000 104
214500 108
215000 115
215500 120
216000 104
216500 103
217000 124
217500 95
218000 131
218500 105
219000 111
219500 98
220000 94
220500 129
221000 126
221500 100
222000 95
222500 113
223000 110
223500 134
224000 92
224500 135
225000 100
225500 99
226000 102
226500 128
227000 152
227500 112
228000 115
228500 117
229000 107
229500 110
230000 111
230500 111
231000 85
231500 138
232000 145
232500 111
233000 99
233500 111
234000 108
234500 87
235000 113
235500 110
236000 93
236500 97
237000 100
237500 96
238000 100
238500 112
239000 98
239500 114
240000 84
240500 141
241000 141
241500 106
242000 102
242500 103
243000 91
243500 89
244000 106
244500 92
245000 89
245500 108
246000 123
246500 95
247000 106
247500 101
248000 90
248500 86
249000 108
249500 86
250000 95
250500 106
251000 100
251500 93
252000 82
252500 93
253000 96
253500 143
254000 87
254500 103
255000 160
255500 124
256000 114
256500 86
257000 75
257500 87
258000 89
258500 95
259000 84
259500 84
260000 98
260500 123
261000 92
261500 88
262000 91
262500 94
263000 82
263500 80
264000 90
264500 80
265000 82
265500 73
266000 82
266500 92
267000 82
267500 83
268000 89
268500 89
269000 92
269500 81
270000 90
270500 71
271000 82
271500 79
272000 87
272500 124
273000 79
273500 72
274000 81
274500 76
275000 78
275500 91
276000 81
276500 102
277000 90
277500 107
278000 105
278500 77
279000 81
279500 89
280000 83
280500 80
281000 82
281500 84
282000 83
282500 80
283000 78
283500 89
284000 80
284500 76
285000 76
285500 79
286000 77
286500 79
287000 154
287500 87
288000 88
288500 106
289000 82
289500 79
290000 119
290500 84
291000 83
291500 81
292000 74
292500 75
293000 83
293500 73
294000 69
294500 76
295000 72
295500 68
296000 74
296500 74
297000 72
297500 77
298000 71
298500 76
299000 120
299500 87
300000 79
300500 74
301000 73
301500 71
302000 72
302500 70
303000 74
303500 73
304000 85
304500 76
305000 92
305500 78
306000 76
306500 110
307000 83
307500 70
308000 71
308500 71
309000 72
309500 70
310000 70
310500 71
311000 71
311500 70
312000 75
312500 72
313000 74
313500 69
314000 70
314500 69
315000 71
315500 69
316000 69
316500 73
317000 74
317500 70
318000 71
318500 70
319000 72
319500 69
320000 69
320500 68
321000 70
321500 69
322000 71
322500 74
323000 75
323500 68
324000 69
324500 69
325000 71
325500 69
326000 69
326500 69
327000 69
327500 69
328000 69
328500 69
329000 69
329500 69
330000 69
330500 70
331000 71
331500 72
332000 71
332500 70
333000 73
333500 70
334000 72
334500 69
335000 71
335500 71
336000 71
336500 71
337000 71
337500 70
338000 71
338500 70
339000 70
339500 72
340000 70
340500 71
341000 71
341500 69
342000 71
342500 69
343000 68
343500 68
344000 69
344500 68
345000 69
345500 68
346000 68
346500 68
347000 69
347500 68
348000 69
348500 68
349000 68
349500 68
350000 68
350500 68
351000 68
351500 68
352000 68
352500 68
353000 68
353500 68
354000 68
354500 70
355000 70
355500 69
356000 69
356500 70
357000 69
357500 69
358000 69
358500 70
359000 68
359500 68
360000 68
360500 68
361000 68
361500 68
362000 68
362500 68
363000 68
363500 69
364000 68
364500 68
365000 68
365500 68
366000 69
366500 68
367000 68
367500 68
368000 69
368500 69
369000 69
369500 69
370000 68
370500 68
371000 69
371500 69
372000 68
372500 68
373000 68
373500 68
374000 68
374500 68
375000 68
375500 68
376000 68
376500 68
377000 68
377500 68
378000 68
378500 68
379000 68
379500 68
380000 68
380500 68
381000 68
381500 68
382000 68
382500 68
383000 68
383500 68
384000 68
384500 68
385000 68
385500 68
386000 68
386500 68
387000 68
387500 68
388000 68
388500 68
389000 68
389500 68
390000 68
390500 68
391000 68
391500 68
392000 68
392500 68
393000 68
393500 68
394000 69
394500 68
395000 68
395500 68
396000 68
396500 68
397000 68
397500 68
398000 68
398500 68
399000 68
399500 68
400000 68
400500 68
401000 68
401500 68
402000 68
402500 68
403000 68
403500 68
404000 68
404500 68
405000 68
405500 68
406000 68
406500 68
407000 68
407500 68
408000 68
408500 68
409000 68
409500 68
410000 68
410500 68
411000 68
411500 68
412000 68
412500 68
413000 68
413500 68
414000 68
414500 68
415000 68
415500 68
416000 68
416500 68
417000 68
417500 68
418000 68
418500 68
419000 68
419500 68
420000 68
420500 68
421000 68
421500 68
422000 68
422500 68
423000 68
423500 68
424000 68
424500 68
425000 68
425500 68
426000 68
426500 68
427000 68
427500 68
428000 68
428500 68
429000 68
429500 68
430000 68
430500 68
431000 68
431500 68
432000 68
432500 68
433000 68
433500 68
434000 68
434500 68
435000 68
435500 68
436000 68
436500 68
437000 68
437500 68
438000 68
438500 68
439000 68
439500 68
440000 68
440500 68
441000 68
441500 68
442000 68
442500 68
443000 68
443500 68
444000 68
444500 68
445000 68
445500 68
446000 68
446500 68
447000 68
447500 68
448000 68
448500 68
449000 68
449500 68
450000 68
450500 68
451000 68
451500 68
452000 68
452500 68
453000 68
453500 68
454000 68
454500 68
455000 68
455500 68
456000 68
456500 68
457000 68
457500 68
458000 68
458500 68
459000 68
459500 68
460000 68
460500 68
461000 68
461500 68
462000 68
462500 68
463000 68
463500 68
464000 68
464500 68
465000 68
465500 68
466000 68
466500 68
467000 68
467500 68
468000 68
468500 68
469000 68
469500 68
470000 68
470500 68
471000 68
471500 68
472000 68
472500 68
473000 68
473500 68
474000 68
474500 68
475000 68
475500 68
476000 68
476500 68
477000 68
477500 68
478000 68
478500 68
479000 68
479500 68
480000 68
480500 68
481000 68
481500 68
482000 68
482500 68
483000 68
483500 68
484000 68
484500 68
485000 68
485500 68
486000 68
486500 68
487000 68
487500 68
488000 68
488500 68
489000 68
489500 68
490000 68
490500 68
491000 68
491500 68
492000 68
492500 68
493000 68
493500 68
494000 68
494500 68
495000 68
495500 68
496000 68
496500 68
497000 68
497500 68
498000 68
498500 68
499000 68
499500 68
500000 68
500500 68
501000 68
501500 68
502000 68
502500 68
503000 68
503500 68
504000 68
504500 68
505000 68
505500 68
506000 68
506500 68
507000 68
507500 68
508000 68
508500 68
509000 68
509500 68
510000 68
510500 68
511000 68
511500 68
512000 68
512500 68
513000 68
513500 68
514000 68
514500 68
515000 68
515500 68
516000 68
516500 68
517000 68
517500 68
518000 68
518500 68
519000 68
519500 68
520000 68
520500 68
521000 68
521500 68
522000 68
522500 68
523000 68
523500 68
524000 68
524500 68
525000 68
525500 68
526000 68
526500 68
527000 68
527500 68
528000 68
528500 68
529000 68
529500 68
530000 68
530500 68
531000 68
531500 68
532000 68
532500 68
533000 68
533500 68
534000 68
534500 68
535000 68
535500 68
536000 68
536500 68
537000 68
537500 68
538000 68
538500 68
539000 68
539500 68
540000 68
540500 68
541000 68
541500 68
542000 68
542500 68
543000 68
543500 68
544000 68
544500 68
545000 68
545500 68
546000 68
546500 68
547000 68
547500 68
548000 68
548500 68
549000 68
549500 68
550000 68
550500 68
551000 68
551500 68
552000 68
552500 68
553000 68
553500 68
554000 68
554500 68
555000 68
555500 68
556000 68
556500 68
557000 68
557500 68
558000 68
558500 68
559000 68
559500 68
560000 68
560500 68
561000 68
561500 68
562000 68
562500 68
563000 68
563500 68
564000 68
564500 68
565000 68
565500 68
566000 68
566500 68
567000 68
567500 68
568000 68
568500 68
569000 68
569500 68
570000 68
570500 68
571000 68
571500 68
572000 68
572500 68
573000 68
573500 68
574000 68
574500 68
575000 68
575500 68
576000 68
576500 68
577000 68
577500 68
578000 68
578500 68
579000 68
579500 68
580000 68
580500 68
581000 68
581500 68
582000 68
582500 68
583000 68
583500 68
584000 68
584500 68
585000 68
585500 68
586000 68
586500 68
587000 68
587500 68
588000 68
588500 68
589000 68
589500 68
590000 68
590500 68
591000 68
591500 68
592000 68
592500 68
593000 68
593500 68
594000 68
594500 68
595000 68
595500 68
596000 68
596500 68
597000 68
597500 68
598000 68
598500 68
599000 68
599500 68
600000 68
600500 68
601000 68
601500 68
602000 68
602500 68
603000 68
603500 68
604000 68
604500 68
605000 68
605500 68
606000 68
606500 68
607000 68
607500 68
608000 68
608500 68
609000 68
609500 68
610000 68
610500 68
611000 68
611500 68
612000 68
612500 68
613000 68
613500 68
614000 68
614500 68
615000 68
615500 68
616000 68
616500 68
617000 68
617500 68
618000 68
618500 68
619000 68
619500 68
620000 68
620500 68
621000 68
621500 68
622000 68
622500 68
623000 68
623500 68
624000 68
624500 68
625000 68
625500 68
626000 68
626500 68
627000 68
627500 68
628000 68
628500 68
629000 68
629500 68
630000 68
630500 68
631000 68
631500 68
632000 68
632500 68
633000 68
633500 68
634000 68
634500 68
635000 68
635500 68
636000 68
636500 68
637000 68
637500 68
638000 68
638500 68
639000 68
639500 68
640000 68
640500 68
641000 68
641500 68
642000 68
642500 68
643000 68
643500 68
644000 68
644500 68
645000 68
645500 68
646000 68
646500 68
647000 68
647500 68
648000 68
648500 68
649000 68
649500 68
650000 68
650500 68
651000 68
651500 68
652000 68
652500 68
653000 68
653500 68
654000 68
654500 68
655000 68
655500 68
656000 68
656500 68
