200 141
400 167
600 151
800 157
1000 165
1200 146
1400 161
1600 146
1800 146
2000 176
2200 150
2400 166
2600 139
2800 154
3000 157
3200 150
3400 138
3600 158
3800 161
4000 149
4200 150
4400 154
4600 152
4800 156
5000 159
5200 156
5400 143
5600 154
5800 174
6000 154
6200 153
6400 164
6600 154
6800 141
7000 152
7200 132
7400 149
7600 159
7800 158
8000 141
8200 135
8400 139
8600 154
8800 164
9000 152
9200 155
9400 141
9600 139
9800 154
10000 137
10200 138
10400 144
10600 165
10800 126
11000 135
11200 151
11400 159
11600 151
11800 154
12000 139
12200 153
12400 134
12600 142
12800 155
13000 152
13200 146
13400 152
13600 165
13800 165
14000 158
14200 135
14400 157
14600 158
14800 159
15000 152
15200 169
15400 140
15600 159
15800 135
16000 144
16200 159
16400 151
16600 133
16800 160
17000 133
17200 155
17400 154
17600 136
17800 154
18000 145
18200 142
18400 141
18600 142
18800 150
19000 157
19200 134
19400 148
19600 160
19800 138
20000 156
20200 154
20400 160
20600 148
20800 156
21000 139
21200 167
21400 159
21600 152
21800 172
22000 137
22200 148
22400 146
22600 170
22800 152
23000 141
23200 146
23400 142
23600 150
23800 133
24000 141
24200 145
24400 165
24600 130
24800 168
25000 140
25200 136
25400 131
25600 144
25800 141
26000 149
26200 147
26400 144
26600 144
26800 144
27000 166
27200 150
27400 145
27600 137
27800 151
28000 150
28200 147
28400 152
28600 158
28800 156
29000 138
29200 145
29400 145
29600 135
29800 159
30000 147
30200 137
30400 144
30600 161
30800 141
31000 123
31200 155
31400 159
31600 144
31800 161
32000 152
32200 156
32400 148
32600 146
32800 141
33000 139
33200 133
33400 147
33600 144
33800 158
34000 140
34200 157
34400 172
34600 149
34800 158
35000 138
35200 158
35400 158
35600 156
35800 154
36000 161
36200 159
36400 139
36600 162
36800 133
37000 140
37200 158
37400 137
37600 146
37800 178
38000 164
38200 146
38400 154
38600 148
38800 142
39000 159
39200 164
39400 149
39600 136
39800 125
40000 146
40200 140
40400 146
40600 143
40800 166
41000 150
41200 155
41400 149
41600 150
41800 165
42000 141
42200 128
42400 163
42600 155
42800 146
43000 146
43200 165
43400 149
43600 174
43800 145
44000 156
44200 142
44400 160
44600 146
44800 159
45000 135
45200 151
45400 157
45600 160
45800 128
46000 135
46200 133
46400 141
46600 138
46800 146
47000 125
47200 150
47400 137
47600 139
47800 154
48000 141
48200 156
48400 122
48600 139
48800 125
49000 167
49200 140
49400 162
49600 127
49800 166
50000 151
50200 138
50400 128
50600 152
50800 138
51000 160
51200 140
51400 141
51600 160
51800 161
52000 154
52200 133
52400 152
52600 171
52800 154
53000 132
53200 135
53400 148
53600 148
53800 148
54000 159
54200 151
54400 160
54600 149
54800 123
55000 154
55200 179
55400 153
55600 145
55800 144
56000 159
56200 141
56400 149
56600 138
56800 139
57000 137
57200 149
57400 160
57600 156
57800 138
58000 148
58200 135
58400 133
58600 152
58800 144
59000 151
59200 133
59400 139
59600 150
59800 137
60000 141
60200 150
60400 136
60600 154
60800 138
61000 156
61200 158
61400 121
61600 161
61800 164
62000 138
62200 134
62400 150
62600 155
62800 155
63000 162
63200 150
63400 153
63600 149
63800 165
64000 154
64200 141
64400 146
64600 154
64800 149
65000 159
65200 138
65400 159
65600 137
65800 175
66000 161
66200 138
66400 125
66600 160
66800 127
67000 138
67200 148
67400 150
67600 164
67800 141
68000 155
68200 160
68400 146
68600 145
68800 164
69000 159
69200 167
69400 148
69600 171
69800 147
70000 162
70200 155
70400 153
70600 155
70800 162
71000 158
71200 119
71400 143
71600 152
71800 129
72000 147
72200 151
72400 148
72600 171
72800 160
73000 145
73200 153
73400 162
73600 160
73800 136
74000 142
74200 142
74400 154
74600 158
74800 151
75000 138
75200 143
75400 152
75600 146
75800 149
76000 155
76200 159
76400 169
76600 144
76800 137
77000 137
77200 154
77400 151
77600 146
77800 152
78000 153
78200 142
78400 163
78600 142
78800 150
79000 140
79200 139
79400 152
79600 158
79800 165
80000 157
80200 137
80400 126
80600 153
80800 165
81000 135
81200 139
81400 153
81600 142
81800 144
82000 140
82200 150
82400 159
82600 147
82800 159
83000 145
83200 140
83400 160
83600 153
83800 139
84000 143
84200 121
84400 164
84600 142
84800 155
85000 155
85200 159
85400 145
85600 151
85800 145
86000 150
86200 151
86400 158
86600 163
86800 134
87000 150
87200 169
87400 164
87600 140
87800 139
88000 167
88200 141
88400 151
88600 146
88800 142
89000 129
89200 159
89400 156
89600 143
89800 151
90000 145
90200 153
90400 141
90600 148
90800 142
91000 125
91200 157
91400 160
91600 145
91800 158
92000 150
92200 165
92400 157
92600 146
92800 154
93000 136
93200 164
93400 160
93600 152
93800 152
94000 147
94200 147
94400 124
94600 134
94800 149
95000 144
95200 153
95400 178
95600 128
95800 147
96000 140
96200 148
96400 132
96600 137
96800 154
97000 135
97200 158
97400 157
97600 147
97800 164
98000 129
98200 130
98400 140
98600 175
98800 125
99000 160
99200 165
99400 157
99600 145
99800 163
100000 167
100200 157
100400 161
100600 165
100800 159
101000 154
101200 144
101400 148
101600 146
101800 160
102000 150
102200 152
102400 140
102600 166
102800 150
103000 153
103200 150
103400 155
103600 159
103800 120
104000 128
104200 145
104400 149
104600 136
104800 145
105000 142
105200 154
105400 136
105600 163
105800 145
106000 154
106200 130
106400 163
106600 141
106800 144
107000 142
107200 174
107400 162
107600 162
107800 149
108000 153
108200 159
108400 135
108600 157
108800 144
109000 142
109200 148
109400 160
109600 159
109800 157
110000 146
110200 165
110400 148
110600 150
110800 170
111000 145
111200 131
111400 145
111600 147
111800 134
112000 147
112200 142
112400 147
112600 142
112800 147
113000 152
113200 147
113400 134
113600 146
113800 136
114000 151
114200 167
114400 158
114600 135
114800 146
115000 131
115200 139
115400 155
115600 156
115800 166
116000 158
116200 163
116400 156
116600 156
116800 140
117000 156
117200 165
117400 172
117600 163
117800 162
118000 155
118200 133
118400 141
118600 152
118800 148
119000 145
119200 171
119400 167
119600 143
119800 145
120000 150
120200 153
120400 150
120600 152
120800 135
121000 148
121200 149
121400 162
121600 141
121800 164
122000 137
122200 168
122400 152
122600 171
122800 162
123000 126
123200 131
123400 141
123600 173
123800 140
124000 158
124200 127
124400 165
124600 150
124800 150
125000 158
125200 164
125400 153
125600 139
125800 146
126000 152
126200 150
126400 147
126600 163
126800 157
127000 165
127200 152
127400 160
127600 127
127800 146
128000 148
128200 153
128400 138
128600 156
128800 143
129000 150
129200 144
129400 157
129600 145
129800 135
130000 133
130200 141
130400 146
130600 138
130800 153
131000 160
131200 146
131400 152
131600 150
131800 153
132000 165
132200 156
132400 152
132600 170
132800 147
133000 158
133200 154
133400 154
133600 163
133800 154
134000 165
134200 161
134400 135
134600 155
134800 138
135000 155
135200 134
135400 151
135600 156
135800 155
136000 154
136200 155
136400 145
136600 153
136800 144
137000 157
137200 137
137400 143
137600 139
137800 161
138000 159
138200 160
138400 153
138600 170
138800 130
139000 139
139200 157
139400 160
139600 154
139800 132
140000 160
140200 141
140400 144
140600 168
140800 139
141000 159
141200 157
141400 165
141600 167
141800 148
142000 141
142200 130
142400 169
142600 137
142800 153
143000 144
143200 157
143400 147
143600 138
143800 150
144000 141
144200 148
144400 144
144600 147
144800 141
145000 155
145200 148
145400 168
145600 152
145800 156
146000 153
146200 160
146400 135
146600 137
146800 160
147000 150
147200 149
147400 136
147600 167
147800 162
148000 142
148200 145
148400 145
148600 163
148800 162
149000 126
149200 155
149400 139
149600 148
149800 148
150000 129
150200 149
150400 150
150600 156
150800 151
151000 134
151200 141
151400 165
151600 156
151800 158
152000 139
152200 163
152400 163
152600 147
152800 149
153000 147
153200 158
153400 138
153600 144
153800 136
154000 141
154200 152
154400 167
154600 143
154800 142
155000 161
155200 143
155400 146
155600 130
155800 134
156000 161
156200 149
156400 174
156600 161
156800 157
157000 148
157200 155
157400 131
157600 131
157800 147
158000 136
158200 151
158400 159
158600 142
158800 146
159000 157
159200 133
159400 169
159600 163
159800 139
160000 174
160200 160
160400 164
160600 150
160800 154
161000 158
161200 141
161400 150
161600 134
161800 129
162000 169
162200 153
162400 160
162600 141
162800 156
163000 141
163200 178
163400 156
163600 167
163800 163
164000 142
164200 149
164400 158
164600 139
164800 115
165000 141
165200 145
165400 157
165600 147
165800 156
166000 169
166200 146
166400 148
166600 153
166800 131
167000 154
167200 156
167400 176
167600 153
167800 160
168000 163
168200 167
168400 165
168600 140
168800 135
169000 151
169200 164
169400 147
169600 154
169800 140
170000 159
170200 165
170400 136
170600 171
170800 162
171000 140
171200 169
171400 156
171600 148
171800 157
172000 163
172200 158
172400 149
172600 162
172800 119
173000 153
173200 141
173400 161
173600 127
173800 151
174000 154
174200 157
174400 153
174600 155
174800 147
175000 162
175200 143
175400 145
175600 158
175800 150
176000 141
176200 124
176400 136
176600 144
176800 146
177000 157
177200 145
177400 136
177600 127
177800 112
178000 153
178200 141
178400 148
178600 165
178800 148
179000 158
179200 141
179400 150
179600 124
179800 125
180000 149
180200 150
180400 152
180600 139
180800 149
181000 161
181200 165
181400 126
181600 159
181800 149
182000 142
182200 162
182400 168
182600 166
182800 146
183000 140
183200 144
183400 147
183600 158
183800 156
184000 140
184200 147
184400 170
184600 138
184800 168
185000 152
185200 141
185400 164
185600 162
185800 150
186000 167
186200 137
186400 156
186600 148
186800 150
187000 138
187200 152
187400 155
187600 147
187800 154
188000 113
188200 159
188400 135
188600 158
188800 148
189000 157
189200 174
189400 160
189600 136
189800 147
190000 166
190200 137
190400 163
190600 168
190800 132
191000 150
191200 154
191400 146
191600 142
191800 144
192000 152
192200 148
192400 138
192600 149
192800 166
193000 142
193200 159
193400 169
193600 137
193800 165
194000 154
194200 156
194400 134
194600 168
194800 147
195000 137
195200 166
195400 138
195600 141
195800 143
196000 164
196200 137
196400 164
196600 143
196800 132
197000 153
197200 157
197400 149
197600 136
197800 142
198000 147
198200 150
198400 133
198600 140
198800 161
199000 154
199200 153
199400 151
199600 126
199800 143
200000 148
200200 156
200400 151
200600 170
200800 149
201000 139
201200 145
201400 149
201600 148
201800 147
202000 145
202200 140
202400 146
202600 154
202800 151
203000 164
203200 153
203400 153
203600 136
203800 165
204000 153
204200 155
204400 163
204600 162
204800 139
205000 146
205200 144
205400 143
205600 148
205800 144
206000 150
206200 135
206400 141
206600 141
206800 143
207000 179
207200 131
207400 143
207600 162
207800 145
208000 143
208200 134
208400 158
208600 136
208800 156
209000 169
209200 169
209400 155
209600 138
209800 157
210000 174
210200 153
210400 148
210600 153
210800 150
211000 158
211200 138
211400 156
211600 152
211800 162
212000 146
212200 146
212400 168
212600 136
212800 141
213000 133
213200 136
213400 166
213600 136
213800 160
214000 143
214200 159
214400 154
214600 144
214800 150
215000 137
215200 147
215400 145
215600 152
215800 154
216000 145
216200 143
216400 136
216600 168
216800 139
217000 140
217200 135
217400 139
217600 163
217800 164
218000 158
218200 140
218400 160
218600 156
218800 144
219000 159
219200 146
219400 153
219600 145
219800 144
220000 140
220200 158
220400 175
220600 152
220800 148
221000 146
221200 159
221400 160
221600 135
221800 156
222000 159
222200 166
222400 150
222600 142
222800 151
223000 153
223200 138
223400 133
223600 177
223800 127
224000 159
224200 157
224400 170
224600 153
224800 161
225000 155
225200 154
225400 157
225600 154
225800 153
226000 156
226200 134
226400 164
226600 146
226800 153
227000 139
227200 161
227400 118
227600 132
227800 164
228000 140
228200 154
228400 134
228600 140
228800 157
229000 172
229200 129
229400 152
229600 135
229800 138
230000 137
230200 140
230400 159
230600 134
230800 147
231000 156
231200 156
231400 147
231600 161
231800 149
232000 162
232200 157
232400 149
232600 143
232800 151
233000 141
233200 137
233400 167
233600 147
233800 152
234000 133
234200 169
234400 162
234600 152
234800 146
235000 151
235200 150
235400 146
235600 134
235800 150
236000 138
236200 135
236400 151
236600 173
236800 165
237000 138
237200 160
237400 163
237600 135
237800 143
238000 140
238200 151
238400 125
238600 147
238800 139
239000 137
239200 149
239400 175
239600 165
239800 146
240000 147
240200 156
240400 141
240600 138
240800 146
241000 143
241200 129
241400 129
241600 128
241800 128
242000 158
242200 159
242400 178
242600 153
242800 145
243000 150
243200 156
243400 158
243600 167
243800 151
244000 148
244200 165
244400 146
244600 136
244800 152
245000 149
245200 156
245400 154
245600 160
245800 127
246000 160
246200 137
246400 145
246600 160
246800 141
247000 146
247200 137
247400 135
247600 144
247800 144
248000 150
248200 145
248400 153
248600 132
248800 147
249000 146
249200 143
249400 158
249600 169
249800 145
250000 141
250200 131
250400 157
250600 144
250800 140
251000 154
251200 157
251400 150
251600 157
251800 159
252000 166
252200 174
252400 157
252600 153
252800 132
253000 148
253200 138
253400 160
253600 135
253800 135
254000 146
254200 149
254400 157
254600 167
254800 149
255000 137
255200 155
255400 146
255600 172
255800 151
256000 156
256200 161
256400 139
256600 152
256800 158
257000 139
257200 166
257400 144
257600 157
257800 160
258000 140
258200 144
258400 141
258600 151
258800 158
259000 161
259200 155
259400 136
259600 138
259800 150
260000 151
260200 148
260400 139
260600 154
260800 159
261000 124
261200 171
261400 139
261600 171
261800 125
262000 144
262200 165
262400 121
262600 154
262800 163
263000 156
263200 141
263400 143
263600 148
263800 147
264000 143
264200 151
264400 141
264600 159
264800 171
265000 151
265200 160
265400 171
265600 144
265800 180
266000 133
266200 131
266400 144
266600 150
266800 162
267000 154
267200 138
267400 147
267600 162
267800 140
268000 152
268200 154
268400 143
268600 161
268800 179
269000 146
269200 153
269400 137
269600 145
269800 149
270000 121
270200 161
270400 152
270600 161
270800 142
271000 145
271200 152
271400 148
271600 157
271800 125
272000 140
272200 163
272400 140
272600 143
272800 171
273000 138
273200 164
273400 155
273600 142
273800 154
274000 142
274200 151
274400 142
274600 151
274800 143
275000 134
275200 139
275400 165
275600 142
275800 148
276000 153
276200 133
276400 170
276600 130
276800 139
277000 158
277200 160
277400 152
277600 157
277800 159
278000 166
278200 149
278400 145
278600 146
278800 150
279000 168
279200 131
279400 143
279600 144
279800 154
280000 139
280200 135
280400 146
280600 116
280800 174
281000 127
281200 137
281400 148
281600 146
281800 147
282000 165
282200 155
282400 145
282600 155
282800 148
283000 161
283200 140
283400 161
283600 132
283800 160
284000 151
284200 150
284400 167
284600 162
284800 141
285000 157
285200 136
285400 147
285600 151
285800 140
286000 167
286200 166
286400 146
286600 142
286800 154
287000 159
287200 156
287400 145
287600 165
287800 145
288000 148
288200 136
288400 141
288600 149
288800 142
289000 145
289200 161
289400 138
289600 128
289800 171
290000 161
290200 164
290400 161
290600 133
290800 156
291000 155
291200 156
291400 156
291600 148
291800 130
292000 145
292200 131
292400 164
292600 149
292800 158
293000 160
293200 150
293400 147
293600 163
293800 152
294000 154
294200 152
294400 135
294600 150
294800 141
295000 161
295200 148
295400 133
295600 161
295800 124
296000 141
296200 141
296400 166
296600 149
296800 145
297000 150
297200 165
297400 148
297600 167
297800 126
298000 156
298200 179
298400 139
298600 153
298800 155
299000 152
299200 155
299400 146
299600 157
299800 147
300000 146
300200 143
300400 145
300600 131
300800 153
301000 144
301200 162
301400 157
301600 149
301800 149
302000 158
302200 163
302400 137
302600 153
302800 165
303000 141
303200 153
303400 146
303600 153
303800 150
304000 149
304200 126
304400 148
304600 137
304800 134
305000 166
305200 146
305400 153
305600 156
305800 161
306000 167
306200 155
306400 149
306600 135
306800 143
307000 168
307200 152
307400 165
307600 142
307800 161
308000 166
308200 151
308400 144
308600 155
308800 150
309000 123
309200 146
309400 156
309600 157
309800 158
310000 137
310200 148
310400 157
310600 158
310800 135
311000 128
311200 161
311400 151
311600 151
311800 156
312000 128
312200 161
312400 169
312600 153
312800 148
313000 144
313200 140
313400 148
313600 138
313800 136
314000 149
314200 154
314400 157
314600 137
314800 159
315000 158
315200 133
315400 148
315600 157
315800 145
316000 145
316200 173
316400 150
316600 128
316800 174
317000 161
317200 149
317400 153
317600 136
317800 174
318000 144
318200 141
318400 148
318600 113
318800 146
319000 151
319200 156
319400 155
319600 151
319800 126
320000 154
320200 149
320400 157
320600 153
320800 153
321000 154
321200 157
321400 158
321600 156
321800 170
322000 117
322200 161
322400 143
322600 146
322800 133
323000 150
323200 160
323400 158
323600 153
323800 131
324000 143
324200 152
324400 153
324600 154
324800 145
325000 126
325200 148
325400 168
325600 164
325800 154
326000 164
326200 150
326400 162
326600 141
326800 137
327000 157
327200 146
327400 146
327600 157
327800 156
328000 151
328200 122
328400 151
328600 122
328800 154
329000 143
329200 151
329400 140
329600 166
329800 152
330000 153
330200 142
330400 160
330600 137
330800 147
331000 156
331200 149
331400 161
331600 142
331800 139
332000 155
332200 162
332400 155
332600 152
332800 163
333000 155
333200 154
333400 130
333600 155
333800 154
334000 149
334200 147
334400 165
334600 157
334800 149
335000 153
335200 167
335400 172
335600 160
335800 134
336000 171
336200 135
336400 163
336600 141
336800 174
337000 166
337200 160
337400 169
337600 155
337800 159
338000 147
338200 148
338400 158
338600 133
338800 144
339000 151
339200 164
339400 153
339600 146
339800 155
340000 163
340200 155
340400 162
340600 160
340800 144
341000 176
341200 166
341400 154
341600 158
341800 164
342000 139
342200 145
342400 139
342600 156
342800 135
343000 157
343200 147
343400 123
343600 139
343800 136
344000 140
344200 163
344400 157
344600 141
344800 167
345000 143
345200 148
345400 131
345600 135
345800 146
346000 163
346200 141
346400 148
346600 150
346800 161
347000 133
347200 153
347400 130
347600 148
347800 133
348000 143
348200 139
348400 135
348600 162
348800 157
349000 140
349200 166
349400 149
349600 158
349800 150
350000 150
350200 151
350400 130
350600 144
350800 157
351000 146
351200 126
351400 147
351600 138
351800 154
352000 172
352200 157
352400 150
352600 153
352800 136
353000 147
353200 144
353400 153
353600 165
353800 157
354000 168
354200 149
354400 175
354600 137
354800 160
355000 151
355200 146
355400 140
355600 152
355800 145
356000 168
356200 138
356400 164
356600 152
356800 157
357000 148
357200 167
357400 146
357600 131
357800 138
358000 168
358200 125
358400 161
358600 151
358800 159
359000 157
359200 157
359400 137
359600 158
359800 161
360000 154
360200 137
360400 133
360600 142
360800 155
361000 146
361200 145
361400 151
361600 150
361800 126
362000 160
362200 155
362400 157
362600 161
362800 161
363000 147
363200 144
363400 144
363600 153
363800 179
364000 150
364200 141
364400 182
364600 135
364800 164
365000 147
365200 177
365400 157
365600 130
365800 139
366000 170
366200 155
366400 159
366600 132
366800 151
367000 163
367200 161
367400 154
367600 159
367800 131
368000 146
368200 150
368400 161
368600 160
368800 154
369000 145
369200 151
369400 150
369600 149
369800 153
370000 148
370200 144
370400 147
370600 138
370800 150
371000 146
371200 146
371400 153
371600 152
371800 160
372000 138
372200 154
372400 142
372600 145
372800 144
373000 130
373200 135
373400 152
373600 138
373800 126
374000 166
374200 139
374400 141
374600 163
374800 141
375000 144
375200 163
375400 153
375600 149
375800 149
376000 151
376200 156
376400 122
376600 143
376800 136
377000 147
377200 149
377400 163
377600 139
377800 135
378000 148
378200 149
378400 144
378600 163
378800 152
379000 145
379200 129
379400 163
379600 116
379800 128
380000 139
380200 158
380400 161
380600 158
380800 136
381000 139
381200 159
381400 155
381600 125
381800 145
382000 160
382200 134
382400 126
382600 130
382800 143
383000 139
383200 149
383400 144
383600 132
383800 137
384000 153
384200 137
384400 152
384600 150
384800 166
385000 154
385200 156
385400 151
385600 148
385800 158
386000 154
386200 160
386400 161
386600 144
386800 147
387000 131
387200 158
387400 153
387600 155
387800 168
388000 146
388200 156
388400 160
388600 177
388800 136
389000 153
389200 161
389400 149
389600 152
389800 164
390000 165
390200 148
390400 147
390600 152
390800 143
391000 167
391200 155
391400 149
391600 143
391800 174
392000 155
392200 163
392400 165
392600 137
392800 155
393000 150
393200 156
393400 149
393600 167
393800 148
394000 135
394200 142
394400 152
394600 135
394800 151
395000 142
395200 140
395400 149
395600 167
395800 134
396000 150
396200 136
396400 135
396600 157
396800 149
397000 130
397200 147
397400 142
397600 141
397800 137
398000 155
398200 144
398400 155
398600 146
398800 127
399000 143
399200 153
399400 142
399600 143
399800 152
400000 155
400200 171
400400 147
400600 167
400800 171
401000 161
401200 148
401400 138
401600 160
401800 150
402000 155
402200 155
402400 134
402600 144
402800 165
403000 145
403200 144
403400 143
403600 151
403800 137
404000 162
404200 162
404400 132
404600 147
404800 140
405000 134
405200 140
405400 152
405600 168
405800 149
406000 159
406200 149
406400 145
406600 175
406800 150
407000 142
407200 132
407400 150
407600 156
407800 155
408000 150
408200 171
408400 153
408600 156
408800 155
409000 156
409200 138
409400 132
409600 158
409800 141
410000 139
410200 143
410400 135
410600 131
410800 156
411000 154
411200 174
411400 149
411600 146
411800 154
412000 137
412200 153
412400 139
412600 152
412800 163
413000 143
413200 150
413400 140
413600 142
413800 135
414000 149
414200 147
414400 164
414600 165
414800 161
415000 135
415200 150
415400 153
415600 148
415800 159
416000 134
416200 158
416400 162
416600 154
416800 147
417000 139
417200 143
417400 162
417600 139
417800 170
418000 130
418200 163
418400 139
418600 146
418800 155
419000 124
419200 155
419400 149
419600 141
419800 153
420000 141
420200 167
420400 154
420600 139
420800 147
421000 146
421200 158
421400 158
421600 145
421800 139
422000 142
422200 146
422400 147
422600 156
422800 152
423000 169
423200 135
423400 158
423600 162
423800 162
424000 168
424200 143
424400 135
424600 134
424800 162
425000 139
425200 153
425400 170
425600 170
425800 150
426000 154
426200 123
426400 148
426600 157
426800 155
427000 143
427200 151
427400 139
427600 151
427800 138
428000 153
428200 162
428400 162
428600 147
428800 161
429000 158
429200 150
429400 126
429600 144
429800 145
430000 151
430200 151
430400 146
430600 155
430800 163
431000 127
431200 155
431400 108
431600 130
431800 158
432000 155
432200 140
432400 156
432600 137
432800 150
433000 147
433200 150
433400 162
433600 137
433800 151
434000 147
434200 149
434400 148
434600 144
434800 152
435000 153
435200 152
435400 148
435600 154
435800 150
436000 136
436200 153
436400 141
436600 147
436800 154
437000 132
437200 161
437400 132
437600 145
437800 144
438000 146
438200 144
438400 139
438600 144
438800 163
439000 159
439200 155
439400 146
439600 155
439800 152
440000 128
440200 149
440400 162
440600 151
440800 149
441000 154
441200 134
441400 134
441600 159
441800 121
442000 137
442200 172
442400 166
442600 151
442800 160
443000 154
443200 150
443400 158
443600 147
443800 156
444000 137
444200 154
444400 133
444600 137
444800 138
445000 156
445200 151
445400 141
445600 131
445800 157
446000 157
446200 150
446400 142
446600 139
446800 136
447000 156
447200 139
447400 167
447600 170
447800 157
448000 165
448200 167
448400 147
448600 147
448800 148
449000 140
449200 138
449400 162
449600 139
449800 153
450000 140
450200 165
450400 149
450600 145
450800 145
451000 135
451200 128
451400 158
451600 157
451800 136
452000 159
452200 144
452400 169
452600 165
452800 158
453000 152
453200 161
453400 132
453600 137
453800 143
454000 158
454200 148
454400 139
454600 164
454800 162
455000 154
455200 144
455400 131
455600 155
455800 147
456000 141
456200 148
456400 147
456600 137
456800 158
457000 177
457200 168
457400 154
457600 142
457800 138
458000 145
458200 157
458400 149
458600 145
458800 155
459000 135
459200 123
459400 164
459600 148
459800 145
460000 142
460200 146
460400 159
460600 146
460800 170
461000 139
461200 151
461400 145
461600 115
461800 154
462000 144
462200 158
462400 168
462600 153
462800 157
463000 146
463200 152
463400 134
463600 146
463800 154
464000 149
464200 156
464400 134
464600 159
464800 144
465000 154
465200 153
465400 137
465600 157
465800 151
466000 148
466200 140
466400 149
466600 124
466800 180
467000 146
467200 165
467400 165
467600 172
467800 155
468000 136
468200 141
468400 152
468600 157
468800 137
469000 141
469200 161
469400 151
469600 122
469800 163
470000 169
470200 171
470400 153
470600 166
470800 146
471000 149
471200 160
471400 162
471600 141
471800 145
472000 164
472200 162
472400 143
472600 155
472800 145
473000 146
473200 157
473400 131
473600 142
473800 113
474000 155
474200 160
474400 147
474600 140
474800 144
475000 151
475200 139
475400 144
475600 170
475800 162
476000 162
476200 135
476400 147
476600 172
476800 139
477000 166
477200 149
477400 158
477600 161
477800 165
478000 159
478200 156
478400 147
478600 132
478800 157
479000 145
479200 154
479400 166
479600 141
479800 135
480000 149
480200 144
480400 144
480600 161
480800 148
481000 159
481200 150
481400 129
481600 154
481800 139
482000 158
482200 157
482400 143
482600 135
482800 133
483000 137
483200 162
483400 166
483600 159
483800 165
484000 165
484200 152
484400 143
484600 151
484800 159
485000 154
485200 163
485400 152
485600 158
485800 143
486000 143
486200 138
486400 154
486600 135
486800 154
487000 158
487200 161
487400 155
487600 152
487800 143
488000 126
488200 137
488400 148
488600 142
488800 140
489000 135
489200 145
489400 148
489600 158
489800 163
490000 129
490200 152
490400 166
490600 149
490800 146
491000 137
491200 163
491400 168
491600 160
491800 153
492000 152
492200 166
492400 165
492600 144
492800 160
493000 136
493200 162
493400 159
493600 151
493800 162
494000 151
494200 145
494400 163
494600 163
494800 168
495000 156
495200 154
495400 150
495600 141
495800 137
496000 142
496200 162
496400 146
496600 156
496800 138
497000 151
497200 153
497400 142
497600 151
497800 157
498000 140
498200 143
498400 129
498600 129
498800 152
499000 161
499200 156
499400 153
499600 141
499800 156
500000 142
500200 144
500400 159
500600 135
500800 142
501000 145
501200 157
501400 129
501600 156
501800 159
502000 149
502200 155
502400 139
502600 149
502800 158
503000 172
503200 152
503400 152
503600 169
503800 129
504000 159
504200 146
504400 156
504600 160
504800 154
505000 146
505200 141
505400 154
505600 133
505800 158
506000 162
506200 175
506400 149
506600 142
506800 152
507000 139
507200 167
507400 148
507600 166
507800 138
508000 149
508200 153
508400 148
508600 143
508800 140
509000 135
509200 129
509400 172
509600 157
509800 153
510000 152
510200 139
510400 138
510600 149
510800 134
511000 154
511200 143
511400 155
511600 151
511800 154
512000 158
512200 141
512400 145
512600 144
512800 157
513000 151
513200 151
513400 152
513600 154
513800 121
514000 122
514200 151
514400 155
514600 162
514800 148
515000 155
515200 157
515400 159
515600 162
515800 141
516000 155
516200 154
516400 137
516600 146
516800 133
517000 149
517200 166
517400 151
517600 149
517800 135
518000 159
518200 158
518400 148
518600 148
518800 158
519000 148
519200 161
519400 160
519600 139
519800 158
520000 163
520200 130
520400 155
520600 155
520800 161
521000 156
521200 157
521400 167
521600 159
521800 148
522000 167
522200 160
522400 145
522600 151
522800 150
523000 142
523200 159
523400 166
523600 148
523800 139
524000 159
524200 158
524400 144
524600 146
524800 140
525000 154
525200 116
525400 171
525600 121
525800 157
526000 150
526200 144
526400 155
526600 164
526800 160
527000 157
527200 138
527400 144
527600 137
527800 173
528000 153
528200 149
528400 134
528600 152
528800 152
529000 148
529200 172
529400 170
529600 148
529800 145
530000 153
530200 154
530400 142
530600 152
530800 163
531000 146
531200 163
531400 139
531600 125
531800 160
532000 126
532200 162
532400 136
532600 172
532800 142
533000 165
533200 130
533400 143
533600 136
533800 130
534000 149
534200 125
534400 151
534600 145
534800 137
535000 147
535200 157
535400 143
535600 142
535800 145
536000 161
536200 147
536400 145
536600 169
536800 169
537000 163
537200 137
537400 140
537600 147
537800 150
538000 151
538200 163
538400 141
538600 162
538800 152
539000 149
539200 144
539400 151
539600 136
539800 141
540000 150
540200 151
540400 148
540600 142
540800 158
541000 133
541200 145
541400 148
541600 168
541800 160
542000 170
542200 130
542400 155
542600 144
542800 161
543000 152
543200 149
543400 141
543600 158
543800 145
544000 156
544200 139
544400 148
544600 123
544800 162
545000 169
545200 145
545400 156
545600 135
545800 146
546000 159
546200 142
546400 140
546600 153
546800 131
547000 147
547200 126
547400 151
547600 163
547800 147
548000 150
548200 136
548400 152
548600 165
548800 138
549000 167
549200 141
549400 150
549600 133
549800 155
550000 163
550200 160
550400 167
550600 148
550800 135
551000 158
551200 150
551400 147
551600 145
551800 142
552000 150
552200 152
552400 163
552600 142
552800 156
553000 151
553200 156
553400 150
553600 139
553800 141
554000 144
554200 164
554400 160
554600 130
554800 146
555000 151
555200 147
555400 140
555600 128
555800 160
556000 132
556200 152
556400 143
556600 138
556800 134
557000 136
557200 174
557400 151
557600 156
557800 147
558000 141
558200 144
558400 148
558600 171
558800 143
559000 143
559200 151
559400 159
559600 160
559800 140
560000 130
560200 140
560400 159
560600 123
560800 162
561000 138
561200 134
561400 129
561600 144
561800 160
562000 148
562200 147
562400 140
562600 147
562800 127
563000 155
563200 143
563400 160
563600 157
563800 149
564000 155
564200 145
564400 146
564600 151
564800 99
565000 138
565200 126
565400 150
565600 159
565800 159
566000 141
566200 143
566400 131
566600 149
566800 131
567000 153
567200 165
567400 151
567600 147
567800 164
568000 164
568200 139
568400 150
568600 151
568800 159
569000 151
569200 141
569400 150
569600 159
569800 173
570000 146
570200 151
570400 155
570600 143
570800 134
571000 145
571200 141
571400 139
571600 147
571800 142
572000 157
572200 137
572400 139
572600 160
572800 159
573000 146
573200 155
573400 158
573600 161
573800 149
574000 131
574200 140
574400 127
574600 140
574800 161
575000 165
575200 151
575400 141
575600 157
575800 172
576000 160
576200 164
576400 151
576600 143
576800 126
577000 123
577200 160
577400 163
577600 160
577800 141
578000 149
578200 154
578400 143
578600 131
578800 131
579000 162
579200 161
579400 137
579600 134
579800 165
580000 155
580200 160
580400 124
580600 125
580800 167
581000 148
581200 140
581400 171
581600 133
581800 145
582000 169
582200 162
582400 155
582600 159
582800 140
583000 143
583200 163
583400 157
583600 156
583800 144
584000 153
584200 158
584400 162
584600 157
584800 144
585000 154
585200 134
585400 146
585600 145
585800 165
586000 145
586200 161
586400 137
586600 158
586800 129
587000 152
587200 143
587400 144
587600 142
587800 161
588000 150
588200 137
588400 160
588600 137
588800 153
589000 149
589200 137
589400 140
589600 151
589800 140
590000 160
590200 157
590400 135
590600 129
590800 141
591000 164
591200 148
591400 161
591600 152
591800 154
592000 151
592200 148
592400 170
592600 158
592800 152
593000 161
593200 136
593400 139
593600 151
593800 164
594000 158
594200 144
594400 156
594600 159
594800 144
595000 163
595200 158
595400 174
595600 142
595800 150
596000 138
596200 160
596400 136
596600 152
596800 157
597000 126
597200 141
597400 165
597600 158
597800 133
598000 143
598200 140
598400 133
598600 165
598800 155
599000 147
599200 146
599400 156
599600 149
599800 157
600000 162
600200 144
600400 119
600600 164
600800 154
601000 126
601200 153
601400 160
601600 134
601800 124
602000 145
602200 145
602400 160
602600 148
602800 155
603000 170
603200 160
603400 148
603600 142
603800 137
604000 130
604200 154
604400 157
604600 165
604800 138
605000 160
605200 145
605400 158
605600 151
605800 153
606000 150
606200 154
606400 132
606600 140
606800 153
607000 161
607200 178
607400 145
607600 138
607800 163
608000 159
608200 148
608400 149
608600 166
608800 137
609000 145
609200 156
609400 142
609600 153
609800 147
610000 149
610200 138
610400 157
610600 142
610800 175
611000 149
611200 150
611400 149
611600 159
611800 147
612000 152
612200 135
612400 157
612600 130
612800 175
613000 145
613200 171
613400 165
613600 155
613800 171
614000 133
614200 154
614400 150
614600 153
614800 153
615000 147
615200 138
615400 155
615600 165
615800 152
616000 119
616200 129
616400 132
616600 170
616800 136
617000 172
617200 139
617400 164
617600 151
617800 145
618000 162
618200 148
618400 156
618600 158
618800 156
619000 138
619200 156
619400 139
619600 156
619800 161
620000 173
620200 131
620400 145
620600 156
620800 163
621000 157
621200 150
621400 152
621600 163
621800 172
622000 139
622200 154
622400 142
622600 143
622800 165
623000 156
623200 140
623400 142
623600 148
623800 129
624000 141
624200 146
624400 126
624600 157
624800 153
625000 147
625200 160
625400 154
625600 145
625800 158
626000 161
626200 123
626400 134
626600 144
626800 131
627000 143
627200 145
627400 156
627600 144
627800 137
628000 132
628200 155
628400 150
628600 143
628800 161
629000 160
629200 137
629400 157
629600 150
629800 150
630000 142
630200 152
630400 134
630600 147
630800 147
631000 151
631200 127
631400 125
631600 153
631800 160
632000 164
632200 163
632400 160
632600 137
632800 151
633000 161
633200 152
633400 133
633600 135
633800 134
634000 149
634200 162
634400 143
634600 143
634800 129
635000 149
635200 156
635400 156
635600 144
635800 149
636000 142
636200 137
636400 156
636600 162
636800 157
637000 147
637200 145
637400 141
637600 153
637800 147
638000 160
638200 153
638400 172
638600 154
638800 149
639000 132
639200 155
639400 155
639600 144
639800 149
640000 156
640200 155
640400 155
640600 154
640800 158
641000 146
641200 154
641400 160
641600 158
641800 144
642000 154
642200 144
642400 161
642600 171
642800 152
643000 155
643200 138
643400 143
643600 159
643800 135
644000 164
644200 163
644400 157
644600 160
644800 125
645000 170
645200 135
645400 137
645600 149
645800 150
646000 169
646200 160
646400 178
646600 136
646800 175
647000 155
647200 158
647400 149
647600 153
647800 144
648000 150
648200 154
648400 152
648600 155
648800 158
649000 160
649200 136
649400 166
649600 132
649800 167
650000 138
650200 146
650400 147
650600 138
650800 153
651000 156
651200 170
651400 137
651600 170
651800 153
652000 151
652200 139
652400 140
652600 161
652800 161
653000 164
653200 150
653400 146
653600 151
653800 143
654000 153
654200 154
654400 136
654600 137
654800 160
655000 156
655200 142
655400 151
655600 146
655800 137
656000 147
656200 142
656400 145
656600 141
656800 148
657000 140
657200 158
657400 152
657600 150
657800 131
658000 159
658200 157
658400 172
658600 149
658800 137
659000 159
659200 130
659400 143
659600 142
659800 162
660000 148
660200 133
660400 154
660600 144
660800 168
661000 164
661200 150
661400 147
661600 153
661800 169
662000 153
662200 149
662400 173
662600 151
662800 141
663000 131
663200 147
663400 159
663600 172
663800 163
664000 149
664200 153
664400 145
664600 136
664800 155
665000 157
665200 156
665400 134
665600 169
665800 147
666000 141
666200 131
666400 151
666600 150
666800 138
667000 141
667200 140
667400 158
667600 146
667800 147
668000 159
668200 142
668400 144
668600 147
668800 154
669000 144
669200 149
669400 178
669600 156
669800 141
670000 144
670200 135
670400 166
670600 145
670800 155
671000 162
671200 169
671400 147
671600 125
671800 158
672000 130
672200 154
672400 165
672600 140
672800 151
673000 150
673200 147
673400 147
673600 153
673800 129
674000 171
674200 144
674400 132
674600 147
674800 164
675000 157
675200 138
675400 168
675600 155
675800 157
676000 138
676200 144
676400 140
676600 134
676800 149
677000 146
677200 141
677400 149
677600 149
677800 135
678000 145
678200 135
678400 148
678600 132
678800 157
679000 141
679200 173
679400 165
679600 157
679800 156
680000 157
680200 152
680400 144
680600 129
680800 140
681000 153
681200 154
681400 153
681600 159
681800 144
682000 150
682200 142
682400 158
682600 166
682800 144
683000 157
683200 146
683400 146
683600 135
683800 152
684000 174
684200 158
684400 139
684600 163
684800 163
685000 160
685200 147
685400 136
685600 132
685800 146
686000 142
686200 158
686400 145
686600 153
686800 169
687000 149
687200 163
687400 141
687600 164
687800 140
688000 143
688200 159
688400 154
688600 148
688800 133
689000 163
689200 143
689400 137
689600 139
689800 165
690000 165
690200 140
690400 144
690600 152
690800 164
691000 142
691200 154
691400 144
691600 156
691800 121
692000 156
692200 165
692400 153
692600 134
692800 157
693000 129
693200 144
693400 136
693600 139
693800 152
694000 156
694200 148
694400 134
694600 154
694800 148
695000 134
695200 131
695400 151
695600 144
695800 163
696000 158
696200 146
696400 138
696600 149
696800 145
697000 144
697200 169
697400 156
697600 160
697800 144
698000 168
698200 132
698400 147
698600 128
698800 148
699000 131
699200 150
699400 152
699600 141
699800 163
700000 140
700200 164
700400 141
700600 151
700800 137
701000 151
701200 138
701400 135
701600 149
701800 134
702000 164
702200 151
702400 155
702600 139
702800 146
703000 163
703200 154
703400 157
703600 152
703800 147
704000 150
704200 154
704400 141
704600 163
704800 159
705000 142
705200 160
705400 149
705600 145
705800 132
706000 153
706200 170
706400 142
706600 128
706800 130
707000 160
707200 138
707400 148
707600 148
707800 148
708000 142
708200 134
708400 168
708600 147
708800 162
709000 140
709200 156
709400 140
709600 151
709800 145
710000 147
710200 143
710400 140
710600 151
710800 139
711000 151
711200 162
711400 157
711600 142
711800 161
712000 162
712200 150
712400 153
712600 164
712800 163
713000 157
713200 147
713400 156
713600 159
713800 153
714000 146
714200 163
714400 138
714600 139
714800 156
715000 138
715200 163
715400 156
715600 156
715800 155
716000 132
716200 132
716400 157
716600 119
716800 136
717000 158
717200 121
717400 142
717600 114
717800 158
718000 149
718200 148
718400 159
718600 145
718800 146
719000 144
719200 168
719400 129
719600 147
719800 163
720000 159
720200 156
720400 123
720600 141
720800 146
721000 162
721200 156
721400 151
721600 162
721800 161
722000 139
722200 162
722400 121
722600 159
722800 138
723000 158
723200 152
723400 163
723600 143
723800 144
724000 162
724200 153
724400 149
724600 165
724800 172
725000 152
725200 125
725400 129
725600 146
725800 150
726000 146
726200 157
726400 142
726600 167
726800 161
727000 147
727200 161
727400 139
727600 149
727800 141
728000 145
728200 150
728400 173
728600 131
728800 161
729000 175
729200 121
729400 143
729600 136
729800 137
730000 149
730200 138
730400 129
730600 149
730800 168
731000 131
731200 135
731400 156
731600 144
731800 142
732000 147
732200 139
732400 146
732600 159
732800 141
733000 140
733200 168
733400 138
733600 147
733800 151
734000 135
734200 145
734400 167
734600 133
734800 144
735000 127
735200 145
735400 169
735600 139
735800 146
736000 144
736200 145
736400 167
736600 154
736800 143
737000 131
737200 163
737400 132
737600 151
737800 179
738000 157
738200 149
738400 146
738600 156
738800 146
739000 140
739200 149
739400 158
739600 149
739800 157
740000 155
740200 165
740400 143
740600 126
740800 132
741000 147
741200 150
741400 138
741600 149
741800 160
742000 155
742200 142
742400 140
742600 160
742800 145
743000 154
743200 137
743400 130
743600 145
743800 138
744000 139
744200 146
744400 134
744600 163
744800 137
745000 154
745200 147
745400 158
745600 141
745800 141
746000 152
746200 138
746400 164
746600 153
746800 163
747000 146
747200 138
747400 174
747600 142
747800 135
748000 165
748200 169
748400 152
748600 158
748800 160
749000 164
749200 149
749400 136
749600 159
749800 162
750000 116
750200 152
750400 150
750600 158
750800 145
751000 153
751200 142
751400 158
751600 123
751800 140
752000 141
752200 165
752400 160
752600 151
752800 158
753000 156
753200 162
753400 148
753600 147
753800 163
754000 172
754200 150
754400 158
754600 137
754800 152
755000 147
755200 156
755400 155
755600 159
755800 157
756000 147
756200 157
756400 168
756600 161
756800 132
757000 147
757200 165
757400 130
757600 154
757800 162
758000 156
758200 163
758400 138
758600 143
758800 163
759000 137
759200 138
759400 147
759600 167
759800 141
760000 153
760200 144
760400 147
760600 156
760800 170
761000 145
761200 150
761400 155
761600 154
761800 165
762000 120
762200 133
762400 148
762600 146
762800 155
763000 161
763200 153
763400 165
763600 160
763800 144
764000 158
764200 146
764400 165
764600 145
764800 150
765000 167
765200 162
765400 144
765600 143
765800 167
766000 152
766200 156
766400 146
766600 154
766800 148
767000 142
767200 133
767400 148
767600 145
767800 130
768000 148
768200 145
768400 139
768600 143
768800 158
769000 137
769200 125
769400 142
769600 163
769800 161
770000 153
770200 141
770400 173
770600 147
770800 153
771000 159
771200 145
771400 147
771600 159
771800 152
772000 171
772200 128
772400 166
772600 147
772800 138
773000 165
773200 169
773400 147
773600 134
773800 142
774000 125
774200 158
774400 139
774600 157
774800 161
775000 141
775200 158
775400 154
775600 149
775800 150
776000 157
776200 160
776400 150
776600 154
776800 140
777000 153
777200 161
777400 157
777600 155
777800 155
778000 143
778200 145
778400 134
778600 162
778800 144
779000 138
779200 157
779400 164
779600 144
779800 151
780000 137
780200 129
780400 157
780600 150
780800 131
781000 146
781200 154
781400 134
781600 143
781800 169
782000 152
782200 143
782400 157
782600 163
782800 128
783000 140
783200 128
783400 143
783600 132
783800 158
784000 147
784200 152
784400 151
784600 147
784800 154
785000 153
785200 131
785400 154
785600 153
785800 146
786000 154
786200 135
786400 156
786600 143
786800 148
787000 142
787200 140
787400 172
787600 150
787800 141
788000 163
788200 143
788400 159
788600 159
788800 148
789000 143
789200 142
789400 157
789600 155
789800 147
790000 137
790200 147
790400 165
790600 151
790800 159
791000 157
791200 157
791400 147
791600 142
791800 146
792000 151
792200 150
792400 152
792600 138
792800 155
793000 152
793200 144
793400 167
793600 136
793800 158
794000 155
794200 139
794400 159
794600 150
794800 144
795000 171
795200 149
795400 134
795600 140
795800 155
796000 143
796200 137
796400 147
796600 150
796800 159
797000 141
797200 142
797400 149
797600 138
797800 132
798000 161
798200 146
798400 142
798600 138
798800 149
799000 138
799200 155
799400 148
799600 165
799800 159
800000 143
800200 125
800400 137
800600 154
800800 153
801000 166
801200 155
801400 162
801600 157
801800 158
802000 161
802200 148
802400 144
802600 132
802800 159
803000 148
803200 155
803400 139
803600 149
803800 132
804000 160
804200 145
804400 150
804600 172
804800 168
805000 124
805200 154
805400 147
805600 154
805800 149
806000 161
806200 158
806400 146
806600 142
806800 174
807000 167
807200 146
807400 152
807600 147
807800 154
808000 154
808200 153
808400 157
808600 151
808800 153
809000 152
809200 153
809400 141
809600 138
809800 141
810000 153
810200 145
810400 144
810600 155
810800 135
811000 145
811200 141
811400 160
811600 142
811800 143
812000 137
812200 177
812400 146
812600 165
812800 163
813000 141
813200 156
813400 140
813600 145
813800 155
814000 143
814200 126
814400 130
814600 128
814800 149
815000 130
815200 139
815400 146
815600 141
815800 154
816000 145
816200 152
816400 156
816600 142
816800 150
817000 131
817200 133
817400 149
817600 161
817800 140
818000 162
818200 144
818400 148
818600 144
818800 152
819000 142
819200 148
819400 155
819600 147
819800 152
820000 161
820200 156
820400 155
820600 158
820800 146
821000 137
821200 157
821400 153
821600 158
821800 144
822000 120
822200 142
822400 147
822600 140
822800 160
823000 167
823200 159
823400 149
823600 146
823800 151
824000 166
824200 168
824400 135
824600 173
824800 149
825000 149
825200 163
825400 142
825600 163
825800 163
826000 144
826200 147
826400 162
826600 141
826800 149
827000 149
827200 146
827400 172
827600 136
827800 136
828000 140
828200 162
828400 161
828600 145
828800 155
829000 144
829200 152
829400 137
829600 146
829800 142
830000 172
830200 162
830400 139
830600 146
830800 165
831000 136
831200 139
831400 144
831600 157
831800 144
832000 157
832200 146
832400 140
832600 140
832800 165
833000 152
833200 144
833400 155
833600 159
833800 115
834000 160
834200 146
834400 143
834600 174
834800 153
835000 156
835200 138
835400 170
835600 134
835800 157
836000 148
836200 133
836400 146
836600 160
836800 143
837000 151
837200 148
837400 157
837600 146
837800 141
838000 155
838200 160
838400 155
838600 133
838800 141
839000 132
839200 156
839400 144
839600 157
839800 159
840000 153
840200 156
840400 147
840600 149
840800 139
841000 144
841200 142
841400 147
841600 147
841800 131
842000 147
842200 158
842400 150
842600 161
842800 159
843000 148
843200 141
843400 153
843600 140
843800 144
844000 154
844200 146
844400 147
844600 118
844800 153
845000 141
845200 123
845400 153
845600 148
845800 144
846000 149
846200 155
846400 147
846600 141
846800 154
847000 132
847200 147
847400 162
847600 154
847800 165
848000 161
848200 152
848400 156
848600 134
848800 154
849000 167
849200 133
849400 162
849600 150
849800 142
850000 132
850200 136
850400 124
850600 159
850800 157
851000 144
851200 153
851400 153
851600 128
851800 136
852000 168
852200 156
852400 147
852600 128
852800 167
853000 153
853200 159
853400 144
853600 163
853800 124
854000 137
854200 140
854400 162
854600 159
854800 122
855000 134
855200 161
855400 143
855600 162
855800 141
856000 136
856200 153
856400 134
856600 166
856800 150
857000 152
857200 121
857400 119
857600 137
857800 148
858000 130
858200 140
858400 156
858600 157
858800 161
859000 154
859200 151
859400 148
859600 147
859800 155
860000 142
860200 155
860400 155
860600 141
860800 161
861000 160
861200 156
861400 146
861600 124
861800 151
862000 144
862200 149
862400 160
862600 135
862800 154
863000 162
863200 141
863400 154
863600 147
863800 158
864000 139
864200 161
864400 131
864600 149
864800 159
865000 173
865200 170
865400 135
865600 152
865800 140
866000 162
866200 153
866400 146
866600 147
866800 155
867000 152
867200 172
867400 150
867600 131
867800 148
868000 148
868200 131
868400 160
868600 150
868800 165
869000 157
869200 146
869400 136
869600 155
869800 160
870000 153
870200 165
870400 156
870600 169
870800 152
871000 148
871200 165
871400 140
871600 160
871800 166
872000 150
872200 156
872400 139
872600 163
872800 167
873000 156
873200 151
873400 150
873600 139
873800 153
874000 153
874200 169
874400 162
874600 153
874800 151
875000 162
875200 135
875400 149
875600 163
875800 143
876000 144
876200 155
876400 150
876600 132
876800 160
877000 156
877200 154
877400 165
877600 167
877800 155
878000 151
878200 150
878400 152
878600 162
878800 157
879000 161
879200 154
879400 164
879600 165
879800 144
880000 156
880200 149
880400 142
880600 154
880800 145
881000 166
881200 157
881400 160
881600 154
881800 174
882000 168
882200 164
882400 164
882600 146
882800 163
883000 126
883200 150
883400 145
883600 139
883800 153
884000 152
884200 143
884400 171
884600 160
884800 156
885000 127
885200 165
885400 165
885600 164
885800 161
886000 152
886200 149
886400 150
886600 149
886800 160
887000 168
887200 149
887400 171
887600 158
887800 140
888000 148
888200 147
888400 161
888600 155
888800 139
889000 157
889200 145
889400 147
889600 147
889800 158
890000 141
890200 155
890400 147
890600 140
890800 157
891000 160
891200 154
891400 140
891600 145
891800 133
892000 156
892200 162
892400 137
892600 152
892800 149
893000 154
893200 143
893400 137
893600 154
893800 151
894000 129
894200 135
894400 145
894600 152
894800 140
895000 157
895200 162
895400 144
895600 149
895800 139
896000 162
896200 170
896400 154
896600 137
896800 156
897000 144
897200 150
897400 151
897600 164
897800 135
898000 170
898200 153
898400 160
898600 160
898800 150
899000 144
899200 148
899400 136
899600 142
899800 161
900000 149
900200 142
900400 149
900600 140
900800 122
901000 142
901200 131
901400 149
901600 164
901800 145
902000 159
902200 164
902400 158
902600 157
902800 155
903000 154
903200 149
903400 155
903600 158
903800 169
904000 173
904200 148
904400 137
904600 138
904800 170
905000 127
905200 140
905400 161
905600 144
905800 118
906000 145
906200 164
906400 162
906600 161
906800 158
907000 140
907200 146
907400 163
907600 146
907800 146
908000 150
908200 137
908400 161
908600 156
908800 173
909000 134
909200 159
909400 142
909600 155
909800 138
910000 161
910200 144
910400 145
910600 138
910800 147
911000 147
911200 128
911400 160
911600 168
911800 170
912000 145
912200 154
912400 136
912600 155
912800 144
913000 135
913200 151
913400 157
913600 166
913800 140
914000 174
914200 157
914400 136
914600 135
914800 153
915000 148
915200 151
915400 163
915600 137
915800 157
916000 161
916200 161
916400 155
916600 157
916800 146
917000 135
917200 136
917400 156
917600 159
917800 164
918000 152
918200 147
918400 138
918600 146
918800 133
919000 135
919200 158
919400 161
919600 166
919800 168
920000 152
920200 137
920400 152
920600 145
920800 148
921000 142
921200 159
921400 161
921600 163
921800 154
922000 160
922200 133
922400 140
922600 165
922800 153
923000 143
923200 141
923400 129
923600 136
923800 135
924000 147
924200 146
924400 165
924600 156
924800 151
925000 150
925200 124
925400 164
925600 144
925800 164
926000 135
926200 167
926400 147
926600 166
926800 124
927000 148
927200 156
927400 160
927600 167
927800 142
928000 147
928200 149
928400 159
928600 136
928800 143
929000 146
929200 152
929400 165
929600 161
929800 140
930000 142
930200 145
930400 135
930600 160
930800 128
931000 163
931200 154
931400 159
931600 144
931800 138
932000 146
932200 145
932400 165
932600 135
932800 160
933000 159
933200 147
933400 149
933600 140
933800 126
934000 142
934200 140
934400 154
934600 117
934800 136
935000 158
935200 162
935400 142
935600 152
935800 139
936000 152
936200 138
936400 148
936600 132
936800 143
937000 155
937200 142
937400 158
937600 153
937800 144
938000 118
938200 160
938400 162
938600 166
938800 152
939000 149
939200 133
939400 160
939600 137
939800 153
940000 166
940200 156
940400 160
940600 162
940800 162
941000 166
941200 161
941400 144
941600 128
941800 161
942000 163
942200 135
942400 151
942600 160
942800 152
943000 167
943200 141
943400 138
943600 158
943800 134
944000 151
944200 147
944400 136
944600 132
944800 152
945000 145
945200 147
945400 128
945600 151
945800 152
946000 137
946200 145
946400 157
946600 147
946800 132
947000 149
947200 154
947400 150
947600 157
947800 140
948000 160
948200 162
948400 147
948600 150
948800 147
949000 183
949200 123
949400 140
949600 143
949800 144
950000 143
950200 162
950400 139
950600 159
950800 159
951000 141
951200 157
951400 152
951600 144
951800 159
952000 160
952200 162
952400 159
952600 150
952800 153
953000 155
953200 143
953400 131
953600 159
953800 157
954000 143
954200 148
954400 138
954600 143
954800 170
955000 155
955200 170
955400 149
955600 151
955800 156
956000 169
956200 148
956400 162
956600 152
956800 135
957000 151
957200 163
957400 151
957600 143
957800 159
958000 145
958200 145
958400 148
958600 155
958800 155
959000 138
959200 143
959400 146
959600 147
959800 147
960000 151
960200 134
960400 151
960600 147
960800 180
961000 152
961200 123
961400 145
961600 166
961800 159
962000 139
962200 150
962400 134
962600 135
962800 157
963000 144
963200 149
963400 125
963600 152
963800 156
964000 126
964200 142
964400 149
964600 159
964800 138
965000 140
965200 163
965400 165
965600 142
965800 146
966000 145
966200 152
966400 150
966600 152
966800 145
967000 150
967200 160
967400 156
967600 155
967800 140
968000 140
968200 147
968400 150
968600 157
968800 143
969000 141
969200 143
969400 160
969600 141
969800 151
970000 121
970200 143
970400 162
970600 138
970800 152
971000 128
971200 135
971400 157
971600 152
971800 146
972000 156
972200 143
972400 139
972600 147
972800 142
973000 158
973200 146
973400 153
973600 160
973800 154
974000 150
974200 164
974400 143
974600 129
974800 132
975000 165
975200 146
975400 150
975600 142
975800 148
976000 147
976200 168
976400 146
976600 149
976800 155
977000 141
977200 140
977400 149
977600 163
977800 158
978000 148
978200 169
978400 158
978600 136
978800 173
979000 149
979200 152
979400 151
979600 147
979800 133
980000 146
980200 154
980400 145
980600 147
980800 134
981000 146
981200 163
981400 142
981600 153
981800 168
982000 151
982200 158
982400 164
982600 163
982800 140
983000 164
983200 146
983400 154
983600 166
983800 170
984000 153
984200 151
984400 152
984600 141
984800 147
985000 163
985200 157
985400 122
985600 172
985800 155
986000 159
986200 164
986400 139
986600 158
986800 159
987000 140
987200 163
987400 161
987600 153
987800 142
988000 137
988200 153
988400 141
988600 135
988800 150
989000 137
989200 165
989400 150
989600 146
989800 142
990000 163
990200 153
990400 144
990600 143
990800 153
991000 169
991200 137
991400 136
991600 126
991800 163
992000 146
992200 147
992400 155
992600 146
992800 129
993000 152
993200 140
993400 142
993600 167
993800 159
994000 157
994200 146
994400 154
994600 143
994800 140
995000 144
995200 155
995400 126
995600 168
995800 156
996000 149
996200 142
996400 143
996600 139
996800 153
997000 149
997200 140
997400 137
997600 139
997800 128
998000 154
998200 159
998400 154
998600 150
998800 146
999000 151
999200 130
999400 139
999600 138
999800 145
1000000 158
