50 79
100 79
150 79
200 79
250 79
300 79
350 79
400 79
450 79
500 79
550 79
600 79
650 79
700 79
750 79
800 79
850 79
900 79
950 79
1000 79
1050 79
1100 79
1150 79
1200 79
1250 79
1300 79
1350 79
1400 79
1450 79
1500 79
1550 79
1600 79
1650 79
1700 79
1750 79
1800 79
1850 79
1900 79
1950 79
2000 79
2050 79
2100 79
2150 79
2200 79
2250 79
2300 79
2350 79
2400 79
2450 79
2500 79
2550 79
2600 79
2650 79
2700 79
2750 79
2800 79
2850 79
2900 79
2950 79
3000 79
3050 79
3100 79
3150 79
3200 79
3250 79
3300 79
3350 79
3400 79
3450 79
3500 79
3550 79
3600 79
3650 79
3700 79
3750 79
3800 79
3850 79
3900 79
3950 79
4000 79
4050 79
4100 79
4150 79
4200 79
4250 79
4300 79
4350 79
4400 79
4450 79
4500 79
4550 79
4600 79
4650 79
4700 79
4750 79
4800 79
4850 79
4900 79
4950 79
5000 79
5050 79
5100 79
5150 79
5200 79
5250 79
5300 79
5350 79
5400 79
5450 79
5500 79
5550 79
5600 79
5650 79
5700 79
5750 79
5800 79
5850 79
5900 79
5950 79
6000 79
6050 79
6100 79
6150 79
6200 79
6250 79
6300 79
6350 79
6400 79
6450 79
6500 79
6550 79
6600 79
6650 79
6700 79
6750 79
6800 79
6850 79
6900 79
6950 79
7000 79
7050 79
7100 79
7150 79
7200 79
7250 79
7300 79
7350 79
7400 79
7450 79
7500 79
7550 79
7600 79
7650 79
7700 79
7750 79
7800 79
7850 79
7900 79
7950 79
8000 79
8050 79
8100 79
8150 79
8200 79
8250 79
8300 79
8350 79
8400 79
8450 79
8500 79
8550 79
8600 79
8650 79
8700 79
8750 79
8800 79
8850 79
8900 79
8950 79
9000 79
9050 79
9100 79
9150 79
9200 79
9250 79
9300 79
9350 79
9400 79
9450 79
9500 79
9550 79
9600 79
9650 79
9700 79
9750 79
9800 79
9850 79
9900 79
9950 79
10000 79
10050 79
10100 79
10150 79
10200 79
10250 79
10300 79
10350 79
10400 79
10450 79
10500 79
10550 79
10600 79
10650 79
10700 79
10750 79
10800 79
10850 79
10900 79
10950 79
11000 79
11050 79
11100 79
11150 79
11200 79
11250 79
11300 79
11350 79
11400 79
11450 79
11500 79
11550 79
11600 79
11650 79
11700 79
11750 79
11800 79
11850 79
11900 79
11950 79
12000 79
12050 79
12100 79
12150 79
12200 79
12250 79
12300 79
12350 79
12400 79
12450 79
12500 79
12550 79
12600 79
12650 79
12700 79
12750 79
12800 79
12850 79
12900 79
12950 79
13000 79
13050 79
13100 79
13150 79
13200 79
13250 79
13300 79
13350 79
13400 79
13450 79
13500 79
13550 79
13600 79
13650 79
13700 79
13750 79
13800 79
13850 79
13900 79
13950 79
14000 79
14050 79
14100 79
14150 79
14200 79
14250 79
14300 79
14350 79
14400 79
14450 79
14500 79
14550 79
14600 79
14650 79
14700 79
14750 79
14800 79
14850 79
14900 79
14950 79
15000 79
15050 79
15100 79
15150 79
15200 79
15250 79
15300 79
15350 79
15400 79
15450 79
15500 79
15550 79
15600 79
15650 79
15700 79
15750 79
15800 79
15850 79
15900 79
15950 79
16000 79
16050 79
16100 79
16150 79
16200 79
16250 79
16300 79
16350 79
16400 79
16450 79
16500 79
16550 79
16600 79
16650 79
16700 79
16750 79
16800 79
16850 79
16900 79
16950 79
17000 79
17050 79
17100 79
17150 79
17200 79
17250 79
17300 79
17350 79
17400 79
17450 79
17500 79
17550 79
17600 79
17650 79
17700 79
17750 79
17800 79
17850 79
17900 79
17950 79
18000 79
18050 79
18100 79
18150 79
18200 79
18250 79
18300 79
18350 79
18400 79
18450 79
18500 79
18550 79
18600 79
18650 79
18700 79
18750 79
18800 79
18850 79
18900 79
18950 79
19000 79
19050 79
19100 79
19150 79
19200 79
19250 79
19300 79
19350 79
19400 79
19450 79
19500 79
19550 79
19600 79
19650 79
19700 79
19750 79
19800 79
19850 79
19900 79
19950 79
20000 79
20050 79
20100 79
20150 79
20200 79
20250 79
20300 79
20350 79
20400 79
20450 79
20500 79
20550 79
20600 79
20650 79
20700 79
20750 79
20800 79
20850 79
20900 79
20950 79
21000 79
21050 79
21100 79
21150 79
21200 79
21250 79
21300 79
21350 79
21400 79
21450 79
21500 79
21550 79
21600 79
21650 79
21700 79
21750 79
21800 79
21850 79
21900 79
21950 79
22000 79
22050 79
22100 79
22150 79
22200 79
22250 79
22300 79
22350 79
22400 79
22450 79
22500 79
22550 79
22600 79
22650 79
22700 79
22750 79
22800 79
22850 79
22900 79
22950 79
23000 79
23050 79
23100 79
23150 79
23200 79
23250 79
23300 79
23350 79
23400 79
23450 79
23500 79
23550 79
23600 79
23650 79
23700 79
23750 79
23800 79
23850 79
23900 79
23950 79
24000 79
24050 79
24100 79
24150 79
24200 79
24250 79
24300 79
24350 79
24400 79
24450 79
24500 79
24550 79
24600 79
24650 79
24700 79
24750 79
24800 79
24850 79
24900 79
24950 79
25000 79
25050 79
25100 79
25150 79
25200 79
25250 79
25300 79
25350 79
25400 79
25450 79
25500 79
25550 79
25600 79
25650 79
25700 79
25750 79
25800 79
25850 79
25900 79
25950 79
26000 79
26050 79
26100 79
26150 79
26200 79
26250 79
26300 79
26350 79
26400 79
26450 79
26500 79
26550 79
26600 79
26650 79
26700 79
26750 79
26800 79
26850 79
26900 79
26950 79
27000 79
27050 79
27100 79
27150 79
27200 79
27250 79
27300 79
27350 79
27400 79
27450 79
27500 79
27550 79
27600 79
27650 79
27700 79
27750 79
27800 79
27850 79
27900 79
27950 79
28000 79
28050 79
28100 79
28150 79
28200 79
28250 79
28300 79
28350 79
28400 79
28450 79
28500 79
28550 79
28600 79
28650 79
28700 79
28750 79
28800 79
28850 79
28900 79
28950 79
29000 79
29050 79
29100 79
29150 79
29200 79
29250 79
29300 79
29350 79
29400 79
29450 79
29500 79
29550 79
29600 79
29650 79
29700 79
29750 79
29800 79
29850 79
29900 79
29950 79
30000 79
30050 79
30100 79
30150 79
30200 79
30250 79
30300 79
30350 79
30400 79
30450 79
30500 79
30550 79
30600 79
30650 79
30700 79
30750 79
30800 79
30850 79
30900 79
30950 79
31000 79
31050 79
31100 79
31150 79
31200 79
31250 79
31300 79
31350 79
31400 79
31450 79
31500 79
31550 79
31600 79
31650 79
31700 79
31750 79
31800 79
31850 79
31900 79
31950 79
32000 79
32050 79
32100 79
32150 79
32200 79
32250 79
32300 79
32350 79
32400 79
32450 79
32500 79
32550 79
32600 79
32650 79
32700 79
32750 79
32800 79
32850 79
32900 79
32950 79
33000 79
33050 79
33100 79
33150 79
33200 79
33250 79
33300 79
33350 79
33400 79
33450 79
33500 79
33550 79
33600 79
33650 79
33700 79
33750 79
33800 79
33850 79
33900 79
33950 79
34000 79
34050 79
34100 79
34150 79
34200 79
34250 79
34300 79
34350 79
34400 79
34450 79
34500 79
34550 79
34600 79
34650 79
34700 79
34750 79
34800 79
34850 79
34900 79
34950 79
35000 79
35050 79
35100 79
35150 79
35200 79
35250 79
35300 79
35350 79
35400 79
35450 79
35500 79
35550 79
35600 79
35650 79
35700 79
35750 79
35800 79
35850 79
35900 79
35950 79
36000 79
36050 79
36100 79
36150 79
36200 79
36250 79
36300 79
36350 79
36400 79
36450 79
36500 79
36550 79
36600 79
36650 79
36700 79
36750 79
36800 79
36850 79
36900 79
36950 79
37000 79
37050 79
37100 79
37150 79
37200 79
37250 79
37300 79
37350 79
37400 79
37450 79
37500 79
37550 79
37600 79
37650 79
37700 79
37750 79
37800 79
37850 79
37900 79
37950 79
38000 79
38050 79
38100 79
38150 79
38200 79
38250 79
38300 79
38350 79
38400 79
38450 79
38500 79
38550 79
38600 79
38650 79
38700 79
38750 79
38800 79
38850 79
38900 79
38950 79
39000 79
39050 79
39100 79
39150 79
39200 79
39250 79
39300 79
39350 79
39400 79
39450 79
39500 79
39550 79
39600 79
39650 79
39700 79
39750 79
39800 79
39850 79
39900 79
39950 79
40000 79
40050 79
40100 79
40150 79
40200 79
40250 79
40300 79
40350 79
40400 79
40450 79
40500 79
40550 79
40600 79
40650 79
40700 79
40750 79
40800 79
40850 79
40900 79
40950 79
41000 79
41050 79
41100 79
41150 79
41200 79
41250 79
41300 79
41350 79
41400 79
41450 79
41500 79
41550 79
41600 79
41650 79
41700 79
41750 79
41800 79
41850 79
41900 79
41950 79
42000 79
42050 79
42100 79
42150 79
42200 79
42250 79
42300 79
42350 79
42400 79
42450 79
42500 79
42550 79
42600 79
42650 79
42700 79
42750 79
42800 79
42850 79
42900 79
42950 79
43000 79
43050 79
43100 79
43150 79
43200 79
43250 79
43300 79
43350 79
43400 79
43450 79
43500 79
43550 79
43600 79
43650 79
43700 79
43750 79
43800 79
43850 79
43900 79
43950 79
44000 79
44050 79
44100 79
44150 79
44200 79
44250 79
44300 79
44350 79
44400 79
44450 79
44500 79
44550 79
44600 79
44650 79
44700 79
44750 79
44800 79
44850 79
44900 79
44950 79
45000 79
45050 79
45100 79
45150 79
45200 79
45250 79
45300 79
45350 79
45400 79
45450 79
45500 79
45550 79
45600 79
45650 79
45700 79
45750 79
45800 79
45850 79
45900 79
45950 79
46000 79
46050 79
46100 79
46150 79
46200 79
46250 79
46300 79
46350 79
46400 79
46450 79
46500 79
46550 79
46600 79
46650 79
46700 79
46750 79
46800 79
46850 79
46900 79
46950 79
47000 79
47050 79
47100 79
47150 79
47200 79
47250 79
47300 79
47350 79
47400 79
47450 79
47500 79
47550 79
47600 79
47650 79
47700 79
47750 79
47800 79
47850 79
47900 79
47950 79
48000 79
48050 79
48100 79
48150 79
48200 79
48250 79
48300 79
48350 79
48400 79
48450 79
48500 79
48550 79
48600 79
48650 79
48700 79
48750 79
48800 79
48850 79
48900 79
48950 79
49000 79
49050 79
49100 79
49150 79
49200 79
49250 79
49300 79
49350 79
49400 79
49450 79
49500 79
49550 79
49600 79
49650 79
49700 79
49750 79
49800 79
49850 79
49900 79
49950 79
50000 79
50050 79
50100 79
50150 79
50200 79
50250 79
50300 79
50350 79
50400 79
50450 79
50500 79
50550 79
50600 79
50650 79
50700 79
50750 79
50800 79
50850 79
50900 79
50950 79
51000 79
51050 79
51100 79
51150 79
51200 79
51250 79
51300 79
51350 79
51400 79
51450 79
51500 79
51550 79
51600 79
51650 79
51700 79
51750 79
51800 79
51850 79
51900 79
51950 79
52000 79
52050 79
52100 79
52150 79
52200 79
52250 79
52300 79
52350 79
52400 79
52450 79
52500 79
52550 79
52600 79
52650 79
52700 79
52750 79
52800 79
52850 79
52900 79
52950 79
53000 79
53050 79
53100 79
53150 79
53200 79
53250 79
53300 79
53350 79
53400 79
53450 79
53500 79
53550 79
53600 79
53650 79
53700 79
53750 79
53800 79
53850 79
53900 79
53950 79
54000 79
54050 79
54100 79
54150 79
54200 79
54250 79
54300 79
54350 79
54400 79
54450 79
54500 79
54550 79
54600 79
54650 79
54700 79
54750 79
54800 79
54850 79
54900 79
54950 79
55000 79
55050 79
55100 79
55150 79
55200 79
55250 79
55300 79
55350 79
55400 79
55450 79
55500 79
55550 79
55600 79
55650 79
55700 79
55750 79
55800 79
55850 79
55900 79
55950 79
56000 79
56050 79
56100 79
56150 79
56200 79
56250 79
56300 79
56350 79
56400 79
56450 79
56500 79
56550 79
56600 79
56650 79
56700 79
56750 79
56800 79
56850 79
56900 79
56950 79
57000 79
57050 79
57100 79
57150 79
57200 79
57250 79
57300 79
57350 79
57400 79
57450 79
57500 79
57550 79
57600 79
57650 79
57700 79
57750 79
57800 79
57850 79
57900 79
57950 79
58000 79
58050 79
58100 79
58150 79
58200 79
58250 79
58300 79
58350 79
58400 79
58450 79
58500 79
58550 79
58600 79
58650 79
58700 79
58750 79
58800 79
58850 79
58900 79
58950 79
59000 79
59050 79
59100 79
59150 79
59200 79
59250 79
59300 79
59350 79
59400 79
59450 79
59500 79
59550 79
59600 79
59650 79
59700 79
59750 79
59800 79
59850 79
59900 79
59950 79
60000 79
60050 79
60100 79
60150 79
60200 79
60250 79
60300 79
60350 79
60400 79
60450 79
60500 79
60550 79
60600 79
60650 79
60700 79
60750 79
60800 79
60850 79
60900 79
60950 79
61000 79
61050 79
61100 79
61150 79
61200 79
61250 79
61300 79
61350 79
61400 79
61450 79
61500 79
61550 79
61600 79
61650 79
61700 79
61750 79
61800 79
61850 79
61900 79
61950 79
62000 79
62050 79
62100 79
62150 79
62200 79
62250 79
62300 79
62350 79
62400 79
62450 79
62500 79
62550 79
62600 79
62650 79
62700 79
62750 79
62800 79
62850 79
62900 79
62950 79
63000 79
63050 79
63100 79
63150 79
63200 79
63250 79
63300 79
63350 79
63400 79
63450 79
63500 79
63550 79
63600 79
63650 79
63700 79
63750 79
63800 79
63850 79
63900 79
63950 79
64000 79
64050 79
64100 79
64150 79
64200 79
64250 79
64300 79
64350 79
64400 79
64450 79
64500 79
64550 79
64600 79
64650 79
64700 79
64750 79
64800 79
64850 79
64900 79
64950 79
65000 79
65050 79
65100 79
65150 79
65200 79
65250 79
65300 79
65350 79
65400 79
65450 79
65500 79
65550 79
65600 79
65650 79
65700 79
65750 79
65800 79
65850 79
65900 79
65950 79
66000 79
66050 79
66100 79
66150 79
66200 79
66250 79
66300 79
66350 79
66400 79
66450 79
66500 79
66550 79
66600 79
66650 79
66700 79
66750 79
66800 79
66850 79
66900 79
66950 79
67000 79
67050 79
67100 79
67150 79
67200 79
67250 79
67300 79
67350 79
67400 79
67450 79
67500 79
67550 79
67600 79
67650 79
67700 79
67750 79
67800 79
67850 79
67900 79
67950 79
68000 79
68050 79
68100 79
68150 79
68200 79
68250 79
68300 79
68350 79
68400 79
68450 79
68500 79
68550 79
68600 79
68650 79
68700 79
68750 79
68800 79
68850 79
68900 79
68950 79
69000 79
69050 79
69100 79
69150 79
69200 79
69250 79
69300 79
69350 79
69400 79
69450 79
69500 79
69550 79
69600 79
69650 79
69700 79
69750 79
69800 79
69850 79
69900 79
69950 79
70000 79
70050 79
70100 79
70150 79
70200 79
70250 79
70300 79
70350 79
70400 79
70450 79
70500 79
70550 79
70600 79
70650 79
70700 79
70750 79
70800 79
70850 79
70900 79
70950 79
71000 79
71050 79
71100 79
71150 79
71200 79
71250 79
71300 79
71350 79
71400 79
71450 79
71500 79
71550 79
71600 79
71650 79
71700 79
71750 79
71800 79
71850 79
71900 79
71950 79
72000 79
72050 79
72100 79
72150 79
72200 79
72250 79
72300 79
72350 79
72400 79
72450 79
72500 79
72550 79
72600 79
72650 79
72700 79
72750 79
72800 79
72850 79
72900 79
72950 79
73000 79
73050 79
73100 79
73150 79
73200 79
73250 79
73300 79
73350 79
73400 79
73450 79
73500 79
73550 79
73600 79
73650 79
73700 79
73750 79
73800 79
73850 79
73900 79
73950 79
74000 79
74050 79
74100 79
74150 79
74200 79
74250 79
74300 79
74350 79
74400 79
74450 79
74500 79
74550 79
74600 79
74650 79
74700 79
74750 79
74800 79
74850 79
74900 79
74950 79
75000 79
75050 79
75100 79
75150 79
75200 79
75250 79
75300 79
75350 79
75400 79
75450 79
75500 79
75550 79
75600 79
75650 79
75700 79
75750 79
75800 79
75850 79
75900 79
75950 79
76000 79
76050 79
76100 79
76150 79
76200 79
76250 79
76300 79
76350 79
76400 79
76450 79
76500 79
76550 79
76600 79
76650 79
76700 79
76750 79
76800 79
76850 79
76900 79
76950 79
77000 79
77050 79
77100 79
77150 79
77200 79
77250 79
77300 79
77350 79
77400 79
77450 79
77500 79
77550 79
77600 79
77650 79
77700 79
77750 79
77800 79
77850 79
77900 79
77950 79
78000 79
78050 79
78100 79
78150 79
78200 79
78250 79
78300 79
78350 79
78400 79
78450 79
78500 79
78550 79
78600 79
78650 79
78700 79
78750 79
78800 79
78850 79
78900 79
78950 79
79000 79
79050 79
79100 79
79150 79
79200 79
79250 79
79300 79
79350 79
79400 79
79450 79
79500 79
79550 79
79600 79
79650 79
79700 79
79750 79
79800 79
79850 79
79900 79
79950 79
80000 79
80050 79
80100 79
80150 79
80200 79
80250 79
80300 79
80350 79
80400 79
80450 79
80500 79
80550 79
80600 79
80650 79
80700 79
80750 79
80800 79
80850 79
80900 79
80950 79
81000 79
81050 79
81100 79
81150 79
81200 79
81250 79
81300 79
81350 79
81400 79
81450 79
81500 79
81550 79
81600 79
81650 79
81700 79
81750 79
81800 79
81850 79
81900 79
81950 79
82000 79
82050 79
82100 79
82150 79
82200 79
82250 79
82300 79
82350 79
82400 79
82450 79
82500 79
82550 79
82600 79
82650 79
82700 79
82750 79
82800 79
82850 79
82900 79
82950 79
83000 79
83050 79
83100 79
83150 79
83200 79
83250 79
83300 79
83350 79
83400 79
83450 79
83500 79
83550 79
83600 79
83650 79
83700 79
83750 79
83800 79
83850 79
83900 79
83950 79
84000 79
84050 79
84100 79
84150 79
84200 79
84250 79
84300 79
84350 79
84400 79
84450 79
84500 79
84550 79
84600 79
84650 79
84700 79
84750 79
84800 79
84850 79
84900 79
84950 79
85000 79
85050 79
85100 79
85150 79
85200 79
85250 79
85300 79
85350 79
85400 79
85450 79
85500 79
85550 79
85600 79
85650 79
85700 79
85750 79
85800 79
85850 79
85900 79
85950 79
86000 79
86050 79
86100 79
86150 79
86200 79
86250 79
86300 79
86350 79
86400 79
86450 79
86500 79
86550 79
86600 79
86650 79
86700 79
86750 79
86800 79
86850 79
86900 79
86950 79
87000 79
87050 79
87100 79
87150 79
87200 79
87250 79
87300 79
87350 79
87400 79
87450 79
87500 79
87550 79
87600 79
87650 79
87700 79
87750 79
87800 79
87850 79
87900 79
87950 79
88000 79
88050 79
88100 79
88150 79
88200 79
88250 75
88300 75
88350 75
88400 75
88450 75
88500 75
88550 75
88600 75
88650 75
88700 75
88750 75
88800 75
88850 75
88900 75
88950 75
89000 75
89050 75
89100 75
89150 75
89200 75
89250 75
89300 75
89350 75
89400 75
89450 75
89500 75
89550 75
89600 75
89650 75
89700 75
89750 75
89800 75
89850 75
89900 75
89950 75
90000 75
90050 75
90100 75
90150 75
90200 75
90250 75
90300 75
90350 75
90400 75
90450 75
90500 75
90550 75
90600 75
90650 75
90700 75
90750 75
90800 75
90850 75
90900 75
90950 75
91000 75
91050 75
91100 75
91150 75
91200 75
91250 75
91300 75
91350 75
91400 75
91450 75
91500 75
91550 75
91600 75
91650 75
91700 75
91750 75
91800 75
91850 75
91900 75
91950 75
92000 75
92050 75
92100 75
92150 75
92200 75
92250 75
92300 75
92350 75
92400 75
92450 75
92500 75
92550 75
92600 75
92650 75
92700 75
92750 75
92800 75
92850 75
92900 75
92950 75
93000 75
93050 75
93100 75
93150 75
93200 75
93250 75
93300 75
93350 75
93400 75
93450 75
93500 75
93550 75
93600 75
93650 75
93700 75
93750 75
93800 75
93850 75
93900 75
93950 75
94000 75
94050 75
94100 75
94150 75
94200 75
94250 75
94300 75
94350 75
94400 75
94450 75
94500 75
94550 75
94600 75
94650 75
94700 75
94750 75
94800 75
94850 75
94900 75
94950 75
95000 75
95050 75
95100 75
95150 75
95200 75
95250 75
95300 75
95350 75
95400 75
95450 75
95500 75
95550 75
95600 75
95650 75
95700 75
95750 75
95800 75
95850 75
95900 75
95950 75
96000 75
96050 75
96100 75
96150 75
96200 75
96250 75
96300 75
96350 75
96400 75
96450 75
96500 75
96550 75
96600 75
96650 75
96700 75
96750 75
96800 75
96850 75
96900 75
96950 75
97000 75
97050 75
97100 75
97150 75
97200 75
97250 75
97300 75
97350 75
97400 75
97450 75
97500 75
97550 75
97600 75
97650 75
97700 75
97750 75
97800 75
97850 75
97900 75
97950 75
98000 75
98050 75
98100 75
98150 75
98200 75
98250 75
98300 75
98350 75
98400 75
98450 75
98500 75
98550 75
98600 75
98650 75
98700 75
98750 75
98800 75
98850 75
98900 75
98950 75
99000 75
99050 75
99100 75
99150 75
99200 75
99250 75
99300 75
99350 75
99400 75
99450 75
99500 75
99550 75
99600 75
99650 75
99700 75
99750 75
99800 75
99850 75
99900 75
99950 75
100000 75
