500 156
1000 154
1500 159
2000 160
2500 154
3000 142
3500 155
4000 170
4500 167
5000 158
5500 151
6000 133
6500 151
7000 140
7500 136
8000 139
8500 137
9000 162
9500 123
10000 161
10500 156
11000 147
11500 138
12000 164
12500 131
13000 146
13500 119
14000 147
14500 134
15000 159
15500 146
16000 134
16500 139
17000 150
17500 134
18000 142
18500 145
19000 145
19500 141
20000 135
20500 151
21000 156
21500 158
22000 142
22500 148
23000 160
23500 160
24000 160
24500 150
25000 154
25500 133
26000 123
26500 155
27000 130
27500 146
28000 152
28500 137
29000 139
29500 136
30000 158
30500 136
31000 152
31500 147
32000 157
32500 143
33000 170
33500 159
34000 144
34500 145
35000 146
35500 151
36000 148
36500 137
37000 147
37500 144
38000 153
38500 127
39000 157
39500 170
40000 155
40500 155
41000 153
41500 152
42000 132
42500 156
43000 168
43500 145
44000 129
44500 148
45000 147
45500 134
46000 115
46500 133
47000 135
47500 129
48000 168
48500 158
49000 148
49500 129
50000 155
50500 140
51000 148
51500 141
52000 142
52500 139
53000 155
53500 151
54000 147
54500 143
55000 139
55500 139
56000 139
56500 129
57000 160
57500 143
58000 158
58500 151
59000 149
59500 152
60000 149
60500 166
61000 149
61500 145
62000 156
62500 152
63000 128
63500 143
64000 145
64500 147
65000 142
65500 128
66000 137
66500 154
67000 143
67500 143
68000 155
68500 121
69000 134
69500 137
70000 158
70500 128
71000 141
71500 147
72000 141
72500 128
73000 168
73500 130
74000 164
74500 138
75000 135
75500 157
76000 144
76500 143
77000 148
77500 146
78000 135
78500 139
79000 127
79500 147
80000 134
80500 148
81000 138
81500 134
82000 153
82500 129
83000 139
83500 125
84000 134
84500 146
85000 152
85500 139
86000 148
86500 152
87000 126
87500 113
88000 134
88500 155
89000 129
89500 158
90000 145
90500 118
91000 132
91500 136
92000 160
92500 151
93000 144
93500 145
94000 144
94500 130
95000 140
95500 151
96000 145
96500 130
97000 136
97500 135
98000 145
98500 125
99000 142
99500 136
100000 151
100500 133
101000 119
101500 142
102000 154
102500 112
103000 144
103500 129
104000 123
104500 127
105000 151
105500 147
106000 142
106500 140
107000 154
107500 146
108000 138
108500 129
109000 136
109500 145
110000 110
110500 156
111000 136
111500 177
112000 145
112500 147
113000 144
113500 140
114000 130
114500 164
115000 135
115500 137
116000 143
116500 138
117000 145
117500 146
118000 130
118500 138
119000 135
119500 141
120000 164
120500 134
121000 137
121500 125
122000 143
122500 148
123000 159
123500 144
124000 156
124500 131
125000 138
125500 134
126000 128
126500 148
127000 128
127500 138
128000 129
128500 129
129000 138
129500 114
130000 139
130500 130
131000 126
131500 133
132000 152
132500 139
133000 124
133500 115
134000 140
134500 134
135000 132
135500 132
136000 150
136500 128
137000 132
137500 131
138000 138
138500 111
139000 155
139500 132
140000 124
140500 142
141000 145
141500 129
142000 147
142500 121
143000 143
143500 128
144000 137
144500 137
145000 140
145500 133
146000 123
146500 124
147000 141
147500 123
148000 123
148500 156
149000 133
149500 136
150000 141
150500 140
151000 128
151500 130
152000 126
152500 150
153000 135
153500 114
154000 150
154500 147
155000 120
155500 127
156000 112
156500 125
157000 130
157500 120
158000 124
158500 120
159000 136
159500 134
160000 128
160500 125
161000 133
161500 123
162000 144
162500 114
163000 142
163500 120
164000 127
164500 138
165000 137
165500 125
166000 110
166500 119
167000 131
167500 152
168000 145
168500 122
169000 124
169500 135
170000 116
170500 143
171000 167
171500 119
172000 149
172500 141
173000 138
173500 129
174000 120
174500 141
175000 133
175500 101
176000 116
176500 109
177000 113
177500 116
178000 105
178500 137
179000 122
179500 105
180000 137
180500 119
181000 123
181500 137
182000 116
182500 125
183000 107
183500 124
184000 113
184500 121
185000 122
185500 108
186000 128
186500 136
187000 128
187500 122
188000 124
188500 127
189000 128
189500 121
190000 131
190500 95
191000 131
191500 129
192000 132
192500 144
193000 123
193500 120
194000 111
194500 118
195000 156
195500 117
196000 130
196500 125
197000 125
197500 130
198000 131
198500 134
199000 133
199500 145
200000 123
200500 108
201000 120
201500 126
202000 135
202500 111
203000 114
203500 141
204000 102
204500 127
205000 118
205500 112
206000 108
206500 148
207000 102
207500 97
208000 120
208500 115
209000 105
209500 124
210000 128
210500 137
211000 106
211500 117
212000 112
212500 120
213000 119
213500 99
214000 114
214500 102
215000 105
215500 131
216000 126
216500 116
217000 133
217500 122
218000 114
218500 104
219000 119
219500 123
220000 109
220500 114
221000 122
221500 135
222000 133
222500 96
223000 99
223500 136
224000 143
224500 117
225000 107
225500 118
226000 121
226500 87
227000 119
227500 119
228000 126
228500 102
229000 116
229500 113
230000 104
230500 95
231000 115
231500 104
232000 113
232500 91
233000 87
233500 97
234000 92
234500 119
235000 107
235500 108
236000 116
236500 101
237000 99
237500 123
238000 108
238500 104
239000 96
239500 95
240000 105
240500 102
241000 130
241500 93
242000 124
242500 100
243000 120
243500 102
244000 90
244500 110
245000 89
245500 129
246000 123
246500 93
247000 114
247500 98
248000 118
248500 92
249000 95
249500 101
250000 102
250500 81
251000 77
251500 88
252000 87
252500 87
253000 86
253500 118
254000 110
254500 93
255000 114
255500 89
256000 85
256500 85
257000 97
257500 104
258000 84
258500 91
259000 94
259500 78
260000 109
260500 95
261000 93
261500 102
262000 96
262500 105
263000 88
263500 82
264000 102
264500 112
265000 90
265500 87
266000 136
266500 92
267000 106
267500 114
268000 93
268500 94
269000 90
269500 95
270000 93
270500 100
271000 101
271500 115
272000 126
272500 98
273000 101
273500 91
274000 98
274500 98
275000 105
275500 75
276000 81
276500 88
277000 83
277500 125
278000 89
278500 100
279000 103
279500 82
280000 84
280500 85
281000 81
281500 74
282000 74
282500 74
283000 94
283500 80
284000 93
284500 84
285000 95
285500 102
286000 93
286500 85
287000 88
287500 81
288000 86
288500 102
289000 81
289500 80
290000 85
290500 83
291000 83
291500 86
292000 89
292500 88
293000 87
293500 77
294000 87
294500 110
295000 124
295500 73
296000 73
296500 70
297000 76
297500 74
298000 87
298500 78
299000 88
299500 80
300000 79
300500 71
301000 72
301500 70
302000 74
302500 71
303000 73
303500 77
304000 71
304500 71
305000 74
305500 79
306000 91
306500 72
307000 72
307500 72
308000 74
308500 68
309000 72
309500 74
310000 69
310500 72
311000 78
311500 79
312000 107
312500 88
313000 89
313500 79
314000 84
314500 79
315000 101
315500 87
316000 76
316500 88
317000 84
317500 109
318000 85
318500 105
319000 85
319500 81
320000 114
320500 81
321000 133
321500 79
322000 73
322500 73
323000 70
323500 66
324000 66
324500 67
325000 69
325500 70
326000 70
326500 69
327000 71
327500 87
328000 73
328500 81
329000 74
329500 70
330000 70
330500 73
331000 69
331500 69
332000 69
332500 69
333000 67
333500 68
334000 67
334500 69
335000 69
335500 67
336000 67
336500 66
337000 68
337500 67
338000 70
338500 67
339000 67
339500 70
340000 70
340500 68
341000 68
341500 72
342000 71
342500 71
343000 71
343500 71
344000 71
344500 76
345000 73
345500 72
346000 104
346500 95
347000 82
347500 123
348000 108
348500 82
349000 91
349500 82
350000 76
350500 73
351000 71
351500 71
352000 71
352500 71
353000 73
353500 70
354000 70
354500 70
355000 70
355500 70
356000 70
356500 70
357000 70
357500 70
358000 70
358500 70
359000 70
359500 70
360000 70
360500 68
361000 68
361500 68
362000 68
362500 68
363000 68
363500 69
364000 70
364500 69
365000 68
365500 68
366000 68
366500 68
367000 68
367500 68
368000 68
368500 68
369000 68
369500 68
370000 68
370500 68
371000 68
371500 70
372000 68
372500 68
373000 68
373500 68
374000 68
374500 68
375000 68
375500 68
376000 68
376500 68
377000 68
377500 68
378000 68
378500 68
379000 68
379500 69
380000 69
380500 68
381000 68
381500 68
382000 68
382500 68
383000 68
383500 68
384000 68
384500 68
385000 68
385500 68
386000 68
386500 68
387000 68
387500 68
388000 68
388500 68
389000 68
389500 68
390000 68
390500 68
391000 68
391500 68
392000 68
392500 68
393000 68
393500 68
394000 68
394500 68
395000 68
395500 68
396000 68
396500 68
397000 68
397500 68
398000 68
398500 68
399000 68
399500 68
400000 68
400500 68
401000 68
401500 68
402000 68
402500 68
403000 68
403500 68
404000 68
404500 68
405000 68
405500 68
406000 68
406500 68
407000 68
407500 68
408000 68
408500 68
409000 68
409500 68
410000 68
410500 68
411000 68
411500 68
412000 68
412500 68
413000 68
413500 68
414000 68
414500 68
415000 68
415500 68
416000 68
416500 68
417000 68
417500 68
418000 68
418500 68
419000 68
419500 68
420000 68
420500 68
421000 68
421500 68
422000 68
422500 68
423000 68
423500 68
424000 68
424500 68
425000 68
425500 68
426000 68
426500 68
427000 68
427500 68
428000 68
428500 68
429000 68
429500 68
430000 68
430500 68
431000 68
431500 68
432000 68
432500 68
433000 68
433500 68
434000 68
434500 68
435000 68
435500 68
436000 68
436500 68
437000 68
437500 68
438000 68
438500 68
439000 68
439500 68
440000 68
440500 68
441000 68
441500 68
442000 68
442500 68
443000 68
443500 68
444000 68
444500 68
445000 68
445500 68
446000 68
446500 68
447000 68
447500 68
448000 68
448500 68
449000 68
449500 68
450000 68
450500 68
451000 68
451500 68
452000 68
452500 68
453000 68
453500 68
454000 68
454500 68
455000 68
455500 68
456000 68
456500 68
457000 68
457500 68
458000 68
458500 68
459000 68
459500 68
460000 68
460500 68
461000 68
461500 68
462000 68
462500 68
463000 68
463500 68
464000 68
464500 68
465000 68
465500 68
466000 68
466500 68
467000 68
467500 68
468000 68
468500 68
469000 68
469500 68
470000 68
470500 68
471000 68
471500 68
472000 68
472500 68
473000 68
473500 68
474000 68
474500 68
475000 68
475500 68
476000 68
476500 68
477000 68
477500 68
478000 68
478500 68
479000 68
479500 68
480000 68
480500 68
481000 68
481500 68
482000 68
482500 68
483000 68
483500 68
484000 68
484500 68
485000 68
485500 68
486000 68
486500 68
487000 68
487500 68
488000 68
488500 68
489000 68
489500 68
490000 68
490500 68
491000 68
491500 68
492000 68
492500 68
493000 68
493500 68
494000 68
494500 68
495000 68
495500 68
496000 68
496500 68
497000 68
497500 68
498000 68
498500 68
499000 68
499500 68
500000 68
500500 68
501000 68
501500 68
502000 68
502500 68
503000 68
503500 68
504000 68
504500 68
505000 68
505500 68
506000 68
506500 68
507000 68
507500 68
508000 68
508500 68
509000 68
509500 68
510000 68
510500 68
511000 68
511500 68
512000 68
512500 68
513000 68
513500 68
514000 68
514500 68
515000 68
515500 68
516000 68
516500 68
517000 68
517500 68
518000 68
518500 68
519000 68
519500 68
520000 68
520500 68
521000 68
521500 68
522000 68
522500 68
523000 68
523500 68
524000 68
524500 68
525000 68
525500 68
526000 68
526500 68
527000 68
527500 68
528000 68
528500 68
529000 68
529500 68
530000 68
530500 68
531000 68
531500 68
532000 68
532500 68
533000 68
533500 68
534000 68
534500 68
535000 68
535500 68
536000 68
536500 68
537000 68
537500 68
538000 68
538500 68
539000 68
539500 68
540000 68
540500 68
541000 68
541500 68
542000 68
542500 68
543000 68
543500 68
544000 68
544500 68
545000 68
545500 68
546000 68
546500 68
547000 68
547500 68
548000 68
548500 68
549000 68
549500 68
550000 68
550500 68
551000 68
551500 68
552000 68
552500 68
553000 68
553500 68
554000 68
554500 68
555000 68
555500 68
556000 68
556500 68
557000 68
557500 68
558000 68
558500 68
559000 68
559500 68
560000 68
560500 68
561000 68
561500 68
562000 68
562500 68
563000 68
563500 68
564000 68
564500 68
565000 68
565500 68
566000 68
566500 68
567000 68
567500 68
568000 68
568500 68
569000 68
569500 68
570000 68
570500 68
571000 68
571500 68
572000 68
572500 68
573000 68
573500 68
574000 68
574500 68
575000 68
575500 68
576000 68
576500 68
577000 68
577500 68
578000 68
578500 68
579000 68
579500 68
580000 68
580500 68
581000 68
581500 68
582000 68
582500 68
583000 68
583500 68
584000 68
584500 68
585000 68
585500 68
586000 68
586500 68
587000 68
587500 68
588000 68
588500 68
589000 68
589500 68
590000 68
590500 68
591000 68
591500 68
592000 68
592500 68
593000 68
593500 68
594000 68
594500 68
595000 68
595500 68
596000 68
596500 68
597000 68
597500 68
598000 68
598500 68
599000 68
599500 68
600000 68
600500 68
601000 68
601500 68
602000 68
602500 68
603000 68
603500 68
604000 68
604500 68
605000 68
605500 68
606000 68
606500 68
607000 68
607500 68
608000 68
608500 68
609000 68
609500 68
610000 68
610500 68
611000 68
611500 68
612000 68
612500 68
613000 68
613500 68
614000 68
614500 68
615000 68
615500 68
616000 68
616500 68
617000 68
617500 68
618000 68
618500 68
619000 68
619500 68
620000 68
620500 68
621000 68
621500 68
622000 68
622500 68
623000 68
623500 68
624000 68
624500 68
625000 68
625500 68
626000 68
626500 68
627000 68
627500 68
628000 68
628500 68
629000 68
629500 68
630000 68
630500 68
631000 68
631500 68
632000 68
632500 68
633000 68
633500 68
634000 68
634500 68
635000 68
635500 68
636000 68
636500 68
637000 68
637500 68
638000 68
638500 68
639000 68
639500 68
640000 68
640500 68
641000 68
641500 68
642000 68
642500 68
643000 68
643500 68
644000 68
644500 68
645000 68
645500 68
646000 68
646500 68
647000 68
647500 68
648000 68
648500 68
649000 68
649500 68
650000 68
650500 68
651000 68
651500 68
652000 68
652500 68
653000 68
653500 68
654000 68
654500 68
655000 68
655500 68
656000 68
656500 68
657000 68
657500 68
658000 68
658500 68
659000 68
659500 68
660000 68
660500 68
661000 68
661500 68
662000 68
662500 68
663000 68
663500 68
664000 68
664500 68
665000 68
665500 68
666000 68
666500 68
667000 68
667500 68
668000 68
668500 68
669000 68
669500 68
670000 68
670500 68
671000 68
671500 68
672000 68
672500 68
673000 68
673500 68
674000 68
674500 68
675000 68
