50 500.000
100 500.000
150 500.000
200 500.000
250 500.000
300 500.000
350 500.000
400 500.000
450 500.000
500 500.000
550 500.000
600 500.000
650 500.000
700 500.000
750 500.000
800 500.000
850 500.000
900 500.000
950 500.000
1000 500.000
1050 500.000
1100 500.000
1150 500.000
1200 500.000
1250 500.000
1300 500.000
1350 500.000
1400 500.000
1450 500.000
1500 500.000
1550 500.000
1600 500.000
1650 500.000
1700 500.000
1750 500.000
1800 500.000
1850 500.000
1900 500.000
1950 500.000
2000 500.000
2050 500.000
2100 500.000
2150 500.000
2200 500.000
2250 500.000
2300 500.000
2350 500.000
2400 500.000
2450 500.000
2500 500.000
2550 500.000
2600 500.000
2650 500.000
2700 500.000
2750 500.000
2800 500.000
2850 500.000
2900 500.000
2950 500.000
3000 500.000
3050 500.000
3100 500.000
3150 500.000
3200 500.000
3250 500.000
3300 500.000
3350 500.000
3400 500.000
3450 500.000
3500 500.000
3550 500.000
3600 500.000
3650 500.000
3700 500.000
3750 500.000
3800 500.000
3850 500.000
3900 500.000
3950 500.000
4000 500.000
4050 500.000
4100 500.000
4150 500.000
4200 500.000
4250 500.000
4300 500.000
4350 500.000
4400 500.000
4450 500.000
4500 500.000
4550 500.000
4600 500.000
4650 500.000
4700 500.000
4750 500.000
4800 500.000
4850 500.000
4900 500.000
4950 500.000
5000 500.000
5050 500.000
5100 500.000
5150 500.000
5200 500.000
5250 500.000
5300 500.000
5350 500.000
5400 500.000
5450 500.000
5500 500.000
5550 500.000
5600 500.000
5650 500.000
5700 500.000
5750 500.000
5800 500.000
5850 500.000
5900 500.000
5950 500.000
6000 500.000
6050 500.000
6100 500.000
6150 500.000
6200 500.000
6250 500.000
6300 500.000
6350 500.000
6400 500.000
6450 500.000
6500 500.000
6550 500.000
6600 500.000
6650 500.000
6700 500.000
6750 500.000
6800 500.000
6850 500.000
6900 500.000
6950 500.000
7000 500.000
7050 500.000
7100 500.000
7150 500.000
7200 500.000
7250 500.000
7300 500.000
7350 500.000
7400 500.000
7450 500.000
7500 500.000
7550 500.000
7600 500.000
7650 500.000
7700 500.000
7750 500.000
7800 500.000
7850 500.000
7900 500.000
7950 500.000
8000 500.000
8050 500.000
8100 500.000
8150 500.000
8200 500.000
8250 500.000
8300 500.000
8350 500.000
8400 500.000
8450 500.000
8500 500.000
8550 500.000
8600 500.000
8650 500.000
8700 500.000
8750 500.000
8800 500.000
8850 500.000
8900 500.000
8950 500.000
9000 500.000
9050 500.000
9100 500.000
9150 500.000
9200 500.000
9250 500.000
9300 500.000
9350 500.000
9400 500.000
9450 500.000
9500 500.000
9550 500.000
9600 500.000
9650 500.000
9700 500.000
9750 500.000
9800 500.000
9850 500.000
9900 500.000
9950 500.000
10000 500.000
10050 500.000
10100 500.000
10150 500.000
10200 500.000
10250 500.000
10300 500.000
10350 500.000
10400 500.000
10450 500.000
10500 500.000
10550 500.000
10600 500.000
10650 500.000
10700 500.000
10750 500.000
10800 500.000
10850 500.000
10900 500.000
10950 500.000
11000 500.000
11050 500.000
11100 500.000
11150 500.000
11200 500.000
11250 500.000
11300 500.000
11350 500.000
11400 500.000
11450 500.000
11500 500.000
11550 500.000
11600 500.000
11650 500.000
11700 500.000
11750 500.000
11800 500.000
11850 500.000
11900 500.000
11950 500.000
12000 500.000
12050 500.000
12100 500.000
12150 500.000
12200 500.000
12250 500.000
12300 500.000
12350 500.000
12400 500.000
12450 500.000
12500 500.000
12550 500.000
12600 500.000
12650 500.000
12700 500.000
12750 500.000
12800 500.000
12850 500.000
12900 500.000
12950 500.000
13000 500.000
13050 500.000
13100 500.000
13150 500.000
13200 500.000
13250 500.000
13300 500.000
13350 500.000
13400 500.000
13450 500.000
13500 500.000
13550 500.000
13600 500.000
13650 500.000
13700 500.000
13750 500.000
13800 500.000
13850 500.000
13900 500.000
13950 500.000
14000 500.000
14050 500.000
14100 500.000
14150 500.000
14200 500.000
14250 500.000
14300 500.000
14350 500.000
14400 500.000
14450 500.000
14500 500.000
14550 500.000
14600 500.000
14650 500.000
14700 500.000
14750 500.000
14800 500.000
14850 500.000
14900 500.000
14950 500.000
15000 500.000
15050 500.000
15100 500.000
15150 500.000
15200 500.000
15250 500.000
15300 500.000
15350 500.000
15400 500.000
15450 500.000
15500 500.000
15550 500.000
15600 500.000
15650 500.000
15700 500.000
15750 500.000
15800 500.000
15850 500.000
15900 500.000
15950 500.000
16000 500.000
16050 500.000
16100 500.000
16150 500.000
16200 500.000
16250 500.000
16300 500.000
16350 500.000
16400 500.000
16450 500.000
16500 500.000
16550 500.000
16600 500.000
16650 500.000
16700 500.000
16750 500.000
16800 500.000
16850 500.000
16900 500.000
16950 500.000
17000 500.000
17050 500.000
17100 500.000
17150 500.000
17200 500.000
17250 500.000
17300 500.000
17350 500.000
17400 500.000
17450 500.000
17500 500.000
17550 500.000
17600 500.000
17650 500.000
17700 500.000
17750 500.000
17800 500.000
17850 500.000
17900 500.000
17950 500.000
18000 500.000
18050 500.000
18100 500.000
18150 500.000
18200 500.000
18250 500.000
18300 500.000
18350 500.000
18400 500.000
18450 500.000
18500 500.000
18550 500.000
18600 500.000
18650 500.000
18700 500.000
18750 500.000
18800 500.000
18850 500.000
18900 500.000
18950 500.000
19000 500.000
19050 500.000
19100 500.000
19150 500.000
19200 500.000
19250 500.000
19300 500.000
19350 500.000
19400 500.000
19450 500.000
19500 500.000
19550 500.000
19600 500.000
19650 500.000
19700 500.000
19750 500.000
19800 500.000
19850 500.000
19900 500.000
19950 500.000
20000 67.661
20050 67.661
20100 67.661
20150 67.661
20200 67.661
20250 67.661
20300 67.661
20350 67.661
20400 67.661
20450 67.661
20500 67.661
20550 67.661
20600 67.661
20650 67.661
20700 67.661
20750 67.661
20800 67.661
20850 67.661
20900 67.661
20950 67.661
21000 67.661
21050 67.661
21100 67.661
21150 67.661
21200 67.661
21250 67.661
21300 67.661
21350 67.661
21400 67.661
21450 67.661
21500 67.661
21550 67.661
21600 67.661
21650 67.661
21700 67.661
21750 67.661
21800 67.661
21850 67.661
21900 67.661
21950 67.661
22000 67.661
22050 67.661
22100 67.661
22150 67.661
22200 67.661
22250 67.661
22300 67.661
22350 67.661
22400 67.661
22450 67.661
22500 67.661
22550 67.661
22600 67.661
22650 67.661
22700 67.661
22750 67.661
22800 67.661
22850 67.661
22900 67.661
22950 67.661
23000 67.661
23050 67.661
23100 67.661
23150 67.661
23200 67.661
23250 67.661
23300 67.661
23350 67.661
23400 67.661
23450 67.661
23500 67.661
23550 67.661
23600 67.661
23650 67.661
23700 67.661
23750 67.661
23800 67.661
23850 67.661
23900 67.661
23950 67.661
24000 67.661
24050 67.661
24100 67.661
24150 67.661
24200 67.661
24250 67.661
24300 67.661
24350 67.661
24400 67.661
24450 67.661
24500 67.661
24550 67.661
24600 67.661
24650 67.661
24700 67.661
24750 67.661
24800 67.661
24850 67.661
24900 67.661
24950 67.661
25000 67.661
25050 67.661
25100 67.661
25150 67.661
25200 67.661
25250 67.661
25300 67.661
25350 67.661
25400 67.661
25450 67.661
25500 67.661
25550 67.661
25600 67.661
25650 67.661
25700 67.661
25750 67.661
25800 67.661
25850 67.661
25900 67.661
25950 67.661
26000 67.661
26050 67.661
26100 67.661
26150 67.661
26200 67.661
26250 67.661
26300 67.661
26350 67.661
26400 67.661
26450 67.661
26500 67.661
26550 67.661
26600 67.661
26650 67.661
26700 67.661
26750 67.661
26800 67.661
26850 67.661
26900 67.661
26950 67.661
27000 67.661
27050 67.661
27100 67.661
27150 67.661
27200 67.661
27250 67.661
27300 67.661
27350 67.661
27400 67.661
27450 67.661
27500 67.661
27550 67.661
27600 67.661
27650 67.661
27700 67.661
27750 67.661
27800 67.661
27850 67.661
27900 67.661
27950 67.661
28000 67.661
28050 67.661
28100 67.661
28150 67.661
28200 67.661
28250 67.661
28300 67.661
28350 67.661
28400 67.661
28450 67.661
28500 67.661
28550 67.661
28600 67.661
28650 67.661
28700 67.661
28750 67.661
28800 67.661
28850 67.661
28900 67.661
28950 67.661
29000 67.661
29050 67.661
29100 67.661
29150 67.661
29200 67.661
29250 67.661
29300 67.661
29350 67.661
29400 67.661
29450 67.661
29500 67.661
29550 67.661
29600 67.661
29650 67.661
29700 67.661
29750 67.661
29800 67.661
29850 67.661
29900 67.661
29950 67.661
30000 67.661
30050 67.661
30100 67.661
30150 67.661
30200 67.661
30250 67.661
30300 67.661
30350 67.661
30400 67.661
30450 67.661
30500 67.661
30550 67.661
30600 67.661
30650 67.661
30700 67.661
30750 67.661
30800 67.661
30850 67.661
30900 67.661
30950 67.661
31000 67.661
31050 67.661
31100 67.661
31150 67.661
31200 67.661
31250 67.661
31300 67.661
31350 67.661
31400 67.661
31450 67.661
31500 67.661
31550 67.661
31600 67.661
31650 67.661
31700 67.661
31750 67.661
31800 67.661
31850 67.661
31900 67.661
31950 67.661
32000 67.661
32050 67.661
32100 67.661
32150 67.661
32200 67.661
32250 67.661
32300 67.661
32350 67.661
32400 67.661
32450 67.661
32500 67.661
32550 67.661
32600 67.661
32650 67.661
32700 67.661
32750 67.661
32800 67.661
32850 67.661
32900 67.661
32950 67.661
33000 67.661
33050 67.661
33100 67.661
33150 67.661
33200 67.661
33250 67.661
33300 67.661
33350 67.661
33400 67.661
33450 67.661
33500 67.661
33550 67.661
33600 67.661
33650 67.661
33700 67.661
33750 67.661
33800 67.661
33850 67.661
33900 67.661
33950 67.661
34000 67.661
34050 67.661
34100 67.661
34150 67.661
34200 67.661
34250 67.661
34300 67.661
34350 67.661
34400 67.661
34450 67.661
34500 67.661
34550 67.661
34600 67.661
34650 67.661
34700 67.661
34750 67.661
34800 67.661
34850 67.661
34900 67.661
34950 67.661
35000 67.661
35050 67.661
35100 67.661
35150 67.661
35200 67.661
35250 67.661
35300 67.661
35350 67.661
35400 67.661
35450 67.661
35500 67.661
35550 67.661
35600 67.661
35650 67.661
35700 67.661
35750 67.661
35800 67.661
35850 67.661
35900 67.661
35950 67.661
36000 67.661
36050 67.661
36100 67.661
36150 67.661
36200 67.661
36250 67.661
36300 67.661
36350 67.661
36400 67.661
36450 67.661
36500 67.661
36550 67.661
36600 67.661
36650 67.661
36700 67.661
36750 67.661
36800 67.661
36850 67.661
36900 67.661
36950 67.661
37000 67.661
37050 67.661
37100 67.661
37150 67.661
37200 67.661
37250 67.661
37300 67.661
37350 67.661
37400 67.661
37450 67.661
37500 67.661
37550 67.661
37600 67.661
37650 67.661
37700 67.661
37750 67.661
37800 67.661
37850 67.661
37900 67.661
37950 67.661
38000 67.661
38050 67.661
38100 67.661
38150 67.661
38200 67.661
38250 67.661
38300 67.661
38350 67.661
38400 67.661
38450 67.661
38500 67.661
38550 67.661
38600 67.661
38650 67.661
38700 67.661
38750 67.661
38800 67.661
38850 67.661
38900 67.661
38950 67.661
39000 67.661
39050 67.661
39100 67.661
39150 67.661
39200 67.661
39250 67.661
39300 67.661
39350 67.661
39400 67.661
39450 67.661
39500 67.661
39550 67.661
39600 67.661
39650 67.661
39700 67.661
39750 67.661
39800 67.661
39850 67.661
39900 67.661
39950 67.661
40000 9.156
40050 9.156
40100 9.156
40150 9.156
40200 9.156
40250 9.156
40300 9.156
40350 9.156
40400 9.156
40450 9.156
40500 9.156
40550 9.156
40600 9.156
40650 9.156
40700 9.156
40750 9.156
40800 9.156
40850 9.156
40900 9.156
40950 9.156
41000 9.156
41050 9.156
41100 9.156
41150 9.156
41200 9.156
41250 9.156
41300 9.156
41350 9.156
41400 9.156
41450 9.156
41500 9.156
41550 9.156
41600 9.156
41650 9.156
41700 9.156
41750 9.156
41800 9.156
41850 9.156
41900 9.156
41950 9.156
42000 9.156
42050 9.156
42100 9.156
42150 9.156
42200 9.156
42250 9.156
42300 9.156
42350 9.156
42400 9.156
42450 9.156
42500 9.156
42550 9.156
42600 9.156
42650 9.156
42700 9.156
42750 9.156
42800 9.156
42850 9.156
42900 9.156
42950 9.156
43000 9.156
43050 9.156
43100 9.156
43150 9.156
43200 9.156
43250 9.156
43300 9.156
43350 9.156
43400 9.156
43450 9.156
43500 9.156
43550 9.156
43600 9.156
43650 9.156
43700 9.156
43750 9.156
43800 9.156
43850 9.156
43900 9.156
43950 9.156
44000 9.156
44050 9.156
44100 9.156
44150 9.156
44200 9.156
44250 9.156
44300 9.156
44350 9.156
44400 9.156
44450 9.156
44500 9.156
44550 9.156
44600 9.156
44650 9.156
44700 9.156
44750 9.156
44800 9.156
44850 9.156
44900 9.156
44950 9.156
45000 9.156
45050 9.156
45100 9.156
45150 9.156
45200 9.156
45250 9.156
45300 9.156
45350 9.156
45400 9.156
45450 9.156
45500 9.156
45550 9.156
45600 9.156
45650 9.156
45700 9.156
45750 9.156
45800 9.156
45850 9.156
45900 9.156
45950 9.156
46000 9.156
46050 9.156
46100 9.156
46150 9.156
46200 9.156
46250 9.156
46300 9.156
46350 9.156
46400 9.156
46450 9.156
46500 9.156
46550 9.156
46600 9.156
46650 9.156
46700 9.156
46750 9.156
46800 9.156
46850 9.156
46900 9.156
46950 9.156
47000 9.156
47050 9.156
47100 9.156
47150 9.156
47200 9.156
47250 9.156
47300 9.156
47350 9.156
47400 9.156
47450 9.156
47500 9.156
47550 9.156
47600 9.156
47650 9.156
47700 9.156
47750 9.156
47800 9.156
47850 9.156
47900 9.156
47950 9.156
48000 9.156
48050 9.156
48100 9.156
48150 9.156
48200 9.156
48250 9.156
48300 9.156
48350 9.156
48400 9.156
48450 9.156
48500 9.156
48550 9.156
48600 9.156
48650 9.156
48700 9.156
48750 9.156
48800 9.156
48850 9.156
48900 9.156
48950 9.156
49000 9.156
49050 9.156
49100 9.156
49150 9.156
49200 9.156
49250 9.156
49300 9.156
49350 9.156
49400 9.156
49450 9.156
49500 9.156
49550 9.156
49600 9.156
49650 9.156
49700 9.156
49750 9.156
49800 9.156
49850 9.156
49900 9.156
49950 9.156
50000 9.156
50050 9.156
50100 9.156
50150 9.156
50200 9.156
50250 9.156
50300 9.156
50350 9.156
50400 9.156
50450 9.156
50500 9.156
50550 9.156
50600 9.156
50650 9.156
50700 9.156
50750 9.156
50800 9.156
50850 9.156
50900 9.156
50950 9.156
51000 9.156
51050 9.156
51100 9.156
51150 9.156
51200 9.156
51250 9.156
51300 9.156
51350 9.156
51400 9.156
51450 9.156
51500 9.156
51550 9.156
51600 9.156
51650 9.156
51700 9.156
51750 9.156
51800 9.156
51850 9.156
51900 9.156
51950 9.156
52000 9.156
52050 9.156
52100 9.156
52150 9.156
52200 9.156
52250 9.156
52300 9.156
52350 9.156
52400 9.156
52450 9.156
52500 9.156
52550 9.156
52600 9.156
52650 9.156
52700 9.156
52750 9.156
52800 9.156
52850 9.156
52900 9.156
52950 9.156
53000 9.156
53050 9.156
53100 9.156
53150 9.156
53200 9.156
53250 9.156
53300 9.156
53350 9.156
53400 9.156
53450 9.156
53500 9.156
53550 9.156
53600 9.156
53650 9.156
53700 9.156
53750 9.156
53800 9.156
53850 9.156
53900 9.156
53950 9.156
54000 9.156
54050 9.156
54100 9.156
54150 9.156
54200 9.156
54250 9.156
54300 9.156
54350 9.156
54400 9.156
54450 9.156
54500 9.156
54550 9.156
54600 9.156
54650 9.156
54700 9.156
54750 9.156
54800 9.156
54850 9.156
54900 9.156
54950 9.156
55000 9.156
55050 9.156
55100 9.156
55150 9.156
55200 9.156
55250 9.156
55300 9.156
55350 9.156
55400 9.156
55450 9.156
55500 9.156
55550 9.156
55600 9.156
55650 9.156
55700 9.156
55750 9.156
55800 9.156
55850 9.156
55900 9.156
55950 9.156
56000 9.156
56050 9.156
56100 9.156
56150 9.156
56200 9.156
56250 9.156
56300 9.156
56350 9.156
56400 9.156
56450 9.156
56500 9.156
56550 9.156
56600 9.156
56650 9.156
56700 9.156
56750 9.156
56800 9.156
56850 9.156
56900 9.156
56950 9.156
57000 9.156
57050 9.156
57100 9.156
57150 9.156
57200 9.156
57250 9.156
57300 9.156
57350 9.156
57400 9.156
57450 9.156
57500 9.156
57550 9.156
57600 9.156
57650 9.156
57700 9.156
57750 9.156
57800 9.156
57850 9.156
57900 9.156
57950 9.156
58000 9.156
58050 9.156
58100 9.156
58150 9.156
58200 9.156
58250 9.156
58300 9.156
58350 9.156
58400 9.156
58450 9.156
58500 9.156
58550 9.156
58600 9.156
58650 9.156
58700 9.156
58750 9.156
58800 9.156
58850 9.156
58900 9.156
58950 9.156
59000 9.156
59050 9.156
59100 9.156
59150 9.156
59200 9.156
59250 9.156
59300 9.156
59350 9.156
59400 9.156
59450 9.156
59500 9.156
59550 9.156
59600 9.156
59650 9.156
59700 9.156
59750 9.156
59800 9.156
59850 9.156
59900 9.156
59950 9.156
60000 1.239
60050 1.239
60100 1.239
60150 1.239
60200 1.239
60250 1.239
60300 1.239
60350 1.239
60400 1.239
60450 1.239
60500 1.239
60550 1.239
60600 1.239
60650 1.239
60700 1.239
60750 1.239
60800 1.239
60850 1.239
60900 1.239
60950 1.239
61000 1.239
61050 1.239
61100 1.239
61150 1.239
61200 1.239
61250 1.239
61300 1.239
61350 1.239
61400 1.239
61450 1.239
61500 1.239
61550 1.239
61600 1.239
61650 1.239
61700 1.239
61750 1.239
61800 1.239
61850 1.239
61900 1.239
61950 1.239
62000 1.239
62050 1.239
62100 1.239
62150 1.239
62200 1.239
62250 1.239
62300 1.239
62350 1.239
62400 1.239
62450 1.239
62500 1.239
62550 1.239
62600 1.239
62650 1.239
62700 1.239
62750 1.239
62800 1.239
62850 1.239
62900 1.239
62950 1.239
63000 1.239
63050 1.239
63100 1.239
63150 1.239
63200 1.239
63250 1.239
63300 1.239
63350 1.239
63400 1.239
63450 1.239
63500 1.239
63550 1.239
63600 1.239
63650 1.239
63700 1.239
63750 1.239
63800 1.239
63850 1.239
63900 1.239
63950 1.239
64000 1.239
64050 1.239
64100 1.239
64150 1.239
64200 1.239
64250 1.239
64300 1.239
64350 1.239
64400 1.239
64450 1.239
64500 1.239
64550 1.239
64600 1.239
64650 1.239
64700 1.239
64750 1.239
64800 1.239
64850 1.239
64900 1.239
64950 1.239
65000 1.239
65050 1.239
65100 1.239
65150 1.239
65200 1.239
65250 1.239
65300 1.239
65350 1.239
65400 1.239
65450 1.239
65500 1.239
65550 1.239
65600 1.239
65650 1.239
65700 1.239
65750 1.239
65800 1.239
65850 1.239
65900 1.239
65950 1.239
66000 1.239
66050 1.239
66100 1.239
66150 1.239
66200 1.239
66250 1.239
66300 1.239
66350 1.239
66400 1.239
66450 1.239
66500 1.239
66550 1.239
66600 1.239
66650 1.239
66700 1.239
66750 1.239
66800 1.239
66850 1.239
66900 1.239
66950 1.239
67000 1.239
67050 1.239
67100 1.239
67150 1.239
67200 1.239
67250 1.239
67300 1.239
67350 1.239
67400 1.239
67450 1.239
67500 1.239
67550 1.239
67600 1.239
67650 1.239
67700 1.239
67750 1.239
67800 1.239
67850 1.239
67900 1.239
67950 1.239
68000 1.239
68050 1.239
68100 1.239
68150 1.239
68200 1.239
68250 1.239
68300 1.239
68350 1.239
68400 1.239
68450 1.239
68500 1.239
68550 1.239
68600 1.239
68650 1.239
68700 1.239
68750 1.239
68800 1.239
68850 1.239
68900 1.239
68950 1.239
69000 1.239
69050 1.239
69100 1.239
69150 1.239
69200 1.239
69250 1.239
69300 1.239
69350 1.239
69400 1.239
69450 1.239
69500 1.239
69550 1.239
69600 1.239
69650 1.239
69700 1.239
69750 1.239
69800 1.239
69850 1.239
69900 1.239
69950 1.239
70000 1.239
70050 1.239
70100 1.239
70150 1.239
70200 1.239
70250 1.239
70300 1.239
70350 1.239
70400 1.239
70450 1.239
70500 1.239
70550 1.239
70600 1.239
70650 1.239
70700 1.239
70750 1.239
70800 1.239
70850 1.239
70900 1.239
70950 1.239
71000 1.239
71050 1.239
71100 1.239
71150 1.239
71200 1.239
71250 1.239
71300 1.239
71350 1.239
71400 1.239
71450 1.239
71500 1.239
71550 1.239
71600 1.239
71650 1.239
71700 1.239
71750 1.239
71800 1.239
71850 1.239
71900 1.239
71950 1.239
72000 1.239
72050 1.239
72100 1.239
72150 1.239
72200 1.239
72250 1.239
72300 1.239
72350 1.239
72400 1.239
72450 1.239
72500 1.239
72550 1.239
72600 1.239
72650 1.239
72700 1.239
72750 1.239
72800 1.239
72850 1.239
72900 1.239
72950 1.239
73000 1.239
73050 1.239
73100 1.239
73150 1.239
73200 1.239
73250 1.239
73300 1.239
73350 1.239
73400 1.239
73450 1.239
73500 1.239
73550 1.239
73600 1.239
73650 1.239
73700 1.239
73750 1.239
73800 1.239
73850 1.239
73900 1.239
73950 1.239
74000 1.239
74050 1.239
74100 1.239
74150 1.239
74200 1.239
74250 1.239
74300 1.239
74350 1.239
74400 1.239
74450 1.239
74500 1.239
74550 1.239
74600 1.239
74650 1.239
74700 1.239
74750 1.239
74800 1.239
74850 1.239
74900 1.239
74950 1.239
75000 1.239
75050 1.239
75100 1.239
75150 1.239
75200 1.239
75250 1.239
75300 1.239
75350 1.239
75400 1.239
75450 1.239
75500 1.239
75550 1.239
75600 1.239
75650 1.239
75700 1.239
75750 1.239
75800 1.239
75850 1.239
75900 1.239
75950 1.239
76000 1.239
76050 1.239
76100 1.239
76150 1.239
76200 1.239
76250 1.239
76300 1.239
76350 1.239
76400 1.239
76450 1.239
76500 1.239
76550 1.239
76600 1.239
76650 1.239
76700 1.239
76750 1.239
76800 1.239
76850 1.239
76900 1.239
76950 1.239
77000 1.239
77050 1.239
77100 1.239
77150 1.239
77200 1.239
77250 1.239
77300 1.239
77350 1.239
77400 1.239
77450 1.239
77500 1.239
77550 1.239
77600 1.239
77650 1.239
77700 1.239
77750 1.239
77800 1.239
77850 1.239
77900 1.239
77950 1.239
78000 1.239
78050 1.239
78100 1.239
78150 1.239
78200 1.239
78250 1.239
78300 1.239
78350 1.239
78400 1.239
78450 1.239
78500 1.239
78550 1.239
78600 1.239
78650 1.239
78700 1.239
78750 1.239
78800 1.239
78850 1.239
78900 1.239
78950 1.239
79000 1.239
79050 1.239
79100 1.239
79150 1.239
79200 1.239
79250 1.239
79300 1.239
79350 1.239
79400 1.239
79450 1.239
79500 1.239
79550 1.239
79600 1.239
79650 1.239
79700 1.239
79750 1.239
79800 1.239
79850 1.239
79900 1.239
79950 1.239
80000 0.168
80050 0.168
80100 0.168
80150 0.168
80200 0.168
80250 0.168
80300 0.168
80350 0.168
80400 0.168
80450 0.168
80500 0.168
80550 0.168
80600 0.168
80650 0.168
80700 0.168
80750 0.168
80800 0.168
80850 0.168
80900 0.168
80950 0.168
81000 0.168
81050 0.168
81100 0.168
81150 0.168
81200 0.168
81250 0.168
81300 0.168
81350 0.168
81400 0.168
81450 0.168
81500 0.168
81550 0.168
81600 0.168
81650 0.168
81700 0.168
81750 0.168
81800 0.168
81850 0.168
81900 0.168
81950 0.168
82000 0.168
82050 0.168
82100 0.168
82150 0.168
82200 0.168
82250 0.168
82300 0.168
82350 0.168
82400 0.168
82450 0.168
82500 0.168
82550 0.168
82600 0.168
82650 0.168
82700 0.168
82750 0.168
82800 0.168
82850 0.168
82900 0.168
82950 0.168
83000 0.168
83050 0.168
83100 0.168
83150 0.168
83200 0.168
83250 0.168
83300 0.168
83350 0.168
83400 0.168
83450 0.168
83500 0.168
83550 0.168
83600 0.168
83650 0.168
83700 0.168
83750 0.168
83800 0.168
83850 0.168
83900 0.168
83950 0.168
84000 0.168
84050 0.168
84100 0.168
84150 0.168
84200 0.168
84250 0.168
84300 0.168
84350 0.168
84400 0.168
84450 0.168
84500 0.168
84550 0.168
84600 0.168
84650 0.168
84700 0.168
84750 0.168
84800 0.168
84850 0.168
84900 0.168
84950 0.168
85000 0.168
85050 0.168
85100 0.168
85150 0.168
85200 0.168
85250 0.168
85300 0.168
85350 0.168
85400 0.168
85450 0.168
85500 0.168
85550 0.168
85600 0.168
85650 0.168
85700 0.168
85750 0.168
85800 0.168
85850 0.168
85900 0.168
85950 0.168
86000 0.168
86050 0.168
86100 0.168
86150 0.168
86200 0.168
86250 0.168
86300 0.168
86350 0.168
86400 0.168
86450 0.168
86500 0.168
86550 0.168
86600 0.168
86650 0.168
86700 0.168
86750 0.168
86800 0.168
86850 0.168
86900 0.168
86950 0.168
87000 0.168
87050 0.168
87100 0.168
87150 0.168
87200 0.168
87250 0.168
87300 0.168
87350 0.168
87400 0.168
87450 0.168
87500 0.168
87550 0.168
87600 0.168
87650 0.168
87700 0.168
87750 0.168
87800 0.168
87850 0.168
87900 0.168
87950 0.168
88000 0.168
88050 0.168
88100 0.168
88150 0.168
88200 0.168
88250 0.168
88300 0.168
88350 0.168
88400 0.168
88450 0.168
88500 0.168
88550 0.168
88600 0.168
88650 0.168
88700 0.168
88750 0.168
88800 0.168
88850 0.168
88900 0.168
88950 0.168
89000 0.168
89050 0.168
89100 0.168
89150 0.168
89200 0.168
89250 0.168
89300 0.168
89350 0.168
89400 0.168
89450 0.168
89500 0.168
89550 0.168
89600 0.168
89650 0.168
89700 0.168
89750 0.168
89800 0.168
89850 0.168
89900 0.168
89950 0.168
90000 0.168
90050 0.168
90100 0.168
90150 0.168
90200 0.168
90250 0.168
90300 0.168
90350 0.168
90400 0.168
90450 0.168
90500 0.168
90550 0.168
90600 0.168
90650 0.168
90700 0.168
90750 0.168
90800 0.168
90850 0.168
90900 0.168
90950 0.168
91000 0.168
91050 0.168
91100 0.168
91150 0.168
91200 0.168
91250 0.168
91300 0.168
91350 0.168
91400 0.168
91450 0.168
91500 0.168
91550 0.168
91600 0.168
91650 0.168
91700 0.168
91750 0.168
91800 0.168
91850 0.168
91900 0.168
91950 0.168
92000 0.168
92050 0.168
92100 0.168
92150 0.168
92200 0.168
92250 0.168
92300 0.168
92350 0.168
92400 0.168
92450 0.168
92500 0.168
92550 0.168
92600 0.168
92650 0.168
92700 0.168
92750 0.168
92800 0.168
92850 0.168
92900 0.168
92950 0.168
93000 0.168
93050 0.168
93100 0.168
93150 0.168
93200 0.168
93250 0.168
93300 0.168
93350 0.168
93400 0.168
93450 0.168
93500 0.168
93550 0.168
93600 0.168
93650 0.168
93700 0.168
93750 0.168
93800 0.168
93850 0.168
93900 0.168
93950 0.168
94000 0.168
94050 0.168
94100 0.168
94150 0.168
94200 0.168
94250 0.168
94300 0.168
94350 0.168
94400 0.168
94450 0.168
94500 0.168
94550 0.168
94600 0.168
94650 0.168
94700 0.168
94750 0.168
94800 0.168
94850 0.168
94900 0.168
94950 0.168
95000 0.168
95050 0.168
95100 0.168
95150 0.168
95200 0.168
95250 0.168
95300 0.168
95350 0.168
95400 0.168
95450 0.168
95500 0.168
95550 0.168
95600 0.168
95650 0.168
95700 0.168
95750 0.168
95800 0.168
95850 0.168
95900 0.168
95950 0.168
96000 0.168
96050 0.168
96100 0.168
96150 0.168
96200 0.168
96250 0.168
96300 0.168
96350 0.168
96400 0.168
96450 0.168
96500 0.168
96550 0.168
96600 0.168
96650 0.168
96700 0.168
96750 0.168
96800 0.168
96850 0.168
96900 0.168
96950 0.168
97000 0.168
97050 0.168
97100 0.168
97150 0.168
97200 0.168
97250 0.168
97300 0.168
97350 0.168
97400 0.168
97450 0.168
97500 0.168
97550 0.168
97600 0.168
97650 0.168
97700 0.168
97750 0.168
97800 0.168
97850 0.168
97900 0.168
97950 0.168
98000 0.168
98050 0.168
98100 0.168
98150 0.168
98200 0.168
98250 0.168
98300 0.168
98350 0.168
98400 0.168
98450 0.168
98500 0.168
98550 0.168
98600 0.168
98650 0.168
98700 0.168
98750 0.168
98800 0.168
98850 0.168
98900 0.168
98950 0.168
99000 0.168
99050 0.168
99100 0.168
99150 0.168
99200 0.168
99250 0.168
99300 0.168
99350 0.168
99400 0.168
99450 0.168
99500 0.168
99550 0.168
99600 0.168
99650 0.168
99700 0.168
99750 0.168
99800 0.168
99850 0.168
99900 0.168
99950 0.168
100000 0.023
100050 0.023
100100 0.023
100150 0.023
100200 0.023
100250 0.023
100300 0.023
100350 0.023
100400 0.023
100450 0.023
100500 0.023
100550 0.023
100600 0.023
100650 0.023
100700 0.023
100750 0.023
100800 0.023
100850 0.023
100900 0.023
100950 0.023
101000 0.023
101050 0.023
101100 0.023
101150 0.023
101200 0.023
101250 0.023
101300 0.023
101350 0.023
101400 0.023
101450 0.023
101500 0.023
101550 0.023
101600 0.023
101650 0.023
101700 0.023
101750 0.023
101800 0.023
101850 0.023
101900 0.023
101950 0.023
102000 0.023
102050 0.023
102100 0.023
102150 0.023
102200 0.023
102250 0.023
102300 0.023
102350 0.023
102400 0.023
102450 0.023
102500 0.023
102550 0.023
102600 0.023
102650 0.023
102700 0.023
102750 0.023
102800 0.023
102850 0.023
102900 0.023
102950 0.023
103000 0.023
103050 0.023
103100 0.023
103150 0.023
103200 0.023
103250 0.023
103300 0.023
103350 0.023
103400 0.023
103450 0.023
103500 0.023
103550 0.023
103600 0.023
103650 0.023
103700 0.023
103750 0.023
103800 0.023
103850 0.023
103900 0.023
103950 0.023
104000 0.023
104050 0.023
104100 0.023
104150 0.023
104200 0.023
104250 0.023
104300 0.023
104350 0.023
104400 0.023
104450 0.023
104500 0.023
104550 0.023
104600 0.023
104650 0.023
104700 0.023
104750 0.023
104800 0.023
104850 0.023
104900 0.023
104950 0.023
105000 0.023
105050 0.023
105100 0.023
105150 0.023
105200 0.023
105250 0.023
105300 0.023
105350 0.023
105400 0.023
105450 0.023
105500 0.023
105550 0.023
105600 0.023
105650 0.023
105700 0.023
105750 0.023
105800 0.023
105850 0.023
105900 0.023
105950 0.023
106000 0.023
106050 0.023
106100 0.023
106150 0.023
106200 0.023
106250 0.023
106300 0.023
106350 0.023
106400 0.023
106450 0.023
106500 0.023
106550 0.023
106600 0.023
106650 0.023
106700 0.023
106750 0.023
106800 0.023
106850 0.023
106900 0.023
106950 0.023
107000 0.023
107050 0.023
107100 0.023
107150 0.023
107200 0.023
107250 0.023
107300 0.023
107350 0.023
107400 0.023
107450 0.023
107500 0.023
107550 0.023
107600 0.023
107650 0.023
107700 0.023
107750 0.023
107800 0.023
107850 0.023
107900 0.023
107950 0.023
108000 0.023
108050 0.023
108100 0.023
108150 0.023
108200 0.023
108250 0.023
108300 0.023
108350 0.023
108400 0.023
108450 0.023
108500 0.023
108550 0.023
108600 0.023
108650 0.023
108700 0.023
108750 0.023
108800 0.023
108850 0.023
108900 0.023
108950 0.023
109000 0.023
109050 0.023
109100 0.023
109150 0.023
109200 0.023
109250 0.023
109300 0.023
109350 0.023
109400 0.023
109450 0.023
109500 0.023
109550 0.023
109600 0.023
109650 0.023
109700 0.023
109750 0.023
109800 0.023
109850 0.023
109900 0.023
109950 0.023
110000 0.023
110050 0.023
110100 0.023
110150 0.023
110200 0.023
110250 0.023
110300 0.023
110350 0.023
110400 0.023
110450 0.023
110500 0.023
110550 0.023
110600 0.023
110650 0.023
110700 0.023
110750 0.023
110800 0.023
110850 0.023
110900 0.023
110950 0.023
111000 0.023
111050 0.023
111100 0.023
111150 0.023
111200 0.023
111250 0.023
111300 0.023
111350 0.023
111400 0.023
111450 0.023
111500 0.023
111550 0.023
111600 0.023
111650 0.023
111700 0.023
111750 0.023
111800 0.023
111850 0.023
111900 0.023
111950 0.023
112000 0.023
112050 0.023
112100 0.023
112150 0.023
112200 0.023
112250 0.023
112300 0.023
112350 0.023
112400 0.023
112450 0.023
112500 0.023
112550 0.023
112600 0.023
112650 0.023
112700 0.023
112750 0.023
112800 0.023
112850 0.023
112900 0.023
112950 0.023
113000 0.023
113050 0.023
113100 0.023
113150 0.023
113200 0.023
113250 0.023
113300 0.023
113350 0.023
113400 0.023
113450 0.023
113500 0.023
113550 0.023
113600 0.023
113650 0.023
113700 0.023
113750 0.023
113800 0.023
113850 0.023
113900 0.023
113950 0.023
114000 0.023
114050 0.023
114100 0.023
114150 0.023
114200 0.023
114250 0.023
114300 0.023
114350 0.023
114400 0.023
114450 0.023
114500 0.023
114550 0.023
114600 0.023
114650 0.023
114700 0.023
114750 0.023
114800 0.023
114850 0.023
114900 0.023
114950 0.023
115000 0.023
115050 0.023
115100 0.023
115150 0.023
115200 0.023
115250 0.023
115300 0.023
115350 0.023
115400 0.023
115450 0.023
115500 0.023
115550 0.023
115600 0.023
115650 0.023
115700 0.023
115750 0.023
115800 0.023
115850 0.023
115900 0.023
115950 0.023
116000 0.023
116050 0.023
116100 0.023
116150 0.023
116200 0.023
116250 0.023
116300 0.023
116350 0.023
116400 0.023
116450 0.023
116500 0.023
116550 0.023
116600 0.023
116650 0.023
116700 0.023
116750 0.023
116800 0.023
116850 0.023
116900 0.023
116950 0.023
117000 0.023
117050 0.023
117100 0.023
117150 0.023
117200 0.023
117250 0.023
117300 0.023
117350 0.023
117400 0.023
117450 0.023
117500 0.023
117550 0.023
117600 0.023
117650 0.023
117700 0.023
117750 0.023
117800 0.023
117850 0.023
117900 0.023
117950 0.023
118000 0.023
118050 0.023
118100 0.023
118150 0.023
118200 0.023
118250 0.023
118300 0.023
118350 0.023
118400 0.023
118450 0.023
118500 0.023
118550 0.023
118600 0.023
118650 0.023
118700 0.023
118750 0.023
118800 0.023
118850 0.023
118900 0.023
118950 0.023
119000 0.023
119050 0.023
119100 0.023
119150 0.023
119200 0.023
119250 0.023
119300 0.023
119350 0.023
119400 0.023
119450 0.023
119500 0.023
119550 0.023
119600 0.023
119650 0.023
119700 0.023
119750 0.023
119800 0.023
119850 0.023
119900 0.023
119950 0.023
120000 0.003
120050 0.003
120100 0.003
120150 0.003
120200 0.003
120250 0.003
120300 0.003
120350 0.003
120400 0.003
120450 0.003
120500 0.003
120550 0.003
120600 0.003
120650 0.003
120700 0.003
120750 0.003
120800 0.003
120850 0.003
120900 0.003
120950 0.003
121000 0.003
121050 0.003
121100 0.003
121150 0.003
121200 0.003
121250 0.003
121300 0.003
121350 0.003
121400 0.003
121450 0.003
121500 0.003
121550 0.003
121600 0.003
121650 0.003
121700 0.003
121750 0.003
121800 0.003
121850 0.003
121900 0.003
121950 0.003
122000 0.003
122050 0.003
122100 0.003
122150 0.003
122200 0.003
122250 0.003
122300 0.003
122350 0.003
122400 0.003
122450 0.003
122500 0.003
122550 0.003
122600 0.003
122650 0.003
122700 0.003
122750 0.003
122800 0.003
122850 0.003
122900 0.003
122950 0.003
123000 0.003
123050 0.003
123100 0.003
123150 0.003
123200 0.003
123250 0.003
123300 0.003
123350 0.003
123400 0.003
123450 0.003
123500 0.003
123550 0.003
123600 0.003
123650 0.003
123700 0.003
123750 0.003
123800 0.003
123850 0.003
123900 0.003
123950 0.003
124000 0.003
124050 0.003
124100 0.003
124150 0.003
124200 0.003
124250 0.003
124300 0.003
124350 0.003
124400 0.003
124450 0.003
124500 0.003
124550 0.003
124600 0.003
124650 0.003
124700 0.003
124750 0.003
124800 0.003
124850 0.003
124900 0.003
124950 0.003
125000 0.003
125050 0.003
125100 0.003
125150 0.003
125200 0.003
125250 0.003
125300 0.003
125350 0.003
125400 0.003
125450 0.003
125500 0.003
125550 0.003
125600 0.003
125650 0.003
125700 0.003
125750 0.003
125800 0.003
125850 0.003
125900 0.003
125950 0.003
126000 0.003
126050 0.003
126100 0.003
126150 0.003
126200 0.003
126250 0.003
126300 0.003
126350 0.003
126400 0.003
126450 0.003
126500 0.003
126550 0.003
126600 0.003
126650 0.003
126700 0.003
126750 0.003
126800 0.003
126850 0.003
126900 0.003
126950 0.003
127000 0.003
127050 0.003
127100 0.003
127150 0.003
127200 0.003
127250 0.003
127300 0.003
127350 0.003
127400 0.003
127450 0.003
127500 0.003
127550 0.003
127600 0.003
127650 0.003
127700 0.003
127750 0.003
127800 0.003
127850 0.003
127900 0.003
127950 0.003
128000 0.003
128050 0.003
128100 0.003
128150 0.003
128200 0.003
128250 0.003
128300 0.003
128350 0.003
128400 0.003
128450 0.003
128500 0.003
128550 0.003
128600 0.003
128650 0.003
128700 0.003
128750 0.003
128800 0.003
128850 0.003
128900 0.003
128950 0.003
129000 0.003
129050 0.003
129100 0.003
129150 0.003
129200 0.003
129250 0.003
129300 0.003
129350 0.003
129400 0.003
129450 0.003
129500 0.003
129550 0.003
129600 0.003
129650 0.003
129700 0.003
129750 0.003
129800 0.003
129850 0.003
129900 0.003
129950 0.003
130000 0.003
130050 0.003
130100 0.003
130150 0.003
130200 0.003
130250 0.003
130300 0.003
130350 0.003
130400 0.003
130450 0.003
130500 0.003
130550 0.003
130600 0.003
130650 0.003
130700 0.003
130750 0.003
130800 0.003
130850 0.003
130900 0.003
130950 0.003
131000 0.003
131050 0.003
131100 0.003
131150 0.003
131200 0.003
131250 0.003
131300 0.003
131350 0.003
131400 0.003
131450 0.003
131500 0.003
131550 0.003
131600 0.003
131650 0.003
131700 0.003
131750 0.003
131800 0.003
131850 0.003
131900 0.003
131950 0.003
132000 0.003
132050 0.003
132100 0.003
132150 0.003
132200 0.003
132250 0.003
132300 0.003
132350 0.003
132400 0.003
132450 0.003
132500 0.003
132550 0.003
132600 0.003
132650 0.003
132700 0.003
132750 0.003
132800 0.003
132850 0.003
132900 0.003
132950 0.003
133000 0.003
133050 0.003
133100 0.003
133150 0.003
133200 0.003
133250 0.003
133300 0.003
133350 0.003
133400 0.003
133450 0.003
133500 0.003
133550 0.003
133600 0.003
133650 0.003
133700 0.003
133750 0.003
133800 0.003
133850 0.003
133900 0.003
133950 0.003
134000 0.003
134050 0.003
134100 0.003
134150 0.003
134200 0.003
134250 0.003
134300 0.003
134350 0.003
134400 0.003
134450 0.003
134500 0.003
134550 0.003
134600 0.003
134650 0.003
134700 0.003
134750 0.003
134800 0.003
134850 0.003
134900 0.003
134950 0.003
135000 0.003
135050 0.003
135100 0.003
135150 0.003
135200 0.003
135250 0.003
135300 0.003
135350 0.003
135400 0.003
135450 0.003
135500 0.003
135550 0.003
135600 0.003
135650 0.003
135700 0.003
135750 0.003
135800 0.003
135850 0.003
135900 0.003
135950 0.003
136000 0.003
136050 0.003
136100 0.003
136150 0.003
136200 0.003
136250 0.003
136300 0.003
136350 0.003
136400 0.003
136450 0.003
136500 0.003
136550 0.003
136600 0.003
136650 0.003
136700 0.003
136750 0.003
136800 0.003
136850 0.003
136900 0.003
136950 0.003
137000 0.003
137050 0.003
137100 0.003
137150 0.003
137200 0.003
137250 0.003
137300 0.003
137350 0.003
137400 0.003
137450 0.003
137500 0.003
137550 0.003
137600 0.003
137650 0.003
137700 0.003
137750 0.003
137800 0.003
137850 0.003
137900 0.003
137950 0.003
138000 0.003
138050 0.003
138100 0.003
138150 0.003
138200 0.003
138250 0.003
138300 0.003
138350 0.003
138400 0.003
138450 0.003
138500 0.003
138550 0.003
138600 0.003
138650 0.003
138700 0.003
138750 0.003
138800 0.003
138850 0.003
138900 0.003
138950 0.003
139000 0.003
139050 0.003
139100 0.003
139150 0.003
139200 0.003
139250 0.003
139300 0.003
139350 0.003
139400 0.003
139450 0.003
139500 0.003
139550 0.003
139600 0.003
139650 0.003
139700 0.003
139750 0.003
139800 0.003
139850 0.003
139900 0.003
139950 0.003
140000 0.000
