50 79
100 79
150 79
200 79
250 79
300 79
350 79
400 79
450 79
500 79
550 79
600 79
650 79
700 79
750 79
800 79
850 79
900 79
950 79
1000 79
1050 79
1100 79
1150 79
1200 79
1250 79
1300 79
1350 79
1400 79
1450 79
1500 79
1550 79
1600 79
1650 79
1700 79
1750 79
1800 79
1850 79
1900 79
1950 79
2000 79
2050 79
2100 79
2150 79
2200 79
2250 79
2300 79
2350 79
2400 79
2450 79
2500 79
2550 79
2600 79
2650 79
2700 79
2750 79
2800 79
2850 79
2900 79
2950 79
3000 79
3050 79
3100 79
3150 79
3200 79
3250 79
3300 79
3350 79
3400 79
3450 79
3500 79
3550 79
3600 79
3650 79
3700 79
3750 79
3800 79
3850 79
3900 79
3950 79
4000 79
4050 79
4100 79
4150 79
4200 79
4250 79
4300 79
4350 79
4400 79
4450 79
4500 79
4550 79
4600 79
4650 79
4700 79
4750 79
4800 79
4850 79
4900 79
4950 79
5000 79
5050 79
5100 79
5150 79
5200 79
5250 79
5300 79
5350 79
5400 79
5450 79
5500 79
5550 79
5600 79
5650 79
5700 79
5750 79
5800 79
5850 79
5900 79
5950 79
6000 79
6050 79
6100 79
6150 79
6200 79
6250 79
6300 79
6350 79
6400 79
6450 79
6500 79
6550 79
6600 79
6650 79
6700 79
6750 79
6800 79
6850 79
6900 79
6950 79
7000 79
7050 79
7100 79
7150 79
7200 79
7250 79
7300 79
7350 79
7400 79
7450 79
7500 79
7550 79
7600 79
7650 79
7700 79
7750 79
7800 79
7850 79
7900 79
7950 79
8000 79
8050 79
8100 79
8150 79
8200 79
8250 79
8300 79
8350 79
8400 79
8450 79
8500 79
8550 79
8600 79
8650 79
8700 79
8750 79
8800 79
8850 79
8900 79
8950 79
9000 79
9050 79
9100 79
9150 79
9200 79
9250 79
9300 79
9350 79
9400 79
9450 79
9500 79
9550 79
9600 79
9650 79
9700 79
9750 79
9800 79
9850 79
9900 79
9950 79
10000 79
10050 79
10100 79
10150 79
10200 79
10250 79
10300 79
10350 79
10400 79
10450 79
10500 79
10550 79
10600 79
10650 79
10700 79
10750 79
10800 79
10850 79
10900 79
10950 79
11000 79
11050 79
11100 79
11150 79
11200 79
11250 79
11300 79
11350 79
11400 79
11450 79
11500 79
11550 79
11600 79
11650 79
11700 79
11750 79
11800 79
11850 79
11900 79
11950 79
12000 79
12050 79
12100 79
12150 79
12200 79
12250 79
12300 79
12350 79
12400 79
12450 79
12500 79
12550 79
12600 79
12650 79
12700 79
12750 79
12800 79
12850 79
12900 79
12950 79
13000 79
13050 79
13100 79
13150 79
13200 79
13250 79
13300 79
13350 79
13400 79
13450 79
13500 79
13550 79
13600 79
13650 79
13700 79
13750 79
13800 79
13850 79
13900 79
13950 79
14000 79
14050 79
14100 79
14150 79
14200 79
14250 79
14300 79
14350 79
14400 79
14450 79
14500 79
14550 79
14600 79
14650 79
14700 79
14750 79
14800 79
14850 79
14900 79
14950 79
15000 79
15050 79
15100 79
15150 79
15200 79
15250 79
15300 79
15350 79
15400 79
15450 79
15500 79
15550 79
15600 79
15650 79
15700 79
15750 79
15800 79
15850 79
15900 79
15950 79
16000 79
16050 79
16100 79
16150 79
16200 79
16250 79
16300 79
16350 79
16400 79
16450 79
16500 79
16550 79
16600 79
16650 79
16700 79
16750 79
16800 79
16850 79
16900 79
16950 79
17000 79
17050 79
17100 79
17150 79
17200 79
17250 79
17300 79
17350 79
17400 79
17450 79
17500 79
17550 79
17600 79
17650 79
17700 79
17750 79
17800 79
17850 79
17900 79
17950 79
18000 79
18050 79
18100 79
18150 79
18200 79
18250 79
18300 79
18350 79
18400 79
18450 79
18500 79
18550 79
18600 79
18650 79
18700 79
18750 79
18800 79
18850 79
18900 79
18950 79
19000 79
19050 79
19100 79
19150 79
19200 79
19250 79
19300 79
19350 79
19400 79
19450 79
19500 79
19550 79
19600 79
19650 79
19700 79
19750 79
19800 79
19850 79
19900 79
19950 79
20000 79
20050 79
20100 79
20150 79
20200 79
20250 79
20300 79
20350 79
20400 79
20450 79
20500 79
20550 79
20600 79
20650 79
20700 79
20750 79
20800 79
20850 79
20900 79
20950 79
21000 79
21050 79
21100 79
21150 79
21200 79
21250 79
21300 79
21350 79
21400 79
21450 79
21500 79
21550 79
21600 79
21650 79
21700 79
21750 79
21800 79
21850 79
21900 79
21950 79
22000 79
22050 79
22100 79
22150 79
22200 79
22250 79
22300 79
22350 79
22400 79
22450 79
22500 79
22550 79
22600 79
22650 79
22700 79
22750 79
22800 79
22850 79
22900 79
22950 79
23000 79
23050 79
23100 79
23150 79
23200 79
23250 79
23300 79
23350 79
23400 79
23450 79
23500 79
23550 79
23600 79
23650 79
23700 79
23750 79
23800 79
23850 79
23900 79
23950 79
24000 79
24050 79
24100 79
24150 79
24200 79
24250 79
24300 79
24350 79
24400 79
24450 79
24500 79
24550 79
24600 79
24650 79
24700 79
24750 79
24800 79
24850 79
24900 79
24950 79
25000 79
25050 79
25100 79
25150 79
25200 79
25250 79
25300 79
25350 79
25400 79
25450 79
25500 79
25550 79
25600 79
25650 79
25700 79
25750 79
25800 79
25850 79
25900 79
25950 79
26000 79
26050 79
26100 79
26150 79
26200 79
26250 79
26300 79
26350 79
26400 79
26450 79
26500 79
26550 79
26600 79
26650 79
26700 79
26750 79
26800 79
26850 79
26900 79
26950 79
27000 79
27050 79
27100 79
27150 79
27200 79
27250 79
27300 79
27350 79
27400 79
27450 79
27500 79
27550 79
27600 79
27650 79
27700 79
27750 79
27800 79
27850 79
27900 79
27950 79
28000 79
28050 79
28100 79
28150 79
28200 79
28250 79
28300 79
28350 79
28400 79
28450 79
28500 79
28550 79
28600 79
28650 79
28700 79
28750 79
28800 79
28850 79
28900 79
28950 79
29000 79
29050 79
29100 79
29150 79
29200 79
29250 79
29300 79
29350 79
29400 79
29450 79
29500 79
29550 79
29600 79
29650 79
29700 79
29750 79
29800 79
29850 79
29900 79
29950 79
30000 79
30050 79
30100 79
30150 79
30200 79
30250 79
30300 79
30350 79
30400 79
30450 79
30500 79
30550 79
30600 79
30650 79
30700 79
30750 79
30800 79
30850 79
30900 79
30950 79
31000 79
31050 79
31100 79
31150 79
31200 79
31250 79
31300 79
31350 79
31400 79
31450 79
31500 79
31550 79
31600 79
31650 79
31700 79
31750 79
31800 79
31850 79
31900 79
31950 79
32000 79
32050 79
32100 79
32150 79
32200 79
32250 79
32300 79
32350 79
32400 79
32450 79
32500 79
32550 79
32600 79
32650 79
32700 79
32750 79
32800 79
32850 79
32900 79
32950 79
33000 79
33050 79
33100 79
33150 79
33200 79
33250 79
33300 79
33350 79
33400 79
33450 79
33500 79
33550 79
33600 79
33650 79
33700 79
33750 79
33800 79
33850 79
33900 79
33950 79
34000 79
34050 79
34100 79
34150 79
34200 79
34250 79
34300 79
34350 79
34400 79
34450 79
34500 79
34550 79
34600 79
34650 79
34700 79
34750 79
34800 79
34850 79
34900 79
34950 79
35000 79
35050 79
35100 79
35150 79
35200 79
35250 79
35300 79
35350 79
35400 79
35450 79
35500 79
35550 79
35600 79
35650 79
35700 79
35750 79
35800 79
35850 79
35900 79
35950 79
36000 79
36050 79
36100 79
36150 79
36200 79
36250 79
36300 79
36350 79
36400 79
36450 79
36500 79
36550 79
36600 79
36650 79
36700 79
36750 79
36800 79
36850 79
36900 79
36950 79
37000 79
37050 79
37100 79
37150 79
37200 79
37250 79
37300 79
37350 79
37400 79
37450 79
37500 79
37550 79
37600 79
37650 79
37700 79
37750 79
37800 79
37850 79
37900 79
37950 79
38000 79
38050 79
38100 79
38150 79
38200 79
38250 79
38300 79
38350 79
38400 79
38450 79
38500 79
38550 79
38600 79
38650 79
38700 79
38750 79
38800 79
38850 79
38900 79
38950 79
39000 79
39050 79
39100 79
39150 79
39200 79
39250 79
39300 79
39350 79
39400 79
39450 79
39500 79
39550 79
39600 79
39650 79
39700 79
39750 79
39800 79
39850 79
39900 79
39950 79
40000 79
40050 79
40100 79
40150 79
40200 79
40250 79
40300 79
40350 79
40400 79
40450 79
40500 79
40550 79
40600 79
40650 79
40700 79
40750 79
40800 79
40850 79
40900 79
40950 79
41000 79
41050 79
41100 79
41150 79
41200 79
41250 79
41300 79
41350 79
41400 79
41450 79
41500 79
41550 79
41600 79
41650 79
41700 79
41750 79
41800 79
41850 79
41900 79
41950 79
42000 79
42050 79
42100 79
42150 79
42200 79
42250 79
42300 79
42350 79
42400 79
42450 79
42500 79
42550 79
42600 79
42650 79
42700 79
42750 79
42800 79
42850 79
42900 79
42950 79
43000 79
43050 79
43100 79
43150 79
43200 79
43250 79
43300 79
43350 79
43400 79
43450 79
43500 79
43550 79
43600 79
43650 79
43700 79
43750 79
43800 79
43850 79
43900 79
43950 79
44000 79
44050 79
44100 79
44150 79
44200 79
44250 79
44300 79
44350 79
44400 79
44450 79
44500 79
44550 79
44600 79
44650 79
44700 79
44750 79
44800 79
44850 79
44900 79
44950 79
45000 79
45050 79
45100 79
45150 79
45200 79
45250 79
45300 79
45350 79
45400 79
45450 79
45500 79
45550 79
45600 79
45650 79
45700 79
45750 79
45800 79
45850 79
45900 79
45950 79
46000 79
46050 79
46100 79
46150 79
46200 79
46250 79
46300 79
46350 79
46400 79
46450 79
46500 79
46550 79
46600 79
46650 79
46700 79
46750 79
46800 79
46850 79
46900 79
46950 79
47000 79
47050 79
47100 79
47150 79
47200 79
47250 79
47300 79
47350 79
47400 79
47450 79
47500 79
47550 79
47600 79
47650 79
47700 79
47750 79
47800 79
47850 79
47900 79
47950 79
48000 79
48050 79
48100 79
48150 79
48200 79
48250 79
48300 79
48350 79
48400 79
48450 79
48500 79
48550 79
48600 79
48650 79
48700 79
48750 79
48800 79
48850 79
48900 79
48950 79
49000 79
49050 79
49100 79
49150 79
49200 79
49250 79
49300 79
49350 79
49400 79
49450 79
49500 79
49550 79
49600 79
49650 79
49700 79
49750 79
49800 79
49850 79
49900 79
49950 79
50000 79
50050 79
50100 79
50150 79
50200 79
50250 79
50300 79
50350 79
50400 79
50450 79
50500 79
50550 79
50600 79
50650 79
50700 79
50750 79
50800 79
50850 79
50900 79
50950 79
51000 79
51050 79
51100 79
51150 79
51200 79
51250 79
51300 79
51350 79
51400 79
51450 79
51500 79
51550 79
51600 79
51650 79
51700 79
51750 79
51800 79
51850 79
51900 79
51950 79
52000 79
52050 79
52100 79
52150 79
52200 79
52250 79
52300 79
52350 79
52400 79
52450 79
52500 79
52550 79
52600 79
52650 79
52700 79
52750 79
52800 79
52850 79
52900 79
52950 79
53000 79
53050 79
53100 79
53150 79
53200 79
53250 79
53300 79
53350 79
53400 79
53450 79
53500 79
53550 79
53600 79
53650 79
53700 79
53750 79
53800 79
53850 79
53900 79
53950 79
54000 79
54050 79
54100 79
54150 79
54200 79
54250 79
54300 79
54350 79
54400 79
54450 79
54500 79
54550 79
54600 79
54650 79
54700 79
54750 79
54800 79
54850 79
54900 79
54950 79
55000 79
55050 79
55100 79
55150 79
55200 79
55250 79
55300 79
55350 79
55400 79
55450 79
55500 79
55550 79
55600 79
55650 79
55700 79
55750 79
55800 79
55850 79
55900 79
55950 79
56000 79
56050 79
56100 79
56150 79
56200 79
56250 79
56300 79
56350 79
56400 79
56450 79
56500 79
56550 79
56600 79
56650 79
56700 79
56750 79
56800 79
56850 79
56900 79
56950 79
57000 79
57050 79
57100 79
57150 79
57200 79
57250 79
57300 79
57350 79
57400 79
57450 79
57500 79
57550 79
57600 79
57650 79
57700 79
57750 79
57800 79
57850 79
57900 79
57950 77
58000 77
58050 77
58100 77
58150 77
58200 77
58250 77
58300 77
58350 77
58400 77
58450 73
58500 73
58550 73
58600 73
58650 73
58700 73
58750 73
58800 73
58850 73
58900 73
58950 73
59000 73
59050 73
59100 73
59150 73
59200 73
59250 72
59300 72
59350 72
59400 72
59450 72
59500 72
59550 72
59600 72
59650 72
59700 72
59750 72
59800 72
59850 72
59900 72
59950 72
60000 72
60050 72
60100 72
60150 72
60200 72
60250 72
60300 72
60350 72
60400 72
60450 72
60500 72
60550 72
60600 72
60650 72
60700 72
60750 72
60800 72
60850 72
60900 72
60950 72
61000 72
61050 72
61100 72
61150 72
61200 72
61250 72
61300 72
61350 72
61400 72
61450 72
61500 72
61550 72
61600 72
61650 72
61700 72
61750 72
61800 72
61850 72
61900 72
61950 72
62000 72
62050 72
62100 72
62150 72
62200 72
62250 72
62300 72
62350 72
62400 72
62450 72
62500 72
62550 72
62600 72
62650 72
62700 72
62750 72
62800 72
62850 72
62900 72
62950 72
63000 72
63050 72
63100 72
63150 72
63200 72
63250 72
63300 72
63350 72
63400 72
63450 72
63500 72
63550 72
63600 72
63650 72
63700 72
63750 72
63800 72
63850 72
63900 72
63950 72
64000 72
64050 72
64100 72
64150 72
64200 72
64250 72
64300 72
64350 72
64400 72
64450 72
64500 72
64550 72
64600 72
64650 72
64700 72
64750 72
64800 72
64850 72
64900 72
64950 72
65000 72
65050 72
65100 72
65150 72
65200 72
65250 72
65300 72
65350 72
65400 72
65450 72
65500 72
65550 72
65600 72
65650 72
65700 72
65750 72
65800 72
65850 72
65900 72
65950 72
66000 72
66050 72
66100 72
66150 72
66200 72
66250 72
66300 72
66350 72
66400 72
66450 72
66500 72
66550 72
66600 72
66650 72
66700 72
66750 72
66800 72
66850 72
66900 72
66950 72
67000 72
67050 72
67100 72
67150 72
67200 72
67250 72
67300 72
67350 72
67400 71
67450 71
67500 71
67550 71
67600 71
67650 71
67700 71
67750 71
67800 71
67850 71
67900 71
67950 71
68000 71
68050 71
68100 71
68150 71
68200 71
68250 71
68300 71
68350 71
68400 71
68450 71
68500 71
68550 71
68600 71
68650 71
68700 71
68750 71
68800 71
68850 71
68900 71
68950 71
69000 71
69050 71
69100 71
69150 71
69200 71
69250 71
69300 71
69350 71
69400 71
69450 71
69500 71
69550 71
69600 71
69650 71
69700 71
69750 71
69800 71
69850 71
69900 71
69950 71
70000 71
70050 71
70100 71
70150 71
70200 71
70250 71
70300 71
70350 71
70400 71
70450 71
70500 71
70550 71
70600 71
70650 71
70700 71
70750 71
70800 71
70850 71
70900 71
70950 71
71000 71
71050 71
71100 71
71150 71
71200 71
71250 71
71300 71
71350 71
71400 71
71450 71
71500 71
71550 71
71600 71
71650 71
71700 71
71750 71
71800 71
71850 71
71900 71
71950 71
72000 71
72050 71
72100 71
72150 71
72200 71
72250 71
72300 71
72350 71
72400 71
72450 71
72500 71
72550 71
72600 71
72650 71
72700 71
72750 71
72800 71
72850 71
72900 71
72950 71
73000 71
73050 71
73100 71
73150 71
73200 71
73250 71
73300 71
73350 71
73400 71
73450 71
73500 71
73550 71
73600 71
73650 71
73700 71
73750 71
73800 71
73850 71
73900 71
73950 71
74000 71
74050 71
74100 71
74150 71
74200 71
74250 71
74300 71
74350 71
74400 71
74450 71
74500 71
74550 71
74600 71
74650 71
74700 71
74750 71
74800 71
74850 71
74900 71
74950 71
75000 71
75050 71
75100 71
75150 71
75200 71
75250 71
75300 71
75350 71
75400 71
75450 71
75500 71
75550 71
75600 71
75650 71
75700 71
75750 71
75800 71
75850 71
75900 71
75950 71
76000 71
76050 71
76100 71
76150 71
76200 71
76250 71
76300 71
76350 71
76400 71
76450 71
76500 71
76550 71
76600 71
76650 71
76700 71
76750 71
76800 71
76850 71
76900 71
76950 71
77000 71
77050 71
77100 71
77150 71
77200 71
77250 71
77300 71
77350 71
77400 71
77450 71
77500 71
77550 71
77600 71
77650 71
77700 71
77750 71
77800 71
77850 71
77900 71
77950 71
78000 71
78050 71
78100 71
78150 71
78200 71
78250 71
78300 71
78350 71
78400 71
78450 71
78500 71
78550 71
78600 71
78650 71
78700 71
78750 71
78800 71
78850 71
78900 71
78950 71
79000 71
79050 71
79100 71
79150 71
79200 71
79250 71
79300 71
79350 71
79400 71
79450 71
79500 71
79550 71
79600 71
79650 71
79700 71
79750 71
79800 71
79850 71
79900 71
79950 71
80000 71
80050 71
80100 71
80150 71
80200 71
80250 71
80300 71
80350 71
80400 71
80450 71
80500 71
80550 71
80600 71
80650 71
80700 71
80750 71
80800 71
80850 71
80900 71
80950 71
81000 71
81050 71
81100 71
81150 71
81200 71
81250 71
81300 71
81350 71
81400 71
81450 71
81500 71
81550 71
81600 71
81650 71
81700 71
81750 71
81800 71
81850 71
81900 71
81950 71
82000 71
82050 71
82100 71
82150 71
82200 71
82250 71
82300 71
82350 71
82400 71
82450 71
82500 71
82550 71
82600 71
82650 71
82700 71
82750 71
82800 71
82850 71
82900 71
82950 71
83000 71
83050 71
83100 71
83150 71
83200 71
83250 71
83300 71
83350 71
83400 71
83450 71
83500 71
83550 71
83600 71
83650 71
83700 71
83750 71
83800 71
83850 71
83900 71
83950 71
84000 71
84050 71
84100 71
84150 71
84200 71
84250 71
84300 71
84350 71
84400 71
84450 71
84500 71
84550 71
84600 71
84650 71
84700 71
84750 71
84800 71
84850 71
84900 71
84950 71
85000 71
85050 71
85100 71
85150 71
85200 71
85250 71
85300 71
85350 71
85400 71
85450 71
85500 71
85550 71
85600 71
85650 71
85700 71
85750 71
85800 71
85850 71
85900 71
85950 71
86000 71
86050 71
86100 71
86150 71
86200 71
86250 71
86300 71
86350 71
86400 71
86450 71
86500 71
86550 71
86600 71
86650 71
86700 71
86750 71
86800 71
86850 71
86900 71
86950 71
87000 71
87050 71
87100 71
87150 71
87200 71
87250 71
87300 71
87350 71
87400 71
87450 71
87500 71
87550 71
87600 71
87650 71
87700 71
87750 71
87800 71
87850 71
87900 71
87950 71
88000 71
88050 71
88100 71
88150 71
88200 71
88250 71
88300 71
88350 71
88400 71
88450 71
88500 71
88550 71
88600 71
88650 71
88700 71
88750 71
88800 71
88850 71
88900 71
88950 71
89000 71
89050 71
89100 71
89150 71
89200 71
89250 71
89300 71
89350 71
89400 71
89450 71
89500 71
89550 71
89600 71
89650 71
89700 71
89750 71
89800 71
89850 71
89900 71
89950 71
90000 71
90050 71
90100 71
90150 71
90200 71
90250 71
90300 71
90350 71
90400 71
90450 71
90500 71
90550 71
90600 71
90650 71
90700 71
90750 71
90800 71
90850 71
90900 71
90950 71
91000 71
91050 71
91100 71
91150 71
91200 71
91250 71
91300 71
91350 71
91400 71
91450 71
91500 71
91550 71
91600 71
91650 71
91700 71
91750 71
91800 71
91850 71
91900 71
91950 71
92000 71
92050 71
92100 71
92150 71
92200 71
92250 71
92300 71
92350 71
92400 71
92450 71
92500 71
92550 71
92600 71
92650 71
92700 71
92750 71
92800 71
92850 71
92900 71
92950 71
93000 71
93050 71
93100 71
93150 71
93200 71
93250 71
93300 71
93350 71
93400 71
93450 71
93500 71
93550 71
93600 71
93650 71
93700 71
93750 71
93800 71
93850 71
93900 71
93950 71
94000 71
94050 71
94100 71
94150 71
94200 71
94250 71
94300 71
94350 71
94400 71
94450 71
94500 71
94550 71
94600 71
94650 71
94700 71
94750 71
94800 71
94850 71
94900 71
94950 71
95000 71
95050 71
95100 71
95150 71
95200 71
95250 71
95300 71
95350 71
95400 71
95450 71
95500 71
95550 71
95600 71
95650 71
95700 71
95750 71
95800 71
95850 71
95900 71
95950 71
96000 71
96050 71
96100 71
96150 71
96200 71
96250 71
96300 71
96350 71
96400 71
96450 71
96500 71
96550 71
96600 71
96650 71
96700 71
96750 71
96800 71
96850 71
96900 71
96950 71
97000 71
97050 71
97100 71
97150 71
97200 71
97250 71
97300 71
97350 71
97400 71
97450 71
97500 71
97550 71
97600 71
97650 71
97700 71
97750 71
97800 71
97850 71
97900 71
97950 71
98000 71
98050 71
98100 71
98150 71
98200 71
98250 71
98300 71
98350 71
98400 71
98450 71
98500 71
98550 71
98600 71
98650 71
98700 71
98750 71
98800 71
98850 71
98900 71
98950 71
99000 71
99050 71
99100 71
99150 71
99200 71
99250 71
99300 71
99350 71
99400 71
99450 71
99500 71
99550 71
99600 71
99650 71
99700 71
99750 71
99800 71
99850 71
99900 71
99950 71
100000 71
100050 71
100100 71
100150 71
100200 71
100250 71
100300 71
100350 71
100400 71
100450 71
100500 71
100550 71
100600 71
100650 71
100700 71
100750 71
100800 71
100850 71
100900 71
100950 71
101000 71
101050 71
101100 71
101150 71
101200 71
101250 71
101300 71
101350 71
101400 71
101450 71
101500 71
101550 71
101600 71
101650 71
101700 71
101750 71
101800 71
101850 71
101900 71
101950 71
102000 71
102050 71
102100 71
102150 71
102200 71
102250 71
102300 71
102350 71
102400 71
102450 71
102500 71
102550 71
102600 71
102650 71
102700 71
102750 71
102800 71
102850 71
102900 71
102950 71
103000 71
103050 71
103100 71
103150 71
103200 71
103250 71
103300 71
103350 71
103400 71
103450 71
103500 71
103550 71
103600 71
103650 71
103700 71
103750 71
103800 71
103850 71
103900 71
103950 71
104000 71
104050 71
104100 71
104150 71
104200 71
104250 71
104300 71
104350 71
104400 71
104450 71
104500 71
104550 71
104600 71
104650 71
104700 71
104750 71
104800 71
104850 71
104900 71
104950 71
105000 71
105050 71
105100 71
105150 71
105200 71
105250 71
105300 71
105350 71
105400 71
105450 71
105500 71
105550 71
105600 71
105650 71
105700 71
105750 71
105800 71
105850 71
105900 71
105950 71
106000 71
106050 71
106100 71
106150 71
106200 71
106250 71
106300 71
106350 71
106400 71
106450 71
106500 71
106550 71
106600 71
106650 71
106700 71
106750 71
106800 71
106850 71
106900 71
106950 71
107000 71
107050 71
107100 71
107150 71
107200 71
107250 71
107300 71
107350 71
107400 71
107450 71
107500 71
107550 71
107600 71
107650 71
107700 71
107750 71
107800 71
107850 71
107900 71
107950 71
108000 71
108050 71
108100 71
108150 71
