50 155
100 152
150 141
200 163
250 148
300 127
350 146
400 154
450 144
500 120
550 157
600 171
650 167
700 164
750 152
800 158
850 161
900 161
950 140
1000 149
1050 152
1100 164
1150 150
1200 159
1250 150
1300 130
1350 153
1400 156
1450 147
1500 159
1550 135
1600 145
1650 141
1700 150
1750 156
1800 153
1850 149
1900 151
1950 148
2000 167
2050 160
2100 162
2150 142
2200 159
2250 139
2300 158
2350 143
2400 151
2450 154
2500 140
2550 144
2600 168
2650 164
2700 120
2750 157
2800 170
2850 141
2900 154
2950 148
3000 144
3050 143
3100 154
3150 157
3200 149
3250 148
3300 153
3350 135
3400 136
3450 161
3500 155
3550 157
3600 170
3650 165
3700 165
3750 145
3800 152
3850 157
3900 163
3950 128
4000 135
4050 150
4100 152
4150 162
4200 148
4250 148
4300 141
4350 156
4400 140
4450 164
4500 168
4550 161
4600 150
4650 124
4700 149
4750 159
4800 142
4850 156
4900 156
4950 153
5000 140
5050 167
5100 161
5150 153
5200 159
5250 150
5300 143
5350 158
5400 157
5450 131
5500 174
5550 149
5600 143
5650 140
5700 147
5750 155
5800 155
5850 132
5900 155
5950 136
6000 153
6050 155
6100 173
6150 168
6200 156
6250 148
6300 168
6350 160
6400 140
6450 160
6500 164
6550 152
6600 146
6650 131
6700 148
6750 140
6800 138
6850 142
6900 154
6950 154
7000 153
7050 134
7100 172
7150 157
7200 154
7250 144
7300 131
7350 137
7400 148
7450 157
7500 144
7550 160
7600 169
7650 153
7700 150
7750 144
7800 157
7850 164
7900 155
7950 139
8000 137
8050 165
8100 132
8150 148
8200 152
8250 142
8300 143
8350 148
8400 149
8450 158
8500 164
8550 138
8600 165
8650 149
8700 147
8750 161
8800 152
8850 143
8900 145
8950 155
9000 146
9050 156
9100 153
9150 141
9200 147
9250 148
9300 160
9350 150
9400 142
9450 144
9500 125
9550 149
9600 160
9650 146
9700 130
9750 138
9800 149
9850 159
9900 165
9950 145
10000 156
10050 161
10100 163
10150 141
10200 142
10250 142
10300 140
10350 151
10400 142
10450 156
10500 148
10550 164
10600 135
10650 154
10700 122
10750 136
10800 150
10850 147
10900 150
10950 135
11000 142
11050 156
11100 149
11150 163
11200 149
11250 129
11300 150
11350 154
11400 165
11450 149
11500 154
11550 145
11600 152
11650 144
11700 160
11750 134
11800 155
11850 141
11900 157
11950 149
12000 131
12050 165
12100 156
12150 163
12200 181
12250 162
12300 151
12350 136
12400 166
12450 125
12500 141
12550 167
12600 165
12650 134
12700 147
12750 154
12800 149
12850 151
12900 143
12950 132
13000 171
13050 156
13100 163
13150 147
13200 132
13250 155
13300 156
13350 141
13400 152
13450 148
13500 136
13550 147
13600 163
13650 137
13700 161
13750 139
13800 136
13850 161
13900 146
13950 143
14000 168
14050 149
14100 150
14150 166
14200 136
14250 147
14300 138
14350 129
14400 142
14450 119
14500 155
14550 148
14600 153
14650 140
14700 140
14750 142
14800 155
14850 148
14900 148
14950 155
15000 143
15050 159
15100 159
15150 136
15200 132
15250 125
15300 154
15350 146
15400 143
15450 156
15500 151
15550 156
15600 152
15650 171
15700 129
15750 167
15800 132
15850 165
15900 143
15950 142
16000 145
16050 159
16100 154
16150 160
16200 167
16250 139
16300 146
16350 133
16400 154
16450 145
16500 138
16550 157
16600 160
16650 148
16700 149
16750 137
16800 140
16850 169
16900 153
16950 153
17000 151
17050 165
17100 150
17150 157
17200 151
17250 155
17300 170
17350 147
17400 144
17450 166
17500 160
17550 149
17600 148
17650 167
17700 150
17750 144
17800 164
17850 152
17900 167
17950 146
18000 148
18050 160
18100 146
18150 156
18200 161
18250 151
18300 152
18350 150
18400 137
18450 155
18500 154
18550 149
18600 153
18650 157
18700 144
18750 170
18800 154
18850 128
18900 163
18950 129
19000 165
19050 138
19100 146
19150 171
19200 145
19250 161
19300 156
19350 137
19400 162
19450 132
19500 146
19550 140
19600 161
19650 147
19700 153
19750 153
19800 151
19850 137
19900 170
19950 126
20000 158
20050 136
20100 131
20150 162
20200 169
20250 140
20300 151
20350 155
20400 136
20450 143
20500 150
20550 141
20600 141
20650 146
20700 162
20750 149
20800 127
20850 155
20900 162
20950 143
21000 150
21050 138
21100 146
21150 161
21200 156
21250 137
21300 141
21350 162
21400 137
21450 144
21500 146
21550 156
21600 150
21650 162
21700 163
21750 158
21800 173
21850 145
21900 146
21950 135
22000 149
22050 147
22100 141
22150 147
22200 140
22250 146
22300 156
22350 159
22400 143
22450 157
22500 151
22550 142
22600 146
22650 160
22700 123
22750 141
22800 142
22850 156
22900 152
22950 145
23000 146
23050 167
23100 142
23150 138
23200 151
23250 166
23300 152
23350 151
23400 160
23450 155
23500 155
23550 145
23600 146
23650 148
23700 125
23750 156
23800 149
23850 152
23900 171
23950 158
24000 144
24050 149
24100 159
24150 146
24200 150
24250 138
24300 152
24350 150
24400 168
24450 139
24500 151
24550 145
24600 141
24650 150
24700 154
24750 146
24800 135
24850 156
24900 173
24950 154
25000 173
25050 150
25100 165
25150 152
25200 143
25250 163
25300 114
25350 157
25400 143
25450 149
25500 152
25550 145
25600 143
25650 148
25700 157
25750 157
25800 141
25850 143
25900 152
25950 137
26000 160
26050 148
26100 121
26150 147
26200 154
26250 153
26300 134
26350 145
26400 134
26450 144
26500 160
26550 129
26600 151
26650 154
26700 145
26750 151
26800 147
26850 162
26900 142
26950 135
27000 153
27050 147
27100 145
27150 134
27200 149
27250 145
27300 141
27350 148
27400 156
27450 163
27500 144
27550 156
27600 165
27650 136
27700 132
27750 141
27800 140
27850 152
27900 145
27950 162
28000 143
28050 151
28100 160
28150 159
28200 163
28250 127
28300 165
28350 146
28400 142
28450 145
28500 136
28550 138
28600 147
28650 143
28700 144
28750 151
28800 157
28850 161
28900 129
28950 155
29000 146
29050 166
29100 160
29150 149
29200 150
29250 125
29300 152
29350 158
29400 158
29450 164
29500 127
29550 141
29600 135
29650 154
29700 165
29750 148
29800 153
29850 143
29900 159
29950 150
30000 128
30050 136
30100 140
30150 145
30200 145
30250 135
30300 171
30350 154
30400 134
30450 160
30500 143
30550 140
30600 141
30650 155
30700 165
30750 138
30800 150
30850 143
30900 142
30950 127
31000 147
31050 139
31100 141
31150 139
31200 161
31250 175
31300 159
31350 140
31400 146
31450 148
31500 154
31550 147
31600 145
31650 168
31700 146
31750 147
31800 145
31850 150
31900 161
31950 161
32000 165
32050 137
32100 141
32150 148
32200 141
32250 147
32300 138
32350 148
32400 157
32450 146
32500 162
32550 149
32600 141
32650 143
32700 156
32750 146
32800 148
32850 149
32900 129
32950 145
33000 158
33050 139
33100 147
33150 136
33200 132
33250 146
33300 157
33350 161
33400 130
33450 148
33500 143
33550 150
33600 133
33650 147
33700 158
33750 140
33800 125
33850 126
33900 130
33950 142
34000 132
34050 133
34100 140
34150 144
34200 153
34250 165
34300 145
34350 140
34400 125
34450 159
34500 155
34550 149
34600 161
34650 138
34700 144
34750 155
34800 145
34850 143
34900 140
34950 163
35000 158
35050 119
35100 153
35150 142
35200 146
35250 130
35300 162
35350 138
35400 138
35450 151
35500 151
35550 113
35600 159
35650 144
35700 158
35750 143
35800 152
35850 134
35900 126
35950 155
36000 147
36050 159
36100 131
36150 146
36200 139
36250 131
36300 155
36350 145
36400 136
36450 124
36500 139
36550 150
36600 152
36650 146
36700 148
36750 149
36800 148
36850 130
36900 133
36950 147
37000 141
37050 117
37100 155
37150 155
37200 158
37250 146
37300 143
37350 144
37400 156
37450 147
37500 151
37550 141
37600 149
37650 137
37700 141
37750 132
37800 148
37850 123
37900 134
37950 145
38000 139
38050 159
38100 160
38150 153
38200 143
38250 127
38300 130
38350 149
38400 121
38450 138
38500 143
38550 125
38600 130
38650 144
38700 146
38750 137
38800 141
38850 128
38900 147
38950 134
39000 138
39050 117
39100 139
39150 149
39200 160
39250 135
39300 136
39350 133
39400 143
39450 145
39500 139
39550 166
39600 143
39650 125
39700 134
39750 139
39800 123
39850 148
39900 146
39950 160
40000 139
40050 133
40100 127
40150 108
40200 164
40250 133
40300 139
40350 148
40400 141
40450 131
40500 139
40550 139
40600 146
40650 132
40700 130
40750 142
40800 129
40850 149
40900 98
40950 124
41000 145
41050 116
41100 121
41150 118
41200 128
41250 147
41300 136
41350 141
41400 136
41450 151
41500 131
41550 122
41600 114
41650 137
41700 124
41750 148
41800 136
41850 142
41900 132
41950 104
42000 139
42050 134
42100 141
42150 143
42200 133
42250 139
42300 147
42350 132
42400 139
42450 124
42500 120
42550 133
42600 127
42650 145
42700 120
42750 156
42800 138
42850 129
42900 136
42950 140
43000 154
43050 129
43100 136
43150 123
43200 157
43250 129
43300 118
43350 109
43400 130
43450 123
43500 122
43550 134
43600 112
43650 128
43700 126
43750 155
43800 125
43850 134
43900 118
43950 126
44000 118
44050 129
44100 143
44150 121
44200 133
44250 140
44300 137
44350 127
44400 119
44450 140
44500 129
44550 124
44600 131
44650 115
44700 100
44750 134
44800 126
44850 121
44900 122
44950 130
45000 119
45050 155
45100 137
45150 139
45200 122
45250 140
45300 121
45350 110
45400 140
45450 143
45500 132
45550 120
45600 130
45650 138
45700 130
45750 117
45800 121
45850 153
45900 137
45950 122
46000 115
46050 120
46100 115
46150 120
46200 118
46250 127
46300 138
46350 139
46400 120
46450 136
46500 120
46550 134
46600 117
46650 123
46700 121
46750 114
46800 119
46850 114
46900 125
46950 127
47000 133
47050 114
47100 127
47150 115
47200 114
47250 123
47300 115
47350 120
47400 115
47450 121
47500 122
47550 122
47600 119
47650 107
47700 116
47750 114
47800 118
47850 139
47900 119
47950 116
48000 127
48050 107
48100 104
48150 104
48200 109
48250 119
48300 112
48350 120
48400 111
48450 127
48500 139
48550 145
48600 121
48650 121
48700 108
48750 130
48800 112
48850 121
48900 99
48950 113
49000 117
49050 126
49100 105
49150 113
49200 114
49250 115
49300 119
49350 132
49400 134
49450 126
49500 119
49550 113
49600 112
49650 109
49700 113
49750 117
49800 125
49850 128
49900 110
49950 110
50000 114
50050 107
50100 123
50150 117
50200 129
50250 126
50300 116
50350 117
50400 110
50450 106
50500 124
50550 130
50600 124
50650 143
50700 122
50750 125
50800 106
50850 103
50900 111
50950 102
51000 106
51050 104
51100 117
51150 123
51200 111
51250 113
51300 110
51350 120
51400 104
51450 110
51500 109
51550 122
51600 125
51650 134
51700 120
51750 115
51800 111
51850 96
51900 95
51950 108
52000 105
52050 116
52100 95
52150 102
52200 102
52250 110
52300 126
52350 111
52400 116
52450 112
52500 99
52550 101
52600 101
52650 104
52700 99
52750 94
52800 104
52850 108
52900 97
52950 92
53000 89
53050 94
53100 94
53150 104
53200 104
53250 105
53300 95
53350 116
53400 114
53450 108
53500 107
53550 98
53600 101
53650 115
53700 98
53750 99
53800 108
53850 117
53900 124
53950 99
54000 93
54050 86
54100 90
54150 92
54200 99
54250 96
54300 86
54350 97
54400 92
54450 100
54500 95
54550 98
54600 103
54650 102
54700 101
54750 99
54800 104
54850 102
54900 106
54950 97
55000 106
55050 95
55100 92
55150 83
55200 84
55250 83
55300 83
55350 86
55400 86
55450 97
55500 109
55550 99
55600 95
55650 94
55700 97
55750 103
55800 97
55850 94
55900 104
55950 104
56000 92
56050 96
56100 93
56150 91
56200 90
56250 87
56300 84
56350 87
56400 95
56450 99
56500 96
56550 92
56600 100
56650 88
56700 90
56750 87
56800 86
56850 86
56900 90
56950 88
57000 91
57050 94
57100 84
57150 80
57200 81
57250 88
57300 87
57350 87
57400 93
57450 91
57500 88
57550 90
57600 88
57650 84
57700 85
57750 84
57800 83
57850 93
57900 83
57950 83
58000 80
58050 88
58100 87
58150 88
58200 82
58250 83
58300 82
58350 84
58400 85
58450 73
58500 73
58550 78
58600 83
58650 78
58700 76
58750 79
58800 79
58850 79
58900 76
58950 84
59000 76
59050 76
59100 76
59150 75
59200 74
59250 75
59300 75
59350 75
59400 75
59450 75
59500 80
59550 78
59600 78
59650 82
59700 83
59750 84
59800 82
59850 86
59900 82
59950 81
60000 78
60050 83
60100 83
60150 83
60200 84
60250 83
60300 83
60350 81
60400 84
60450 83
60500 83
60550 90
60600 82
60650 82
60700 80
60750 77
60800 76
60850 76
60900 78
60950 82
61000 81
61050 80
61100 81
61150 79
61200 79
61250 79
61300 76
61350 77
61400 75
61450 74
61500 72
61550 73
61600 74
61650 73
61700 74
61750 73
61800 72
61850 73
61900 73
61950 75
62000 76
62050 78
62100 79
62150 82
62200 80
62250 79
62300 79
62350 76
62400 79
62450 79
62500 81
62550 75
62600 76
62650 77
62700 78
62750 73
62800 74
62850 74
62900 75
62950 79
63000 76
63050 77
63100 77
63150 80
63200 81
63250 81
63300 83
63350 85
63400 89
63450 82
63500 74
63550 74
63600 74
63650 74
63700 74
63750 72
63800 72
63850 72
63900 75
63950 72
64000 75
64050 76
64100 80
64150 78
64200 75
64250 75
64300 74
64350 76
64400 75
64450 74
64500 75
64550 73
64600 74
64650 73
64700 73
64750 73
64800 73
64850 73
64900 73
64950 75
65000 73
65050 72
65100 72
65150 72
65200 73
65250 75
65300 75
65350 75
65400 75
65450 74
65500 75
65550 75
65600 75
65650 75
65700 75
65750 75
65800 77
65850 77
65900 77
65950 77
66000 77
66050 77
66100 77
66150 77
66200 77
66250 77
66300 77
66350 77
66400 77
66450 75
66500 74
66550 74
66600 74
66650 73
66700 72
66750 73
66800 73
66850 72
66900 72
66950 74
67000 72
67050 72
67100 72
67150 72
67200 72
67250 72
67300 73
67350 72
67400 71
67450 71
67500 73
67550 71
67600 71
67650 71
67700 71
67750 71
67800 71
67850 73
67900 71
67950 74
68000 71
68050 71
68100 71
68150 71
68200 71
68250 71
68300 71
68350 71
68400 72
68450 73
68500 73
68550 72
68600 72
68650 72
68700 72
68750 72
68800 72
68850 72
68900 72
68950 72
69000 73
69050 73
69100 73
69150 74
69200 73
69250 73
69300 72
69350 72
69400 72
69450 72
69500 72
69550 72
69600 72
69650 72
69700 72
69750 73
69800 72
69850 72
69900 72
69950 72
70000 72
70050 72
70100 71
70150 71
70200 71
70250 72
70300 73
70350 72
70400 72
70450 72
70500 72
70550 72
70600 72
70650 71
70700 72
70750 72
70800 72
70850 72
70900 71
70950 71
71000 71
71050 71
71100 71
71150 71
71200 71
71250 72
71300 72
71350 72
71400 71
71450 71
71500 71
71550 71
71600 71
71650 71
71700 71
71750 71
71800 71
71850 71
71900 71
71950 71
72000 71
72050 71
72100 71
72150 71
72200 71
72250 71
72300 71
72350 71
72400 71
72450 71
72500 71
72550 71
72600 71
72650 71
72700 71
72750 71
72800 71
72850 71
72900 71
72950 71
73000 71
73050 71
73100 71
73150 71
73200 71
73250 71
73300 71
73350 71
73400 71
73450 71
73500 71
73550 71
73600 71
73650 71
73700 71
73750 71
73800 71
73850 71
73900 71
73950 71
74000 71
74050 71
74100 71
74150 71
74200 71
74250 71
74300 71
74350 71
74400 71
74450 71
74500 71
74550 71
74600 71
74650 71
74700 71
74750 71
74800 71
74850 71
74900 71
74950 72
75000 72
75050 71
75100 71
75150 71
75200 71
75250 71
75300 71
75350 71
75400 71
75450 71
75500 71
75550 71
75600 71
75650 71
75700 71
75750 71
75800 71
75850 71
75900 71
75950 71
76000 71
76050 71
76100 71
76150 71
76200 71
76250 71
76300 71
76350 71
76400 71
76450 72
76500 71
76550 72
76600 72
76650 72
76700 71
76750 71
76800 71
76850 71
76900 71
76950 71
77000 71
77050 71
77100 71
77150 71
77200 71
77250 71
77300 71
77350 71
77400 71
77450 71
77500 71
77550 71
77600 71
77650 71
77700 71
77750 71
77800 71
77850 71
77900 71
77950 71
78000 71
78050 71
78100 71
78150 71
78200 71
78250 71
78300 71
78350 71
78400 71
78450 71
78500 71
78550 71
78600 71
78650 71
78700 71
78750 71
78800 71
78850 71
78900 71
78950 71
79000 71
79050 71
79100 71
79150 71
79200 71
79250 71
79300 71
79350 71
79400 71
79450 71
79500 71
79550 71
79600 71
79650 71
79700 71
79750 71
79800 71
79850 71
79900 71
79950 71
80000 71
80050 71
80100 71
80150 71
80200 71
80250 71
80300 71
80350 71
80400 71
80450 71
80500 71
80550 71
80600 71
80650 71
80700 71
80750 71
80800 71
80850 71
80900 71
80950 71
81000 71
81050 71
81100 71
81150 71
81200 71
81250 71
81300 71
81350 71
81400 71
81450 71
81500 71
81550 71
81600 71
81650 71
81700 71
81750 71
81800 71
81850 71
81900 71
81950 71
82000 71
82050 71
82100 71
82150 71
82200 71
82250 71
82300 71
82350 71
82400 71
82450 71
82500 71
82550 71
82600 71
82650 71
82700 71
82750 71
82800 71
82850 71
82900 71
82950 71
83000 71
83050 71
83100 71
83150 71
83200 71
83250 71
83300 71
83350 71
83400 71
83450 71
83500 71
83550 71
83600 71
83650 71
83700 71
83750 71
83800 71
83850 71
83900 71
83950 71
84000 71
84050 71
84100 71
84150 71
84200 71
84250 71
84300 71
84350 71
84400 71
84450 71
84500 71
84550 71
84600 71
84650 71
84700 71
84750 71
84800 71
84850 71
84900 71
84950 71
85000 71
85050 71
85100 71
85150 71
85200 71
85250 71
85300 71
85350 71
85400 71
85450 71
85500 71
85550 71
85600 71
85650 71
85700 71
85750 71
85800 71
85850 71
85900 71
85950 71
86000 71
86050 71
86100 71
86150 71
86200 71
86250 71
86300 71
86350 71
86400 71
86450 71
86500 71
86550 71
86600 71
86650 71
86700 71
86750 71
86800 71
86850 71
86900 71
86950 71
87000 71
87050 71
87100 71
87150 71
87200 71
87250 71
87300 71
87350 71
87400 71
87450 71
87500 71
87550 71
87600 71
87650 71
87700 71
87750 71
87800 71
87850 71
87900 71
87950 71
88000 71
88050 71
88100 71
88150 71
88200 71
88250 71
88300 71
88350 71
88400 71
88450 71
88500 71
88550 71
88600 71
88650 71
88700 71
88750 71
88800 71
88850 71
88900 71
88950 71
89000 71
89050 71
89100 71
89150 71
89200 71
89250 71
89300 71
89350 71
89400 71
89450 71
89500 71
89550 71
89600 71
89650 71
89700 71
89750 71
89800 71
89850 71
89900 71
89950 71
90000 71
90050 71
90100 71
90150 71
90200 71
90250 71
90300 71
90350 71
90400 71
90450 71
90500 71
90550 71
90600 71
90650 71
90700 71
90750 71
90800 71
90850 71
90900 71
90950 71
91000 71
91050 71
91100 71
91150 71
91200 71
91250 71
91300 71
91350 71
91400 71
91450 71
91500 71
91550 71
91600 71
91650 71
91700 71
91750 71
91800 71
91850 71
91900 71
91950 71
92000 71
92050 71
92100 71
92150 71
92200 71
92250 71
92300 71
92350 71
92400 71
92450 71
92500 71
92550 71
92600 71
92650 71
92700 71
92750 71
92800 71
92850 71
92900 71
92950 71
93000 71
93050 71
93100 71
93150 71
93200 71
93250 71
93300 71
93350 71
93400 71
93450 71
93500 71
93550 71
93600 71
93650 71
93700 71
93750 71
93800 71
93850 71
93900 71
93950 71
94000 71
94050 71
94100 71
94150 71
94200 71
94250 71
94300 71
94350 71
94400 71
94450 71
94500 71
94550 71
94600 71
94650 71
94700 71
94750 71
94800 71
94850 71
94900 71
94950 71
95000 71
95050 71
95100 71
95150 71
95200 71
95250 71
95300 71
95350 71
95400 71
95450 71
95500 71
95550 71
95600 71
95650 71
95700 71
95750 71
95800 71
95850 71
95900 71
95950 71
96000 71
96050 71
96100 71
96150 71
96200 71
96250 71
96300 71
96350 71
96400 71
96450 71
96500 71
96550 71
96600 71
96650 71
96700 71
96750 71
96800 71
96850 71
96900 71
96950 71
97000 71
97050 71
97100 71
97150 71
97200 71
97250 71
97300 71
97350 71
97400 71
97450 71
97500 71
97550 71
97600 71
97650 71
97700 71
97750 71
97800 71
97850 71
97900 71
97950 71
98000 71
98050 71
98100 71
98150 71
98200 71
98250 71
98300 71
98350 71
98400 71
98450 71
98500 71
98550 71
98600 71
98650 71
98700 71
98750 71
98800 71
98850 71
98900 71
98950 71
99000 71
99050 71
99100 71
99150 71
99200 71
99250 71
99300 71
99350 71
99400 71
99450 71
99500 71
99550 71
99600 71
99650 71
99700 71
99750 71
99800 71
99850 71
99900 71
99950 71
100000 71
100050 71
100100 71
100150 71
100200 71
100250 71
100300 71
100350 71
100400 71
100450 71
100500 71
100550 71
100600 71
100650 71
100700 71
100750 71
100800 71
100850 71
100900 71
100950 71
101000 71
101050 71
101100 71
101150 71
101200 71
101250 71
101300 71
101350 71
101400 71
101450 71
101500 71
101550 71
101600 71
101650 71
101700 71
101750 71
101800 71
101850 71
101900 71
101950 71
102000 71
102050 71
102100 71
102150 71
102200 71
102250 71
102300 71
102350 71
102400 71
102450 71
102500 71
102550 71
102600 71
102650 71
102700 71
102750 71
102800 71
102850 71
102900 71
102950 71
103000 71
103050 71
103100 71
103150 71
103200 71
103250 71
103300 71
103350 71
103400 71
103450 71
103500 71
103550 71
103600 71
103650 71
103700 71
103750 71
103800 71
103850 71
103900 71
103950 71
104000 71
104050 71
104100 71
104150 71
104200 71
104250 71
104300 71
104350 71
104400 71
104450 71
104500 71
104550 71
104600 71
104650 71
104700 71
104750 71
104800 71
104850 71
104900 71
104950 71
105000 71
105050 71
105100 71
105150 71
105200 71
105250 71
105300 71
105350 71
105400 71
105450 71
105500 71
105550 71
105600 71
105650 71
105700 71
105750 71
105800 71
105850 71
105900 71
105950 71
106000 71
106050 71
106100 71
106150 71
106200 71
106250 71
106300 71
106350 71
106400 71
106450 71
106500 71
106550 71
106600 71
106650 71
106700 71
106750 71
106800 71
106850 71
106900 71
106950 71
107000 71
107050 71
107100 71
107150 71
107200 71
107250 71
107300 71
107350 71
107400 71
107450 71
107500 71
107550 71
107600 71
107650 71
107700 71
107750 71
107800 71
107850 71
107900 71
107950 71
108000 71
108050 71
108100 71
108150 71
