50 196
100 196
150 196
200 196
250 196
300 196
350 196
400 196
450 196
500 196
550 196
600 196
650 196
700 196
750 196
800 196
850 196
900 196
950 196
1000 180
1050 180
1100 180
1150 180
1200 180
1250 180
1300 180
1350 171
1400 171
1450 171
1500 171
1550 171
1600 171
1650 171
1700 171
1750 171
1800 171
1850 171
1900 171
1950 171
2000 171
2050 171
2100 162
2150 162
2200 162
2250 162
2300 162
2350 162
2400 162
2450 162
2500 162
2550 162
2600 162
2650 162
2700 162
2750 162
2800 162
2850 162
2900 162
2950 162
3000 162
3050 162
3100 162
3150 162
3200 162
3250 162
3300 162
3350 162
3400 162
3450 162
3500 162
3550 162
3600 162
3650 162
3700 162
3750 162
3800 146
3850 146
3900 146
3950 146
4000 146
4050 146
4100 146
4150 146
4200 146
4250 146
4300 146
4350 146
4400 132
4450 132
4500 132
4550 132
4600 132
4650 132
4700 132
4750 132
4800 132
4850 132
4900 132
4950 132
5000 132
5050 132
5100 132
5150 132
5200 132
5250 132
5300 132
5350 132
5400 132
5450 132
5500 132
5550 132
5600 132
5650 132
5700 132
5750 132
5800 132
5850 132
5900 132
5950 132
6000 132
6050 132
6100 132
6150 132
6200 132
6250 132
6300 132
6350 132
6400 132
6450 132
6500 132
6550 132
6600 132
6650 132
6700 132
6750 132
6800 132
6850 132
6900 132
6950 132
7000 132
7050 132
7100 132
7150 132
7200 132
7250 132
7300 132
7350 132
7400 132
7450 132
7500 132
7550 132
7600 132
7650 132
7700 132
7750 132
7800 132
7850 132
7900 132
7950 132
8000 132
8050 132
8100 132
8150 132
8200 132
8250 132
8300 132
8350 132
8400 132
8450 132
8500 132
8550 132
8600 132
8650 132
8700 132
8750 132
8800 132
8850 132
8900 132
8950 132
9000 132
9050 132
9100 132
9150 132
9200 132
9250 132
9300 132
9350 132
9400 132
9450 132
9500 132
9550 132
9600 132
9650 132
9700 132
9750 132
9800 132
9850 132
9900 132
9950 132
10000 132
10050 132
10100 132
10150 132
10200 132
10250 132
10300 132
10350 132
10400 129
10450 129
10500 123
10550 123
10600 123
10650 123
10700 123
10750 123
10800 123
10850 123
10900 123
10950 123
11000 123
11050 123
11100 123
11150 123
11200 123
11250 123
11300 123
11350 123
11400 123
11450 123
11500 123
11550 123
11600 123
11650 123
11700 123
11750 123
11800 123
11850 123
11900 123
11950 123
12000 123
12050 123
12100 123
12150 123
12200 123
12250 123
12300 123
12350 123
12400 123
12450 123
12500 123
12550 123
12600 123
12650 123
12700 123
12750 123
12800 123
12850 123
12900 123
12950 123
13000 123
13050 123
13100 123
13150 123
13200 123
13250 123
13300 123
13350 123
13400 123
13450 123
13500 123
13550 123
13600 123
13650 123
13700 123
13750 123
13800 123
13850 123
13900 123
13950 117
14000 117
14050 117
14100 117
14150 117
14200 117
14250 117
14300 117
14350 117
14400 117
14450 117
14500 117
14550 117
14600 117
14650 117
14700 117
14750 117
14800 117
14850 117
14900 117
14950 117
15000 117
15050 117
15100 117
15150 117
15200 117
15250 117
15300 117
15350 117
15400 117
15450 117
15500 117
15550 117
15600 117
15650 117
15700 117
15750 117
15800 117
15850 117
15900 117
15950 117
16000 117
16050 117
16100 116
16150 116
16200 116
16250 116
16300 116
16350 116
16400 116
16450 116
16500 116
16550 116
16600 115
16650 115
16700 115
16750 115
16800 115
16850 115
16900 115
16950 115
17000 115
17050 115
17100 115
17150 115
17200 115
17250 115
17300 115
17350 115
17400 115
17450 124
17500 120
17550 120
17600 120
17650 118
17700 111
17750 111
17800 111
17850 111
17900 111
17950 111
18000 106
18050 106
18100 106
18150 106
18200 104
18250 104
18300 104
18350 104
18400 104
18450 104
18500 104
18550 104
18600 104
18650 104
18700 104
18750 104
18800 104
18850 104
18900 104
18950 104
19000 104
19050 104
19100 104
19150 104
19200 104
19250 104
19300 104
19350 104
19400 104
19450 104
19500 95
19550 95
19600 95
19650 95
19700 95
19750 95
19800 95
19850 95
19900 95
19950 95
20000 95
20050 95
20100 95
20150 95
20200 95
20250 95
20300 95
20350 95
20400 95
20450 95
20500 91
20550 91
20600 91
20650 91
20700 91
20750 91
20800 91
20850 91
20900 91
20950 91
21000 91
21050 91
21100 91
21150 91
21200 91
21250 91
21300 91
21350 91
21400 91
21450 91
21500 91
21550 89
21600 89
21650 89
21700 89
21750 89
21800 89
21850 89
21900 89
21950 89
22000 89
22050 89
22100 86
22150 86
22200 86
22250 86
22300 86
22350 86
22400 86
22450 86
22500 86
22550 86
22600 86
22650 86
22700 86
22750 86
22800 86
22850 86
22900 86
22950 86
23000 86
23050 86
23100 86
23150 86
23200 86
23250 86
23300 86
23350 86
23400 86
23450 86
23500 86
23550 86
23600 86
23650 86
23700 86
23750 86
23800 86
23850 86
23900 86
23950 86
24000 86
24050 86
24100 86
24150 86
24200 86
24250 86
24300 86
24350 86
24400 86
24450 86
24500 86
24550 86
24600 86
24650 86
24700 86
24750 86
24800 86
24850 86
24900 86
24950 86
25000 86
25050 86
25100 86
25150 86
25200 86
25250 86
25300 86
25350 86
25400 86
25450 86
25500 86
25550 86
25600 86
25650 86
25700 86
25750 86
25800 86
25850 86
25900 86
25950 86
26000 86
26050 86
26100 86
26150 86
26200 86
26250 86
26300 86
26350 83
26400 83
26450 83
26500 79
26550 79
26600 79
26650 79
26700 79
26750 79
26800 79
26850 79
26900 79
26950 79
27000 79
27050 79
27100 79
27150 79
27200 79
27250 79
27300 79
27350 79
27400 79
27450 79
27500 79
27550 79
27600 79
27650 79
27700 79
27750 79
27800 79
27850 79
27900 79
27950 79
28000 79
28050 79
28100 79
28150 79
28200 79
28250 79
28300 79
28350 79
28400 79
28450 79
28500 79
28550 79
28600 79
28650 79
28700 79
28750 79
28800 79
28850 79
28900 79
28950 79
29000 79
29050 79
29100 79
29150 79
29200 79
29250 79
29300 79
29350 79
29400 79
29450 79
29500 79
29550 79
29600 79
29650 79
29700 79
29750 79
29800 79
29850 79
29900 79
29950 79
30000 79
30050 79
30100 79
30150 79
30200 79
30250 79
30300 79
30350 79
30400 79
30450 79
30500 79
30550 79
30600 79
30650 79
30700 79
30750 79
30800 79
30850 79
30900 79
30950 79
31000 79
31050 79
31100 79
31150 79
31200 79
31250 79
31300 79
31350 79
31400 79
31450 79
31500 79
31550 79
31600 79
31650 79
31700 79
31750 79
31800 79
31850 79
31900 79
31950 79
32000 79
32050 79
32100 79
32150 79
32200 79
32250 79
32300 79
32350 79
32400 79
32450 79
32500 79
32550 79
32600 79
32650 79
32700 79
32750 79
32800 79
32850 79
32900 79
32950 79
33000 79
33050 79
33100 79
33150 79
33200 79
33250 79
33300 79
33350 79
33400 79
33450 79
33500 79
33550 79
33600 79
33650 79
33700 79
33750 79
33800 79
33850 79
33900 79
33950 79
34000 79
34050 79
34100 79
34150 79
34200 79
34250 79
34300 79
34350 79
34400 79
34450 79
34500 79
34550 79
34600 79
34650 79
34700 79
34750 79
34800 79
34850 79
34900 79
34950 79
35000 79
35050 79
35100 79
35150 79
35200 78
35250 78
35300 78
35350 78
35400 78
35450 78
35500 78
35550 78
35600 78
35650 78
35700 78
35750 78
35800 78
35850 78
35900 78
35950 78
36000 78
36050 78
36100 78
36150 78
36200 78
36250 78
36300 78
36350 78
36400 78
36450 78
36500 78
36550 78
36600 78
36650 78
36700 78
36750 78
36800 78
36850 78
36900 78
36950 78
37000 78
37050 78
37100 78
37150 78
37200 78
37250 78
37300 78
37350 78
37400 78
37450 78
37500 78
37550 78
37600 78
37650 78
37700 78
37750 78
37800 78
37850 78
37900 78
37950 78
38000 78
38050 78
38100 78
38150 78
38200 78
38250 78
38300 78
38350 78
38400 78
38450 78
38500 78
38550 78
38600 78
38650 78
38700 78
38750 78
38800 78
38850 78
38900 78
38950 78
39000 78
39050 78
39100 78
39150 78
39200 78
39250 78
39300 78
39350 78
39400 78
39450 78
39500 78
39550 78
39600 78
39650 78
39700 78
39750 78
39800 78
39850 78
39900 78
39950 78
40000 78
40050 78
40100 78
40150 78
40200 78
40250 78
40300 78
40350 78
40400 78
40450 78
40500 78
40550 78
40600 78
40650 78
40700 78
40750 78
40800 78
40850 78
40900 78
40950 78
41000 78
41050 78
41100 78
41150 78
41200 78
41250 78
41300 78
41350 78
41400 78
41450 78
41500 78
41550 78
41600 78
41650 78
41700 78
41750 78
41800 78
41850 78
41900 78
41950 78
42000 78
42050 78
42100 78
42150 78
42200 78
42250 78
42300 78
42350 78
42400 78
42450 78
42500 78
42550 78
42600 78
42650 78
42700 78
42750 78
42800 78
42850 78
42900 78
42950 78
43000 78
43050 78
43100 78
43150 78
43200 78
43250 78
43300 78
43350 78
43400 78
43450 78
43500 78
43550 78
43600 78
43650 78
43700 78
43750 78
43800 78
43850 78
43900 78
43950 78
44000 78
44050 78
44100 78
44150 78
44200 78
44250 78
44300 78
44350 78
44400 78
44450 78
44500 78
44550 78
44600 78
44650 78
44700 78
44750 78
44800 78
44850 78
44900 78
44950 78
45000 78
45050 78
45100 78
45150 78
45200 78
45250 78
45300 78
45350 78
45400 78
45450 78
45500 78
45550 78
45600 78
45650 78
45700 78
45750 78
45800 78
45850 78
45900 78
45950 78
46000 78
46050 78
46100 78
46150 78
46200 78
46250 78
46300 78
46350 78
46400 78
46450 78
46500 78
46550 78
46600 78
46650 78
46700 78
46750 78
46800 78
46850 78
46900 78
46950 78
47000 78
47050 78
47100 78
47150 78
47200 78
47250 78
47300 78
47350 78
47400 78
47450 78
47500 78
47550 78
47600 78
47650 78
47700 78
47750 78
47800 78
47850 78
47900 78
47950 78
48000 78
48050 78
48100 78
48150 78
48200 78
48250 78
48300 78
48350 78
48400 78
48450 78
48500 78
48550 78
48600 78
48650 78
48700 78
48750 78
48800 78
48850 78
48900 78
48950 78
49000 78
49050 78
49100 78
49150 78
49200 78
49250 78
49300 78
49350 78
49400 78
49450 78
49500 78
49550 78
49600 78
49650 78
49700 78
49750 78
49800 78
49850 78
49900 78
49950 78
50000 78
50050 78
50100 78
50150 78
50200 78
50250 78
50300 78
50350 78
50400 78
50450 78
50500 78
50550 78
50600 78
50650 78
50700 78
50750 78
50800 78
50850 78
50900 78
50950 78
51000 78
51050 78
51100 78
51150 78
51200 78
51250 78
51300 78
51350 78
51400 78
51450 78
51500 78
51550 78
51600 78
51650 78
51700 78
51750 78
51800 78
51850 78
51900 78
51950 78
52000 78
52050 78
52100 78
52150 78
52200 78
52250 78
52300 78
52350 78
52400 78
52450 78
52500 78
52550 78
52600 78
52650 78
52700 78
52750 78
52800 78
52850 78
52900 78
52950 78
53000 78
53050 78
53100 78
53150 78
53200 78
53250 78
53300 78
53350 78
53400 78
53450 78
53500 78
53550 78
53600 78
53650 78
53700 78
53750 78
53800 78
53850 78
53900 78
53950 78
54000 78
54050 78
54100 78
54150 78
54200 78
54250 78
54300 78
54350 78
54400 78
54450 78
54500 78
54550 78
54600 78
54650 78
54700 78
54750 78
54800 78
54850 78
54900 78
54950 78
55000 78
55050 78
55100 78
55150 78
55200 78
55250 78
55300 78
55350 78
55400 78
55450 78
55500 78
55550 78
55600 78
55650 78
55700 78
55750 78
55800 78
55850 78
55900 78
55950 78
56000 78
56050 78
56100 78
56150 78
56200 78
56250 78
56300 78
56350 78
56400 78
56450 78
56500 78
56550 78
56600 78
56650 78
56700 78
56750 78
56800 78
56850 78
56900 78
56950 78
57000 78
57050 78
57100 78
57150 78
57200 78
57250 78
57300 78
57350 78
57400 78
57450 78
57500 78
57550 78
57600 78
57650 78
57700 78
57750 78
