200 79
400 79
600 79
800 79
1000 79
1200 79
1400 79
1600 79
1800 79
2000 79
2200 79
2400 79
2600 79
2800 79
3000 79
3200 79
3400 79
3600 79
3800 79
4000 79
4200 79
4400 79
4600 79
4800 79
5000 79
5200 79
5400 79
5600 79
5800 79
6000 79
6200 79
6400 79
6600 79
6800 79
7000 79
7200 79
7400 79
7600 79
7800 79
8000 79
8200 79
8400 79
8600 79
8800 79
9000 79
9200 79
9400 79
9600 79
9800 79
10000 79
10200 79
10400 79
10600 79
10800 79
11000 79
11200 79
11400 79
11600 79
11800 79
12000 79
12200 79
12400 79
12600 79
12800 79
13000 79
13200 79
13400 79
13600 79
13800 79
14000 79
14200 79
14400 79
14600 79
14800 79
15000 79
15200 79
15400 79
15600 79
15800 79
16000 79
16200 79
16400 79
16600 79
16800 79
17000 79
17200 79
17400 79
17600 79
17800 79
18000 79
18200 79
18400 79
18600 79
18800 79
19000 79
19200 79
19400 79
19600 79
19800 79
20000 79
20200 79
20400 79
20600 79
20800 79
21000 79
21200 79
21400 79
21600 79
21800 79
22000 79
22200 79
22400 79
22600 79
22800 79
23000 79
23200 79
23400 79
23600 79
23800 79
24000 79
24200 79
24400 79
24600 79
24800 79
25000 79
25200 79
25400 79
25600 79
25800 79
26000 79
26200 79
26400 79
26600 79
26800 79
27000 79
27200 79
27400 79
27600 79
27800 79
28000 79
28200 79
28400 79
28600 79
28800 79
29000 79
29200 79
29400 79
29600 79
29800 79
30000 79
30200 79
30400 79
30600 79
30800 79
31000 79
31200 79
31400 79
31600 79
31800 79
32000 79
32200 79
32400 79
32600 79
32800 79
33000 79
33200 79
33400 79
33600 79
33800 79
34000 79
34200 79
34400 79
34600 79
34800 79
35000 79
35200 79
35400 79
35600 79
35800 79
36000 79
36200 79
36400 79
36600 79
36800 79
37000 79
37200 79
37400 79
37600 79
37800 79
38000 79
38200 79
38400 79
38600 79
38800 79
39000 79
39200 79
39400 79
39600 79
39800 79
40000 79
40200 79
40400 79
40600 79
40800 79
41000 79
41200 79
41400 79
41600 79
41800 79
42000 79
42200 79
42400 79
42600 79
42800 79
43000 79
43200 79
43400 79
43600 79
43800 79
44000 79
44200 79
44400 79
44600 79
44800 79
45000 79
45200 79
45400 79
45600 79
45800 79
46000 79
46200 79
46400 79
46600 79
46800 79
47000 79
47200 79
47400 79
47600 79
47800 79
48000 79
48200 79
48400 79
48600 79
48800 79
49000 79
49200 79
49400 79
49600 79
49800 79
50000 79
50200 79
50400 79
50600 79
50800 79
51000 79
51200 79
51400 79
51600 79
51800 79
52000 79
52200 79
52400 79
52600 79
52800 79
53000 79
53200 79
53400 79
53600 79
53800 79
54000 79
54200 79
54400 79
54600 79
54800 79
55000 79
55200 79
55400 79
55600 79
55800 79
56000 79
56200 79
56400 79
56600 79
56800 79
57000 79
57200 79
57400 79
57600 79
57800 79
58000 79
58200 79
58400 79
58600 79
58800 79
59000 79
59200 79
59400 79
59600 79
59800 79
60000 79
60200 79
60400 79
60600 79
60800 79
61000 79
61200 79
61400 79
61600 79
61800 79
62000 79
62200 79
62400 79
62600 79
62800 79
63000 79
63200 79
63400 79
63600 79
63800 79
64000 79
64200 79
64400 79
64600 79
64800 79
65000 79
65200 79
65400 79
65600 79
65800 79
66000 79
66200 79
66400 79
66600 79
66800 79
67000 79
67200 79
67400 79
67600 79
67800 79
68000 79
68200 79
68400 79
68600 79
68800 79
69000 79
69200 79
69400 79
69600 79
69800 79
70000 79
70200 79
70400 79
70600 79
70800 79
71000 79
71200 79
71400 79
71600 79
71800 79
72000 79
72200 79
72400 79
72600 79
72800 79
73000 79
73200 79
73400 79
73600 79
73800 79
74000 79
74200 79
74400 79
74600 79
74800 79
75000 79
75200 79
75400 79
75600 79
75800 79
76000 79
76200 79
76400 79
76600 79
76800 79
77000 79
77200 79
77400 79
77600 79
77800 79
78000 79
78200 79
78400 79
78600 79
78800 79
79000 79
79200 79
79400 79
79600 79
79800 79
80000 79
80200 79
80400 79
80600 79
80800 79
81000 79
81200 79
81400 79
81600 79
81800 79
82000 79
82200 79
82400 79
82600 79
82800 79
83000 79
83200 79
83400 79
83600 79
83800 79
84000 79
84200 79
84400 79
84600 79
84800 79
85000 79
85200 79
85400 79
85600 79
85800 79
86000 79
86200 79
86400 79
86600 79
86800 79
87000 79
87200 79
87400 79
87600 79
87800 79
88000 79
88200 79
88400 79
88600 79
88800 79
89000 79
89200 79
89400 79
89600 79
89800 79
90000 79
90200 79
90400 79
90600 79
90800 79
91000 79
91200 79
91400 79
91600 79
91800 79
92000 79
92200 79
92400 79
92600 79
92800 79
93000 79
93200 79
93400 79
93600 79
93800 79
94000 79
94200 79
94400 79
94600 79
94800 79
95000 79
95200 79
95400 79
95600 79
95800 79
96000 79
96200 79
96400 79
96600 79
96800 79
97000 79
97200 79
97400 79
97600 79
97800 79
98000 79
98200 79
98400 79
98600 79
98800 79
99000 79
99200 79
99400 79
99600 79
99800 79
100000 79
100200 79
100400 79
100600 79
100800 79
101000 79
101200 79
101400 79
101600 79
101800 79
102000 79
102200 79
102400 79
102600 79
102800 79
103000 79
103200 79
103400 79
103600 79
103800 79
104000 79
104200 79
104400 79
104600 79
104800 79
105000 79
105200 79
105400 79
105600 79
105800 79
106000 79
106200 79
106400 79
106600 79
106800 79
107000 79
107200 79
107400 79
107600 79
107800 79
108000 79
108200 79
108400 79
108600 79
108800 79
109000 79
109200 79
109400 79
109600 79
109800 79
110000 79
110200 79
110400 79
110600 79
110800 79
111000 79
111200 79
111400 79
111600 79
111800 79
112000 79
112200 79
112400 79
112600 79
112800 79
113000 79
113200 79
113400 79
113600 79
113800 79
114000 79
114200 79
114400 79
114600 79
114800 79
115000 79
115200 79
115400 79
115600 79
115800 79
116000 79
116200 79
116400 79
116600 79
116800 79
117000 79
117200 79
117400 79
117600 79
117800 79
118000 79
118200 79
118400 79
118600 79
118800 79
119000 79
119200 79
119400 79
119600 79
119800 79
120000 79
120200 79
120400 79
120600 79
120800 79
121000 79
121200 79
121400 79
121600 79
121800 79
122000 79
122200 79
122400 79
122600 79
122800 79
123000 79
123200 79
123400 79
123600 79
123800 79
124000 79
124200 79
124400 79
124600 79
124800 79
125000 79
125200 79
125400 79
125600 79
125800 79
126000 79
126200 79
126400 79
126600 79
126800 79
127000 79
127200 79
127400 79
127600 79
127800 79
128000 79
128200 79
128400 79
128600 79
128800 79
129000 79
129200 79
129400 79
129600 79
129800 79
130000 79
130200 79
130400 79
130600 79
130800 79
131000 79
131200 79
131400 79
131600 79
131800 79
132000 79
132200 79
132400 79
132600 79
132800 79
133000 79
133200 79
133400 79
133600 79
133800 79
134000 79
134200 79
134400 79
134600 79
134800 79
135000 79
135200 79
135400 79
135600 79
135800 79
136000 79
136200 79
136400 79
136600 79
136800 79
137000 79
137200 79
137400 79
137600 79
137800 79
138000 79
138200 79
138400 79
138600 79
138800 79
139000 79
139200 79
139400 79
139600 79
139800 79
140000 79
140200 79
140400 79
140600 79
140800 79
141000 79
141200 79
141400 79
141600 79
141800 79
142000 79
142200 79
142400 79
142600 79
142800 79
143000 79
143200 79
143400 79
143600 79
143800 79
144000 79
144200 79
144400 79
144600 79
144800 79
145000 79
145200 79
145400 79
145600 79
145800 79
146000 79
146200 79
146400 79
146600 79
146800 79
147000 79
147200 79
147400 79
147600 79
147800 79
148000 79
148200 79
148400 79
148600 79
148800 79
149000 79
149200 79
149400 79
149600 79
149800 79
150000 79
150200 79
150400 79
150600 79
150800 79
151000 79
151200 79
151400 79
151600 79
151800 79
152000 79
152200 79
152400 79
152600 79
152800 79
153000 79
153200 79
153400 79
153600 79
153800 79
154000 79
154200 79
154400 79
154600 79
154800 79
155000 79
155200 79
155400 79
155600 79
155800 79
156000 79
156200 79
156400 79
156600 79
156800 79
157000 79
157200 79
157400 79
157600 79
157800 79
158000 79
158200 79
158400 79
158600 79
158800 79
159000 79
159200 79
159400 79
159600 79
159800 79
160000 79
160200 79
160400 79
160600 79
160800 79
161000 79
161200 79
161400 79
161600 79
161800 79
162000 79
162200 79
162400 79
162600 79
162800 79
163000 79
163200 79
163400 79
163600 79
163800 79
164000 79
164200 79
164400 79
164600 79
164800 79
165000 79
165200 79
165400 79
165600 79
165800 79
166000 79
166200 79
166400 79
166600 79
166800 79
167000 79
167200 79
167400 79
167600 79
167800 79
168000 79
168200 79
168400 79
168600 79
168800 79
169000 79
169200 79
169400 79
169600 79
169800 79
170000 79
170200 79
170400 79
170600 79
170800 79
171000 79
171200 79
171400 79
171600 79
171800 79
172000 79
172200 79
172400 79
172600 79
172800 79
173000 79
173200 79
173400 79
173600 79
173800 79
174000 79
174200 79
174400 79
174600 79
174800 79
175000 79
175200 79
175400 79
175600 79
175800 79
176000 79
176200 79
176400 79
176600 79
176800 79
177000 79
177200 79
177400 79
177600 79
177800 79
178000 79
178200 79
178400 79
178600 79
178800 79
179000 79
179200 79
179400 79
179600 79
179800 79
180000 79
180200 79
180400 79
180600 79
180800 79
181000 79
181200 79
181400 79
181600 79
181800 79
182000 79
182200 79
182400 79
182600 79
182800 79
183000 79
183200 79
183400 79
183600 79
183800 79
184000 79
184200 79
184400 79
184600 79
184800 79
185000 79
185200 79
185400 79
185600 79
185800 79
186000 79
186200 79
186400 79
186600 79
186800 79
187000 79
187200 79
187400 79
187600 79
187800 79
188000 79
188200 79
188400 79
188600 79
188800 79
189000 79
189200 79
189400 79
189600 79
189800 79
190000 79
190200 79
190400 79
190600 79
190800 79
191000 79
191200 79
191400 79
191600 79
191800 79
192000 79
192200 79
192400 79
192600 79
192800 79
193000 79
193200 79
193400 79
193600 79
193800 79
194000 79
194200 79
194400 79
194600 79
194800 79
195000 79
195200 79
195400 79
195600 79
195800 79
196000 79
196200 79
196400 79
196600 79
196800 79
197000 79
197200 79
197400 79
197600 79
197800 79
198000 79
198200 79
198400 79
198600 79
198800 79
199000 79
199200 79
199400 79
199600 79
199800 79
200000 79
200200 79
200400 79
200600 79
200800 79
201000 79
201200 79
201400 79
201600 79
201800 79
202000 79
202200 79
202400 79
202600 79
202800 79
203000 79
203200 79
203400 79
203600 79
203800 79
204000 79
204200 79
204400 79
204600 79
204800 79
205000 79
205200 79
205400 79
205600 79
205800 79
206000 79
206200 79
206400 79
206600 79
206800 79
207000 79
207200 79
207400 79
207600 79
207800 79
208000 79
208200 79
208400 79
208600 79
208800 79
209000 79
209200 79
209400 79
209600 79
209800 79
210000 79
210200 79
210400 79
210600 79
210800 79
211000 79
211200 79
211400 79
211600 79
211800 79
212000 79
212200 79
212400 79
212600 79
212800 79
213000 79
213200 79
213400 79
213600 79
213800 79
214000 79
214200 79
214400 79
214600 79
214800 79
215000 79
215200 79
215400 79
215600 79
215800 79
216000 79
216200 79
216400 79
216600 79
216800 79
217000 79
217200 79
217400 79
217600 79
217800 79
218000 79
218200 79
218400 79
218600 79
218800 79
219000 79
219200 79
219400 79
219600 79
219800 79
220000 79
220200 79
220400 79
220600 79
220800 79
221000 79
221200 79
221400 79
221600 79
221800 79
222000 79
222200 79
222400 79
222600 79
222800 79
223000 79
223200 79
223400 79
223600 79
223800 79
224000 79
224200 79
224400 79
224600 79
224800 79
225000 79
225200 79
225400 79
225600 79
225800 79
226000 79
226200 79
226400 79
226600 79
226800 79
227000 79
227200 79
227400 79
227600 79
227800 79
228000 79
228200 79
228400 79
228600 79
228800 79
229000 79
229200 79
229400 79
229600 79
229800 79
230000 79
230200 79
230400 79
230600 79
230800 79
231000 79
231200 79
231400 79
231600 79
231800 79
232000 79
232200 79
232400 79
232600 79
232800 79
233000 79
233200 79
233400 79
233600 79
233800 79
234000 79
234200 79
234400 79
234600 79
234800 79
235000 79
235200 79
235400 79
235600 79
235800 79
236000 79
236200 79
236400 79
236600 79
236800 79
237000 79
237200 79
237400 79
237600 79
237800 79
238000 79
238200 79
238400 79
238600 79
238800 79
239000 79
239200 79
239400 79
239600 79
239800 79
240000 79
240200 79
240400 79
240600 79
240800 79
241000 79
241200 79
241400 79
241600 79
241800 79
242000 79
242200 79
242400 79
242600 79
242800 79
243000 79
243200 79
243400 79
243600 79
243800 79
244000 79
244200 79
244400 79
244600 79
244800 79
245000 79
245200 79
245400 79
245600 79
245800 79
246000 79
246200 79
246400 79
246600 79
246800 79
247000 79
247200 79
247400 79
247600 79
247800 79
248000 79
248200 79
248400 79
248600 79
248800 79
249000 79
249200 79
249400 79
249600 79
249800 79
250000 79
250200 79
250400 79
250600 79
250800 79
251000 79
251200 79
251400 79
251600 79
251800 79
252000 79
252200 79
252400 79
252600 79
252800 79
253000 79
253200 79
253400 79
253600 79
253800 79
254000 79
254200 79
254400 79
254600 79
254800 79
255000 79
255200 79
255400 79
255600 79
255800 79
256000 79
256200 79
256400 79
256600 79
256800 79
257000 79
257200 79
257400 79
257600 79
257800 79
258000 79
258200 79
258400 79
258600 79
258800 79
259000 79
259200 79
259400 79
259600 79
259800 79
260000 79
260200 79
260400 79
260600 79
260800 79
261000 79
261200 79
261400 79
261600 79
261800 79
262000 79
262200 79
262400 79
262600 79
262800 79
263000 79
263200 79
263400 79
263600 79
263800 79
264000 79
264200 79
264400 79
264600 79
264800 79
265000 79
265200 79
265400 79
265600 79
265800 79
266000 79
266200 79
266400 79
266600 79
266800 79
267000 79
267200 79
267400 79
267600 79
267800 79
268000 79
268200 79
268400 79
268600 79
268800 79
269000 79
269200 79
269400 79
269600 79
269800 79
270000 79
270200 79
270400 79
270600 79
270800 79
271000 79
271200 79
271400 79
271600 79
271800 79
272000 79
272200 79
272400 79
272600 79
272800 79
273000 79
273200 79
273400 79
273600 79
273800 79
274000 79
274200 79
274400 79
274600 79
274800 79
275000 79
275200 79
275400 79
275600 79
275800 79
276000 79
276200 79
276400 79
276600 79
276800 79
277000 79
277200 79
277400 79
277600 79
277800 79
278000 79
278200 79
278400 79
278600 79
278800 79
279000 79
279200 79
279400 79
279600 79
279800 79
280000 79
280200 79
280400 79
280600 79
280800 79
281000 79
281200 79
281400 79
281600 79
281800 79
282000 79
282200 79
282400 79
282600 79
282800 79
283000 79
283200 79
283400 79
283600 79
283800 79
284000 79
284200 79
284400 79
284600 79
284800 79
285000 79
285200 79
285400 79
285600 79
285800 79
286000 79
286200 79
286400 79
286600 79
286800 79
287000 79
287200 79
287400 79
287600 79
287800 79
288000 79
288200 79
288400 79
288600 79
288800 79
289000 79
289200 79
289400 79
289600 79
289800 79
290000 79
290200 79
290400 79
290600 79
290800 79
291000 79
291200 79
291400 79
291600 79
291800 79
292000 79
292200 79
292400 79
292600 79
292800 79
293000 79
293200 79
293400 79
293600 79
293800 79
294000 79
294200 79
294400 79
294600 79
294800 79
295000 79
295200 79
295400 79
295600 79
295800 79
296000 79
296200 79
296400 79
296600 79
296800 79
297000 79
297200 79
297400 79
297600 79
297800 79
298000 79
298200 79
298400 79
298600 79
298800 79
299000 79
299200 79
299400 79
299600 79
299800 79
300000 79
300200 79
300400 79
300600 79
300800 79
301000 79
301200 79
301400 79
301600 79
301800 79
302000 79
302200 79
302400 79
302600 79
302800 79
303000 79
303200 79
303400 79
303600 79
303800 79
304000 79
304200 79
304400 79
304600 79
304800 79
305000 79
305200 79
305400 79
305600 79
305800 79
306000 79
306200 79
306400 79
306600 79
306800 79
307000 79
307200 79
307400 79
307600 79
307800 79
308000 79
308200 79
308400 79
308600 79
308800 79
309000 79
309200 79
309400 79
309600 79
309800 79
310000 79
310200 79
310400 79
310600 79
310800 79
311000 79
311200 79
311400 79
311600 79
311800 79
312000 79
312200 79
312400 79
312600 79
312800 79
313000 79
313200 79
313400 79
313600 79
313800 79
314000 79
314200 79
314400 79
314600 79
314800 79
315000 79
315200 79
315400 79
315600 79
315800 79
316000 79
316200 79
316400 79
316600 79
316800 79
317000 79
317200 79
317400 79
317600 79
317800 79
318000 79
318200 79
318400 79
318600 79
318800 79
319000 79
319200 79
319400 79
319600 79
319800 79
320000 79
320200 79
320400 79
320600 79
320800 79
321000 79
321200 79
321400 79
321600 79
321800 79
322000 79
322200 79
322400 79
322600 79
322800 79
323000 79
323200 79
323400 79
323600 79
323800 79
324000 79
324200 79
324400 79
324600 79
324800 79
325000 79
325200 79
325400 79
325600 79
325800 79
326000 79
326200 79
326400 79
326600 79
326800 79
327000 79
327200 79
327400 79
327600 79
327800 79
328000 79
328200 79
328400 79
328600 79
328800 79
329000 79
329200 79
329400 79
329600 79
329800 79
330000 79
330200 79
330400 79
330600 79
330800 79
331000 79
331200 79
331400 79
331600 79
331800 79
332000 79
332200 79
332400 79
332600 79
332800 79
333000 79
333200 79
333400 79
333600 79
333800 79
334000 79
334200 79
334400 79
334600 79
334800 79
335000 79
335200 79
335400 79
335600 79
335800 79
336000 79
336200 79
336400 79
336600 79
336800 79
337000 79
337200 79
337400 79
337600 79
337800 79
338000 79
338200 79
338400 79
338600 79
338800 79
339000 79
339200 79
339400 79
339600 79
339800 79
340000 79
340200 79
340400 79
340600 79
340800 79
341000 79
341200 79
341400 79
341600 79
341800 79
342000 79
342200 79
342400 79
342600 79
342800 79
343000 79
343200 79
343400 79
343600 79
343800 79
344000 79
344200 79
344400 79
344600 79
344800 79
345000 79
345200 79
345400 79
345600 79
345800 79
346000 79
346200 79
346400 79
346600 79
346800 79
347000 79
347200 79
347400 79
347600 79
347800 79
348000 79
348200 79
348400 79
348600 79
348800 79
349000 79
349200 79
349400 79
349600 79
349800 79
350000 79
350200 79
350400 79
350600 79
350800 79
351000 79
351200 79
351400 79
351600 79
351800 79
352000 79
352200 79
352400 79
352600 79
352800 79
353000 79
353200 79
353400 79
353600 79
353800 79
354000 79
354200 79
354400 79
354600 79
354800 79
355000 79
355200 79
355400 79
355600 79
355800 79
356000 79
356200 79
356400 79
356600 79
356800 79
357000 79
357200 79
357400 79
357600 79
357800 79
358000 79
358200 79
358400 79
358600 79
358800 79
359000 79
359200 79
359400 79
359600 79
359800 79
360000 79
360200 79
360400 79
360600 79
360800 79
361000 79
361200 79
361400 79
361600 79
361800 79
362000 79
362200 79
362400 79
362600 79
362800 79
363000 79
363200 79
363400 79
363600 79
363800 79
364000 79
364200 79
364400 79
364600 79
364800 79
365000 79
365200 79
365400 79
365600 79
365800 79
366000 79
366200 79
366400 79
366600 79
366800 79
367000 79
367200 79
367400 79
367600 79
367800 79
368000 79
368200 79
368400 79
368600 79
368800 79
369000 79
369200 79
369400 79
369600 79
369800 79
370000 79
370200 79
370400 79
370600 79
370800 79
371000 79
371200 79
371400 79
371600 79
371800 79
372000 79
372200 79
372400 79
372600 79
372800 79
373000 79
373200 79
373400 79
373600 79
373800 79
374000 79
374200 79
374400 79
374600 79
374800 79
375000 79
375200 79
375400 79
375600 79
375800 79
376000 79
376200 79
376400 79
376600 79
376800 79
377000 79
377200 79
377400 79
377600 79
377800 79
378000 79
378200 79
378400 79
378600 79
378800 79
379000 79
379200 79
379400 79
379600 79
379800 79
380000 79
380200 79
380400 79
380600 79
380800 79
381000 79
381200 79
381400 79
381600 79
381800 79
382000 79
382200 79
382400 79
382600 79
382800 79
383000 79
383200 79
383400 79
383600 79
383800 79
384000 79
384200 79
384400 79
384600 79
384800 79
385000 79
385200 79
385400 79
385600 79
385800 79
386000 79
386200 79
386400 79
386600 79
386800 79
387000 79
387200 79
387400 79
387600 79
387800 79
388000 79
388200 79
388400 79
388600 79
388800 79
389000 79
389200 79
389400 79
389600 79
389800 79
390000 79
390200 79
390400 79
390600 79
390800 79
391000 79
391200 79
391400 79
391600 79
391800 79
392000 79
392200 79
392400 79
392600 79
392800 79
393000 79
393200 79
393400 79
393600 79
393800 79
394000 79
394200 79
394400 79
394600 79
394800 79
395000 79
395200 79
395400 79
395600 79
395800 79
396000 79
396200 79
396400 79
396600 79
396800 79
397000 79
397200 79
397400 79
397600 79
397800 79
398000 79
398200 79
398400 79
398600 79
398800 79
399000 79
399200 79
399400 79
399600 79
399800 79
400000 79
400200 79
400400 79
400600 79
400800 79
401000 79
401200 79
401400 79
401600 79
401800 79
402000 79
402200 79
402400 79
402600 79
402800 79
403000 79
403200 79
403400 79
403600 79
403800 79
404000 79
404200 79
404400 79
404600 79
404800 79
405000 79
405200 79
405400 79
405600 79
405800 79
406000 79
406200 79
406400 79
406600 79
406800 79
407000 79
407200 79
407400 79
407600 79
407800 79
408000 79
408200 79
408400 79
408600 79
408800 79
409000 79
409200 79
409400 79
409600 79
409800 79
410000 79
410200 79
410400 79
410600 79
410800 79
411000 79
411200 79
411400 79
411600 79
411800 79
412000 79
412200 79
412400 79
412600 79
412800 79
413000 79
413200 79
413400 79
413600 79
413800 79
414000 79
414200 79
414400 79
414600 79
414800 79
415000 79
415200 79
415400 79
415600 79
415800 79
416000 79
416200 79
416400 79
416600 79
416800 79
417000 79
417200 79
417400 79
417600 79
417800 79
418000 79
418200 79
418400 79
418600 79
418800 79
419000 79
419200 79
419400 79
419600 79
419800 79
420000 79
420200 79
420400 79
420600 79
420800 79
421000 79
421200 79
421400 79
421600 79
421800 79
422000 79
422200 79
422400 79
422600 79
422800 79
423000 79
423200 79
423400 79
423600 79
423800 79
424000 79
424200 79
424400 79
424600 79
424800 79
425000 79
425200 79
425400 79
425600 79
425800 79
426000 79
426200 79
426400 79
426600 79
426800 79
427000 79
427200 79
427400 79
427600 79
427800 79
428000 79
428200 79
428400 79
428600 79
428800 79
429000 79
429200 79
429400 79
429600 79
429800 79
430000 79
430200 79
430400 79
430600 79
430800 79
431000 79
431200 79
431400 79
431600 79
431800 79
432000 79
432200 79
432400 79
432600 79
432800 79
433000 79
433200 79
433400 79
433600 79
433800 79
434000 79
434200 79
434400 79
434600 79
434800 79
435000 79
435200 79
435400 79
435600 79
435800 79
436000 79
436200 79
436400 79
436600 79
436800 79
437000 79
437200 79
437400 79
437600 79
437800 79
438000 79
438200 79
438400 79
438600 79
438800 79
439000 79
439200 79
439400 79
439600 79
439800 79
440000 79
440200 79
440400 79
440600 79
440800 79
441000 79
441200 79
441400 79
441600 79
441800 79
442000 79
442200 79
442400 79
442600 79
442800 79
443000 79
443200 79
443400 79
443600 79
443800 79
444000 79
444200 79
444400 79
444600 79
444800 79
445000 79
445200 79
445400 79
445600 79
445800 79
446000 79
446200 79
446400 79
446600 79
446800 79
447000 79
447200 79
447400 79
447600 79
447800 79
448000 79
448200 79
448400 79
448600 79
448800 79
449000 79
449200 79
449400 79
449600 79
449800 79
450000 79
450200 79
450400 79
450600 79
450800 79
451000 79
451200 79
451400 79
451600 79
451800 79
452000 79
452200 79
452400 79
452600 79
452800 79
453000 79
453200 79
453400 79
453600 79
453800 79
454000 79
454200 79
454400 79
454600 79
454800 79
455000 79
455200 79
455400 79
455600 79
455800 79
456000 79
456200 79
456400 79
456600 79
456800 79
457000 79
457200 79
457400 79
457600 79
457800 79
458000 79
458200 79
458400 79
458600 79
458800 79
459000 79
459200 79
459400 79
459600 79
459800 79
460000 79
460200 79
460400 79
460600 79
460800 79
461000 79
461200 79
461400 79
461600 79
461800 79
462000 79
462200 79
462400 79
462600 79
462800 79
463000 79
463200 79
463400 79
463600 79
463800 79
464000 79
464200 79
464400 79
464600 79
464800 79
465000 79
465200 79
465400 79
465600 79
465800 79
466000 79
466200 79
466400 79
466600 79
466800 79
467000 79
467200 79
467400 79
467600 79
467800 79
468000 79
468200 79
468400 79
468600 79
468800 79
469000 79
469200 79
469400 79
469600 79
469800 79
470000 79
470200 79
470400 79
470600 79
470800 79
471000 79
471200 79
471400 79
471600 79
471800 79
472000 79
472200 79
472400 79
472600 79
472800 79
473000 79
473200 79
473400 79
473600 79
473800 79
474000 79
474200 79
474400 79
474600 79
474800 79
475000 79
475200 79
475400 79
475600 79
475800 79
476000 79
476200 79
476400 79
476600 79
476800 79
477000 79
477200 79
477400 79
477600 79
477800 79
478000 79
478200 79
478400 79
478600 79
478800 79
479000 79
479200 79
479400 79
479600 79
479800 79
480000 79
480200 79
480400 79
480600 79
480800 79
481000 79
481200 79
481400 79
481600 79
481800 79
482000 79
482200 79
482400 79
482600 79
482800 79
483000 79
483200 79
483400 79
483600 79
483800 79
484000 79
484200 79
484400 79
484600 79
484800 79
485000 79
485200 79
485400 79
485600 79
485800 79
486000 79
486200 79
486400 79
486600 79
486800 79
487000 79
487200 79
487400 79
487600 79
487800 79
488000 79
488200 79
488400 79
488600 79
488800 79
489000 79
489200 79
489400 79
489600 79
489800 79
490000 79
490200 79
490400 79
490600 79
490800 79
491000 79
491200 79
491400 79
491600 79
491800 79
492000 79
492200 79
492400 79
492600 79
492800 79
493000 79
493200 79
493400 79
493600 79
493800 79
494000 79
494200 79
494400 79
494600 79
494800 79
495000 79
495200 79
495400 79
495600 79
495800 79
496000 79
496200 79
496400 79
496600 79
496800 79
497000 79
497200 79
497400 79
497600 79
497800 79
498000 79
498200 79
498400 79
498600 79
498800 79
499000 79
499200 79
499400 79
499600 79
499800 79
500000 79
500200 79
500400 79
500600 79
500800 79
501000 79
501200 79
501400 79
501600 79
501800 79
502000 79
502200 79
502400 79
502600 79
502800 79
503000 79
503200 79
503400 79
503600 79
503800 79
504000 79
504200 79
504400 79
504600 79
504800 79
505000 79
505200 79
505400 79
505600 79
505800 79
506000 79
506200 79
506400 79
506600 79
506800 79
507000 79
507200 79
507400 79
507600 79
507800 79
508000 79
508200 79
508400 79
508600 79
508800 79
509000 79
509200 79
509400 79
509600 79
509800 79
510000 79
510200 79
510400 79
510600 79
510800 79
511000 79
511200 79
511400 79
511600 79
511800 79
512000 79
512200 79
512400 79
512600 79
512800 79
513000 79
513200 79
513400 79
513600 79
513800 79
514000 79
514200 79
514400 79
514600 79
514800 79
515000 79
515200 79
515400 79
515600 79
515800 79
516000 79
516200 79
516400 79
516600 79
516800 79
517000 79
517200 79
517400 79
517600 79
517800 79
518000 79
518200 79
518400 79
518600 79
518800 79
519000 79
519200 79
519400 79
519600 79
519800 79
520000 79
520200 79
520400 79
520600 79
520800 79
521000 79
521200 79
521400 79
521600 79
521800 79
522000 79
522200 79
522400 79
522600 79
522800 79
523000 79
523200 79
523400 79
523600 79
523800 79
524000 79
524200 79
524400 79
524600 79
524800 79
525000 79
525200 79
525400 79
525600 79
525800 79
526000 79
526200 79
526400 79
526600 79
526800 79
527000 79
527200 79
527400 79
527600 79
527800 79
528000 79
528200 79
528400 79
528600 79
528800 79
529000 79
529200 79
529400 79
529600 79
529800 79
530000 79
530200 79
530400 79
530600 79
530800 79
531000 79
531200 79
531400 79
531600 79
531800 79
532000 79
532200 79
532400 79
532600 79
532800 79
533000 79
533200 79
533400 79
533600 79
533800 79
534000 79
534200 79
534400 79
534600 79
534800 79
535000 79
535200 79
535400 79
535600 79
535800 79
536000 79
536200 79
536400 79
536600 79
536800 79
537000 79
537200 79
537400 79
537600 79
537800 79
538000 79
538200 79
538400 79
538600 79
538800 79
539000 79
539200 79
539400 79
539600 79
539800 79
540000 79
540200 79
540400 79
540600 79
540800 79
541000 79
541200 79
541400 79
541600 79
541800 79
542000 79
542200 79
542400 79
542600 79
542800 79
543000 79
543200 79
543400 79
543600 79
543800 79
544000 79
544200 79
544400 79
544600 79
544800 79
545000 79
545200 79
545400 79
545600 79
545800 79
546000 79
546200 79
546400 79
546600 79
546800 79
547000 79
547200 79
547400 79
547600 79
547800 79
548000 79
548200 79
548400 79
548600 79
548800 79
549000 79
549200 79
549400 79
549600 79
549800 79
550000 79
550200 79
550400 79
550600 79
550800 79
551000 79
551200 79
551400 79
551600 79
551800 79
552000 79
552200 79
552400 79
552600 79
552800 79
553000 79
553200 79
553400 79
553600 79
553800 79
554000 79
554200 79
554400 79
554600 79
554800 79
555000 79
555200 79
555400 79
555600 79
555800 79
556000 79
556200 79
556400 79
556600 79
556800 79
557000 79
557200 79
557400 79
557600 79
557800 79
558000 79
558200 79
558400 79
558600 79
558800 79
559000 79
559200 79
559400 79
559600 79
559800 79
560000 79
560200 79
560400 79
560600 79
560800 79
561000 79
561200 79
561400 79
561600 79
561800 79
562000 79
562200 79
562400 79
562600 79
562800 79
563000 79
563200 79
563400 79
563600 79
563800 79
564000 79
564200 79
564400 79
564600 79
564800 79
565000 79
565200 79
565400 79
565600 79
565800 79
566000 79
566200 79
566400 79
566600 79
566800 79
567000 79
567200 79
567400 79
567600 79
567800 79
568000 77
568200 77
568400 77
568600 77
568800 77
569000 77
569200 77
569400 77
569600 77
569800 77
570000 77
570200 77
570400 77
570600 77
570800 77
571000 77
571200 77
571400 77
571600 77
571800 77
572000 77
572200 77
572400 77
572600 77
572800 77
573000 77
573200 77
573400 77
573600 77
573800 77
574000 77
574200 77
574400 77
574600 77
574800 77
575000 77
575200 77
575400 77
575600 77
575800 77
576000 77
576200 77
576400 77
576600 77
576800 77
577000 77
577200 77
577400 77
577600 77
577800 77
578000 77
578200 77
578400 77
578600 77
578800 77
579000 77
579200 77
579400 77
579600 77
579800 77
580000 77
580200 77
580400 77
580600 77
580800 77
581000 77
581200 77
581400 77
581600 77
581800 77
582000 77
582200 77
582400 77
582600 77
582800 77
583000 77
583200 77
583400 77
583600 77
583800 77
584000 77
584200 77
584400 77
584600 77
584800 77
585000 77
585200 77
585400 77
585600 77
585800 77
586000 77
586200 77
586400 77
586600 77
586800 77
587000 77
587200 77
587400 77
587600 77
587800 77
588000 77
588200 77
588400 77
588600 77
588800 77
589000 77
589200 77
589400 77
589600 77
589800 77
590000 77
590200 77
590400 77
590600 77
590800 77
591000 77
591200 77
591400 77
591600 77
591800 77
592000 77
592200 77
592400 77
592600 77
592800 77
593000 77
593200 77
593400 77
593600 77
593800 77
594000 77
594200 77
594400 77
594600 77
594800 77
595000 77
595200 77
595400 77
595600 77
595800 77
596000 77
596200 77
596400 77
596600 77
596800 77
597000 77
597200 77
597400 77
597600 77
597800 77
598000 77
598200 77
598400 77
598600 77
598800 77
599000 77
599200 77
599400 77
599600 77
599800 77
600000 77
600200 77
600400 77
600600 77
600800 77
601000 77
601200 77
601400 77
601600 77
601800 77
602000 77
602200 77
602400 77
602600 77
602800 77
603000 77
603200 77
603400 77
603600 77
603800 77
604000 77
604200 77
604400 77
604600 77
604800 77
605000 77
605200 77
605400 77
605600 77
605800 77
606000 77
606200 77
606400 77
606600 77
606800 77
607000 77
607200 77
607400 77
607600 77
607800 77
608000 77
608200 77
608400 77
608600 77
608800 77
609000 77
609200 77
609400 77
609600 77
609800 77
610000 77
610200 77
610400 77
610600 77
610800 77
611000 77
611200 77
611400 77
611600 77
611800 77
612000 77
612200 77
612400 77
612600 77
612800 77
613000 77
613200 77
613400 77
613600 77
613800 77
614000 77
614200 77
614400 77
614600 77
614800 77
615000 77
615200 77
615400 77
615600 77
615800 77
616000 77
616200 77
616400 77
616600 77
616800 77
617000 77
617200 77
617400 77
617600 77
617800 77
618000 77
618200 77
618400 77
618600 77
618800 77
619000 77
619200 77
619400 77
619600 77
619800 77
620000 77
620200 77
620400 77
620600 77
620800 77
621000 77
621200 77
621400 77
621600 77
621800 77
622000 77
622200 77
622400 77
622600 77
622800 77
623000 77
623200 77
623400 77
623600 77
623800 77
624000 77
624200 77
624400 77
624600 77
624800 77
625000 77
625200 77
625400 77
625600 77
625800 77
626000 77
626200 77
626400 77
626600 77
626800 77
627000 77
627200 77
627400 77
627600 77
627800 77
628000 77
628200 77
628400 77
628600 77
628800 77
629000 77
629200 77
629400 77
629600 77
629800 77
630000 77
630200 77
630400 77
630600 77
630800 77
631000 77
631200 77
631400 77
631600 77
631800 77
632000 77
632200 77
632400 77
632600 77
632800 77
633000 77
633200 77
633400 77
633600 77
633800 77
634000 77
634200 77
634400 77
634600 77
634800 77
635000 77
635200 77
635400 77
635600 77
635800 77
636000 77
636200 77
636400 77
636600 77
636800 77
637000 77
637200 77
637400 77
637600 77
637800 77
638000 77
638200 77
638400 77
638600 77
638800 77
639000 77
639200 77
639400 77
639600 77
639800 77
640000 77
640200 77
640400 77
640600 77
640800 77
641000 77
641200 77
641400 77
641600 77
641800 77
642000 77
642200 77
642400 77
642600 77
642800 77
643000 77
643200 77
643400 77
643600 77
643800 77
644000 77
644200 77
644400 77
644600 77
644800 77
645000 77
645200 77
645400 77
645600 77
645800 77
646000 77
646200 77
646400 77
646600 77
646800 77
647000 77
647200 77
647400 77
647600 77
647800 77
648000 77
648200 77
648400 77
648600 77
648800 77
649000 77
649200 77
649400 77
649600 77
649800 77
650000 77
650200 77
650400 77
650600 77
650800 77
651000 77
651200 77
651400 77
651600 77
651800 77
652000 77
652200 77
652400 77
652600 77
652800 77
653000 77
653200 77
653400 77
653600 77
653800 77
654000 77
654200 77
654400 77
654600 77
654800 77
655000 77
655200 77
655400 77
655600 77
655800 77
656000 77
656200 77
656400 77
656600 77
656800 77
657000 77
657200 77
657400 77
657600 77
657800 77
658000 77
658200 77
658400 77
658600 77
658800 77
659000 77
659200 77
659400 77
659600 77
659800 77
660000 77
660200 77
660400 77
660600 77
660800 77
661000 77
661200 77
661400 77
661600 77
661800 77
662000 77
662200 77
662400 77
662600 77
662800 77
663000 77
663200 77
663400 77
663600 77
663800 77
664000 77
664200 77
664400 77
664600 77
664800 77
665000 77
665200 77
665400 77
665600 77
665800 77
666000 77
666200 77
666400 77
666600 77
666800 77
667000 77
667200 77
667400 77
667600 77
667800 77
668000 77
668200 77
668400 77
668600 77
668800 77
669000 77
669200 77
669400 77
669600 77
669800 77
670000 77
670200 77
670400 77
670600 77
670800 77
671000 77
671200 77
671400 77
671600 77
671800 77
672000 77
672200 77
672400 77
672600 77
672800 77
673000 77
673200 77
673400 77
673600 77
673800 77
674000 77
674200 77
674400 77
674600 77
674800 77
675000 77
675200 77
675400 77
675600 77
675800 77
676000 77
676200 77
676400 77
676600 77
676800 77
677000 77
677200 77
677400 77
677600 77
677800 77
678000 77
678200 77
678400 77
678600 77
678800 77
679000 77
679200 77
679400 77
679600 77
679800 77
680000 77
680200 77
680400 77
680600 77
680800 77
681000 77
681200 77
681400 77
681600 77
681800 77
682000 77
682200 77
682400 77
682600 77
682800 77
683000 77
683200 77
683400 77
683600 77
683800 77
684000 77
684200 77
684400 77
684600 77
684800 77
685000 77
685200 77
685400 77
685600 77
685800 77
686000 77
686200 77
686400 77
686600 77
686800 77
687000 77
687200 77
687400 77
687600 77
687800 77
688000 77
688200 77
688400 77
688600 77
688800 77
689000 77
689200 77
689400 77
689600 77
689800 77
690000 77
690200 77
690400 77
690600 77
690800 77
691000 77
691200 77
691400 77
691600 77
691800 77
692000 77
692200 77
692400 77
692600 77
692800 77
693000 77
693200 77
693400 77
693600 77
693800 77
694000 77
694200 77
694400 77
694600 77
694800 77
695000 77
695200 77
695400 77
695600 77
695800 77
696000 77
696200 77
696400 77
696600 77
696800 77
697000 77
697200 77
697400 77
697600 77
697800 77
698000 77
698200 77
698400 77
698600 77
698800 77
699000 77
699200 77
699400 77
699600 77
699800 77
700000 77
700200 77
700400 77
700600 77
700800 77
701000 77
701200 77
701400 77
701600 77
701800 77
702000 77
702200 77
702400 77
702600 77
702800 77
703000 77
703200 77
703400 77
703600 77
703800 77
704000 77
704200 77
704400 77
704600 77
704800 77
705000 77
705200 77
705400 77
705600 77
705800 77
706000 77
706200 77
706400 77
706600 77
706800 77
707000 77
707200 77
707400 77
707600 77
707800 77
708000 77
708200 77
708400 77
708600 77
708800 77
709000 77
709200 77
709400 77
709600 77
709800 77
710000 77
710200 77
710400 77
710600 77
710800 77
711000 77
711200 77
711400 77
711600 77
711800 77
712000 77
712200 77
712400 77
712600 77
712800 77
713000 77
713200 77
713400 77
713600 77
713800 77
714000 77
714200 77
714400 77
714600 77
714800 77
715000 77
715200 77
715400 77
715600 77
715800 77
716000 77
716200 77
716400 77
716600 77
716800 77
717000 77
717200 77
717400 77
717600 77
717800 77
718000 77
718200 77
718400 77
718600 77
718800 77
719000 77
719200 77
719400 77
719600 77
719800 77
720000 77
720200 77
720400 77
720600 77
720800 77
721000 77
721200 77
721400 77
721600 77
721800 77
722000 77
722200 77
722400 77
722600 77
722800 77
723000 77
723200 77
723400 77
723600 77
723800 77
724000 77
724200 77
724400 77
724600 77
724800 77
725000 77
725200 77
725400 77
725600 77
725800 77
726000 77
726200 77
726400 77
726600 77
726800 77
727000 77
727200 77
727400 77
727600 77
727800 77
728000 77
728200 77
728400 77
728600 77
728800 77
729000 77
729200 77
729400 77
729600 77
729800 77
730000 77
730200 77
730400 77
730600 77
730800 77
731000 77
731200 77
731400 77
731600 77
731800 77
732000 77
732200 77
732400 77
732600 77
732800 77
733000 77
733200 77
733400 77
733600 77
733800 77
734000 77
734200 77
734400 77
734600 77
734800 77
735000 77
735200 77
735400 77
735600 77
735800 77
736000 77
736200 77
736400 77
736600 77
736800 77
737000 77
737200 77
737400 77
737600 77
737800 77
738000 77
738200 77
738400 77
738600 77
738800 77
739000 77
739200 77
739400 77
739600 77
739800 77
740000 77
740200 77
740400 77
740600 77
740800 77
741000 77
741200 77
741400 77
741600 77
741800 77
742000 77
742200 77
742400 77
742600 77
742800 77
743000 77
743200 77
743400 77
743600 77
743800 77
744000 77
744200 77
744400 77
744600 77
744800 77
745000 77
745200 77
745400 77
745600 77
745800 77
746000 77
746200 77
746400 77
746600 77
746800 77
747000 77
747200 77
747400 77
747600 77
747800 77
748000 77
748200 77
748400 77
748600 77
748800 77
749000 77
749200 77
749400 77
749600 77
749800 77
750000 77
750200 77
750400 77
750600 77
750800 77
751000 77
751200 77
751400 77
751600 77
751800 77
752000 77
752200 77
752400 77
752600 77
752800 77
753000 77
753200 77
753400 77
753600 77
753800 77
754000 77
754200 77
754400 77
754600 77
754800 77
755000 77
755200 77
755400 77
755600 77
755800 77
756000 77
756200 77
756400 77
756600 77
756800 77
757000 77
757200 77
757400 77
757600 77
757800 77
758000 77
758200 77
758400 77
758600 77
758800 77
759000 77
759200 77
759400 77
759600 77
759800 77
760000 77
760200 77
760400 77
760600 77
760800 77
761000 77
761200 77
761400 77
761600 77
761800 77
762000 77
762200 77
762400 77
762600 77
762800 77
763000 77
763200 77
763400 77
763600 77
763800 77
764000 77
764200 77
764400 77
764600 77
764800 77
765000 77
765200 77
765400 77
765600 77
765800 77
766000 77
766200 77
766400 77
766600 77
766800 77
767000 77
767200 77
767400 77
767600 77
767800 77
768000 77
768200 77
768400 77
768600 77
768800 77
769000 77
769200 77
769400 77
769600 77
769800 77
770000 77
770200 77
770400 77
770600 77
770800 77
771000 77
771200 77
771400 77
771600 77
771800 77
772000 77
772200 77
772400 77
772600 77
772800 77
773000 77
773200 77
773400 77
773600 77
773800 77
774000 77
774200 77
774400 77
774600 77
774800 77
775000 77
775200 77
775400 77
775600 77
775800 77
776000 77
776200 77
776400 77
776600 77
776800 77
777000 77
777200 77
777400 77
777600 77
777800 77
778000 77
778200 77
778400 77
778600 77
778800 77
779000 77
779200 77
779400 77
779600 77
779800 77
780000 77
780200 77
780400 77
780600 77
780800 77
781000 77
781200 77
781400 77
781600 77
781800 77
782000 77
782200 77
782400 77
782600 77
782800 77
783000 77
783200 77
783400 77
783600 77
783800 77
784000 77
784200 77
784400 77
784600 77
784800 77
785000 77
785200 77
785400 77
785600 77
785800 77
786000 77
786200 77
786400 77
786600 77
786800 77
787000 77
787200 77
787400 77
787600 77
787800 77
788000 77
788200 77
788400 77
788600 77
788800 77
789000 77
789200 77
789400 77
789600 77
789800 77
790000 77
790200 77
790400 77
790600 77
790800 77
791000 77
791200 77
791400 77
791600 77
791800 77
792000 77
792200 77
792400 77
792600 77
792800 77
793000 77
793200 77
793400 77
793600 77
793800 77
794000 77
794200 77
794400 77
794600 77
794800 77
795000 77
795200 77
795400 77
795600 77
795800 77
796000 77
796200 77
796400 77
796600 77
796800 77
797000 77
797200 77
797400 77
797600 77
797800 77
798000 77
798200 77
798400 77
798600 77
798800 77
799000 77
799200 77
799400 77
799600 77
799800 77
800000 77
800200 77
800400 77
800600 77
800800 77
801000 77
801200 77
801400 77
801600 77
801800 77
802000 77
802200 77
802400 77
802600 77
802800 77
803000 77
803200 77
803400 77
803600 77
803800 77
804000 77
804200 77
804400 77
804600 77
804800 77
805000 77
805200 77
805400 77
805600 77
805800 77
806000 77
806200 77
806400 77
806600 77
806800 77
807000 77
807200 77
807400 77
807600 77
807800 77
808000 77
808200 77
808400 77
808600 77
808800 77
809000 77
809200 77
809400 77
809600 77
809800 77
810000 77
810200 77
810400 77
810600 77
810800 77
811000 77
811200 77
811400 77
811600 77
811800 77
812000 77
812200 77
812400 77
812600 77
812800 77
813000 77
813200 77
813400 77
813600 77
813800 77
814000 77
814200 77
814400 77
814600 77
814800 77
815000 77
815200 77
815400 77
815600 77
815800 77
816000 77
816200 77
816400 77
816600 77
816800 77
817000 77
817200 77
817400 77
817600 77
817800 77
818000 77
818200 77
818400 77
818600 77
818800 77
819000 77
819200 77
819400 77
819600 77
819800 77
820000 77
820200 77
820400 77
820600 77
820800 77
821000 77
821200 77
821400 77
821600 77
821800 77
822000 77
822200 77
822400 77
822600 77
822800 77
823000 77
823200 77
823400 77
823600 77
823800 77
824000 77
824200 77
824400 77
824600 77
824800 77
825000 77
825200 77
825400 77
825600 77
825800 77
826000 77
826200 77
826400 77
826600 77
826800 77
827000 77
827200 77
827400 77
827600 77
827800 77
828000 77
828200 77
828400 77
828600 77
828800 77
829000 77
829200 77
829400 77
829600 77
829800 77
830000 77
830200 77
830400 77
830600 77
830800 77
831000 77
831200 77
831400 77
831600 77
831800 77
832000 77
832200 77
832400 77
832600 77
832800 77
833000 77
833200 77
833400 77
833600 77
833800 77
834000 77
834200 77
834400 77
834600 77
834800 77
835000 77
835200 77
835400 77
835600 77
835800 77
836000 77
836200 77
836400 77
836600 77
836800 77
837000 77
837200 77
837400 77
837600 77
837800 77
838000 77
838200 77
838400 77
838600 77
838800 77
839000 77
839200 77
839400 77
839600 77
839800 77
840000 77
840200 77
840400 77
840600 77
840800 77
841000 77
841200 77
841400 77
841600 77
841800 77
842000 77
842200 77
842400 77
842600 77
842800 77
843000 77
843200 77
843400 77
843600 77
843800 77
844000 77
844200 77
844400 77
844600 77
844800 77
845000 77
845200 77
845400 77
845600 77
845800 77
846000 77
846200 77
846400 77
846600 77
846800 77
847000 77
847200 77
847400 77
847600 77
847800 77
848000 77
848200 77
848400 77
848600 77
848800 77
849000 77
849200 77
849400 77
849600 77
849800 77
850000 77
850200 77
850400 77
850600 77
850800 77
851000 77
851200 77
851400 77
851600 77
851800 77
852000 77
852200 77
852400 77
852600 77
852800 77
853000 77
853200 77
853400 77
853600 77
853800 77
854000 77
854200 77
854400 77
854600 77
854800 77
855000 77
855200 77
855400 77
855600 77
855800 77
856000 77
856200 77
856400 77
856600 77
856800 77
857000 77
857200 77
857400 77
857600 77
857800 77
858000 77
858200 77
858400 77
858600 77
858800 77
859000 77
859200 77
859400 77
859600 77
859800 77
860000 77
860200 77
860400 77
860600 77
860800 77
861000 77
861200 77
861400 77
861600 77
861800 77
862000 77
862200 77
862400 77
862600 77
862800 77
863000 77
863200 77
863400 77
863600 77
863800 77
864000 77
864200 77
864400 77
864600 77
864800 77
865000 77
865200 77
865400 77
865600 77
865800 77
866000 77
866200 77
866400 77
866600 77
866800 77
867000 77
867200 77
867400 77
867600 77
867800 77
868000 77
868200 77
868400 77
868600 77
868800 77
869000 77
869200 77
869400 77
869600 77
869800 77
870000 77
870200 77
870400 77
870600 77
870800 77
871000 77
871200 77
871400 77
871600 77
871800 77
872000 77
872200 77
872400 77
872600 77
872800 77
873000 77
873200 77
873400 77
873600 77
873800 77
874000 77
874200 77
874400 77
874600 77
874800 77
875000 77
875200 77
875400 77
875600 77
875800 77
876000 77
876200 77
876400 77
876600 77
876800 77
877000 77
877200 77
877400 77
877600 77
877800 77
878000 77
878200 77
878400 77
878600 77
878800 77
879000 77
879200 77
879400 77
879600 77
879800 77
880000 77
880200 77
880400 77
880600 77
880800 77
881000 77
881200 77
881400 77
881600 77
881800 77
882000 77
882200 77
882400 77
882600 77
882800 77
883000 77
883200 77
883400 77
883600 77
883800 77
884000 77
884200 77
884400 77
884600 77
884800 77
885000 77
885200 77
885400 77
885600 77
885800 77
886000 77
886200 77
886400 77
886600 77
886800 77
887000 77
887200 77
887400 77
887600 77
887800 77
888000 77
888200 77
888400 77
888600 77
888800 77
889000 77
889200 77
889400 77
889600 77
889800 77
890000 77
890200 77
890400 77
890600 77
890800 77
891000 77
891200 77
891400 77
891600 77
891800 77
892000 77
892200 77
892400 77
892600 77
892800 77
893000 77
893200 77
893400 77
893600 77
893800 77
894000 77
894200 77
894400 77
894600 77
894800 77
895000 77
895200 77
895400 77
895600 77
895800 77
896000 77
896200 77
896400 77
896600 77
896800 77
897000 77
897200 77
897400 77
897600 77
897800 77
898000 77
898200 77
898400 77
898600 77
898800 77
899000 77
899200 77
899400 77
899600 77
899800 77
900000 77
900200 77
900400 77
900600 77
900800 77
901000 77
901200 77
901400 77
901600 77
901800 77
902000 77
902200 77
902400 77
902600 77
902800 77
903000 77
903200 77
903400 77
903600 77
903800 77
904000 77
904200 77
904400 77
904600 77
904800 77
905000 77
905200 77
905400 77
905600 77
905800 77
906000 77
906200 77
906400 77
906600 77
906800 77
907000 77
907200 77
907400 77
907600 77
907800 77
908000 77
908200 77
908400 77
908600 77
908800 77
909000 77
909200 77
909400 77
909600 77
909800 77
910000 77
910200 77
910400 77
910600 77
910800 77
911000 77
911200 77
911400 77
911600 77
911800 77
912000 77
912200 77
912400 77
912600 77
912800 77
913000 77
913200 77
913400 77
913600 77
913800 77
914000 77
914200 77
914400 77
914600 77
914800 77
915000 77
915200 77
915400 77
915600 77
915800 77
916000 77
916200 77
916400 77
916600 77
916800 77
917000 77
917200 77
917400 77
917600 77
917800 77
918000 77
918200 77
918400 77
918600 77
918800 77
919000 77
919200 77
919400 77
919600 77
919800 77
920000 77
920200 77
920400 77
920600 77
920800 77
921000 77
921200 77
921400 77
921600 77
921800 77
922000 77
922200 77
922400 77
922600 77
922800 77
923000 77
923200 77
923400 77
923600 77
923800 77
924000 77
924200 77
924400 77
924600 77
924800 77
925000 77
925200 77
925400 77
925600 77
925800 77
926000 77
926200 77
926400 77
926600 77
926800 77
927000 77
927200 77
927400 77
927600 77
927800 77
928000 77
928200 77
928400 77
928600 77
928800 77
929000 77
929200 77
929400 77
929600 77
929800 77
930000 77
930200 77
930400 77
930600 77
930800 77
931000 77
931200 77
931400 77
931600 77
931800 77
932000 77
932200 77
932400 77
932600 77
932800 77
933000 77
933200 77
933400 77
933600 77
933800 77
934000 77
934200 77
934400 77
934600 77
934800 77
935000 77
935200 77
935400 77
935600 77
935800 77
936000 77
936200 77
936400 77
936600 77
936800 77
937000 77
937200 77
937400 77
937600 77
937800 77
938000 77
938200 77
938400 77
938600 77
938800 77
939000 77
939200 77
939400 77
939600 77
939800 77
940000 77
940200 77
940400 77
940600 77
940800 77
941000 77
941200 77
941400 77
941600 77
941800 77
942000 77
942200 77
942400 77
942600 77
942800 77
943000 77
943200 77
943400 77
943600 77
943800 77
944000 77
944200 77
944400 77
944600 77
944800 77
945000 77
945200 77
945400 77
945600 77
945800 77
946000 77
946200 77
946400 77
946600 77
946800 77
947000 77
947200 77
947400 77
947600 77
947800 77
948000 77
948200 77
948400 77
948600 77
948800 77
949000 77
949200 77
949400 77
949600 77
949800 77
950000 77
950200 77
950400 77
950600 77
950800 77
951000 77
951200 77
951400 77
951600 77
951800 77
952000 77
952200 77
952400 77
952600 77
952800 77
953000 77
953200 77
953400 77
953600 77
953800 77
954000 77
954200 77
954400 77
954600 77
954800 77
955000 77
955200 77
955400 77
955600 77
955800 77
956000 77
956200 77
956400 77
956600 77
956800 77
957000 77
957200 77
957400 77
957600 77
957800 77
958000 77
958200 77
958400 77
958600 77
958800 77
959000 77
959200 77
959400 77
959600 77
959800 77
960000 77
960200 77
960400 77
960600 77
960800 77
961000 77
961200 77
961400 77
961600 77
961800 77
962000 77
962200 77
962400 77
962600 77
962800 77
963000 77
963200 77
963400 77
963600 77
963800 77
964000 77
964200 77
964400 77
964600 77
964800 77
965000 77
965200 77
965400 77
965600 77
965800 77
966000 77
966200 77
966400 77
966600 77
966800 77
967000 77
967200 77
967400 77
967600 77
967800 77
968000 77
968200 77
968400 77
968600 77
968800 77
969000 77
969200 77
969400 77
969600 77
969800 77
970000 77
970200 77
970400 77
970600 77
970800 77
971000 77
971200 77
971400 77
971600 77
971800 77
972000 77
972200 77
972400 77
972600 77
972800 77
973000 77
973200 77
973400 77
973600 77
973800 77
974000 77
974200 77
974400 77
974600 77
974800 77
975000 77
975200 77
975400 77
975600 77
975800 77
976000 77
976200 77
976400 77
976600 77
976800 77
977000 77
977200 77
977400 77
977600 77
977800 77
978000 77
978200 77
978400 77
978600 77
978800 77
979000 77
979200 77
979400 77
979600 77
979800 77
980000 77
980200 77
980400 77
980600 77
980800 77
981000 77
981200 77
981400 77
981600 77
981800 77
982000 77
982200 77
982400 77
982600 77
982800 77
983000 77
983200 77
983400 77
983600 77
983800 77
984000 77
984200 77
984400 77
984600 77
984800 77
985000 77
985200 77
985400 77
985600 77
985800 77
986000 77
986200 77
986400 77
986600 77
986800 77
987000 77
987200 77
987400 77
987600 77
987800 77
988000 77
988200 77
988400 77
988600 77
988800 77
989000 77
989200 77
989400 77
989600 77
989800 77
990000 77
990200 77
990400 77
990600 77
990800 77
991000 77
991200 77
991400 77
991600 77
991800 77
992000 77
992200 77
992400 77
992600 77
992800 77
993000 77
993200 77
993400 77
993600 77
993800 77
994000 77
994200 77
994400 77
994600 77
994800 77
995000 77
995200 77
995400 77
995600 77
995800 77
996000 77
996200 77
996400 77
996600 77
996800 77
997000 77
997200 77
997400 77
997600 77
997800 77
998000 77
998200 77
998400 77
998600 77
998800 77
999000 77
999200 77
999400 77
999600 77
999800 77
1000000 77
