200 153
400 128
600 136
800 138
1000 115
1200 132
1400 135
1600 109
1800 144
2000 142
2200 133
2400 120
2600 149
2800 126
3000 139
3200 125
3400 139
3600 138
3800 133
4000 149
4200 131
4400 123
4600 151
4800 161
5000 143
5200 137
5400 125
5600 121
5800 141
6000 141
6200 129
6400 136
6600 124
6800 137
7000 112
7200 142
7400 134
7600 153
7800 140
8000 160
8200 139
8400 116
8600 140
8800 137
9000 145
9200 129
9400 131
9600 131
9800 150
10000 139
10200 144
10400 134
10600 145
10800 114
11000 135
11200 121
11400 137
11600 149
11800 131
12000 121
12200 137
12400 131
12600 143
12800 133
13000 138
13200 149
13400 143
13600 130
13800 120
14000 135
14200 138
14400 135
14600 142
14800 129
15000 149
15200 152
15400 153
15600 160
15800 116
16000 136
16200 151
16400 147
16600 156
16800 136
17000 135
17200 145
17400 127
17600 142
17800 150
18000 121
18200 127
18400 146
18600 128
18800 155
19000 133
19200 116
19400 129
19600 126
19800 138
20000 141
20200 136
20400 127
20600 157
20800 156
21000 130
21200 140
21400 136
21600 140
21800 129
22000 120
22200 118
22400 149
22600 133
22800 125
23000 139
23200 148
23400 139
23600 128
23800 133
24000 135
24200 144
24400 131
24600 118
24800 142
25000 154
25200 142
25400 140
25600 135
25800 144
26000 144
26200 129
26400 126
26600 150
26800 149
27000 145
27200 130
27400 148
27600 119
27800 133
28000 141
28200 130
28400 133
28600 133
28800 147
29000 152
29200 143
29400 136
29600 132
29800 145
30000 138
30200 123
30400 134
30600 134
30800 159
31000 128
31200 129
31400 152
31600 153
31800 153
32000 121
32200 143
32400 147
32600 144
32800 128
33000 130
33200 139
33400 152
33600 135
33800 149
34000 149
34200 136
34400 142
34600 128
34800 144
35000 128
35200 142
35400 135
35600 132
35800 143
36000 134
36200 143
36400 134
36600 131
36800 131
37000 142
37200 142
37400 155
37600 124
37800 139
38000 134
38200 161
38400 126
38600 137
38800 112
39000 139
39200 144
39400 139
39600 139
39800 140
40000 129
40200 131
40400 135
40600 151
40800 155
41000 145
41200 140
41400 133
41600 130
41800 130
42000 134
42200 138
42400 132
42600 139
42800 133
43000 121
43200 128
43400 152
43600 137
43800 153
44000 141
44200 128
44400 121
44600 144
44800 153
45000 149
45200 123
45400 125
45600 139
45800 145
46000 131
46200 148
46400 149
46600 122
46800 123
47000 122
47200 124
47400 145
47600 148
47800 130
48000 129
48200 145
48400 109
48600 134
48800 139
49000 139
49200 135
49400 160
49600 149
49800 139
50000 158
50200 151
50400 132
50600 147
50800 141
51000 144
51200 116
51400 119
51600 146
51800 145
52000 151
52200 130
52400 148
52600 147
52800 119
53000 122
53200 122
53400 114
53600 146
53800 134
54000 129
54200 143
54400 131
54600 125
54800 165
55000 146
55200 142
55400 145
55600 139
55800 152
56000 133
56200 120
56400 126
56600 119
56800 117
57000 139
57200 137
57400 134
57600 123
57800 161
58000 127
58200 155
58400 149
58600 155
58800 148
59000 137
59200 147
59400 120
59600 158
59800 146
60000 141
60200 145
60400 170
60600 137
60800 119
61000 149
61200 149
61400 123
61600 142
61800 131
62000 146
62200 146
62400 143
62600 126
62800 133
63000 151
63200 121
63400 106
63600 137
63800 153
64000 118
64200 125
64400 133
64600 115
64800 136
65000 136
65200 128
65400 155
65600 105
65800 125
66000 142
66200 155
66400 124
66600 149
66800 130
67000 150
67200 145
67400 148
67600 133
67800 129
68000 130
68200 135
68400 141
68600 132
68800 153
69000 120
69200 132
69400 155
69600 140
69800 110
70000 117
70200 141
70400 117
70600 153
70800 140
71000 143
71200 115
71400 134
71600 141
71800 150
72000 146
72200 122
72400 139
72600 106
72800 144
73000 142
73200 142
73400 139
73600 136
73800 134
74000 145
74200 136
74400 119
74600 136
74800 146
75000 149
75200 124
75400 138
75600 150
75800 148
76000 148
76200 117
76400 133
76600 128
76800 144
77000 130
77200 146
77400 130
77600 127
77800 133
78000 146
78200 125
78400 148
78600 134
78800 118
79000 147
79200 148
79400 141
79600 119
79800 148
80000 152
80200 132
80400 145
80600 128
80800 140
81000 130
81200 146
81400 145
81600 146
81800 124
82000 152
82200 140
82400 121
82600 131
82800 148
83000 121
83200 130
83400 130
83600 138
83800 150
84000 133
84200 146
84400 139
84600 142
84800 133
85000 124
85200 128
85400 142
85600 146
85800 122
86000 143
86200 162
86400 136
86600 138
86800 132
87000 137
87200 145
87400 143
87600 147
87800 136
88000 135
88200 154
88400 137
88600 136
88800 137
89000 134
89200 130
89400 151
89600 157
89800 118
90000 136
90200 127
90400 129
90600 154
90800 135
91000 137
91200 124
91400 126
91600 155
91800 172
92000 142
92200 152
92400 160
92600 142
92800 118
93000 140
93200 150
93400 129
93600 127
93800 137
94000 129
94200 137
94400 114
94600 135
94800 139
95000 143
95200 142
95400 157
95600 131
95800 127
96000 116
96200 138
96400 139
96600 146
96800 136
97000 140
97200 135
97400 145
97600 144
97800 148
98000 132
98200 147
98400 132
98600 123
98800 137
99000 127
99200 153
99400 132
99600 135
99800 151
100000 120
100200 140
100400 132
100600 135
100800 133
101000 130
101200 146
101400 131
101600 147
101800 141
102000 124
102200 151
102400 141
102600 133
102800 133
103000 136
103200 154
103400 129
103600 142
103800 137
104000 149
104200 114
104400 136
104600 137
104800 136
105000 121
105200 123
105400 134
105600 142
105800 138
106000 141
106200 167
106400 139
106600 136
106800 122
107000 128
107200 141
107400 127
107600 112
107800 156
108000 148
108200 145
108400 156
108600 150
108800 137
109000 142
109200 152
109400 135
109600 139
109800 145
110000 121
110200 141
110400 130
110600 134
110800 148
111000 145
111200 121
111400 135
111600 141
111800 151
112000 130
112200 126
112400 151
112600 139
112800 138
113000 132
113200 139
113400 122
113600 148
113800 137
114000 139
114200 161
114400 157
114600 133
114800 122
115000 113
115200 140
115400 122
115600 136
115800 135
116000 132
116200 143
116400 127
116600 129
116800 139
117000 153
117200 133
117400 146
117600 144
117800 136
118000 131
118200 136
118400 138
118600 129
118800 151
119000 130
119200 123
119400 131
119600 133
119800 120
120000 130
120200 155
120400 144
120600 154
120800 129
121000 157
121200 133
121400 154
121600 117
121800 146
122000 136
122200 154
122400 139
122600 148
122800 127
123000 138
123200 140
123400 124
123600 146
123800 140
124000 164
124200 125
124400 146
124600 162
124800 140
125000 140
125200 168
125400 122
125600 137
125800 128
126000 148
126200 139
126400 126
126600 132
126800 129
127000 124
127200 167
127400 142
127600 129
127800 134
128000 146
128200 133
128400 138
128600 134
128800 134
129000 132
129200 133
129400 145
129600 124
129800 145
130000 138
130200 152
130400 153
130600 125
130800 146
131000 140
131200 115
131400 120
131600 134
131800 121
132000 131
132200 156
132400 137
132600 149
132800 143
133000 152
133200 151
133400 132
133600 135
133800 147
134000 142
134200 151
134400 143
134600 137
134800 145
135000 150
135200 142
135400 129
135600 148
135800 123
136000 157
136200 132
136400 141
136600 127
136800 157
137000 151
137200 142
137400 169
137600 127
137800 135
138000 133
138200 133
138400 142
138600 151
138800 130
139000 131
139200 138
139400 128
139600 123
139800 136
140000 168
140200 122
140400 144
140600 142
140800 129
141000 141
141200 134
141400 118
141600 148
141800 135
142000 161
142200 109
142400 148
142600 143
142800 146
143000 146
143200 144
143400 140
143600 137
143800 115
144000 119
144200 121
144400 127
144600 168
144800 135
145000 146
145200 163
145400 152
145600 142
145800 134
146000 148
146200 140
146400 151
146600 140
146800 136
147000 146
147200 150
147400 121
147600 140
147800 142
148000 144
148200 136
148400 123
148600 127
148800 142
149000 132
149200 129
149400 127
149600 139
149800 127
150000 159
150200 137
150400 142
150600 138
150800 133
151000 145
151200 138
151400 147
151600 144
151800 147
152000 146
152200 125
152400 127
152600 129
152800 136
153000 137
153200 142
153400 146
153600 130
153800 132
154000 126
154200 155
154400 141
154600 158
154800 137
155000 156
155200 127
155400 140
155600 130
155800 132
156000 138
156200 139
156400 161
156600 171
156800 150
157000 132
157200 139
157400 132
157600 160
157800 146
158000 137
158200 128
158400 137
158600 150
158800 123
159000 127
159200 127
159400 121
159600 141
159800 145
160000 129
160200 137
160400 138
160600 130
160800 138
161000 147
161200 142
161400 148
161600 154
161800 136
162000 137
162200 148
162400 138
162600 138
162800 141
163000 127
163200 125
163400 156
163600 144
163800 140
164000 164
164200 141
164400 143
164600 137
164800 133
165000 128
165200 137
165400 122
165600 130
165800 147
166000 137
166200 154
166400 144
166600 148
166800 127
167000 135
167200 118
167400 134
167600 133
167800 119
168000 148
168200 113
168400 128
168600 152
168800 131
169000 157
169200 131
169400 124
169600 141
169800 140
170000 141
170200 127
170400 134
170600 137
170800 134
171000 133
171200 141
171400 137
171600 145
171800 135
172000 142
172200 128
172400 143
172600 125
172800 124
173000 124
173200 145
173400 134
173600 151
173800 135
174000 171
174200 150
174400 129
174600 144
174800 150
175000 148
175200 139
175400 143
175600 149
175800 144
176000 156
176200 151
176400 139
176600 156
176800 137
177000 127
177200 114
177400 131
177600 153
177800 113
178000 134
178200 124
178400 151
178600 131
178800 159
179000 138
179200 140
179400 168
179600 138
179800 134
180000 120
180200 117
180400 145
180600 148
180800 153
181000 160
181200 132
181400 155
181600 152
181800 124
182000 125
182200 128
182400 112
182600 156
182800 137
183000 121
183200 131
183400 144
183600 127
183800 141
184000 123
184200 121
184400 145
184600 143
184800 141
185000 122
185200 130
185400 142
185600 146
185800 144
186000 129
186200 127
186400 158
186600 133
186800 145
187000 135
187200 167
187400 156
187600 127
187800 131
188000 166
188200 130
188400 123
188600 155
188800 157
189000 139
189200 135
189400 144
189600 140
189800 120
190000 118
190200 145
190400 124
190600 152
190800 126
191000 142
191200 142
191400 151
191600 150
191800 137
192000 150
192200 138
192400 130
192600 117
192800 131
193000 132
193200 152
193400 154
193600 112
193800 147
194000 143
194200 109
194400 131
194600 130
194800 136
195000 137
195200 156
195400 134
195600 128
195800 147
196000 151
196200 125
196400 129
196600 135
196800 148
197000 155
197200 132
197400 130
197600 121
197800 137
198000 137
198200 139
198400 151
198600 140
198800 153
199000 133
199200 129
199400 146
199600 159
199800 136
200000 154
200200 124
200400 148
200600 131
200800 142
201000 126
201200 135
201400 158
201600 118
201800 126
202000 158
202200 139
202400 124
202600 129
202800 127
203000 151
203200 138
203400 139
203600 139
203800 158
204000 129
204200 132
204400 132
204600 158
204800 146
205000 130
205200 125
205400 152
205600 132
205800 146
206000 133
206200 136
206400 148
206600 136
206800 149
207000 127
207200 135
207400 132
207600 120
207800 134
208000 144
208200 122
208400 145
208600 150
208800 136
209000 150
209200 144
209400 126
209600 124
209800 127
210000 132
210200 119
210400 146
210600 136
210800 143
211000 142
211200 146
211400 150
211600 145
211800 151
212000 137
212200 136
212400 141
212600 144
212800 119
213000 148
213200 136
213400 143
213600 141
213800 174
214000 140
214200 144
214400 123
214600 138
214800 167
215000 150
215200 123
215400 142
215600 154
215800 152
216000 147
216200 160
216400 130
216600 154
216800 137
217000 153
217200 133
217400 163
217600 130
217800 142
218000 149
218200 138
218400 122
218600 134
218800 154
219000 143
219200 141
219400 131
219600 148
219800 122
220000 147
220200 126
220400 120
220600 150
220800 119
221000 152
221200 142
221400 137
221600 140
221800 138
222000 131
222200 138
222400 108
222600 137
222800 120
223000 132
223200 146
223400 126
223600 142
223800 129
224000 144
224200 158
224400 145
224600 152
224800 153
225000 146
225200 151
225400 139
225600 145
225800 138
226000 139
226200 143
226400 134
226600 132
226800 122
227000 151
227200 139
227400 106
227600 129
227800 132
228000 140
228200 118
228400 137
228600 142
228800 143
229000 134
229200 134
229400 131
229600 147
229800 142
230000 132
230200 149
230400 131
230600 144
230800 142
231000 143
231200 148
231400 149
231600 114
231800 137
232000 137
232200 142
232400 133
232600 126
232800 146
233000 125
233200 146
233400 118
233600 166
233800 140
234000 162
234200 144
234400 152
234600 147
234800 129
235000 142
235200 124
235400 128
235600 152
235800 141
236000 164
236200 132
236400 159
236600 125
236800 129
237000 145
237200 136
237400 143
237600 146
237800 141
238000 131
238200 131
238400 129
238600 131
238800 141
239000 129
239200 122
239400 142
239600 141
239800 129
240000 134
240200 142
240400 133
240600 163
240800 145
241000 129
241200 160
241400 148
241600 138
241800 160
242000 134
242200 155
242400 156
242600 148
242800 160
243000 152
243200 143
243400 119
243600 148
243800 161
244000 119
244200 104
244400 138
244600 151
244800 141
245000 139
245200 134
245400 128
245600 128
245800 142
246000 130
246200 140
246400 140
246600 134
246800 125
247000 152
247200 119
247400 163
247600 138
247800 142
248000 130
248200 112
248400 137
248600 108
248800 130
249000 138
249200 129
249400 140
249600 140
249800 140
250000 142
250200 155
250400 143
250600 151
250800 149
251000 137
251200 128
251400 150
251600 145
251800 126
252000 149
252200 154
252400 140
252600 134
252800 152
253000 129
253200 143
253400 133
253600 138
253800 144
254000 130
254200 140
254400 151
254600 153
254800 141
255000 135
255200 144
255400 141
255600 146
255800 139
256000 135
256200 138
256400 144
256600 132
256800 137
257000 149
257200 130
257400 143
257600 135
257800 130
258000 148
258200 120
258400 143
258600 129
258800 146
259000 110
259200 124
259400 134
259600 142
259800 138
260000 119
260200 140
260400 131
260600 142
260800 127
261000 123
261200 151
261400 127
261600 113
261800 144
262000 130
262200 103
262400 152
262600 137
262800 121
263000 141
263200 140
263400 157
263600 152
263800 140
264000 138
264200 145
264400 142
264600 136
264800 162
265000 127
265200 148
265400 134
265600 137
265800 134
266000 139
266200 136
266400 149
266600 137
266800 147
267000 138
267200 126
267400 151
267600 145
267800 118
268000 124
268200 105
268400 140
268600 141
268800 168
269000 147
269200 141
269400 156
269600 135
269800 148
270000 134
270200 143
270400 139
270600 149
270800 135
271000 138
271200 116
271400 138
271600 152
271800 139
272000 134
272200 146
272400 126
272600 133
272800 121
273000 138
273200 128
273400 134
273600 158
273800 139
274000 143
274200 142
274400 142
274600 135
274800 108
275000 125
275200 120
275400 125
275600 129
275800 140
276000 142
276200 142
276400 122
276600 159
276800 117
277000 132
277200 149
277400 143
277600 135
277800 155
278000 134
278200 138
278400 141
278600 126
278800 144
279000 147
279200 142
279400 127
279600 127
279800 138
280000 118
280200 124
280400 149
280600 172
280800 133
281000 147
281200 138
281400 143
281600 129
281800 149
282000 132
282200 125
282400 121
282600 141
282800 132
283000 155
283200 141
283400 129
283600 154
283800 145
284000 128
284200 120
284400 146
284600 175
284800 149
285000 124
285200 134
285400 154
285600 142
285800 147
286000 163
286200 150
286400 137
286600 133
286800 149
287000 119
287200 132
287400 159
287600 122
287800 146
288000 115
288200 129
288400 142
288600 140
288800 144
289000 139
289200 131
289400 139
289600 139
289800 142
290000 152
290200 149
290400 138
290600 149
290800 132
291000 138
291200 133
291400 131
291600 105
291800 123
292000 138
292200 126
292400 143
292600 139
292800 112
293000 134
293200 138
293400 150
293600 147
293800 114
294000 126
294200 144
294400 150
294600 125
294800 130
295000 138
295200 127
295400 136
295600 154
295800 154
296000 159
296200 142
296400 130
296600 140
296800 166
297000 137
297200 105
297400 145
297600 130
297800 146
298000 121
298200 142
298400 162
298600 147
298800 136
299000 142
299200 104
299400 152
299600 125
299800 135
300000 153
300200 140
300400 135
300600 142
300800 136
301000 130
301200 124
301400 140
301600 130
301800 161
302000 128
302200 137
302400 149
302600 142
302800 141
303000 146
303200 131
303400 124
303600 117
303800 139
304000 124
304200 144
304400 130
304600 130
304800 149
305000 136
305200 115
305400 134
305600 128
305800 128
306000 115
306200 140
306400 154
306600 134
306800 132
307000 150
307200 153
307400 137
307600 136
307800 153
308000 133
308200 149
308400 122
308600 145
308800 122
309000 135
309200 124
309400 144
309600 158
309800 120
310000 133
310200 120
310400 139
310600 121
310800 154
311000 146
311200 139
311400 144
311600 156
311800 123
312000 141
312200 138
312400 140
312600 150
312800 124
313000 135
313200 149
313400 127
313600 126
313800 123
314000 137
314200 135
314400 134
314600 136
314800 160
315000 148
315200 154
315400 141
315600 138
315800 132
316000 125
316200 120
316400 147
316600 162
316800 122
317000 144
317200 142
317400 135
317600 144
317800 135
318000 123
318200 141
318400 134
318600 119
318800 154
319000 121
319200 135
319400 131
319600 133
319800 130
320000 157
320200 136
320400 146
320600 155
320800 131
321000 165
321200 157
321400 141
321600 136
321800 141
322000 141
322200 147
322400 137
322600 148
322800 147
323000 122
323200 141
323400 139
323600 138
323800 127
324000 137
324200 127
324400 151
324600 139
324800 139
325000 148
325200 136
325400 152
325600 131
325800 136
326000 143
326200 128
326400 130
326600 134
326800 138
327000 146
327200 154
327400 155
327600 163
327800 140
328000 112
328200 156
328400 135
328600 138
328800 133
329000 145
329200 119
329400 143
329600 136
329800 136
330000 157
330200 149
330400 151
330600 152
330800 132
331000 130
331200 140
331400 123
331600 148
331800 138
332000 127
332200 147
332400 123
332600 141
332800 132
333000 135
333200 132
333400 131
333600 135
333800 143
334000 120
334200 147
334400 144
334600 149
334800 137
335000 115
335200 135
335400 122
335600 138
335800 115
336000 140
336200 160
336400 146
336600 133
336800 140
337000 146
337200 143
337400 121
337600 138
337800 152
338000 108
338200 126
338400 138
338600 133
338800 150
339000 141
339200 137
339400 148
339600 140
339800 161
340000 130
340200 133
340400 127
340600 145
340800 148
341000 128
341200 155
341400 126
341600 125
341800 147
342000 122
342200 152
342400 130
342600 146
342800 132
343000 156
343200 142
343400 149
343600 140
343800 127
344000 150
344200 155
344400 118
344600 121
344800 135
345000 140
345200 138
345400 138
345600 119
345800 124
346000 114
346200 139
346400 158
346600 147
346800 132
347000 147
347200 134
347400 133
347600 139
347800 158
348000 155
348200 142
348400 124
348600 147
348800 139
349000 151
349200 131
349400 168
349600 140
349800 130
350000 142
350200 158
350400 134
350600 135
350800 156
351000 154
351200 120
351400 148
351600 119
351800 149
352000 142
352200 126
352400 136
352600 141
352800 136
353000 139
353200 118
353400 148
353600 129
353800 161
354000 135
354200 134
354400 152
354600 121
354800 131
355000 147
355200 134
355400 136
355600 125
355800 145
356000 152
356200 140
356400 111
356600 137
356800 142
357000 134
357200 142
357400 141
357600 142
357800 135
358000 131
358200 141
358400 136
358600 162
358800 142
359000 133
359200 124
359400 149
359600 134
359800 136
360000 143
360200 131
360400 144
360600 149
360800 120
361000 125
361200 148
361400 138
361600 143
361800 142
362000 152
362200 130
362400 153
362600 151
362800 138
363000 126
363200 133
363400 125
363600 132
363800 140
364000 137
364200 126
364400 124
364600 133
364800 140
365000 142
365200 126
365400 149
365600 142
365800 127
366000 130
366200 145
366400 142
366600 136
366800 135
367000 141
367200 125
367400 133
367600 138
367800 144
368000 126
368200 152
368400 136
368600 136
368800 134
369000 151
369200 128
369400 138
369600 120
369800 152
370000 148
370200 156
370400 149
370600 156
370800 146
371000 144
371200 142
371400 151
371600 156
371800 127
372000 133
372200 136
372400 131
372600 139
372800 137
373000 124
373200 142
373400 130
373600 142
373800 136
374000 138
374200 147
374400 141
374600 150
374800 122
375000 153
375200 114
375400 126
375600 104
375800 137
376000 168
376200 142
376400 128
376600 134
376800 154
377000 142
377200 149
377400 136
377600 125
377800 152
378000 135
378200 145
378400 146
378600 108
378800 154
379000 143
379200 136
379400 143
379600 140
379800 141
380000 142
380200 141
380400 137
380600 134
380800 132
381000 143
381200 132
381400 150
381600 140
381800 154
382000 139
382200 155
382400 142
382600 163
382800 152
383000 143
383200 129
383400 160
383600 133
383800 135
384000 145
384200 136
384400 133
384600 140
384800 123
385000 125
385200 136
385400 131
385600 129
385800 123
386000 141
386200 127
386400 125
386600 130
386800 109
387000 142
387200 134
387400 146
387600 132
387800 132
388000 147
388200 146
388400 135
388600 135
388800 127
389000 127
389200 136
389400 141
389600 140
389800 135
390000 136
390200 116
390400 141
390600 143
390800 167
391000 138
391200 140
391400 147
391600 158
391800 145
392000 153
392200 150
392400 129
392600 124
392800 136
393000 127
393200 142
393400 141
393600 120
393800 137
394000 147
394200 149
394400 151
394600 143
394800 152
395000 129
395200 137
395400 133
395600 126
395800 128
396000 137
396200 133
396400 139
396600 125
396800 132
397000 140
397200 150
397400 120
397600 135
397800 156
398000 133
398200 120
398400 153
398600 138
398800 141
399000 152
399200 135
399400 142
399600 116
399800 131
400000 121
400200 141
400400 148
400600 139
400800 151
401000 137
401200 155
401400 147
401600 133
401800 148
402000 142
402200 135
402400 137
402600 128
402800 136
403000 142
403200 139
403400 140
403600 133
403800 134
404000 142
404200 153
404400 121
404600 122
404800 136
405000 137
405200 131
405400 131
405600 133
405800 134
406000 153
406200 148
406400 146
406600 130
406800 139
407000 138
407200 119
407400 124
407600 153
407800 154
408000 135
408200 157
408400 142
408600 110
408800 115
409000 135
409200 134
409400 126
409600 141
409800 131
410000 135
410200 135
410400 134
410600 127
410800 125
411000 120
411200 160
411400 151
411600 136
411800 111
412000 144
412200 112
412400 122
412600 126
412800 133
413000 139
413200 137
413400 139
413600 126
413800 133
414000 152
414200 119
414400 145
414600 135
414800 126
415000 152
415200 135
415400 151
415600 126
415800 141
416000 137
416200 127
416400 132
416600 150
416800 146
417000 135
417200 133
417400 153
417600 147
417800 132
418000 148
418200 139
418400 151
418600 152
418800 134
419000 130
419200 103
419400 120
419600 125
419800 160
420000 147
420200 133
420400 115
420600 139
420800 123
421000 135
421200 136
421400 146
421600 140
421800 139
422000 128
422200 146
422400 130
422600 142
422800 147
423000 110
423200 154
423400 138
423600 142
423800 133
424000 141
424200 156
424400 130
424600 122
424800 142
425000 131
425200 153
425400 142
425600 148
425800 159
426000 140
426200 137
426400 156
426600 122
426800 134
427000 146
427200 142
427400 138
427600 138
427800 146
428000 152
428200 122
428400 125
428600 159
428800 131
429000 136
429200 136
429400 131
429600 157
429800 142
430000 134
430200 131
430400 141
430600 147
430800 142
431000 156
431200 134
431400 147
431600 143
431800 141
432000 132
432200 131
432400 136
432600 134
432800 151
433000 139
433200 118
433400 146
433600 139
433800 121
434000 132
434200 119
434400 144
434600 128
434800 143
435000 130
435200 139
435400 115
435600 140
435800 127
436000 150
436200 153
436400 131
436600 154
436800 131
437000 139
437200 127
437400 149
437600 145
437800 133
438000 151
438200 125
438400 154
438600 108
438800 131
439000 121
439200 117
439400 140
439600 131
439800 158
440000 134
440200 143
440400 154
440600 143
440800 151
441000 149
441200 110
441400 148
441600 125
441800 144
442000 140
442200 144
442400 133
442600 144
442800 137
443000 139
443200 144
443400 126
443600 143
443800 124
444000 152
444200 130
444400 136
444600 130
444800 129
445000 150
445200 146
445400 141
445600 139
445800 145
446000 142
446200 129
446400 147
446600 119
446800 131
447000 112
447200 134
447400 138
447600 140
447800 115
448000 129
448200 136
448400 124
448600 112
448800 132
449000 143
449200 137
449400 154
449600 143
449800 120
450000 145
450200 140
450400 167
450600 138
450800 142
451000 147
451200 138
451400 155
451600 136
451800 164
452000 127
452200 156
452400 145
452600 153
452800 134
453000 127
453200 144
453400 137
453600 120
453800 171
454000 126
454200 139
454400 156
454600 136
454800 116
455000 134
455200 120
455400 151
455600 131
455800 128
456000 119
456200 123
456400 150
456600 153
456800 118
457000 141
457200 146
457400 142
457600 126
457800 144
458000 142
458200 135
458400 129
458600 167
458800 138
459000 162
459200 146
459400 135
459600 145
459800 135
460000 125
460200 143
460400 145
460600 128
460800 147
461000 146
461200 157
461400 145
461600 153
461800 151
462000 149
462200 149
462400 130
462600 137
462800 128
463000 154
463200 146
463400 164
463600 149
463800 133
464000 124
464200 136
464400 136
464600 128
464800 114
465000 145
465200 153
465400 126
465600 133
465800 135
466000 125
466200 125
466400 142
466600 136
466800 150
467000 121
467200 147
467400 142
467600 148
467800 148
468000 133
468200 146
468400 113
468600 137
468800 163
469000 126
469200 120
469400 126
469600 140
469800 126
470000 155
470200 116
470400 131
470600 124
470800 138
471000 107
471200 123
471400 137
471600 136
471800 149
472000 142
472200 132
472400 158
472600 142
472800 140
473000 131
473200 131
473400 127
473600 126
473800 150
474000 145
474200 151
474400 170
474600 148
474800 151
475000 142
475200 143
475400 121
475600 133
475800 147
476000 139
476200 118
476400 145
476600 129
476800 129
477000 127
477200 161
477400 132
477600 116
477800 119
478000 156
478200 126
478400 140
478600 137
478800 134
479000 146
479200 124
479400 132
479600 130
479800 147
480000 140
480200 122
480400 151
480600 143
480800 131
481000 132
481200 146
481400 160
481600 134
481800 134
482000 142
482200 140
482400 137
482600 132
482800 146
483000 141
483200 134
483400 140
483600 135
483800 145
484000 162
484200 158
484400 160
484600 118
484800 134
485000 132
485200 134
485400 132
485600 143
485800 135
486000 122
486200 122
486400 118
486600 139
486800 139
487000 124
487200 116
487400 126
487600 132
487800 165
488000 135
488200 149
488400 123
488600 143
488800 159
489000 120
489200 145
489400 136
489600 140
489800 166
490000 145
490200 130
490400 142
490600 139
490800 147
491000 134
491200 132
491400 133
491600 129
491800 123
492000 141
492200 134
492400 137
492600 117
492800 105
493000 148
493200 149
493400 129
493600 120
493800 147
494000 157
494200 124
494400 137
494600 132
494800 148
495000 139
495200 125
495400 149
495600 140
495800 131
496000 129
496200 121
496400 149
496600 137
496800 158
497000 153
497200 146
497400 144
497600 136
497800 154
498000 129
498200 139
498400 140
498600 144
498800 168
499000 135
499200 133
499400 147
499600 142
499800 133
500000 113
500200 128
500400 134
500600 148
500800 128
501000 119
501200 128
501400 141
501600 140
501800 140
502000 163
502200 136
502400 130
502600 130
502800 160
503000 156
503200 136
503400 148
503600 136
503800 137
504000 136
504200 138
504400 161
504600 131
504800 125
505000 139
505200 130
505400 137
505600 139
505800 142
506000 132
506200 123
506400 145
506600 137
506800 139
507000 154
507200 134
507400 141
507600 160
507800 125
508000 140
508200 152
508400 158
508600 145
508800 122
509000 130
509200 147
509400 138
509600 146
509800 128
510000 143
510200 141
510400 127
510600 140
510800 165
511000 129
511200 138
511400 128
511600 158
511800 121
512000 132
512200 156
512400 141
512600 141
512800 137
513000 146
513200 132
513400 137
513600 119
513800 161
514000 129
514200 148
514400 122
514600 126
514800 129
515000 151
515200 140
515400 133
515600 157
515800 144
516000 131
516200 109
516400 133
516600 148
516800 125
517000 134
517200 140
517400 113
517600 139
517800 151
518000 167
518200 120
518400 150
518600 140
518800 141
519000 138
519200 141
519400 135
519600 152
519800 126
520000 132
520200 130
520400 132
520600 133
520800 137
521000 144
521200 137
521400 157
521600 138
521800 127
522000 140
522200 122
522400 128
522600 134
522800 145
523000 129
523200 135
523400 139
523600 129
523800 125
524000 148
524200 134
524400 116
524600 143
524800 104
525000 144
525200 132
525400 146
525600 124
525800 137
526000 142
526200 143
526400 134
526600 143
526800 155
527000 138
527200 134
527400 116
527600 135
527800 136
528000 136
528200 154
528400 142
528600 133
528800 124
529000 135
529200 127
529400 121
529600 142
529800 136
530000 130
530200 136
530400 154
530600 149
530800 147
531000 141
531200 140
531400 142
531600 135
531800 157
532000 135
532200 147
532400 128
532600 121
532800 143
533000 121
533200 135
533400 125
533600 140
533800 114
534000 137
534200 141
534400 143
534600 121
534800 157
535000 127
535200 162
535400 111
535600 133
535800 110
536000 134
536200 147
536400 158
536600 143
536800 137
537000 145
537200 128
537400 132
537600 134
537800 148
538000 137
538200 126
538400 112
538600 129
538800 164
539000 142
539200 144
539400 150
539600 143
539800 135
540000 125
540200 147
540400 134
540600 167
540800 117
541000 177
541200 134
541400 133
541600 141
541800 120
542000 134
542200 142
542400 146
542600 138
542800 117
543000 148
543200 134
543400 142
543600 137
543800 143
544000 134
544200 132
544400 145
544600 142
544800 144
545000 129
545200 155
545400 131
545600 153
545800 144
546000 143
546200 139
546400 143
546600 142
546800 131
547000 158
547200 122
547400 139
547600 119
547800 133
548000 119
548200 150
548400 127
548600 125
548800 137
549000 127
549200 128
549400 134
549600 127
549800 158
550000 128
550200 141
550400 132
550600 140
550800 144
551000 122
551200 144
551400 142
551600 135
551800 120
552000 140
552200 151
552400 151
552600 136
552800 147
553000 150
553200 140
553400 138
553600 111
553800 114
554000 158
554200 102
554400 148
554600 150
554800 122
555000 139
555200 132
555400 152
555600 151
555800 173
556000 127
556200 148
556400 146
556600 130
556800 141
557000 138
557200 145
557400 122
557600 140
557800 147
558000 139
558200 108
558400 168
558600 162
558800 143
559000 124
559200 139
559400 139
559600 138
559800 138
560000 135
560200 134
560400 129
560600 163
560800 140
561000 133
561200 115
561400 131
561600 145
561800 135
562000 131
562200 153
562400 143
562600 118
562800 130
563000 139
563200 122
563400 154
563600 133
563800 138
564000 148
564200 141
564400 142
564600 142
564800 132
565000 149
565200 125
565400 133
565600 144
565800 146
566000 125
566200 126
566400 143
566600 139
566800 120
567000 150
567200 129
567400 148
567600 146
567800 136
568000 134
568200 115
568400 127
568600 141
568800 123
569000 159
569200 140
569400 133
569600 155
569800 137
570000 124
570200 140
570400 172
570600 140
570800 122
571000 121
571200 142
571400 153
571600 151
571800 137
572000 143
572200 130
572400 158
572600 125
572800 143
573000 156
573200 128
573400 143
573600 153
573800 126
574000 141
574200 115
574400 131
574600 145
574800 146
575000 143
575200 144
575400 150
575600 144
575800 132
576000 158
576200 125
576400 140
576600 133
576800 130
577000 130
577200 153
577400 128
577600 154
577800 129
578000 161
578200 137
578400 133
578600 121
578800 155
579000 123
579200 125
579400 119
579600 137
579800 165
580000 139
580200 158
580400 132
580600 120
580800 157
581000 141
581200 123
581400 130
581600 144
581800 123
582000 128
582200 142
582400 148
582600 135
582800 119
583000 143
583200 144
583400 139
583600 135
583800 126
584000 134
584200 136
584400 158
584600 133
584800 128
585000 124
585200 140
585400 125
585600 136
585800 153
586000 133
586200 114
586400 145
586600 146
586800 132
587000 141
587200 148
587400 135
587600 124
587800 122
588000 132
588200 142
588400 143
588600 146
588800 139
589000 146
589200 146
589400 144
589600 124
589800 133
590000 130
590200 142
590400 149
590600 142
590800 142
591000 140
591200 154
591400 139
591600 137
591800 143
592000 119
592200 146
592400 141
592600 135
592800 116
593000 147
593200 121
593400 135
593600 146
593800 148
594000 131
594200 139
594400 132
594600 137
594800 147
595000 127
595200 141
595400 134
595600 120
595800 137
596000 132
596200 151
596400 131
596600 122
596800 160
597000 124
597200 151
597400 154
597600 134
597800 158
598000 138
598200 138
598400 136
598600 154
598800 144
599000 115
599200 132
599400 146
599600 133
599800 150
600000 127
600200 153
600400 128
600600 135
600800 151
601000 146
601200 136
601400 115
601600 123
601800 140
602000 118
602200 139
602400 138
602600 134
602800 125
603000 162
603200 132
603400 137
603600 141
603800 138
604000 141
604200 148
604400 147
604600 149
604800 136
605000 138
605200 143
605400 136
605600 142
605800 137
606000 123
606200 147
606400 140
606600 137
606800 127
607000 157
607200 139
607400 166
607600 115
607800 141
608000 133
608200 138
608400 142
608600 133
608800 138
609000 145
609200 142
609400 132
609600 125
609800 147
610000 130
610200 132
610400 112
610600 128
610800 133
611000 149
611200 128
611400 134
611600 138
611800 136
612000 125
612200 133
612400 141
612600 133
612800 131
613000 143
613200 133
613400 138
613600 137
613800 132
614000 136
614200 127
614400 123
614600 160
614800 151
615000 157
615200 133
615400 145
615600 145
615800 166
616000 130
616200 158
616400 127
616600 144
616800 115
617000 137
617200 153
617400 127
617600 121
617800 132
618000 113
618200 156
618400 160
618600 140
618800 144
619000 141
619200 150
619400 137
619600 142
619800 123
620000 140
620200 132
620400 119
620600 138
620800 152
621000 125
621200 137
621400 135
621600 118
621800 124
622000 160
622200 141
622400 128
622600 127
622800 131
623000 140
623200 120
623400 131
623600 142
623800 142
624000 152
624200 153
624400 123
624600 147
624800 131
625000 143
625200 129
625400 151
625600 136
625800 136
626000 140
626200 128
626400 134
626600 127
626800 140
627000 146
627200 146
627400 123
627600 136
627800 143
628000 140
628200 122
628400 136
628600 141
628800 148
629000 141
629200 129
629400 151
629600 151
629800 142
630000 152
630200 140
630400 135
630600 122
630800 152
631000 110
631200 132
631400 132
631600 132
631800 151
632000 134
632200 139
632400 126
632600 156
632800 153
633000 121
633200 144
633400 146
633600 148
633800 137
634000 152
634200 145
634400 113
634600 135
634800 164
635000 138
635200 137
635400 133
635600 150
635800 144
636000 126
636200 136
636400 153
636600 134
636800 156
637000 122
637200 140
637400 150
637600 152
637800 135
638000 147
638200 133
638400 129
638600 130
638800 142
639000 126
639200 155
639400 137
639600 144
639800 125
640000 123
640200 145
640400 137
640600 146
640800 142
641000 138
641200 142
641400 137
641600 131
641800 134
642000 130
642200 143
642400 131
642600 139
642800 137
643000 137
643200 130
643400 119
643600 137
643800 151
644000 140
644200 149
644400 171
644600 142
644800 135
645000 154
645200 128
645400 116
645600 122
645800 111
646000 156
646200 150
646400 146
646600 145
646800 138
647000 140
647200 116
647400 119
647600 144
647800 127
648000 133
648200 144
648400 134
648600 139
648800 116
649000 124
649200 148
649400 133
649600 134
649800 116
650000 134
650200 144
650400 122
650600 122
650800 140
651000 158
651200 111
651400 140
651600 135
651800 134
652000 152
652200 147
652400 143
652600 122
652800 118
653000 134
653200 129
653400 140
653600 133
653800 126
654000 128
654200 137
654400 152
654600 150
654800 116
655000 124
655200 132
655400 152
655600 131
655800 147
656000 141
656200 147
656400 148
656600 143
656800 124
657000 116
657200 155
657400 148
657600 170
657800 144
658000 121
658200 114
658400 112
658600 135
658800 152
659000 143
659200 134
659400 161
659600 146
659800 146
660000 140
660200 125
660400 146
660600 132
660800 134
661000 134
661200 144
661400 147
661600 122
661800 132
662000 138
662200 150
662400 134
662600 148
662800 126
663000 122
663200 142
663400 164
663600 143
663800 162
664000 132
664200 132
664400 138
664600 138
664800 110
665000 120
665200 136
665400 139
665600 121
665800 136
666000 153
666200 135
666400 140
666600 154
666800 142
667000 136
667200 114
667400 112
667600 137
667800 115
668000 163
668200 151
668400 152
668600 117
668800 123
669000 144
669200 127
669400 155
669600 118
669800 141
670000 139
670200 138
670400 147
670600 129
670800 142
671000 125
671200 133
671400 132
671600 104
671800 121
672000 146
672200 125
672400 134
672600 138
672800 159
673000 135
673200 144
673400 141
673600 139
673800 139
674000 140
674200 146
674400 145
674600 122
674800 161
675000 143
675200 129
675400 148
675600 135
675800 128
676000 146
676200 154
676400 144
676600 137
676800 144
677000 138
677200 128
677400 163
677600 116
677800 135
678000 132
678200 121
678400 142
678600 132
678800 153
679000 137
679200 147
679400 146
679600 161
679800 114
680000 149
680200 136
680400 142
680600 125
680800 142
681000 146
681200 133
681400 137
681600 129
681800 140
682000 165
682200 149
682400 138
682600 120
682800 145
683000 139
683200 128
683400 142
683600 119
683800 143
684000 123
684200 141
684400 143
684600 141
684800 143
685000 142
685200 159
685400 144
685600 143
685800 124
686000 133
686200 150
686400 121
686600 142
686800 136
687000 145
687200 125
687400 138
687600 148
687800 131
688000 131
688200 152
688400 131
688600 131
688800 133
689000 157
689200 125
689400 141
689600 143
689800 128
690000 144
690200 136
690400 113
690600 131
690800 119
691000 146
691200 152
691400 146
691600 142
691800 146
692000 152
692200 149
692400 122
692600 140
692800 137
693000 150
693200 161
693400 124
693600 149
693800 121
694000 105
694200 135
694400 141
694600 140
694800 148
695000 157
695200 132
695400 136
695600 133
695800 146
696000 142
696200 139
696400 135
696600 147
696800 143
697000 155
697200 135
697400 132
697600 143
697800 144
698000 152
698200 114
698400 139
698600 122
698800 123
699000 154
699200 129
699400 139
699600 137
699800 137
700000 131
700200 122
700400 131
700600 133
700800 118
701000 122
701200 160
701400 155
701600 142
701800 166
702000 127
702200 127
702400 152
702600 136
702800 137
703000 158
703200 133
703400 127
703600 128
703800 173
704000 143
704200 141
704400 150
704600 127
704800 129
705000 154
705200 146
705400 152
705600 134
705800 131
706000 143
706200 139
706400 155
706600 139
706800 148
707000 121
707200 143
707400 140
707600 145
707800 150
708000 136
708200 134
708400 131
708600 126
708800 138
709000 137
709200 145
709400 108
709600 126
709800 142
710000 143
710200 131
710400 137
710600 137
710800 144
711000 150
711200 145
711400 145
711600 152
711800 130
712000 136
712200 136
712400 122
712600 127
712800 128
713000 141
713200 151
713400 152
713600 125
713800 126
714000 147
714200 136
714400 137
714600 137
714800 124
715000 145
715200 141
715400 139
715600 140
715800 132
716000 140
716200 135
716400 150
716600 138
716800 146
717000 138
717200 139
717400 137
717600 135
717800 154
718000 141
718200 144
718400 132
718600 129
718800 142
719000 125
719200 142
719400 152
719600 162
719800 148
720000 133
720200 131
720400 138
720600 144
720800 132
721000 116
721200 130
721400 143
721600 133
721800 151
722000 137
722200 134
722400 119
722600 151
722800 126
723000 141
723200 150
723400 153
723600 159
723800 145
724000 138
724200 140
724400 140
724600 133
724800 136
725000 139
725200 148
725400 153
725600 145
725800 136
726000 139
726200 144
726400 158
726600 130
726800 143
727000 126
727200 155
727400 138
727600 126
727800 147
728000 140
728200 141
728400 142
728600 144
728800 143
729000 148
729200 143
729400 134
729600 147
729800 142
730000 132
730200 137
730400 146
730600 122
730800 123
731000 157
731200 120
731400 146
731600 129
731800 119
732000 150
732200 126
732400 126
732600 134
732800 141
733000 137
733200 120
733400 141
733600 137
733800 154
734000 132
734200 128
734400 139
734600 143
734800 118
735000 145
735200 144
735400 135
735600 142
735800 134
736000 121
736200 135
736400 142
736600 134
736800 148
737000 141
737200 139
737400 125
737600 140
737800 113
738000 155
738200 123
738400 147
738600 133
738800 132
739000 144
739200 150
739400 139
739600 145
739800 118
740000 147
740200 143
740400 148
740600 115
740800 137
741000 147
741200 126
741400 134
741600 132
741800 141
742000 141
742200 138
742400 125
742600 141
742800 130
743000 131
743200 145
743400 143
743600 124
743800 133
744000 124
744200 121
744400 156
744600 141
744800 126
745000 130
745200 144
745400 124
745600 139
745800 131
746000 142
746200 128
746400 138
746600 127
746800 117
747000 143
747200 149
747400 139
747600 143
747800 165
748000 135
748200 144
748400 142
748600 142
748800 116
749000 134
749200 144
749400 128
749600 153
749800 142
750000 128
750200 136
750400 151
750600 139
750800 127
751000 132
751200 128
751400 149
751600 149
751800 140
752000 135
752200 132
752400 157
752600 132
752800 150
753000 152
753200 147
753400 138
753600 161
753800 130
754000 137
754200 125
754400 126
754600 104
754800 126
755000 135
755200 135
755400 158
755600 137
755800 129
756000 133
756200 142
756400 131
756600 144
756800 139
757000 140
757200 150
757400 134
757600 126
757800 146
758000 121
758200 152
758400 134
758600 132
758800 163
759000 122
759200 140
759400 128
759600 155
759800 149
760000 142
760200 116
760400 143
760600 137
760800 133
761000 139
761200 135
761400 131
761600 156
761800 130
762000 155
762200 142
762400 129
762600 131
762800 140
763000 141
763200 114
763400 124
763600 128
763800 165
764000 136
764200 146
764400 118
764600 137
764800 153
765000 140
765200 146
765400 143
765600 119
765800 141
766000 158
766200 117
766400 151
766600 118
766800 153
767000 135
767200 148
767400 137
767600 119
767800 137
768000 145
768200 129
768400 127
768600 156
768800 159
769000 149
769200 132
769400 147
769600 126
769800 152
770000 125
770200 143
770400 128
770600 176
770800 154
771000 125
771200 148
771400 135
771600 138
771800 146
772000 146
772200 125
772400 143
772600 149
772800 138
773000 163
773200 120
773400 149
773600 141
773800 127
774000 120
774200 130
774400 147
774600 147
774800 134
775000 139
775200 143
775400 158
775600 134
775800 118
776000 129
776200 132
776400 131
776600 141
776800 128
777000 112
777200 139
777400 134
777600 156
777800 127
778000 109
778200 150
778400 139
778600 145
778800 139
779000 147
779200 132
779400 123
779600 141
779800 132
780000 136
780200 118
780400 145
780600 148
780800 137
781000 124
781200 128
781400 143
781600 138
781800 155
782000 136
782200 141
782400 146
782600 145
782800 140
783000 148
783200 134
783400 125
783600 136
783800 130
784000 133
784200 146
784400 142
784600 110
784800 142
785000 137
785200 148
785400 142
785600 111
785800 140
786000 133
786200 142
786400 142
786600 131
786800 128
787000 117
787200 129
787400 127
787600 151
787800 132
788000 139
788200 132
788400 149
788600 139
788800 134
789000 133
789200 150
789400 139
789600 141
789800 142
790000 132
790200 146
790400 130
790600 140
790800 144
791000 128
791200 127
791400 145
791600 137
791800 132
792000 138
792200 155
792400 140
792600 145
792800 136
793000 141
793200 141
793400 139
793600 158
793800 106
794000 119
794200 134
794400 131
794600 144
794800 126
795000 110
795200 139
795400 133
795600 149
795800 141
796000 136
796200 149
796400 138
796600 123
796800 116
797000 127
797200 129
797400 109
797600 109
797800 132
798000 146
798200 124
798400 151
798600 161
798800 157
799000 144
799200 151
799400 129
799600 134
799800 150
800000 142
800200 127
800400 127
800600 145
800800 150
801000 135
801200 143
801400 141
801600 136
801800 128
802000 107
802200 124
802400 141
802600 132
802800 145
803000 148
803200 141
803400 138
803600 148
803800 162
804000 148
804200 134
804400 155
804600 135
804800 132
805000 143
805200 140
805400 139
805600 158
805800 149
806000 150
806200 153
806400 133
806600 140
806800 147
807000 133
807200 133
807400 139
807600 149
807800 146
808000 151
808200 130
808400 151
808600 128
808800 149
809000 144
809200 134
809400 145
809600 144
809800 130
810000 133
810200 157
810400 126
810600 107
810800 137
811000 136
811200 145
811400 132
811600 144
811800 142
812000 103
812200 144
812400 134
812600 135
812800 142
813000 126
813200 142
813400 115
813600 129
813800 125
814000 163
814200 129
814400 153
814600 131
814800 123
815000 135
815200 125
815400 140
815600 118
815800 124
816000 112
816200 144
816400 142
816600 139
816800 126
817000 130
817200 149
817400 132
817600 128
817800 137
818000 156
818200 123
818400 132
818600 128
818800 158
819000 135
819200 130
819400 144
819600 143
819800 146
820000 107
820200 126
820400 131
820600 130
820800 128
821000 127
821200 151
821400 127
821600 145
821800 156
822000 131
822200 124
822400 152
822600 130
822800 143
823000 133
823200 127
823400 135
823600 142
823800 118
824000 102
824200 126
824400 132
824600 119
824800 139
825000 130
825200 133
825400 135
825600 139
825800 120
826000 148
826200 127
826400 135
826600 133
826800 139
827000 145
827200 136
827400 149
827600 114
827800 160
828000 111
828200 129
828400 132
828600 153
828800 126
829000 125
829200 143
829400 125
829600 139
829800 142
830000 116
830200 148
830400 130
830600 155
830800 140
831000 128
831200 112
831400 126
831600 148
831800 145
832000 130
832200 119
832400 142
832600 138
832800 137
833000 134
833200 164
833400 141
833600 154
833800 134
834000 146
834200 117
834400 151
834600 129
834800 128
835000 144
835200 140
835400 151
835600 131
835800 128
836000 141
836200 133
836400 145
836600 139
836800 120
837000 132
837200 144
837400 143
837600 130
837800 131
838000 135
838200 145
838400 123
838600 128
838800 154
839000 138
839200 148
839400 125
839600 138
839800 142
840000 135
840200 162
840400 125
840600 143
840800 146
841000 125
841200 132
841400 133
841600 125
841800 128
842000 133
842200 147
842400 121
842600 154
842800 142
843000 138
843200 151
843400 140
843600 147
843800 142
844000 134
844200 130
844400 145
844600 151
844800 135
845000 138
845200 154
845400 132
845600 126
845800 130
846000 125
846200 142
846400 157
846600 146
846800 147
847000 166
847200 118
847400 138
847600 133
847800 141
848000 125
848200 145
848400 134
848600 134
848800 152
849000 140
849200 122
849400 132
849600 144
849800 125
850000 110
850200 153
850400 130
850600 132
850800 120
851000 128
851200 141
851400 133
851600 143
851800 132
852000 128
852200 128
852400 131
852600 165
852800 123
853000 136
853200 149
853400 124
853600 145
853800 142
854000 139
854200 116
854400 140
854600 132
854800 140
855000 137
855200 156
855400 142
855600 125
855800 136
856000 117
856200 137
856400 132
856600 131
856800 139
857000 151
857200 133
857400 141
857600 132
857800 137
858000 127
858200 134
858400 108
858600 146
858800 135
859000 153
859200 150
859400 131
859600 147
859800 132
860000 140
860200 144
860400 149
860600 132
860800 128
861000 132
861200 145
861400 132
861600 139
861800 128
862000 131
862200 157
862400 132
862600 128
862800 142
863000 116
863200 152
863400 133
863600 117
863800 159
864000 127
864200 125
864400 130
864600 142
864800 156
865000 153
865200 148
865400 140
865600 157
865800 124
866000 125
866200 158
866400 151
866600 130
866800 147
867000 140
867200 137
867400 149
867600 161
867800 154
868000 128
868200 114
868400 126
868600 146
868800 146
869000 136
869200 155
869400 139
869600 137
869800 141
870000 146
870200 137
870400 133
870600 130
870800 140
871000 144
871200 154
871400 136
871600 148
871800 137
872000 123
872200 144
872400 144
872600 148
872800 128
873000 138
873200 131
873400 148
873600 130
873800 143
874000 142
874200 157
874400 134
874600 149
874800 132
875000 104
875200 132
875400 115
875600 141
875800 137
876000 161
876200 133
876400 138
876600 143
876800 148
877000 129
877200 143
877400 143
877600 148
877800 147
878000 122
878200 146
878400 137
878600 142
878800 150
879000 158
879200 151
879400 134
879600 138
879800 126
880000 123
880200 144
880400 146
880600 144
880800 141
881000 122
881200 132
881400 144
881600 157
881800 144
882000 126
882200 142
882400 152
882600 120
882800 147
883000 132
883200 132
883400 128
883600 138
883800 134
884000 142
884200 156
884400 140
884600 147
884800 125
885000 133
885200 132
885400 150
885600 121
885800 133
886000 136
886200 142
886400 135
886600 136
886800 128
887000 133
887200 138
887400 149
887600 143
887800 124
888000 125
888200 122
888400 119
888600 146
888800 144
889000 146
889200 135
889400 133
889600 137
889800 137
890000 135
890200 129
890400 124
890600 152
890800 137
891000 145
891200 135
891400 152
891600 121
891800 114
892000 145
892200 143
892400 149
892600 124
892800 161
893000 156
893200 128
893400 135
893600 133
893800 155
894000 135
894200 155
894400 136
894600 117
894800 149
895000 134
895200 133
895400 130
895600 142
895800 147
896000 133
896200 143
896400 132
896600 132
896800 149
897000 139
897200 156
897400 154
897600 159
897800 135
898000 134
898200 124
898400 118
898600 114
898800 125
899000 144
899200 150
899400 124
899600 154
899800 129
900000 121
900200 125
900400 149
900600 125
900800 137
901000 133
901200 134
901400 142
901600 141
901800 147
902000 136
902200 144
902400 130
902600 152
902800 155
903000 99
903200 154
903400 141
903600 150
903800 125
904000 141
904200 139
904400 126
904600 145
904800 127
905000 133
905200 139
905400 140
905600 146
905800 138
906000 116
906200 137
906400 136
906600 136
906800 141
907000 144
907200 129
907400 140
907600 138
907800 157
908000 138
908200 143
908400 139
908600 143
908800 131
909000 155
909200 123
909400 164
909600 139
909800 137
910000 154
910200 138
910400 162
910600 143
910800 145
911000 129
911200 146
911400 139
911600 142
911800 147
912000 144
912200 128
912400 126
912600 141
912800 146
913000 142
913200 134
913400 111
913600 137
913800 148
914000 138
914200 125
914400 144
914600 144
914800 140
915000 131
915200 132
915400 129
915600 126
915800 124
916000 161
916200 152
916400 117
916600 145
916800 141
917000 152
917200 131
917400 131
917600 152
917800 152
918000 109
918200 146
918400 146
918600 137
918800 136
919000 127
919200 149
919400 137
919600 142
919800 141
920000 132
920200 130
920400 148
920600 145
920800 135
921000 142
921200 138
921400 135
921600 143
921800 141
922000 143
922200 161
922400 119
922600 121
922800 139
923000 124
923200 157
923400 136
923600 140
923800 146
924000 153
924200 121
924400 127
924600 165
924800 131
925000 123
925200 121
925400 138
925600 135
925800 152
926000 154
926200 148
926400 135
926600 128
926800 141
927000 127
927200 115
927400 135
927600 150
927800 141
928000 140
928200 134
928400 127
928600 130
928800 163
929000 118
929200 117
929400 140
929600 149
929800 139
930000 146
930200 131
930400 118
930600 140
930800 142
931000 141
931200 143
931400 148
931600 156
931800 112
932000 122
932200 148
932400 159
932600 142
932800 143
933000 158
933200 136
933400 157
933600 146
933800 120
934000 123
934200 132
934400 135
934600 143
934800 118
935000 152
935200 127
935400 143
935600 145
935800 138
936000 147
936200 125
936400 136
936600 125
936800 141
937000 144
937200 136
937400 152
937600 151
937800 134
938000 134
938200 143
938400 139
938600 140
938800 142
939000 134
939200 142
939400 132
939600 146
939800 131
940000 138
940200 168
940400 143
940600 138
940800 156
941000 134
941200 139
941400 116
941600 143
941800 128
942000 142
942200 139
942400 144
942600 154
942800 138
943000 150
943200 120
943400 121
943600 119
943800 148
944000 141
944200 123
944400 142
944600 142
944800 104
945000 147
945200 140
945400 140
945600 132
945800 119
946000 133
946200 156
946400 142
946600 146
946800 100
947000 139
947200 152
947400 123
947600 115
947800 136
948000 122
948200 128
948400 137
948600 134
948800 126
949000 150
949200 156
949400 138
949600 152
949800 136
950000 148
950200 140
950400 135
950600 134
950800 145
951000 130
951200 147
951400 147
951600 137
951800 139
952000 144
952200 144
952400 147
952600 133
952800 142
953000 157
953200 150
953400 156
953600 151
953800 127
954000 107
954200 137
954400 115
954600 129
954800 133
955000 157
955200 137
955400 125
955600 147
955800 144
956000 151
956200 128
956400 139
956600 149
956800 140
957000 124
957200 140
957400 160
957600 160
957800 139
958000 125
958200 151
958400 161
958600 138
958800 146
959000 128
959200 141
959400 127
959600 127
959800 147
960000 135
960200 131
960400 134
960600 136
960800 130
961000 124
961200 141
961400 150
961600 122
961800 123
962000 145
962200 132
962400 148
962600 137
962800 137
963000 138
963200 129
963400 139
963600 128
963800 119
964000 134
964200 153
964400 150
964600 146
964800 126
965000 126
965200 140
965400 153
965600 132
965800 129
966000 122
966200 140
966400 153
966600 143
966800 155
967000 143
967200 153
967400 133
967600 141
967800 150
968000 140
968200 139
968400 143
968600 136
968800 140
969000 134
969200 135
969400 110
969600 129
969800 129
970000 142
970200 135
970400 123
970600 130
970800 138
971000 148
971200 126
971400 147
971600 128
971800 151
972000 153
972200 140
972400 117
972600 128
972800 131
973000 136
973200 152
973400 118
973600 145
973800 131
974000 127
974200 138
974400 136
974600 136
974800 127
975000 130
975200 137
975400 138
975600 134
975800 138
976000 137
976200 143
976400 129
976600 144
976800 154
977000 153
977200 150
977400 129
977600 152
977800 170
978000 154
978200 127
978400 159
978600 152
978800 119
979000 135
979200 140
979400 134
979600 154
979800 137
980000 128
980200 162
980400 130
980600 132
980800 124
981000 160
981200 112
981400 137
981600 148
981800 147
982000 129
982200 121
982400 134
982600 148
982800 152
983000 147
983200 130
983400 149
983600 142
983800 145
984000 130
984200 155
984400 142
984600 132
984800 149
985000 148
985200 137
985400 138
985600 131
985800 107
986000 127
986200 122
986400 140
986600 138
986800 144
987000 152
987200 128
987400 139
987600 149
987800 131
988000 149
988200 151
988400 132
988600 123
988800 144
989000 142
989200 136
989400 157
989600 147
989800 121
990000 138
990200 128
990400 123
990600 153
990800 135
991000 151
991200 135
991400 144
991600 139
991800 139
992000 148
992200 141
992400 138
992600 141
992800 137
993000 134
993200 124
993400 150
993600 141
993800 122
994000 138
994200 144
994400 154
994600 116
994800 121
995000 127
995200 147
995400 125
995600 148
995800 139
996000 114
996200 132
996400 142
996600 137
996800 145
997000 147
997200 153
997400 128
997600 109
997800 147
998000 129
998200 137
998400 138
998600 132
998800 149
999000 147
999200 144
999400 149
999600 150
999800 134
1000000 137
