500 156
1000 146
1500 151
2000 149
2500 150
3000 139
3500 141
4000 135
4500 152
5000 147
5500 158
6000 158
6500 158
7000 141
7500 153
8000 129
8500 154
9000 168
9500 161
10000 153
10500 155
11000 149
11500 147
12000 145
12500 140
13000 150
13500 143
14000 158
14500 144
15000 140
15500 139
16000 159
16500 144
17000 154
17500 156
18000 154
18500 162
19000 147
19500 161
20000 142
20500 165
21000 157
21500 140
22000 162
22500 154
23000 144
23500 147
24000 146
24500 141
25000 146
25500 137
26000 135
26500 159
27000 123
27500 136
28000 143
28500 151
29000 145
29500 144
30000 157
30500 146
31000 156
31500 140
32000 169
32500 153
33000 141
33500 148
34000 137
34500 140
35000 161
35500 156
36000 155
36500 143
37000 137
37500 139
38000 155
38500 133
39000 140
39500 123
40000 156
40500 159
41000 149
41500 149
42000 167
42500 143
43000 152
43500 146
44000 122
44500 144
45000 141
45500 148
46000 159
46500 141
47000 150
47500 140
48000 152
48500 149
49000 154
49500 160
50000 133
50500 149
51000 150
51500 168
52000 146
52500 155
53000 140
53500 147
54000 127
54500 162
55000 140
55500 162
56000 128
56500 133
57000 140
57500 155
58000 158
58500 134
59000 124
59500 152
60000 152
60500 132
61000 145
61500 150
62000 146
62500 134
63000 119
63500 154
64000 152
64500 159
65000 146
65500 167
66000 154
66500 150
67000 138
67500 153
68000 125
68500 126
69000 141
69500 159
70000 139
70500 136
71000 135
71500 142
72000 138
72500 136
73000 132
73500 140
74000 150
74500 129
75000 141
75500 149
76000 159
76500 148
77000 153
77500 155
78000 136
78500 145
79000 134
79500 147
80000 150
80500 136
81000 135
81500 136
82000 138
82500 166
83000 131
83500 155
84000 151
84500 147
85000 127
85500 160
86000 136
86500 147
87000 149
87500 144
88000 142
88500 142
89000 156
89500 150
90000 155
90500 169
91000 161
91500 143
92000 169
92500 145
93000 152
93500 138
94000 148
94500 136
95000 147
95500 130
96000 143
96500 150
97000 156
97500 137
98000 168
98500 143
99000 133
99500 143
100000 169
100500 148
101000 142
101500 126
102000 154
102500 129
103000 142
103500 150
104000 117
104500 150
105000 126
105500 141
106000 113
106500 146
107000 111
107500 149
108000 152
108500 130
109000 127
109500 142
110000 140
110500 140
111000 133
111500 130
112000 148
112500 129
113000 141
113500 144
114000 154
114500 126
115000 144
115500 121
116000 143
116500 123
117000 133
117500 136
118000 123
118500 148
119000 146
119500 138
120000 142
120500 146
121000 133
121500 128
122000 139
122500 136
123000 146
123500 130
124000 125
124500 134
125000 130
125500 139
126000 126
126500 154
127000 142
127500 143
128000 135
128500 148
129000 138
129500 154
130000 157
130500 145
131000 140
131500 167
132000 145
132500 144
133000 138
133500 131
134000 132
134500 135
135000 126
135500 137
136000 130
136500 137
137000 143
137500 130
138000 138
138500 131
139000 140
139500 136
140000 106
140500 145
141000 133
141500 136
142000 132
142500 126
143000 130
143500 153
144000 131
144500 124
145000 120
145500 133
146000 152
146500 158
147000 161
147500 163
148000 131
148500 137
149000 153
149500 138
150000 141
150500 120
151000 113
151500 149
152000 113
152500 120
153000 128
153500 114
154000 136
154500 140
155000 149
155500 135
156000 122
156500 115
157000 127
157500 115
158000 143
158500 148
159000 122
159500 117
160000 116
160500 140
161000 106
161500 130
162000 127
162500 119
163000 157
163500 138
164000 118
164500 134
165000 147
165500 129
166000 123
166500 122
167000 137
167500 141
168000 124
168500 136
169000 138
169500 121
170000 130
170500 131
171000 139
171500 156
172000 121
172500 150
173000 130
173500 130
174000 127
174500 137
175000 147
175500 127
176000 128
176500 148
177000 125
177500 131
178000 120
178500 114
179000 140
179500 139
180000 120
180500 138
181000 127
181500 123
182000 142
182500 124
183000 137
183500 141
184000 138
184500 145
185000 129
185500 145
186000 118
186500 151
187000 121
187500 128
188000 142
188500 129
189000 134
189500 135
190000 102
190500 107
191000 97
191500 116
192000 117
192500 111
193000 130
193500 135
194000 116
194500 131
195000 133
195500 129
196000 147
196500 140
197000 151
197500 129
198000 112
198500 117
199000 128
199500 135
200000 121
200500 108
201000 113
201500 120
202000 109
202500 115
203000 131
203500 98
204000 126
204500 111
205000 138
205500 120
206000 114
206500 95
207000 102
207500 117
208000 103
208500 124
209000 101
209500 117
210000 120
210500 111
211000 120
211500 112
212000 100
212500 140
213000 114
213500 100
214000 110
214500 115
215000 91
215500 136
216000 127
216500 109
217000 127
217500 110
218000 110
218500 161
219000 111
219500 128
220000 127
220500 120
221000 113
221500 107
222000 128
222500 123
223000 123
223500 136
224000 100
224500 100
225000 101
225500 103
226000 106
226500 114
227000 108
227500 118
228000 122
228500 85
229000 97
229500 127
230000 114
230500 131
231000 124
231500 115
232000 109
232500 130
233000 133
233500 111
234000 97
234500 91
235000 127
235500 131
236000 101
236500 120
237000 121
237500 123
238000 124
238500 103
239000 118
239500 109
240000 111
240500 113
241000 133
241500 100
242000 124
242500 103
243000 114
243500 110
244000 131
244500 134
245000 106
245500 122
246000 114
246500 93
247000 128
247500 130
248000 142
248500 119
249000 123
249500 123
250000 93
250500 88
251000 100
251500 99
252000 97
252500 96
253000 137
253500 95
254000 88
254500 90
255000 148
255500 98
256000 91
256500 108
257000 120
257500 102
258000 110
258500 90
259000 95
259500 96
260000 73
260500 109
261000 83
261500 86
262000 90
262500 116
263000 103
263500 91
264000 94
264500 155
265000 106
265500 95
266000 86
266500 106
267000 95
267500 89
268000 96
268500 90
269000 84
269500 102
270000 143
270500 89
271000 107
271500 99
272000 117
272500 89
273000 95
273500 96
274000 119
274500 94
275000 91
275500 100
276000 89
276500 103
277000 119
277500 92
278000 95
278500 95
279000 96
279500 93
280000 89
280500 97
281000 92
281500 102
282000 85
282500 111
283000 91
283500 98
284000 143
284500 108
285000 99
285500 88
286000 92
286500 79
287000 80
287500 80
288000 97
288500 93
289000 88
289500 83
290000 100
290500 109
291000 102
291500 97
292000 92
292500 89
293000 108
293500 96
294000 101
294500 92
295000 134
295500 103
296000 116
296500 105
297000 78
297500 89
298000 96
298500 92
299000 81
299500 99
300000 110
300500 128
301000 79
301500 74
302000 76
302500 76
303000 73
303500 74
304000 71
304500 74
305000 76
305500 76
306000 78
306500 73
307000 77
307500 71
308000 73
308500 85
309000 102
309500 81
310000 77
310500 72
311000 78
311500 75
312000 76
312500 84
313000 84
313500 78
314000 73
314500 72
315000 77
315500 72
316000 75
316500 79
317000 79
317500 75
318000 71
318500 70
319000 70
319500 74
320000 74
320500 77
321000 70
321500 71
322000 75
322500 73
323000 70
323500 73
324000 72
324500 76
325000 77
325500 71
326000 71
326500 73
327000 77
327500 71
328000 71
328500 74
329000 69
329500 73
330000 74
330500 73
331000 75
331500 75
332000 74
332500 72
333000 69
333500 72
334000 72
334500 76
335000 70
335500 72
336000 70
336500 68
337000 74
337500 73
338000 72
338500 69
339000 72
339500 75
340000 75
340500 73
341000 76
341500 70
342000 74
342500 90
343000 70
343500 68
344000 70
344500 68
345000 70
345500 75
346000 128
346500 79
347000 74
347500 72
348000 99
348500 84
349000 72
349500 72
350000 71
350500 70
351000 70
351500 70
352000 70
352500 70
353000 70
353500 69
354000 69
354500 69
355000 69
355500 68
356000 68
356500 68
357000 68
357500 68
358000 69
358500 68
359000 69
359500 69
360000 69
360500 68
361000 68
361500 69
362000 69
362500 69
363000 69
363500 69
364000 69
364500 69
365000 69
365500 70
366000 70
366500 69
367000 69
367500 70
368000 70
368500 69
369000 69
369500 69
370000 69
370500 69
371000 69
371500 69
372000 69
372500 69
373000 69
373500 69
374000 69
374500 69
375000 69
375500 69
376000 69
376500 73
377000 70
377500 70
378000 70
378500 72
379000 70
379500 69
380000 68
380500 68
381000 68
381500 68
382000 68
382500 70
383000 70
383500 68
384000 68
384500 68
385000 68
385500 69
386000 70
386500 70
387000 70
387500 70
388000 70
388500 71
389000 71
389500 71
390000 71
390500 69
391000 69
391500 69
392000 70
392500 69
393000 69
393500 69
394000 69
394500 69
395000 69
395500 69
396000 69
396500 69
397000 69
397500 69
398000 68
398500 68
399000 68
399500 68
400000 69
400500 69
401000 69
401500 68
402000 68
402500 68
403000 68
403500 68
404000 68
404500 68
405000 68
405500 68
406000 68
406500 68
407000 68
407500 68
408000 68
408500 68
409000 68
409500 68
410000 68
410500 68
411000 68
411500 68
412000 68
412500 68
413000 68
413500 68
414000 68
414500 68
415000 68
415500 68
416000 68
416500 68
417000 68
417500 68
418000 68
418500 68
419000 68
419500 68
420000 68
420500 68
421000 68
421500 68
422000 68
422500 68
423000 68
423500 68
424000 68
424500 68
425000 68
425500 68
426000 68
426500 68
427000 68
427500 68
428000 68
428500 68
429000 68
429500 68
430000 68
430500 68
431000 68
431500 68
432000 68
432500 68
433000 68
433500 68
434000 68
434500 68
435000 68
435500 68
436000 68
436500 68
437000 68
437500 68
438000 68
438500 68
439000 68
439500 68
440000 68
440500 68
441000 68
441500 68
442000 68
442500 68
443000 68
443500 68
444000 68
444500 68
445000 68
445500 68
446000 68
446500 68
447000 68
447500 68
448000 68
448500 68
449000 68
449500 68
450000 68
450500 68
451000 68
451500 68
452000 68
452500 68
453000 68
453500 68
454000 68
454500 68
455000 68
455500 68
456000 68
456500 68
457000 68
457500 68
458000 68
458500 68
459000 68
459500 68
460000 68
460500 68
461000 68
461500 68
462000 68
462500 68
463000 68
463500 68
464000 68
464500 68
465000 68
465500 68
466000 68
466500 68
467000 68
467500 68
468000 68
468500 68
469000 68
469500 68
470000 68
470500 68
471000 68
471500 68
472000 68
472500 68
473000 68
473500 68
474000 68
474500 68
475000 68
475500 68
476000 68
476500 68
477000 68
477500 68
478000 68
478500 68
479000 68
479500 68
480000 68
480500 68
481000 68
481500 68
482000 68
482500 68
483000 68
483500 68
484000 68
484500 68
485000 68
485500 68
486000 68
486500 68
487000 68
487500 68
488000 68
488500 68
489000 68
489500 68
490000 68
490500 68
491000 68
491500 68
492000 68
492500 68
493000 68
493500 68
494000 68
494500 68
495000 68
495500 68
496000 68
496500 68
497000 68
497500 68
498000 68
498500 68
499000 68
499500 68
500000 68
500500 68
501000 68
501500 68
502000 68
502500 68
503000 68
503500 68
504000 68
504500 68
505000 68
505500 68
506000 68
506500 68
507000 68
507500 68
508000 68
508500 68
509000 68
509500 68
510000 68
510500 68
511000 68
511500 68
512000 68
512500 68
513000 68
513500 68
514000 68
514500 68
515000 68
515500 68
516000 68
516500 68
517000 68
517500 68
518000 68
518500 68
519000 68
519500 68
520000 68
520500 68
521000 68
521500 68
522000 68
522500 68
523000 68
523500 68
524000 68
524500 68
525000 68
525500 68
526000 68
526500 68
527000 68
527500 68
528000 68
528500 68
529000 68
529500 68
530000 68
530500 68
531000 68
531500 68
532000 68
532500 68
533000 68
533500 68
534000 68
534500 68
535000 68
535500 68
536000 68
536500 68
537000 68
537500 68
538000 68
538500 68
539000 68
539500 68
540000 68
540500 68
541000 68
541500 68
542000 68
542500 68
543000 68
543500 68
544000 68
544500 68
545000 68
545500 68
546000 68
546500 68
547000 68
547500 68
548000 68
548500 68
549000 68
549500 68
550000 68
550500 68
551000 68
551500 68
552000 68
552500 68
553000 68
553500 68
554000 68
554500 68
555000 68
555500 68
556000 68
556500 68
557000 68
557500 68
558000 68
558500 68
559000 68
559500 68
560000 68
560500 68
561000 68
561500 68
562000 68
562500 68
563000 68
563500 68
564000 68
564500 68
565000 68
565500 68
566000 68
566500 68
567000 68
567500 68
568000 68
568500 68
569000 68
569500 68
570000 68
570500 68
571000 68
571500 68
572000 68
572500 68
573000 68
573500 68
574000 68
574500 68
575000 68
575500 68
576000 68
576500 68
577000 68
577500 68
578000 68
578500 68
579000 68
579500 68
580000 68
580500 68
581000 68
581500 68
582000 68
582500 68
583000 68
583500 68
584000 68
584500 68
585000 68
585500 68
586000 68
586500 68
587000 68
587500 68
588000 68
588500 68
589000 68
589500 68
590000 68
590500 68
591000 68
591500 68
592000 68
592500 68
593000 68
593500 68
594000 68
594500 68
595000 68
595500 68
596000 68
596500 68
597000 68
597500 68
598000 68
598500 68
599000 68
599500 68
600000 68
600500 68
601000 68
601500 68
602000 68
602500 68
603000 68
603500 68
604000 68
604500 68
605000 68
605500 68
606000 68
606500 68
607000 68
607500 68
608000 68
608500 68
609000 68
609500 68
610000 68
610500 68
611000 68
611500 68
612000 68
612500 68
613000 68
613500 68
614000 68
614500 68
615000 68
615500 68
616000 68
616500 68
617000 68
617500 68
618000 68
618500 68
619000 68
619500 68
620000 68
620500 68
621000 68
621500 68
622000 68
622500 68
623000 68
623500 68
624000 68
624500 68
625000 68
625500 68
626000 68
626500 68
627000 68
627500 68
628000 68
628500 68
629000 68
629500 68
630000 68
630500 68
631000 68
631500 68
632000 68
632500 68
633000 68
633500 68
634000 68
634500 68
635000 68
635500 68
636000 68
636500 68
637000 68
637500 68
638000 68
638500 68
639000 68
639500 68
640000 68
640500 68
641000 68
641500 68
642000 68
642500 68
643000 68
643500 68
644000 68
644500 68
645000 68
645500 68
646000 68
646500 68
647000 68
647500 68
648000 68
648500 68
649000 68
649500 68
650000 68
650500 68
651000 68
651500 68
652000 68
652500 68
653000 68
653500 68
654000 68
654500 68
655000 68
655500 68
656000 68
656500 68
657000 68
657500 68
658000 68
658500 68
659000 68
659500 68
660000 68
660500 68
661000 68
661500 68
662000 68
662500 68
663000 68
663500 68
664000 68
664500 68
665000 68
665500 68
666000 68
666500 68
667000 68
667500 68
668000 68
668500 68
669000 68
669500 68
670000 68
670500 68
671000 68
671500 68
672000 68
672500 68
673000 68
673500 68
674000 68
674500 68
675000 68
675500 68
676000 68
676500 68
677000 68
677500 68
678000 68
678500 68
679000 68
679500 68
680000 68
680500 68
681000 68
681500 68
682000 68
682500 68
683000 68
683500 68
684000 68
684500 68
685000 68
685500 68
686000 68
686500 68
687000 68
687500 68
688000 68
688500 68
689000 68
689500 68
690000 68
690500 68
691000 68
691500 68
692000 68
692500 68
693000 68
693500 68
694000 68
694500 68
695000 68
695500 68
696000 68
696500 68
697000 68
697500 68
698000 68
698500 68
699000 68
699500 68
700000 68
