691
1187
1675
2198
2691
3170
3670
4178
4683
5191
5702
6170
6667
7170
7676
8201
8677
9173
9682
10173
10690
11168
11672
12183
12677
13187
13676
14184
14678
15193
15668
16188
16680
17176
17684
18156
18686
19187
19693
20187
20674
21191
21671
22159
22676
23175
23696
24177
24700
25178
25695
26191
26671
27170
27690
28172
28678
29179
29689
30183
30691
31172
31675
32169
32658
33188
33700
34170
34695
35179
35666
36188
36690
37191
37669
38186
38683
39196
39679
40199
40691
41192
41660
42172
42682
43189
43681
44187
44666
45188
45692
46178
46697
47151
47668
48173
48685
49184
49671
50179
50684
51181
51676
52201
52697
53173
53687
54181
54692
55178
55693
56179
56666
57202
57689
58180
58679
59170
59702
60201
60667
61145
61684
62177
62674
63175
63687
64169
64657
65177
65689
66191
66681
67199
67687
68155
68668
69184
69684
70173
70671
71179
71672
72181
72668
73170
73676
74170
74688
75183
75682
76183
76696
77179
77688
78174
78671
79174
79678
80185
80684
81175
81690
82167
82672
83181
83673
84171
84669
85194
85680
86195
86667
87169
87698
88186
88682
89202
89680
90189
90696
91178
91665
92171
92682
93174
93661
94197
94691
95188
95692
96181
96676
97181
97693
98185
98668
99177
99679
100180
100686
101195
101674
102157
102674
103169
103691
104181
104683
105157
105662
106170
106691
107170
107678
108186
108664
109155
109677
110175
110685
111193
111686
112175
112681
113196
113674
114168
114680
115182
115689
116164
116674
117178
117696
118188
118657
119171
119668
120167
120664
121170
121674
122190
122676
123204
123664
124167
124681
125191
125661
126161
126677
127174
127676
128160
128677
129145
129688
130197
130674
131186
131689
132169
132679
133168
133683
134185
134689
135193
135684
136175
136689
137182
137686
138178
138688
139172
139682
140176
140681
141186
141677
142175
142667
143160
143678
144182
144676
145163
145659
146171
146667
147162
147657
148158
148686
149183
149689
150177
150674
151181
151689
152169
152675
153188
153652
154161
154673
155173
155687
156187
156663
157168
157684
158165
158680
159159
159671
160179
160685
161169
161665
162198
162660
163183
163661
164189
164663
165152
165664
166173
166660
167162
167662
168157
168692
169176
169688
170168
170685
171183
171665
172185
172698
173173
173665
174169
174701
175191
175682
176177
176686
177174
177679
178182
178688
179161
179691
180159
180672
181171
181689
182181
182684
183181
183678
184165
184680
185177
185667
186162
186671
187175
187670
188188
188691
189170
189684
190195
190676
191153
191687
192185
192657
193162
193672
194167
194696
195174
195657
196186
196677
197171
197664
198180
198674
199161
199690
200171
200677
201170
201678
202171
202692
203178
203669
204160
204666
205179
205680
206176
206671
207168
207647
208157
208664
209164
209681
210162
210686
211170
211677
212172
212687
213152
213679
214186
214657
215161
215661
216189
216680
217157
217677
218166
218692
219172
219671
220186
220669
221179
221666
222171
222676
223169
223662
224179
224693
225186
225673
226170
226690
227167
227674
228170
228672
229182
229671
230190
230683
231162
231678
232173
232678
233184
233676
234168
234681
235169
235682
236188
236672
237181
237667
238172
238678
239163
239675
240180
240641
241152
241666
242160
242669
243179
243669
244178
244673
245177
245707
246157
246676
247179
247657
248159
248652
249169
249650
250172
250691
251173
251658
252165
252662
253150
253673
254159
254663
255175
255676
256161
256679
257175
257683
258175
258673
259191
259665
260164
260666
261159
261662
262174
262656
263169
263672
264156
264648
265162
265662
266165
266663
267186
267663
268170
268671
269168
269663
270171
270661
271187
271657
272163
272663
273182
273667
274167
274691
275165
275664
276162
276665
277169
277671
278167
278681
279160
279659
280147
280659
281159
281680
282167
282669
283169
283683
284169
284681
285184
285682
286159
286665
287140
287670
288167
288670
289181
289656
290173
290662
291193
291671
292163
292680
293157
293664
294153
294680
295160
295670
296164
296655
297170
297691
298145
298681
299152
299667
300170
300650
301174
301663
302162
302657
303187
303690
304153
304659
305163
305666
306160
306685
307186
307690
308157
308666
309154
309674
310173
310662
311173
311678
312178
312668
313160
313651
314168
314681
315176
315685
316178
316664
317173
317661
318152
318684
319156
319664
320172
320670
321169
321665
322163
322677
323169
323663
324151
324666
325165
325673
326189
326665
327175
327684
328161
328680
329171
329670
330182
330649
331172
331646
332181
332658
333161
333653
334173
334666
335169
335659
336168
336659
337148
337636
338179
338662
339162
339685
340170
340672
341162
341667
342158
342669
343157
343658
344156
344681
345154
345664
346193
346654
347154
347649
348174
348646
349163
349683
350169
350666
351170
351674
352160
352663
353180
353666
354169
354681
355164
355655
356159
356673
357154
357665
358164
358647
359143
359659
360154
360678
361158
361647
362159
362660
363170
363656
364160
364656
365155
365645
366167
366665
367146
367640
368161
368639
369157
369678
370166
370636
371164
371683
372163
372648
373167
373645
374157
374652
375156
375665
376154
376662
377154
377642
378165
378666
379162
379657
380164
380656
381140
381676
382162
382659
383160
383650
384166
384660
385150
385640
386148
386662
387159
387668
388159
388665
389161
389682
390163
390671
391150
391659
392167
392654
393170
393651
394150
394661
395153
395659
396149
396650
397152
397660
398153
398643
399155
399652
400162
400660
401165
401662
402164
402664
403154
403665
404143
404651
405154
405668
406147
406633
407170
407656
408148
408638
409152
409646
410151
410659
411168
411658
412149
412640
413152
413656
414153
414643
415133
415659
416148
416647
417167
417675
418159
418660
419144
419651
420129
420666
421144
421672
422152
422654
423141
423643
424159
424653
425154
425653
426153
426651
427143
427647
428152
428653
429149
429642
430161
430653
431150
431643
432155
432644
433141
433626
434170
434652
435137
435655
436141
436641
437146
437657
438160
438653
439153
439639
440148
440646
441147
441661
442133
442657
443155
443648
444145
444650
445165
445634
446150
446684
447146
447663
448158
448641
449139
449635
450189
450634
451171
451648
452142
452647
453147
453635
454143
454654
455130
455642
456140
456663
457151
457649
458163
458651
459135
459651
460158
460658
461148
461682
462147
462648
463139
463652
464166
464647
465128
465650
466143
466658
467140
467665
468152
468684
469146
469644
470148
470656
471142
471634
472155
472662
473183
473638
474142
474655
475146
475631
476133
476652
477161
477647
478126
478638
479122
479629
480135
480650
481142
481659
482138
482642
483139
483639
484144
484648
485150
485635
486152
486657
487122
487640
488125
488643
489184
489646
490149
490629
491160
491642
492135
492648
493142
493634
494137
494631
495139
495636
496144
496641
497119
497643
498149
498647
499135
499652
500132
500623
501155
501636
502131
502652
503144
503634
504126
504623
505147
505636
506138
506643
507118
507636
508128
508618
509135
509668
510130
510650
511125
511651
512137
512638
513147
513642
514138
514623
515138
515649
516134
516643
517138
517623
518150
518626
519124
519629
520138
520632
521147
521623
522137
522662
523128
523658
524126
524620
525140
525621
526135
526644
527121
527641
528129
528626
529125
529626
530135
530627
531138
531630
532128
532638
533152
533634
534162
534645
535117
535618
536130
536622
537142
537640
538124
538629
539137
539638
540129
540651
541128
541635
542139
542614
543141
543635
544129
544628
545146
545635
546142
546637
547136
547642
548130
548643
549117
549638
550135
550645
551127
551641
552156
552637
553134
553626
554114
554612
555127
555626
556166
556653
557117
557625
558146
558668
559133
559622
560127
560646
561133
561630
562127
562621
563143
563623
564128
564654
565123
565622
566143
566641
567132
567655
568123
568625
569133
569646
570129
570613
571120
571635
572120
572640
573143
573640
574125
574626
575126
575620
576122
576630
577139
577612
578120
578607
579132
579615
580116
580617
581125
581625
582153
582618
583124
583624
584124
584612
585108
585623
586169
586627
587110
587621
588120
588630
589123
589618
590125
590638
591122
591621
592127
592651
593118
593609
594158
594651
595126
595614
596115
596639
597133
597654
598166
598621
599120
599617
600116
600620
601117
601618
602146
602633
603116
603630
604145
604624
605137
605645
606150
606629
607111
607617
608132
608612
609124
609614
610139
610606
611112
611612
612118
612628
613114
613625
614129
614632
615148
615621
616105
616645
617112
617611
618113
618620
619110
619607
620109
620612
621111
621614
622168
622615
623151
623609
624111
624610
625122
625612
626124
626640
627120
627623
628111
628608
629110
629607
630111
630605
631138
631612
632119
632612
633125
633615
634117
634642
635130
635615
636122
636632
637158
637638
638121
638619
639117
639616
640102
640619
641148
641619
642111
642628
643113
643654
644130
644613
645103
645609
646166
646611
647122
647618
648110
648614
649111
649603
650108
650607
651156
651622
652109
652604
653105
653605
654107
654639
655122
655628
656145
656617
657109
657609
658128
658622
659110
659622
660147
660618
661109
661603
662099
662601
663104
663605
664112
664613
665110
665636
666112
666618
667108
667630
668112
668612
669112
669605
670102
670605
671108
671644
672124
672608
673106
673611
674111
674616
675106
675607
676105
676611
677108
677634
678107
678611
679126
679622
680110
680606
681102
681603
682103
682611
683109
683610
684106
684612
685110
685606
686107
686606
687127
687610
688107
688618
689110
689603
690121
690602
691104
691601
692099
692610
693105
693604
694125
694618
695132
695616
696103
696603
697105
697602
698105
698650
699124
699620
700108
700606
701106
701621
702111
702610
703106
703610
704104
704607
705107
705622
706193
706610
707099
707603
708104
708600
709101
709600
710108
710612
711109
711605
712104
712628
713103
713604
714132
714630
715116
715604
716110
716609
717162
717616
718105
718603
719102
719605
720104
720606
721104
721604
722104
722607
723103
723603
724104
724603
725108
725607
726106
726601
727106
727601
728101
728601
729105
729630
730111
730610
731110
731608
732104
732605
733108
733605
734103
734605
735104
735605
736104
736602
737102
737601
738102
738602
739103
739606
740107
740601
741103
741603
742102
742601
743102
743607
744102
744604
745103
745607
746104
746607
747107
747605
748101
748600
749101
749602
750102
750600
751100
751601
752100
752601
753101
753600
754101
754601
755101
755600
756101
756600
757100
757601
758101
758601
759101
759601
760102
760601
761107
761608
762106
762607
763105
763601
764102
764605
765108
765606
766105
766603
767105
767601
768101
768601
769100
769601
770101
770601
771101
771601
772102
772606
773101
773601
774100
774603
775105
775604
776113
776606
777105
777603
778105
778602
779102
779603
780101
780601
781101
781602
782102
782603
783102
783602
784102
784602
785102
785602
786102
786602
787104
787603
788101
788601
789102
789601
790101
790601
791101
791601
792101
792601
793101
793601
794101
794601
795102
795601
796102
796602
797103
797601
798101
798601
799101
799601
800101
800601
801101
801601
802102
802601
803103
803602
804102
804603
805102
805603
806100
806600
807100
807600
808101
808601
809101
809601
810100
810600
811102
811600
812100
812600
813100
813600
814100
814600
815101
815600
816100
816600
817101
817601
818101
818601
819100
819601
820100
820600
821100
821600
822100
822601
823101
823601
824101
824601
825101
825601
826100
826600
827101
827601
828101
828600
829101
829601
830101
830601
831101
831602
832103
832603
833101
833601
834102
834600
835100
835602
836101
836603
837102
837602
838102
838602
839100
839601
840100
840600
841100
841600
842101
842600
843100
843600
844100
844600
845100
845600
846100
846600
847101
847601
848102
848602
849101
849603
850101
850601
851101
851601
852101
852601
853102
853600
854100
854600
855100
855600
856100
856600
857100
857601
858101
858601
859100
859600
860100
860600
861100
861600
862100
862600
863100
863600
864100
864600
865100
865600
866100
866600
867100
867600
868100
868600
869100
869600
870100
870600
871100
871600
872100
872600
873100
873600
874100
874600
875100
875600
876100
876600
877100
877600
878100
878600
879100
879600
880100
880600
881101
881601
882101
882601
883100
883600
884100
884600
885100
885600
886100
886600
887100
887600
888100
888600
889100
889600
890100
890600
891100
891600
892100
892601
893100
893600
894101
894601
895100
895600
896100
896600
897100
897600
898100
898600
899100
899600
900100
900600
901100
901600
902100
902600
903100
903600
904100
904600
905100
905600
906100
906600
907100
907600
908100
908600
909100
909600
910100
910600
911100
911600
912100
912600
913100
913600
914100
914600
915100
915600
916100
916600
917100
917600
918100
918600
919100
919600
920100
920600
921100
921600
922100
922600
923100
923600
924100
924600
925100
925600
926100
926600
927100
927600
928100
928600
929100
929600
930100
930600
931100
931600
932101
932601
933100
933600
934100
934600
935100
935600
936100
936600
937100
937600
938100
938600
939100
939600
940101
940600
941100
941600
942100
942600
943100
943602
944102
944600
945100
945600
946100
946600
947100
947600
948100
948600
949100
949600
950100
950600
951100
951600
952100
952600
953100
953600
954100
954600
955100
955600
956100
956600
957100
957600
958100
958600
959100
959600
960100
960600
961100
961600
962100
962600
963100
963600
964100
964600
965100
965600
966100
966600
967100
967600
968100
968600
969100
969600
970100
970600
971100
971600
972100
972600
973100
973600
974100
974600
975100
975600
976100
976600
977100
977600
978100
978600
979100
979600
980100
980600
981100
981600
982100
982600
983100
983600
984100
984600
985100
985600
986100
986600
987100
987600
988100
988600
989100
989600
990100
990600
991100
991600
992100
992600
993100
993600
994100
994600
995100
995600
996100
996600
997100
997600
998100
998600
999100
999600
1000100
1000600
1001100
1001600
1002100
1002600
1003100
1003600
1004100
1004600
1005100
1005600
1006100
1006600
1007100
1007600
1008100
1008600
1009100
1009600
1010100
1010600
1011100
1011600
1012100
1012600
1013100
1013600
1014100
1014600
1015100
1015600
1016100
1016600
1017100
1017600
1018100
1018600
1019100
1019600
1020100
1020600
1021100
1021600
1022100
1022600
1023100
1023600
1024100
1024600
1025100
1025600
1026100
1026600
1027100
1027600
1028100
1028600
1029100
1029600
1030100
1030600
1031100
1031600
1032100
1032600
1033100
1033600
1034100
1034600
1035100
1035600
1036100
1036600
1037100
1037600
1038100
1038600
1039100
1039600
1040100
1040600
1041100
1041600
1042100
1042600
1043100
1043600
1044100
1044600
1045100
1045600
1046100
1046600
1047100
1047600
1048100
1048600
1049100
1049600
1050100
1050600
1051100
1051600
1052100
1052600
1053100
1053600
1054100
1054600
1055100
1055600
1056100
1056600
1057100
1057600
1058100
1058600
1059100
1059600
1060100
1060600
1061100
1061600
1062100
1062600
1063100
1063600
1064100
1064600
1065100
1065600
1066100
1066600
1067100
1067600
1068100
1068600
1069100
1069600
1070100
1070600
1071100
1071600
1072100
1072600
1073100
1073600
1074100
1074600
1075100
1075600
1076100
1076600
1077100
1077600
1078100
1078600
1079100
1079600
1080100
1080600
1081100
1081600
1082100
1082600
1083100
1083600
1084100
1084600
1085100
1085600
1086100
1086600
1087100
1087600
1088100
1088600
1089100
1089600
1090100
1090600
1091100
1091600
1092100
1092600
1093100
1093600
1094100
1094600
1095100
1095600
1096100
1096600
1097100
1097600
1098100
1098600
1099100
1099600
1100100
1100600
1101100
1101600
1102100
1102600
1103100
1103600
1104100
1104600
1105100
1105600
1106100
1106600
1107100
1107600
1108100
1108600
1109100
1109600
1110100
1110600
1111100
1111600
1112100
1112600
1113100
1113600
1114100
1114600
1115100
1115600
1116100
1116600
1117100
1117600
1118100
1118600
1119100
1119600
1120100
1120600
1121100
1121600
1122100
1122600
1123100
1123600
1124100
1124600
1125100
1125600
1126100
1126600
1127100
1127600
1128100
1128600
1129100
1129600
1130100
1130600
1131100
1131600
1132100
1132600
1133100
1133600
1134100
1134600
1135100
1135600
1136100
1136600
1137100
1137600
1138100
1138600
1139100
1139600
1140100
1140600
1141100
1141600
1142100
1142600
1143100
1143600
1144100
1144600
1145100
1145600
1146100
1146600
1147100
1147600
1148100
1148600
1149100
1149600
1150100
1150600
1151100
1151600
1152100
1152600
1153100
1153600
1154100
1154600
1155100
1155600
1156100
1156600
1157100
1157600
1158100
1158600
1159100
1159600
1160100
1160600
1161100
1161600
1162100
1162600
1163100
1163600
1164100
1164600
1165100
1165600
1166100
1166600
1167100
1167600
1168100
1168600
1169100
1169600
1170100
1170600
1171100
1171600
1172100
1172600
1173100
1173600
1174100
1174600
1175100
1175600
1176100
1176600
1177100
1177600
1178100
1178600
1179100
1179600
1180100
1180600
1181100
1181600
1182100
1182600
1183100
1183600
1184100
1184600
1185100
1185600
1186100
1186600
1187100
1187600
1188100
1188600
1189100
1189600
1190100
1190600
1191100
1191600
1192100
1192600
1193100
1193600
1194100
1194600
1195100
1195600
1196100
1196600
1197100
1197600
1198100
1198600
1199100
1199600
1200100
1200600
1201100
1201600
1202100
1202600
1203100
1203600
1204100
1204600
1205100
1205600
1206100
1206600
1207100
1207600
1208100
1208600
1209100
1209600
1210100
1210600
1211100
1211600
1212100
1212600
1213100
1213600
1214100
1214600
1215100
1215600
1216100
1216600
1217100
1217600
1218100
1218600
1219100
1219600
1220100
1220600
1221100
1221600
1222100
1222600
1223100
1223600
1224100
1224600
1225100
1225600
1226100
1226600
1227100
1227600
1228100
1228600
1229100
1229600
1230100
1230600
1231100
1231600
1232100
1232600
1233100
1233600
1234100
1234600
1235100
1235600
1236100
1236600
1237100
1237600
1238100
1238600
1239100
1239600
1240100
1240600
1241100
1241600
1242100
1242600
1243100
1243600
1244100
1244600
1245100
1245600
1246100
1246600
1247100
1247600
1248100
1248600
1249100
1249600
1250100
1250600
1251100
1251600
1252100
1252600
1253100
1253600
1254100
1254600
1255100
1255600
1256100
1256600
1257100
1257600
1258100
1258600
1259100
1259600
1260100
1260600
1261100
1261600
1262100
1262600
1263100
1263600
1264100
1264600
1265100
1265600
1266100
1266600
1267100
1267600
1268100
1268600
1269100
1269600
1270100
1270600
1271100
1271600
1272100
1272600
1273100
1273600
1274100
1274600
1275100
1275600
1276100
1276600
1277100
1277600
1278100
1278600
1279100
1279600
1280100
1280600
1281100
1281600
1282100
1282600
1283100
1283600
1284100
1284600
1285100
1285600
1286100
1286600
1287100
1287600
1288100
1288600
1289100
1289600
1290100
1290600
1291100
1291600
1292100
1292600
1293100
1293600
1294100
1294600
1295100
1295600
1296100
1296600
1297100
1297600
1298100
1298600
1299100
1299600
1300100
1300600
1301100
1301600
1302100
1302600
1303100
1303600
1304100
1304600
1305100
1305600
1306100
1306600
1307100
1307600
1308100
1308600
1309100
1309600
1310100
1310600
1311100
1311600
1312100
1312600
1313100
1313600
1314100
1314600
1315100
1315600
1316100
1316600
1317100
1317600
1318100
1318600
1319100
1319600
1320100
1320600
1321100
1321600
1322100
1322600
1323100
1323600
1324100
1324600
1325100
1325600
1326100
1326600
1327100
1327600
1328100
1328600
1329100
1329600
1330100
1330600
1331100
1331600
1332100
1332600
1333100
1333600
1334100
1334600
1335100
1335600
1336100
1336600
1337100
1337600
1338100
1338600
1339100
1339600
1340100
1340600
1341100
1341600
1342100
1342600
1343100
1343600
1344100
1344600
1345100
1345600
1346100
1346600
1347100
1347600
1348100
1348600
1349100
1349600
1350100
1350600
1351100
1351600
1352100
1352600
1353100
1353600
1354100
1354600
1355100
1355600
1356100
1356600
1357100
1357600
1358100
1358600
1359100
1359600
1360100
1360600
1361100
1361600
1362100
1362600
1363100
1363600
1364100
1364600
1365100
1365600
1366100
1366600
1367100
1367600
1368100
1368600
1369100
1369600
1370100
1370600
1371100
1371600
1372100
1372600
1373100
1373600
1374100
1374600
1375100
1375600
1376100
1376600
1377100
1377600
1378100
1378600
1379100
1379600
1380100
1380600
1381100
1381600
1382100
1382600
1383100
1383600
1384100
1384600
1385100
1385600
1386100
1386600
1387100
1387600
1388100
1388600
1389100
1389600
1390100
1390600
1391100
1391600
1392100
1392600
1393100
1393600
1394100
1394600
1395100
1395600
1396100
1396600
1397100
1397600
1398100
1398600
1399100
1399600
1400100
1400600
1401100
1401600
1402100
1402600
1403100
1403600
1404100
1404600
1405100
1405600
1406100
1406600
1407100
1407600
1408100
1408600
1409100
1409600
1410100
1410600
1411100
1411600
1412100
1412600
1413100
1413600
1414100
1414600
1415100
1415600
1416100
1416600
1417100
1417600
1418100
1418600
1419100
1419600
1420100
1420600
1421100
1421600
1422100
1422600
1423100
1423600
1424100
1424600
1425100
1425600
1426100
1426600
1427100
1427600
1428100
1428600
1429100
1429600
1430100
1430600
1431100
1431600
1432100
1432600
1433100
1433600
1434100
1434600
1435100
1435600
1436100
1436600
1437100
1437600
1438100
1438600
1439100
1439600
1440100
1440600
1441100
1441600
1442100
1442600
1443100
1443600
1444100
1444600
1445100
1445600
1446100
1446600
1447100
1447600
1448100
1448600
1449100
1449600
1450100
1450600
1451100
1451600
1452100
1452600
1453100
1453600
1454100
1454600
1455100
1455600
1456100
1456600
1457100
1457600
1458100
1458600
1459100
1459600
1460100
1460600
1461100
1461600
1462100
1462600
1463100
1463600
1464100
1464600
1465100
1465600
1466100
1466600
1467100
1467600
1468100
1468600
1469100
1469600
1470100
1470600
1471100
1471600
1472100
1472600
1473100
1473600
1474100
1474600
1475100
1475600
1476100
1476600
1477100
1477600
1478100
1478600
1479100
1479600
1480100
1480600
1481100
1481600
1482100
1482600
1483100
1483600
1484100
1484600
1485100
1485600
1486100
1486600
1487100
1487600
1488100
1488600
1489100
1489600
1490100
1490600
1491100
1491600
1492100
1492600
1493100
1493600
1494100
1494600
1495100
1495600
1496100
1496600
1497100
1497600
1498100
1498600
1499100
1499600
1500100
1500600
1501100
1501600
1502100
1502600
1503100
1503600
1504100
1504600
1505100
1505600
1506100
1506600
1507100
1507600
1508100
1508600
1509100
1509600
1510100
1510600
1511100
1511600
1512100
1512600
1513100
1513600
1514100
1514600
1515100
1515600
1516100
1516600
1517100
1517600
1518100
1518600
1519100
1519600
1520100
1520600
1521100
1521600
1522100
1522600
1523100
1523600
1524100
1524600
1525100
1525600
1526100
1526600
1527100
1527600
1528100
1528600
1529100
1529600
1530100
1530600
1531100
1531600
1532100
1532600
1533100
1533600
1534100
1534600
1535100
1535600
1536100
1536600
1537100
1537600
1538100
1538600
1539100
1539600
1540100
1540600
1541100
1541600
1542100
1542600
1543100
1543600
1544100
1544600
1545100
1545600
1546100
1546600
1547100
1547600
1548100
1548600
1549100
1549600
1550100
1550600
1551100
1551600
1552100
1552600
1553100
1553600
1554100
1554600
1555100
1555600
1556100
1556600
1557100
1557600
1558100
1558600
1559100
1559600
1560100
1560600
1561100
1561600
1562100
1562600
1563100
1563600
1564100
1564600
1565100
1565600
1566100
1566600
1567100
1567600
1568100
1568600
1569100
1569600
1570100
1570600
1571100
1571600
1572100
1572600
1573100
1573600
1574100
1574600
1575100
1575600
1576100
1576600
1577100
1577600
1578100
1578600
1579100
1579600
1580100
1580600
1581100
1581600
1582100
1582600
1583100
1583600
1584100
1584600
1585100
1585600
1586100
1586600
1587100
1587600
1588100
1588600
1589100
1589600
1590100
1590600
1591100
1591600
1592100
1592600
1593100
1593600
1594100
1594600
1595100
1595600
1596100
1596600
1597100
1597600
1598100
1598600
1599100
1599600
1600100
1600600
1601100
1601600
1602100
1602600
1603100
1603600
1604100
1604600
1605100
1605600
1606100
1606600
1607100
1607600
1608100
1608600
1609100
1609600
1610100
1610600
1611100
1611600
1612100
1612600
1613100
1613600
1614100
1614600
1615100
1615600
1616100
1616600
1617100
1617600
1618100
1618600
1619100
1619600
1620100
1620600
1621100
1621600
1622100
1622600
1623100
1623600
1624100
1624600
1625100
1625600
1626100
1626600
1627100
1627600
1628100
1628600
1629100
1629600
1630100
1630600
1631100
1631600
1632100
1632600
1633100
1633600
1634100
1634600
1635100
1635600
1636100
1636600
1637100
1637600
1638100
1638600
1639100
1639600
1640100
1640600
1641100
1641600
1642100
1642600
1643100
1643600
1644100
1644600
1645100
1645600
1646100
1646600
1647100
1647600
1648100
1648600
1649100
1649600
1650100
1650600
1651100
1651600
1652100
1652600
1653100
1653600
1654100
1654600
1655100
1655600
1656100
1656600
1657100
1657600
1658100
1658600
1659100
1659600
1660100
1660600
1661100
1661600
1662100
1662600
1663100
1663600
1664100
1664600
1665100
1665600
1666100
1666600
1667100
1667600
1668100
1668600
1669100
1669600
1670100
1670600
1671100
1671600
1672100
1672600
1673100
1673600
1674100
1674600
1675100
1675600
1676100
1676600
1677100
1677600
1678100
1678600
1679100
1679600
1680100
1680600
1681100
1681600
1682100
1682600
1683100
1683600
1684100
1684600
1685100
1685600
1686100
1686600
1687100
1687600
1688100
1688600
1689100
1689600
1690100
1690600
1691100
1691600
1692100
1692600
1693100
1693600
1694100
1694600
1695100
1695600
1696100
1696600
1697100
1697600
1698100
1698600
1699100
1699600
1700100
1700600
1701100
1701600
1702100
1702600
1703100
1703600
1704100
1704600
1705100
1705600
1706100
1706600
1707100
1707600
1708100
1708600
1709100
1709600
1710100
1710600
1711100
1711600
1712100
1712600
1713100
1713600
1714100
1714600
1715100
1715600
1716100
1716600
1717100
1717600
1718100
1718600
1719100
1719600
1720100
1720600
1721100
1721600
1722100
1722600
1723100
1723600
1724100
1724600
1725100
1725600
1726100
1726600
1727100
1727600
1728100
1728600
1729100
1729600
1730100
1730600
1731100
1731600
1732100
1732600
1733100
1733600
1734100
1734600
1735100
1735600
1736100
1736600
1737100
1737600
1738100
1738600
1739100
1739600
1740100
1740600
1741100
1741600
1742100
1742600
1743100
1743600
1744100
1744600
1745100
1745600
1746100
1746600
1747100
1747600
1748100
1748600
1749100
1749600
1750100
1750600
1751100
1751600
1752100
1752600
1753100
1753600
1754100
1754600
1755100
1755600
1756100
1756600
1757100
1757600
1758100
1758600
1759100
1759600
1760100
1760600
1761100
1761600
1762100
1762600
1763100
1763600
1764100
1764600
1765100
1765600
1766100
1766600
1767100
1767600
1768100
1768600
1769100
1769600
1770100
1770600
1771100
1771600
1772100
1772600
1773100
1773600
1774100
1774600
1775100
1775600
1776100
1776600
1777100
1777600
1778100
1778600
1779100
1779600
1780100
1780600
1781100
1781600
1782100
1782600
1783100
1783600
1784100
1784600
1785100
1785600
1786100
1786600
1787100
1787600
1788100
1788600
1789100
1789600
1790100
1790600
1791100
1791600
1792100
1792600
1793100
1793600
1794100
1794600
1795100
1795600
1796100
1796600
1797100
1797600
1798100
1798600
1799100
1799600
1800100
1800600
1801100
1801600
1802100
1802600
1803100
1803600
1804100
1804600
1805100
1805600
1806100
1806600
1807100
1807600
1808100
1808600
1809100
1809600
1810100
1810600
1811100
1811600
1812100
1812600
1813100
1813600
1814100
1814600
1815100
1815600
1816100
1816600
1817100
1817600
1818100
1818600
1819100
1819600
1820100
1820600
1821100
1821600
1822100
1822600
1823100
1823600
1824100
1824600
1825100
1825600
1826100
1826600
1827100
1827600
1828100
1828600
1829100
1829600
1830100
1830600
1831100
1831600
1832100
1832600
1833100
1833600
1834100
1834600
1835100
1835600
1836100
1836600
1837100
1837600
1838100
1838600
1839100
1839600
1840100
1840600
1841100
1841600
1842100
1842600
1843100
1843600
1844100
1844600
1845100
1845600
1846100
1846600
1847100
1847600
1848100
1848600
1849100
1849600
1850100
1850600
1851100
1851600
1852100
1852600
1853100
1853600
1854100
1854600
1855100
1855600
1856100
1856600
1857100
1857600
1858100
1858600
1859100
1859600
1860100
1860600
1861100
1861600
1862100
1862600
1863100
1863600
1864100
1864600
1865100
1865600
1866100
1866600
1867100
1867600
1868100
1868600
1869100
1869600
1870100
1870600
1871100
1871600
1872100
1872600
1873100
1873600
1874100
1874600
1875100
1875600
1876100
1876600
1877100
1877600
1878100
1878600
1879100
1879600
1880100
1880600
1881100
1881600
1882100
1882600
1883100
1883600
1884100
1884600
1885100
1885600
1886100
1886600
1887100
1887600
1888100
1888600
1889100
1889600
1890100
1890600
1891100
1891600
1892100
1892600
1893100
1893600
1894100
1894600
1895100
1895600
1896100
1896600
1897100
1897600
1898100
1898600
1899100
1899600
1900100
1900600
1901100
1901600
1902100
1902600
1903100
1903600
1904100
1904600
1905100
1905600
1906100
1906600
1907100
1907600
1908100
1908600
1909100
1909600
1910100
1910600
1911100
1911600
1912100
1912600
1913100
1913600
1914100
1914600
1915100
1915600
1916100
1916600
1917100
1917600
1918100
1918600
1919100
1919600
1920100
1920600
1921100
1921600
1922100
1922600
1923100
1923600
1924100
1924600
1925100
1925600
1926100
1926600
1927100
1927600
1928100
1928600
1929100
1929600
1930100
1930600
1931100
1931600
1932100
1932600
1933100
1933600
1934100
1934600
1935100
1935600
1936100
1936600
1937100
1937600
1938100
1938600
1939100
1939600
1940100
1940600
1941100
1941600
1942100
1942600
1943100
1943600
1944100
1944600
1945100
1945600
1946100
1946600
1947100
1947600
1948100
1948600
1949100
1949600
1950100
1950600
1951100
1951600
1952100
1952600
1953100
1953600
1954100
1954600
1955100
1955600
1956100
1956600
1957100
1957600
1958100
1958600
1959100
1959600
1960100
1960600
1961100
1961600
1962100
1962600
1963100
1963600
1964100
1964600
1965100
1965600
1966100
1966600
1967100
1967600
1968100
1968600
1969100
1969600
1970100
1970600
1971100
1971600
1972100
1972600
1973100
1973600
1974100
1974600
1975100
1975600
1976100
1976600
1977100
1977600
1978100
1978600
1979100
1979600
1980100
1980600
1981100
1981600
1982100
1982600
1983100
1983600
1984100
1984600
1985100
1985600
1986100
1986600
1987100
1987600
1988100
1988600
1989100
1989600
1990100
1990600
1991100
1991600
1992100
1992600
1993100
1993600
1994100
1994600
1995100
1995600
1996100
1996600
1997100
1997600
1998100
1998600
1999100
1999600
2000100
2000600
2001100
2001600
2002100
2002600
2003100
2003600
2004100
2004600
2005100
2005600
2006100
2006600
2007100
2007600
2008100
2008600
2009100
2009600
2010100
2010600
2011100
2011600
2012100
2012600
2013100
2013600
2014100
2014600
2015100
2015600
2016100
2016600
2017100
2017600
2018100
2018600
2019100
2019600
2020100
2020600
2021100
2021600
2022100
2022600
2023100
2023600
2024100
2024600
2025100
2025600
2026100
2026600
2027100
2027600
2028100
2028600
2029100
2029600
2030100
2030600
2031100
2031600
2032100
2032600
2033100
2033600
2034100
2034600
2035100
2035600
2036100
2036600
2037100
2037600
2038100
2038600
2039100
2039600
2040100
2040600
2041100
2041600
2042100
2042600
2043100
2043600
2044100
2044600
2045100
2045600
2046100
2046600
2047100
2047600
2048100
2048600
2049100
2049600
2050100
2050600
2051100
2051600
2052100
2052600
2053100
2053600
2054100
2054600
2055100
2055600
2056100
2056600
2057100
2057600
2058100
2058600
2059100
2059600
2060100
2060600
2061100
2061600
2062100
2062600
2063100
2063600
2064100
2064600
2065100
2065600
2066100
2066600
2067100
2067600
2068100
2068600
2069100
2069600
2070100
2070600
2071100
2071600
2072100
2072600
2073100
2073600
2074100
2074600
2075100
2075600
2076100
2076600
2077100
2077600
2078100
2078600
2079100
2079600
2080100
2080600
2081100
2081600
2082100
2082600
2083100
2083600
2084100
2084600
2085100
2085600
2086100
2086600
2087100
2087600
2088100
2088600
2089100
2089600
2090100
2090600
2091100
2091600
2092100
2092600
2093100
2093600
2094100
2094600
2095100
2095600
2096100
2096600
2097100
2097600
2098100
2098600
2099100
2099600
2100100
2100600
2101100
2101600
2102100
2102600
2103100
2103600
2104100
2104600
2105100
2105600
2106100
2106600
2107100
2107600
2108100
2108600
2109100
2109600
2110100
2110600
2111100
2111600
2112100
2112600
2113100
2113600
2114100
2114600
2115100
2115600
2116100
2116600
2117100
2117600
2118100
2118600
2119100
2119600
2120100
2120600
2121100
2121600
2122100
2122600
2123100
2123600
2124100
2124600
2125100
2125600
2126100
2126600
2127100
2127600
2128100
2128600
2129100
2129600
2130100
2130600
2131100
2131600
2132100
2132600
2133100
2133600
2134100
2134600
2135100
2135600
2136100
2136600
2137100
2137600
2138100
2138600
2139100
2139600
2140100
2140600
2141100
2141600
2142100
2142600
2143100
2143600
2144100
2144600
2145100
2145600
2146100
2146600
2147100
2147600
2148100
2148600
2149100
2149600
2150100
2150600
2151100
2151600
2152100
2152600
2153100
2153600
2154100
2154600
2155100
2155600
2156100
2156600
2157100
2157600
2158100
2158600
2159100
2159600
2160100
2160600
2161100
2161600
2162100
2162600
2163100
2163600
2164100
2164600
2165100
2165600
2166100
2166600
2167100
2167600
2168100
2168600
2169100
2169600
2170100
2170600
2171100
2171600
2172100
2172600
2173100
2173600
2174100
2174600
2175100
2175600
2176100
2176600
2177100
2177600
2178100
2178600
2179100
2179600
2180100
2180600
2181100
2181600
2182100
2182600
2183100
2183600
2184100
2184600
2185100
2185600
2186100
2186600
2187100
2187600
2188100
2188600
2189100
2189600
2190100
2190600
2191100
2191600
2192100
2192600
2193100
2193600
2194100
2194600
2195100
2195600
2196100
2196600
2197100
2197600
2198100
2198600
2199100
2199600
2200100
2200600
2201100
2201600
2202100
2202600
2203100
2203600
2204100
2204600
2205100
2205600
2206100
2206600
2207100
2207600
2208100
2208600
2209100
2209600
2210100
2210600
2211100
2211600
2212100
2212600
2213100
2213600
2214100
2214600
2215100
2215600
2216100
2216600
2217100
2217600
2218100
2218600
2219100
2219600
2220100
2220600
2221100
2221600
2222100
2222600
2223100
2223600
2224100
2224600
2225100
2225600
2226100
2226600
2227100
2227600
2228100
2228600
2229100
2229600
2230100
2230600
2231100
2231600
2232100
2232600
2233100
2233600
2234100
2234600
2235100
2235600
2236100
2236600
2237100
2237600
2238100
2238600
2239100
2239600
2240100
2240600
2241100
2241600
2242100
2242600
2243100
2243600
2244100
2244600
2245100
2245600
2246100
2246600
2247100
2247600
2248100
2248600
2249100
2249600
2250100
2250600
2251100
2251600
2252100
2252600
2253100
2253600
2254100
2254600
2255100
2255600
2256100
2256600
2257100
2257600
2258100
2258600
2259100
2259600
2260100
2260600
2261100
2261600
2262100
2262600
2263100
2263600
2264100
2264600
2265100
2265600
2266100
2266600
2267100
2267600
2268100
2268600
2269100
2269600
2270100
2270600
2271100
2271600
2272100
2272600
2273100
2273600
2274100
2274600
2275100
2275600
2276100
2276600
2277100
2277600
2278100
2278600
2279100
2279600
2280100
2280600
2281100
2281600
2282100
2282600
2283100
2283600
2284100
2284600
2285100
2285600
2286100
2286600
2287100
2287600
2288100
2288600
2289100
2289600
2290100
2290600
2291100
2291600
2292100
2292600
2293100
2293600
2294100
2294600
2295100
2295600
2296100
2296600
2297100
2297600
2298100
2298600
2299100
2299600
2300100
2300600
2301100
2301600
2302100
2302600
2303100
2303600
2304100
2304600
2305100
2305600
2306100
2306600
2307100
2307600
2308100
2308600
2309100
2309600
2310100
2310600
2311100
2311600
2312100
2312600
2313100
2313600
2314100
2314600
2315100
2315600
2316100
2316600
2317100
2317600
2318100
2318600
2319100
2319600
2320100
2320600
2321100
2321600
2322100
2322600
2323100
2323600
2324100
2324600
2325100
2325600
2326100
2326600
2327100
2327600
2328100
2328600
2329100
2329600
2330100
2330600
2331100
2331600
2332100
2332600
2333100
2333600
2334100
2334600
2335100
2335600
2336100
2336600
2337100
2337600
2338100
2338600
2339100
2339600
2340100
2340600
2341100
2341600
2342100
2342600
2343100
2343600
2344100
2344600
2345100
2345600
2346100
2346600
2347100
2347600
2348100
2348600
2349100
2349600
2350100
2350600
2351100
2351600
2352100
2352600
2353100
2353600
2354100
2354600
2355100
2355600
2356100
2356600
2357100
2357600
2358100
2358600
2359100
2359600
2360100
2360600
2361100
2361600
2362100
2362600
2363100
2363600
2364100
2364600
2365100
2365600
2366100
2366600
2367100
2367600
2368100
2368600
2369100
2369600
2370100
2370600
2371100
2371600
2372100
2372600
2373100
2373600
2374100
2374600
2375100
2375600
2376100
2376600
2377100
2377600
2378100
2378600
2379100
2379600
2380100
2380600
2381100
2381600
2382100
2382600
2383100
2383600
2384100
2384600
2385100
2385600
2386100
2386600
2387100
2387600
2388100
2388600
2389100
2389600
2390100
2390600
2391100
2391600
2392100
2392600
2393100
2393600
2394100
2394600
2395100
2395600
2396100
2396600
2397100
2397600
2398100
2398600
2399100
2399600
2400100
2400600
2401100
2401600
2402100
2402600
2403100
2403600
2404100
2404600
2405100
2405600
2406100
2406600
2407100
2407600
2408100
2408600
2409100
2409600
2410100
2410600
2411100
2411600
2412100
2412600
2413100
2413600
2414100
2414600
2415100
2415600
2416100
2416600
2417100
2417600
2418100
2418600
2419100
2419600
2420100
2420600
2421100
2421600
2422100
2422600
2423100
2423600
2424100
2424600
2425100
2425600
2426100
2426600
2427100
2427600
2428100
2428600
2429100
2429600
2430100
2430600
2431100
2431600
2432100
2432600
2433100
2433600
2434100
2434600
2435100
2435600
2436100
2436600
2437100
2437600
2438100
2438600
2439100
2439600
2440100
2440600
2441100
2441600
2442100
2442600
2443100
2443600
2444100
2444600
2445100
2445600
2446100
2446600
2447100
2447600
2448100
2448600
2449100
2449600
2450100
2450600
2451100
2451600
2452100
2452600
2453100
2453600
2454100
2454600
2455100
2455600
2456100
2456600
2457100
2457600
2458100
2458600
2459100
2459600
2460100
2460600
2461100
2461600
2462100
2462600
2463100
2463600
2464100
2464600
2465100
2465600
2466100
2466600
2467100
2467600
2468100
2468600
2469100
2469600
2470100
2470600
2471100
2471600
2472100
2472600
2473100
2473600
2474100
2474600
2475100
2475600
2476100
2476600
2477100
2477600
2478100
2478600
2479100
2479600
2480100
2480600
2481100
2481600
2482100
2482600
2483100
2483600
2484100
2484600
2485100
2485600
2486100
2486600
2487100
2487600
2488100
2488600
2489100
2489600
2490100
2490600
2491100
2491600
2492100
2492600
2493100
2493600
2494100
2494600
2495100
2495600
2496100
2496600
2497100
2497600
2498100
2498600
2499100
2499600
2500100
2500600
2501100
2501600
2502100
2502600
2503100
2503600
2504100
2504600
2505100
2505600
2506100
2506600
2507100
2507600
2508100
2508600
2509100
2509600
2510100
2510600
2511100
2511600
2512100
2512600
2513100
2513600
2514100
2514600
2515100
2515600
2516100
2516600
2517100
2517600
2518100
2518600
2519100
2519600
2520100
2520600
2521100
2521600
2522100
2522600
2523100
2523600
2524100
2524600
2525100
2525600
2526100
2526600
2527100
2527600
2528100
2528600
2529100
2529600
2530100
2530600
2531100
2531600
2532100
2532600
2533100
2533600
2534100
2534600
2535100
2535600
2536100
2536600
2537100
2537600
2538100
2538600
2539100
2539600
2540100
2540600
2541100
2541600
2542100
2542600
2543100
2543600
2544100
