10 79
20 79
30 79
40 79
50 79
60 79
70 79
80 79
90 79
100 79
110 79
120 79
130 79
140 79
150 79
160 79
170 79
180 79
190 79
200 79
210 79
220 79
230 79
240 79
250 79
260 79
270 79
280 79
290 79
300 79
310 79
320 79
330 79
340 79
350 79
360 79
370 79
380 79
390 79
400 79
410 79
420 79
430 79
440 79
450 79
460 79
470 79
480 79
490 79
500 79
510 79
520 79
530 79
540 79
550 79
560 79
570 79
580 79
590 79
600 79
610 79
620 79
630 79
640 79
650 79
660 79
670 79
680 79
690 79
700 79
710 79
720 79
730 79
740 79
750 79
760 79
770 79
780 79
790 79
800 79
810 79
820 79
830 79
840 79
850 79
860 79
870 79
880 79
890 79
900 79
910 79
920 79
930 79
940 79
950 79
960 79
970 79
980 79
990 79
1000 79
1010 79
1020 79
1030 79
