500 151
1000 134
1500 115
2000 172
2500 120
3000 155
3500 172
4000 157
4500 152
5000 140
5500 145
6000 139
6500 141
7000 144
7500 138
8000 143
8500 142
9000 164
9500 151
10000 144
10500 129
11000 149
11500 160
12000 146
12500 160
13000 131
13500 136
14000 142
14500 166
15000 156
15500 162
16000 148
16500 160
17000 149
17500 162
18000 158
18500 138
19000 155
19500 147
20000 157
20500 146
21000 147
21500 143
22000 164
22500 136
23000 144
23500 134
24000 145
24500 161
25000 141
25500 165
26000 118
26500 150
27000 139
27500 139
28000 157
28500 136
29000 163
29500 160
30000 137
30500 162
31000 160
31500 149
32000 143
32500 130
33000 148
33500 170
34000 125
34500 145
35000 131
35500 129
36000 152
36500 136
37000 140
37500 148
38000 145
38500 116
39000 143
39500 143
40000 147
40500 160
41000 134
41500 153
42000 147
42500 116
43000 149
43500 149
44000 155
44500 137
45000 149
45500 156
46000 149
46500 139
47000 161
47500 155
48000 147
48500 135
49000 126
49500 145
50000 146
50500 155
51000 154
51500 139
52000 168
52500 148
53000 151
53500 125
54000 134
54500 131
55000 150
55500 141
56000 172
56500 132
57000 148
57500 153
58000 136
58500 150
59000 136
59500 154
60000 154
60500 157
61000 137
61500 143
62000 137
62500 139
63000 117
63500 157
64000 114
64500 104
65000 140
65500 160
66000 135
66500 139
67000 153
67500 133
68000 144
68500 149
69000 162
69500 125
70000 132
70500 142
71000 141
71500 154
72000 153
72500 132
73000 128
73500 170
74000 165
74500 159
75000 137
75500 133
76000 140
76500 157
77000 138
77500 154
78000 140
78500 140
79000 149
79500 136
80000 143
80500 149
81000 132
81500 128
82000 144
82500 142
83000 158
83500 156
84000 155
84500 152
85000 130
85500 140
86000 137
86500 166
87000 149
87500 136
88000 161
88500 138
89000 142
89500 147
90000 142
90500 138
91000 142
91500 148
92000 153
92500 129
93000 127
93500 137
94000 116
94500 150
95000 132
95500 132
96000 141
96500 140
97000 139
97500 134
98000 127
98500 133
99000 128
99500 147
100000 143
100500 144
101000 136
101500 144
102000 136
102500 135
103000 139
103500 132
104000 134
104500 147
105000 120
105500 122
106000 137
106500 134
107000 133
107500 132
108000 144
108500 130
109000 134
109500 148
110000 162
110500 123
111000 150
111500 153
112000 156
112500 134
113000 127
113500 143
114000 137
114500 153
115000 140
115500 111
116000 146
116500 153
117000 133
117500 133
118000 132
118500 135
119000 146
119500 123
120000 152
120500 153
121000 118
121500 135
122000 134
122500 135
123000 155
123500 123
124000 138
124500 150
125000 129
125500 130
126000 131
126500 149
127000 139
127500 144
128000 121
128500 142
129000 124
129500 147
130000 139
130500 132
131000 136
131500 154
132000 140
132500 128
133000 126
133500 123
134000 138
134500 127
135000 143
135500 134
136000 112
136500 113
137000 127
137500 123
138000 125
138500 110
139000 123
139500 127
140000 114
140500 124
141000 140
141500 128
142000 124
142500 133
143000 121
143500 133
144000 122
144500 141
145000 136
145500 140
146000 117
146500 139
147000 117
147500 127
148000 140
148500 134
149000 133
149500 153
150000 147
150500 133
151000 126
151500 116
152000 113
152500 144
153000 127
153500 148
154000 119
154500 123
155000 120
155500 125
156000 146
156500 140
157000 140
157500 126
158000 102
158500 120
159000 156
159500 135
160000 138
160500 115
161000 136
161500 120
162000 126
162500 117
163000 139
163500 140
164000 129
164500 145
165000 133
165500 135
166000 121
166500 137
167000 132
167500 110
168000 149
168500 132
169000 127
169500 105
170000 135
170500 133
171000 126
171500 130
172000 146
172500 141
173000 128
173500 127
174000 111
174500 124
175000 123
175500 120
176000 134
176500 126
177000 114
177500 130
178000 136
178500 145
179000 132
179500 140
180000 148
180500 111
181000 128
181500 111
182000 123
182500 129
183000 131
183500 113
184000 121
184500 116
185000 115
185500 106
186000 124
186500 135
187000 107
187500 126
188000 114
188500 111
189000 142
189500 126
190000 109
190500 117
191000 117
191500 141
192000 126
192500 128
193000 91
193500 117
194000 109
194500 104
195000 124
195500 128
196000 115
196500 118
197000 121
197500 114
198000 112
198500 137
199000 122
199500 131
200000 125
200500 132
201000 142
201500 107
202000 120
202500 117
203000 121
203500 127
204000 109
204500 140
205000 102
205500 125
206000 118
206500 106
207000 122
207500 109
208000 124
208500 104
209000 106
209500 116
210000 118
210500 108
211000 121
211500 111
212000 118
212500 127
213000 111
213500 107
214000 112
214500 117
215000 95
215500 100
216000 105
216500 122
217000 112
217500 106
218000 106
218500 114
219000 120
219500 105
220000 111
220500 116
221000 134
221500 91
222000 111
222500 109
223000 131
223500 99
224000 94
224500 102
225000 129
225500 93
226000 120
226500 110
227000 110
227500 107
228000 110
228500 146
229000 107
229500 110
230000 116
230500 102
231000 150
231500 132
232000 98
232500 107
233000 115
233500 127
234000 94
234500 111
235000 116
235500 93
236000 97
236500 123
237000 99
237500 127
238000 83
238500 107
239000 126
239500 101
240000 117
240500 93
241000 111
241500 107
242000 123
242500 89
243000 89
243500 98
244000 104
244500 120
245000 106
245500 99
246000 124
246500 91
247000 127
247500 118
248000 92
248500 104
249000 93
249500 149
250000 107
250500 75
251000 83
251500 98
252000 95
252500 89
253000 99
253500 107
254000 98
254500 82
255000 97
255500 95
256000 84
256500 116
257000 111
257500 94
258000 82
258500 116
259000 85
259500 72
260000 81
260500 95
261000 99
261500 80
262000 80
262500 88
263000 173
263500 95
264000 97
264500 91
265000 153
265500 109
266000 88
266500 107
267000 121
267500 133
268000 109
268500 95
269000 81
269500 113
270000 87
270500 104
271000 83
271500 86
272000 94
272500 85
273000 81
273500 83
274000 83
274500 82
275000 135
275500 101
276000 83
276500 92
277000 77
277500 76
278000 114
278500 106
279000 81
279500 80
280000 94
280500 148
281000 91
281500 162
282000 84
282500 82
283000 73
283500 77
284000 131
284500 77
285000 75
285500 75
286000 82
286500 89
287000 79
287500 82
288000 82
288500 77
289000 79
289500 158
290000 82
290500 82
291000 80
291500 80
292000 78
292500 75
293000 73
293500 72
294000 72
294500 75
295000 106
295500 85
296000 86
296500 75
297000 74
297500 73
298000 77
298500 75
299000 71
299500 72
300000 71
300500 70
301000 70
301500 72
302000 97
302500 86
303000 90
303500 83
304000 158
304500 94
305000 76
305500 71
306000 69
306500 69
307000 80
307500 73
308000 69
308500 77
309000 73
309500 73
310000 75
310500 72
311000 70
311500 72
312000 70
312500 78
313000 75
313500 70
314000 70
314500 86
315000 75
315500 73
316000 74
316500 73
317000 104
317500 77
318000 76
318500 74
319000 88
319500 84
320000 81
320500 103
321000 94
321500 78
322000 72
322500 73
323000 72
323500 71
324000 71
324500 75
325000 76
325500 80
326000 79
326500 75
327000 72
327500 71
328000 71
328500 70
329000 71
329500 73
330000 72
330500 72
331000 72
331500 73
332000 72
332500 76
333000 75
333500 73
334000 72
334500 71
335000 71
335500 70
336000 70
336500 70
337000 70
337500 70
338000 71
338500 71
339000 70
339500 70
340000 70
340500 70
341000 70
341500 70
342000 70
342500 70
343000 70
343500 70
344000 70
344500 70
345000 70
345500 72
346000 70
346500 70
347000 70
347500 70
348000 70
348500 70
349000 70
349500 71
350000 70
350500 70
351000 70
351500 70
352000 70
352500 70
353000 71
353500 70
354000 70
354500 70
355000 70
355500 70
356000 70
356500 70
357000 70
357500 70
358000 70
358500 70
359000 70
359500 71
360000 71
360500 71
361000 70
361500 70
362000 70
362500 71
363000 70
363500 70
364000 70
364500 70
365000 70
365500 70
366000 70
366500 70
367000 70
367500 70
368000 70
368500 70
369000 70
369500 70
370000 70
370500 72
371000 70
371500 70
372000 70
372500 70
373000 70
373500 70
374000 70
374500 70
375000 70
375500 70
376000 70
376500 70
377000 70
377500 70
378000 70
378500 70
379000 70
379500 70
380000 70
380500 70
381000 70
381500 70
382000 70
382500 70
383000 70
383500 70
384000 70
384500 70
385000 70
385500 70
386000 70
386500 70
387000 70
387500 70
388000 70
388500 70
389000 70
389500 70
390000 70
390500 70
391000 70
391500 70
392000 70
392500 70
393000 70
393500 70
394000 70
394500 70
395000 70
395500 71
396000 70
396500 70
397000 70
397500 70
398000 70
398500 70
399000 70
399500 70
400000 70
400500 70
401000 70
401500 70
402000 70
402500 70
403000 70
403500 70
404000 70
404500 70
405000 70
405500 70
406000 70
406500 70
407000 70
407500 70
408000 70
408500 70
409000 70
409500 70
410000 70
410500 70
411000 70
411500 70
412000 70
412500 70
413000 70
413500 70
414000 70
414500 70
415000 70
415500 70
416000 70
416500 70
417000 70
417500 70
418000 70
418500 70
419000 70
419500 70
420000 70
420500 70
421000 70
421500 70
422000 70
422500 70
423000 70
423500 70
424000 70
424500 70
425000 70
425500 70
426000 70
426500 70
427000 70
427500 70
428000 70
428500 70
429000 70
429500 70
430000 70
430500 70
431000 70
431500 70
432000 70
432500 70
433000 70
433500 70
434000 70
434500 70
435000 70
435500 70
436000 70
436500 70
437000 70
437500 70
438000 70
438500 70
439000 70
439500 70
440000 70
440500 70
441000 70
441500 70
442000 70
442500 70
443000 70
443500 70
444000 70
444500 70
445000 70
445500 70
446000 70
446500 70
447000 70
447500 70
448000 70
448500 70
449000 70
449500 70
450000 70
450500 70
451000 70
451500 70
452000 70
452500 70
453000 70
453500 70
454000 70
454500 70
455000 70
455500 70
456000 70
456500 70
457000 70
457500 70
458000 70
458500 70
459000 70
459500 70
460000 70
460500 70
461000 70
461500 70
462000 70
462500 70
463000 70
463500 70
464000 70
464500 70
465000 70
465500 70
466000 70
466500 70
467000 70
467500 70
468000 70
468500 70
469000 70
469500 70
470000 70
470500 70
471000 70
471500 70
472000 70
472500 70
473000 70
473500 70
474000 70
474500 70
475000 70
475500 70
476000 70
476500 70
477000 70
477500 70
478000 70
478500 70
479000 70
479500 70
480000 70
480500 70
481000 70
481500 70
482000 70
482500 70
483000 70
483500 70
484000 70
484500 70
485000 70
485500 70
486000 70
486500 70
487000 70
487500 70
488000 70
488500 70
489000 70
489500 70
490000 70
490500 70
491000 70
491500 70
492000 70
492500 70
493000 70
493500 70
494000 70
494500 70
495000 70
495500 70
496000 70
496500 70
497000 70
497500 70
498000 70
498500 70
499000 70
499500 70
500000 70
500500 70
501000 70
501500 70
502000 70
502500 70
503000 70
503500 70
504000 70
504500 70
505000 70
505500 70
506000 70
506500 70
507000 70
507500 70
508000 70
508500 70
509000 70
509500 70
510000 70
510500 70
511000 70
511500 70
512000 70
512500 70
513000 70
513500 70
514000 70
514500 70
515000 70
515500 70
516000 70
516500 70
517000 70
517500 70
518000 70
518500 70
519000 70
519500 70
520000 70
520500 70
521000 70
521500 70
522000 70
522500 70
523000 70
523500 70
524000 70
524500 70
525000 70
525500 70
526000 70
526500 70
527000 70
527500 70
528000 70
528500 70
529000 70
529500 70
530000 70
530500 70
531000 70
531500 70
532000 70
532500 70
533000 70
533500 70
534000 70
534500 70
535000 70
535500 70
536000 70
536500 70
537000 70
537500 70
538000 70
538500 70
539000 70
539500 70
540000 70
540500 70
541000 70
541500 70
542000 70
542500 70
543000 70
543500 70
544000 70
544500 70
545000 70
545500 70
546000 70
546500 70
547000 70
547500 70
548000 70
548500 70
549000 70
549500 70
550000 70
550500 70
551000 70
551500 70
552000 70
552500 70
553000 70
553500 70
554000 70
554500 70
555000 70
555500 70
556000 70
556500 70
557000 70
557500 70
558000 70
558500 70
559000 70
559500 70
560000 70
560500 70
561000 70
561500 70
562000 70
562500 70
563000 70
563500 70
564000 70
564500 70
565000 70
565500 70
566000 70
566500 70
567000 70
567500 70
568000 70
568500 70
569000 70
569500 70
570000 70
570500 70
571000 70
571500 70
572000 70
572500 70
573000 70
573500 70
574000 70
574500 70
575000 70
575500 70
576000 70
576500 70
577000 70
577500 70
578000 70
578500 70
579000 70
579500 70
580000 70
580500 70
581000 70
581500 70
582000 70
582500 70
583000 70
583500 70
584000 70
584500 70
585000 70
585500 70
586000 70
586500 70
587000 70
587500 70
588000 70
588500 70
589000 70
589500 70
590000 70
590500 70
591000 70
591500 70
592000 70
592500 70
593000 70
593500 70
594000 70
594500 70
595000 70
595500 70
596000 70
596500 70
597000 70
597500 70
598000 70
598500 70
599000 70
599500 70
600000 70
600500 70
601000 70
601500 70
602000 70
602500 70
603000 70
603500 70
604000 70
604500 70
605000 70
605500 70
606000 70
606500 70
607000 70
607500 70
608000 70
608500 70
609000 70
609500 70
610000 70
610500 70
611000 70
611500 70
612000 70
612500 70
613000 70
613500 70
614000 70
614500 70
615000 70
615500 70
616000 70
616500 70
617000 70
617500 70
618000 70
618500 70
619000 70
619500 70
620000 70
620500 70
621000 70
621500 70
622000 70
622500 70
623000 70
623500 70
624000 70
624500 70
625000 70
625500 70
626000 70
626500 70
627000 87
627500 78
628000 90
628500 84
629000 96
629500 155
630000 102
630500 97
631000 70
631500 70
632000 70
632500 69
633000 69
633500 68
634000 68
634500 68
635000 68
635500 68
636000 68
636500 68
637000 68
637500 68
638000 68
638500 68
639000 68
639500 68
640000 68
640500 68
641000 68
641500 68
642000 68
642500 68
643000 68
643500 68
644000 68
644500 68
645000 68
645500 68
646000 68
646500 68
647000 68
647500 68
648000 68
648500 68
649000 68
649500 68
650000 68
650500 68
651000 68
651500 68
652000 68
652500 68
653000 68
653500 68
654000 68
654500 68
655000 68
655500 68
656000 68
