500 153
1000 144
1500 138
2000 128
2500 134
3000 137
3500 144
4000 148
4500 153
5000 136
5500 157
6000 146
6500 166
7000 144
7500 144
8000 159
8500 135
9000 143
9500 163
10000 151
10500 155
11000 148
11500 143
12000 140
12500 139
13000 148
13500 155
14000 145
14500 140
15000 160
15500 167
16000 137
16500 157
17000 134
17500 145
18000 150
18500 140
19000 134
19500 148
20000 154
20500 153
21000 152
21500 157
22000 151
22500 153
23000 146
23500 156
24000 153
24500 149
25000 142
25500 173
26000 144
26500 148
27000 159
27500 132
28000 154
28500 158
29000 163
29500 155
30000 151
30500 158
31000 160
31500 137
32000 146
32500 149
33000 143
33500 140
34000 141
34500 142
35000 147
35500 139
36000 151
36500 122
37000 145
37500 156
38000 164
38500 147
39000 153
39500 143
40000 144
40500 145
41000 147
41500 164
42000 159
42500 157
43000 151
43500 137
44000 167
44500 143
45000 149
45500 148
46000 158
46500 150
47000 151
47500 144
48000 159
48500 145
49000 135
49500 123
50000 162
50500 157
51000 122
51500 149
52000 120
52500 152
53000 133
53500 133
54000 132
54500 164
55000 163
55500 123
56000 144
56500 129
57000 124
57500 140
58000 143
58500 122
59000 159
59500 157
60000 155
60500 152
61000 130
61500 142
62000 132
62500 168
63000 145
63500 128
64000 136
64500 146
65000 124
65500 152
66000 142
66500 139
67000 151
67500 131
68000 137
68500 133
69000 116
69500 141
70000 147
70500 145
71000 157
71500 149
72000 147
72500 147
73000 156
73500 152
74000 150
74500 122
75000 132
75500 147
76000 142
76500 147
77000 144
77500 136
78000 145
78500 158
79000 160
79500 144
80000 155
80500 118
81000 136
81500 145
82000 138
82500 137
83000 138
83500 148
84000 148
84500 132
85000 137
85500 168
86000 150
86500 129
87000 157
87500 151
88000 141
88500 132
89000 135
89500 142
90000 139
90500 123
91000 123
91500 124
92000 156
92500 133
93000 156
93500 154
94000 158
94500 134
95000 157
95500 147
96000 151
96500 122
97000 150
97500 152
98000 146
98500 132
99000 163
99500 135
100000 136
100500 145
101000 127
101500 136
102000 131
102500 138
103000 160
103500 152
104000 133
104500 134
105000 130
105500 137
106000 125
106500 140
107000 155
107500 143
108000 131
108500 146
109000 141
109500 125
110000 158
110500 130
111000 142
111500 149
112000 126
112500 129
113000 125
113500 140
114000 126
114500 143
115000 132
115500 133
116000 141
116500 154
117000 108
117500 131
118000 131
118500 134
119000 152
119500 140
120000 141
120500 136
121000 138
121500 116
122000 145
122500 120
123000 140
123500 142
124000 122
124500 123
125000 143
125500 145
126000 128
126500 133
127000 134
127500 118
128000 154
128500 142
129000 119
129500 147
130000 128
130500 109
131000 129
131500 143
132000 131
132500 129
133000 128
133500 134
134000 136
134500 145
135000 153
135500 112
136000 162
136500 125
137000 128
137500 133
138000 131
138500 151
139000 136
139500 125
140000 125
140500 127
141000 145
141500 121
142000 130
142500 124
143000 123
143500 153
144000 129
144500 125
145000 132
145500 124
146000 139
146500 148
147000 108
147500 119
148000 125
148500 140
149000 130
149500 138
150000 137
150500 129
151000 137
151500 134
152000 116
152500 146
153000 136
153500 124
154000 145
154500 120
155000 130
155500 135
156000 122
156500 131
157000 118
157500 126
158000 126
158500 135
159000 114
159500 133
160000 127
160500 148
161000 145
161500 139
162000 129
162500 135
163000 113
163500 112
164000 121
164500 130
165000 122
165500 124
166000 139
166500 135
167000 139
167500 127
168000 127
168500 141
169000 125
169500 128
170000 115
170500 117
171000 111
171500 118
172000 129
172500 119
173000 108
173500 116
174000 119
174500 147
175000 136
175500 131
176000 105
176500 109
177000 106
177500 131
178000 133
178500 109
179000 118
179500 118
180000 116
180500 109
181000 115
181500 116
182000 110
182500 117
183000 115
183500 115
184000 105
184500 108
185000 122
185500 139
186000 127
186500 122
187000 103
187500 121
188000 108
188500 140
189000 127
189500 110
190000 130
190500 130
191000 129
191500 148
192000 129
192500 127
193000 119
193500 108
194000 119
194500 105
195000 118
195500 106
196000 107
196500 108
197000 125
197500 102
198000 134
198500 122
199000 109
199500 119
200000 124
200500 121
201000 118
201500 126
202000 118
202500 129
203000 117
203500 108
204000 109
204500 103
205000 107
205500 125
206000 137
206500 124
207000 108
207500 110
208000 120
208500 100
209000 105
209500 116
210000 135
210500 105
211000 119
211500 118
212000 120
212500 118
213000 121
213500 114
214000 133
214500 135
215000 133
215500 121
216000 114
216500 136
217000 119
217500 127
218000 117
218500 154
219000 113
219500 102
220000 120
220500 127
221000 96
221500 91
222000 100
222500 144
223000 97
223500 103
224000 91
224500 107
225000 120
225500 113
226000 94
226500 117
227000 82
227500 81
228000 117
228500 105
229000 120
229500 105
230000 106
230500 118
231000 83
231500 102
232000 111
232500 97
233000 104
233500 134
234000 105
234500 94
235000 101
235500 106
236000 93
236500 110
237000 76
237500 101
238000 130
238500 121
239000 117
239500 111
240000 85
240500 101
241000 93
241500 102
242000 94
242500 109
243000 123
243500 122
244000 158
244500 141
245000 92
245500 97
246000 85
246500 131
247000 100
247500 94
248000 87
248500 109
249000 114
249500 87
250000 89
250500 85
251000 85
251500 98
252000 90
252500 101
253000 86
253500 97
254000 88
254500 90
255000 96
255500 115
256000 86
256500 88
257000 91
257500 89
258000 84
258500 86
259000 81
259500 97
260000 97
260500 86
261000 97
261500 106
262000 91
262500 87
263000 116
263500 92
264000 85
264500 126
265000 92
265500 83
266000 101
266500 89
267000 138
267500 91
268000 93
268500 149
269000 81
269500 83
270000 95
270500 74
271000 75
271500 92
272000 101
272500 91
273000 87
273500 87
274000 95
274500 95
275000 91
275500 89
276000 91
276500 73
277000 74
277500 78
278000 87
278500 83
279000 84
279500 91
280000 139
280500 98
281000 84
281500 72
282000 86
282500 83
283000 75
283500 75
284000 73
284500 79
285000 129
285500 73
286000 82
286500 73
287000 77
287500 77
288000 89
288500 84
289000 84
289500 78
290000 75
290500 74
291000 76
291500 78
292000 80
292500 80
293000 74
293500 71
294000 70
294500 70
295000 72
295500 83
296000 76
296500 75
297000 102
297500 88
298000 83
298500 75
299000 76
299500 76
300000 73
300500 72
301000 77
301500 72
302000 71
302500 70
303000 72
303500 70
304000 72
304500 71
305000 73
305500 72
306000 70
306500 69
307000 69
307500 71
308000 70
308500 71
309000 69
309500 71
310000 74
310500 70
311000 70
311500 70
312000 70
312500 69
313000 69
313500 71
314000 83
314500 79
315000 78
315500 75
316000 71
316500 71
317000 71
317500 71
318000 70
318500 71
319000 70
319500 72
320000 73
320500 75
321000 71
321500 72
322000 71
322500 80
323000 76
323500 75
324000 75
324500 73
325000 71
325500 71
326000 71
326500 71
327000 71
327500 70
328000 71
328500 79
329000 69
329500 66
330000 65
330500 66
331000 66
331500 67
332000 68
332500 69
333000 66
333500 66
334000 66
334500 67
335000 66
335500 65
336000 65
336500 66
337000 66
337500 66
338000 67
338500 66
339000 66
339500 66
340000 66
340500 66
341000 66
341500 67
342000 66
342500 66
343000 66
343500 65
344000 65
344500 65
345000 65
345500 65
346000 66
346500 66
347000 65
347500 65
348000 65
348500 65
349000 65
349500 65
350000 65
350500 65
351000 65
351500 65
352000 65
352500 65
353000 65
353500 65
354000 65
354500 65
355000 67
355500 65
356000 65
356500 65
357000 65
357500 65
358000 68
358500 66
359000 65
359500 67
360000 65
360500 65
361000 65
361500 66
362000 66
362500 65
363000 67
363500 65
364000 65
364500 65
365000 65
365500 65
366000 65
366500 65
367000 65
367500 65
368000 65
368500 65
369000 65
369500 65
370000 65
370500 65
371000 65
371500 65
372000 65
372500 65
373000 65
373500 65
374000 65
374500 65
375000 66
375500 66
376000 67
376500 67
377000 67
377500 67
378000 67
378500 66
379000 65
379500 65
380000 65
380500 65
381000 65
381500 65
382000 65
382500 65
383000 65
383500 65
384000 65
384500 65
385000 65
385500 65
386000 65
386500 65
387000 65
387500 65
388000 65
388500 66
389000 66
389500 65
390000 65
390500 65
391000 65
391500 65
392000 65
392500 65
393000 65
393500 65
394000 65
394500 65
395000 65
395500 65
396000 65
396500 65
397000 65
397500 65
398000 65
398500 65
399000 65
399500 65
400000 65
400500 65
401000 65
401500 65
402000 65
402500 65
403000 65
403500 65
404000 65
404500 65
405000 65
405500 65
406000 65
406500 65
407000 65
407500 65
408000 65
408500 65
409000 65
409500 65
410000 65
410500 65
411000 65
411500 65
412000 65
412500 65
413000 65
413500 65
414000 65
414500 65
415000 65
415500 65
416000 65
416500 65
417000 65
417500 65
418000 65
418500 65
419000 65
419500 65
420000 65
420500 65
421000 65
421500 65
422000 65
422500 65
423000 65
423500 65
424000 65
424500 65
425000 65
425500 65
426000 65
426500 65
427000 65
427500 65
428000 65
428500 65
429000 65
429500 65
430000 65
430500 65
431000 65
431500 65
432000 65
432500 65
433000 65
433500 65
434000 65
434500 65
435000 65
435500 65
436000 65
436500 65
437000 65
437500 65
438000 65
438500 65
439000 65
439500 65
440000 65
440500 65
441000 65
441500 65
442000 65
442500 65
443000 65
443500 65
444000 65
444500 65
445000 65
445500 65
446000 65
446500 65
447000 65
447500 65
448000 65
448500 65
449000 65
449500 65
450000 65
450500 65
451000 65
451500 65
452000 65
452500 65
453000 65
453500 65
454000 65
454500 65
455000 65
455500 65
456000 65
456500 65
457000 65
457500 65
458000 65
458500 65
459000 65
459500 65
460000 65
460500 65
461000 65
461500 65
462000 65
462500 65
463000 65
463500 65
464000 65
464500 65
465000 65
465500 65
466000 65
466500 65
467000 65
467500 65
468000 65
468500 65
469000 65
469500 65
470000 65
470500 65
471000 65
471500 65
472000 65
472500 65
473000 65
473500 65
474000 65
474500 65
475000 65
475500 65
476000 65
476500 65
477000 65
477500 65
478000 65
478500 65
479000 65
479500 65
480000 65
480500 65
481000 65
481500 65
482000 65
482500 65
483000 65
483500 65
484000 65
484500 65
485000 65
485500 65
486000 65
486500 65
487000 65
487500 65
488000 65
488500 65
489000 65
489500 65
490000 65
490500 65
491000 65
491500 65
492000 65
492500 65
493000 65
493500 65
494000 65
494500 65
495000 65
495500 65
496000 65
496500 65
497000 65
497500 65
498000 65
498500 65
499000 65
499500 65
500000 65
500500 65
501000 65
501500 65
502000 65
502500 65
503000 65
503500 65
504000 65
504500 65
505000 65
505500 65
506000 65
506500 65
507000 65
507500 65
508000 65
508500 65
509000 65
509500 65
510000 65
510500 65
511000 65
511500 65
512000 65
512500 65
513000 65
513500 65
514000 65
514500 65
515000 65
515500 65
516000 65
516500 65
517000 65
517500 65
518000 65
518500 65
519000 65
519500 65
520000 65
520500 65
521000 65
521500 65
522000 65
522500 65
523000 65
523500 65
524000 65
524500 65
525000 65
525500 65
526000 65
526500 65
527000 65
527500 65
528000 65
528500 65
529000 65
529500 65
530000 65
530500 65
531000 65
531500 65
532000 65
532500 65
533000 65
533500 65
534000 65
534500 65
535000 65
535500 65
536000 65
536500 65
537000 65
537500 65
538000 65
538500 65
539000 65
539500 65
540000 65
540500 65
541000 65
541500 65
542000 65
542500 65
543000 65
543500 65
544000 65
544500 65
545000 65
545500 65
546000 65
546500 65
547000 65
547500 65
548000 65
548500 65
549000 65
549500 65
550000 65
550500 65
551000 65
551500 65
552000 65
552500 65
553000 65
553500 65
554000 65
554500 65
555000 65
555500 65
556000 65
556500 65
557000 65
557500 65
558000 65
558500 65
559000 65
559500 65
560000 65
560500 65
561000 65
561500 65
562000 65
562500 65
563000 65
563500 65
564000 65
564500 65
565000 65
565500 65
566000 65
566500 65
567000 65
567500 65
568000 65
568500 65
569000 65
569500 65
570000 65
570500 65
571000 65
571500 65
572000 65
572500 65
573000 65
573500 65
574000 65
574500 65
575000 65
575500 65
576000 65
576500 65
577000 65
577500 65
578000 65
578500 65
579000 65
579500 65
580000 65
580500 65
581000 65
581500 65
582000 65
582500 65
583000 65
583500 65
584000 65
584500 65
585000 65
585500 65
586000 65
586500 65
587000 65
587500 65
588000 65
588500 65
589000 65
589500 65
590000 65
590500 65
591000 65
591500 65
592000 65
592500 65
593000 65
593500 65
594000 65
594500 65
595000 65
595500 65
596000 65
596500 65
597000 65
597500 65
598000 65
598500 65
599000 65
599500 65
600000 65
600500 65
601000 65
601500 65
602000 65
602500 65
603000 65
603500 65
604000 65
604500 65
605000 65
605500 65
606000 65
606500 65
607000 65
607500 65
608000 65
608500 65
609000 65
609500 65
610000 65
610500 65
611000 65
611500 65
612000 65
612500 65
613000 65
613500 65
614000 65
614500 65
615000 65
615500 65
616000 65
616500 65
617000 65
617500 65
618000 65
618500 65
619000 65
619500 65
620000 65
620500 65
621000 65
621500 65
622000 65
622500 65
623000 65
623500 65
624000 65
624500 65
625000 65
625500 65
626000 65
626500 65
627000 65
627500 65
628000 65
628500 65
629000 65
629500 65
630000 65
630500 65
631000 65
631500 65
632000 65
632500 65
633000 65
633500 65
634000 65
634500 65
635000 65
635500 65
636000 65
636500 65
637000 65
637500 65
638000 65
638500 65
639000 65
639500 65
640000 65
640500 65
641000 65
641500 65
642000 65
642500 65
643000 65
643500 65
644000 65
644500 65
645000 65
645500 65
646000 65
646500 65
647000 65
647500 65
648000 65
648500 65
649000 65
649500 65
650000 65
650500 65
651000 65
651500 65
652000 65
652500 65
653000 65
653500 65
654000 65
654500 65
655000 65
655500 65
656000 65
656500 65
657000 65
657500 65
658000 65
658500 65
659000 65
659500 65
660000 65
