500 149
1000 156
1500 166
2000 146
2500 150
3000 162
3500 160
4000 159
4500 155
5000 159
5500 158
6000 149
6500 156
7000 163
7500 157
8000 156
8500 154
9000 165
9500 149
10000 143
10500 146
11000 143
11500 132
12000 144
12500 142
13000 136
13500 135
14000 123
14500 166
15000 153
15500 147
16000 168
16500 155
17000 135
17500 131
18000 136
18500 140
19000 148
19500 155
20000 136
20500 148
21000 152
21500 139
22000 158
22500 159
23000 146
23500 139
24000 158
24500 144
25000 136
25500 143
26000 147
26500 131
27000 159
27500 157
28000 160
28500 145
29000 157
29500 155
30000 163
30500 147
31000 153
31500 139
32000 146
32500 154
33000 147
33500 153
34000 160
34500 142
35000 163
35500 150
36000 143
36500 146
37000 126
37500 149
38000 163
38500 159
39000 139
39500 124
40000 148
40500 145
41000 154
41500 115
42000 126
42500 157
43000 155
43500 158
44000 133
44500 157
45000 142
45500 155
46000 145
46500 149
47000 145
47500 162
48000 131
48500 140
49000 127
49500 144
50000 148
50500 157
51000 143
51500 129
52000 151
52500 153
53000 111
53500 139
54000 130
54500 157
55000 143
55500 143
56000 158
56500 145
57000 169
57500 138
58000 132
58500 145
59000 139
59500 141
60000 123
60500 142
61000 129
61500 143
62000 141
62500 133
63000 133
63500 147
64000 145
64500 159
65000 144
65500 129
66000 137
66500 141
67000 151
67500 132
68000 143
68500 134
69000 150
69500 134
70000 138
70500 148
71000 152
71500 127
72000 117
72500 142
73000 136
73500 123
74000 128
74500 158
75000 143
75500 144
76000 150
76500 165
77000 145
77500 154
78000 128
78500 123
79000 118
79500 149
80000 155
80500 128
81000 131
81500 156
82000 152
82500 137
83000 143
83500 143
84000 128
84500 159
85000 146
85500 152
86000 142
86500 133
87000 137
87500 145
88000 129
88500 139
89000 125
89500 144
90000 147
90500 142
91000 141
91500 128
92000 149
92500 122
93000 146
93500 132
94000 145
94500 130
95000 130
95500 135
96000 152
96500 146
97000 130
97500 121
98000 136
98500 152
99000 142
99500 142
100000 137
100500 132
101000 138
101500 151
102000 122
102500 139
103000 115
103500 149
104000 143
104500 156
105000 141
105500 114
106000 151
106500 134
107000 126
107500 154
108000 139
108500 148
109000 142
109500 138
110000 133
110500 129
111000 141
111500 127
112000 167
112500 138
113000 159
113500 140
114000 154
114500 136
115000 131
115500 133
116000 137
116500 122
117000 148
117500 137
118000 121
118500 154
119000 135
119500 140
120000 149
120500 151
121000 134
121500 137
122000 143
122500 147
123000 139
123500 149
124000 129
124500 130
125000 143
125500 149
126000 128
126500 136
127000 134
127500 149
128000 135
128500 123
129000 120
129500 124
130000 134
130500 130
131000 130
131500 131
132000 151
132500 162
133000 151
133500 152
134000 154
134500 123
135000 128
135500 140
136000 145
136500 146
137000 113
137500 135
138000 131
138500 131
139000 109
139500 151
140000 155
140500 121
141000 140
141500 123
142000 129
142500 126
143000 126
143500 142
144000 135
144500 137
145000 130
145500 122
146000 131
146500 124
147000 157
147500 130
148000 143
148500 122
149000 115
149500 119
150000 118
150500 126
151000 110
151500 122
152000 153
152500 121
153000 142
153500 143
154000 98
154500 121
155000 125
155500 137
156000 128
156500 134
157000 130
157500 128
158000 124
158500 103
159000 123
159500 127
160000 140
160500 107
161000 122
161500 108
162000 140
162500 126
163000 147
163500 118
164000 142
164500 121
165000 115
165500 125
166000 148
166500 141
167000 152
167500 116
168000 118
168500 148
169000 127
169500 122
170000 150
170500 131
171000 121
171500 143
172000 130
172500 128
173000 124
173500 115
174000 142
174500 118
175000 109
175500 130
176000 118
176500 109
177000 114
177500 122
178000 113
178500 163
179000 112
179500 100
180000 116
180500 124
181000 111
181500 112
182000 128
182500 118
183000 122
183500 122
184000 93
184500 132
185000 106
185500 102
186000 120
186500 140
187000 132
187500 141
188000 117
188500 126
189000 124
189500 107
190000 120
190500 129
191000 128
191500 131
192000 113
192500 141
193000 104
193500 121
194000 111
194500 98
195000 112
195500 112
196000 108
196500 126
197000 124
197500 125
198000 110
198500 119
199000 135
199500 101
200000 105
200500 129
201000 103
201500 101
202000 116
202500 117
203000 102
203500 112
204000 108
204500 116
205000 102
205500 110
206000 98
206500 102
207000 134
207500 138
208000 126
208500 115
209000 110
209500 93
210000 116
210500 119
211000 101
211500 120
212000 106
212500 135
213000 114
213500 124
214000 122
214500 124
215000 123
215500 106
216000 126
216500 116
217000 107
217500 83
218000 129
218500 119
219000 101
219500 91
220000 107
220500 108
221000 95
221500 121
222000 121
222500 98
223000 105
223500 100
224000 105
224500 118
225000 99
225500 119
226000 91
226500 107
227000 123
227500 101
228000 121
228500 99
229000 137
229500 102
230000 94
230500 94
231000 91
231500 91
232000 118
232500 109
233000 97
233500 89
234000 114
234500 95
235000 106
235500 130
236000 89
236500 100
237000 102
237500 127
238000 113
238500 101
239000 101
239500 102
240000 98
240500 101
241000 87
241500 118
242000 107
242500 125
243000 91
243500 88
244000 97
244500 96
245000 85
245500 83
246000 104
246500 97
247000 84
247500 91
248000 95
248500 85
249000 97
249500 99
250000 105
250500 89
251000 108
251500 84
252000 107
252500 106
253000 83
253500 99
254000 86
254500 91
255000 75
255500 79
256000 106
256500 81
257000 114
257500 89
258000 83
258500 89
259000 91
259500 96
260000 92
260500 83
261000 111
261500 92
262000 107
262500 95
263000 101
263500 98
264000 87
264500 90
265000 87
265500 84
266000 84
266500 73
267000 83
267500 85
268000 79
268500 81
269000 83
269500 96
270000 91
270500 82
271000 73
271500 80
272000 74
272500 76
273000 80
273500 93
274000 90
274500 98
275000 86
275500 77
276000 79
276500 85
277000 80
277500 74
278000 84
278500 72
279000 76
279500 75
280000 124
280500 116
281000 90
281500 94
282000 73
282500 80
283000 97
283500 81
284000 82
284500 85
285000 81
285500 78
286000 89
286500 80
287000 123
287500 83
288000 121
288500 80
289000 72
289500 74
290000 105
290500 122
291000 123
291500 88
292000 78
292500 108
293000 140
293500 143
294000 122
294500 81
295000 81
295500 79
296000 72
296500 77
297000 78
297500 71
298000 73
298500 113
299000 86
299500 94
300000 96
300500 83
301000 81
301500 87
302000 81
302500 79
303000 89
303500 75
304000 120
304500 89
305000 95
305500 78
306000 99
306500 89
307000 126
307500 94
308000 69
308500 69
309000 75
309500 74
310000 70
310500 75
311000 71
311500 71
312000 119
312500 87
313000 110
313500 85
314000 75
314500 74
315000 74
315500 74
316000 79
316500 74
317000 70
317500 69
318000 69
318500 71
319000 70
319500 69
320000 70
320500 69
321000 70
321500 70
322000 70
322500 72
323000 70
323500 74
324000 74
324500 93
325000 84
325500 99
326000 79
326500 70
327000 70
327500 70
328000 70
328500 69
329000 69
329500 69
330000 72
330500 69
331000 69
331500 68
332000 68
332500 69
333000 70
333500 77
334000 76
334500 79
335000 74
335500 75
336000 109
336500 86
337000 75
337500 73
338000 72
338500 72
339000 102
339500 77
340000 69
340500 70
341000 69
341500 70
342000 69
342500 69
343000 69
343500 69
344000 68
344500 68
345000 68
345500 68
346000 68
346500 68
347000 68
347500 68
348000 68
348500 68
349000 68
349500 70
350000 70
350500 69
351000 69
351500 69
352000 69
352500 69
353000 68
353500 68
354000 68
354500 68
355000 68
355500 68
356000 68
356500 68
357000 68
357500 68
358000 68
358500 68
359000 68
359500 68
360000 68
360500 68
361000 68
361500 68
362000 68
362500 68
363000 68
363500 68
364000 68
364500 68
365000 68
365500 68
366000 68
366500 68
367000 68
367500 68
368000 68
368500 69
369000 68
369500 68
370000 68
370500 68
371000 68
371500 68
372000 68
372500 68
373000 68
373500 68
374000 68
374500 68
375000 68
375500 68
376000 68
376500 68
377000 69
377500 68
378000 68
378500 68
379000 68
379500 68
380000 68
380500 68
381000 68
381500 68
382000 68
382500 68
383000 68
383500 68
384000 68
384500 68
385000 68
385500 68
386000 68
386500 68
387000 68
387500 68
388000 68
388500 68
389000 68
389500 68
390000 68
390500 68
391000 68
391500 68
392000 68
392500 68
393000 68
393500 68
394000 68
394500 68
395000 68
395500 68
396000 68
396500 68
397000 68
397500 68
398000 68
398500 68
399000 68
399500 68
400000 68
400500 68
401000 68
401500 68
402000 68
402500 68
403000 68
403500 68
404000 68
404500 68
405000 68
405500 68
406000 68
406500 68
407000 68
407500 68
408000 68
408500 68
409000 68
409500 68
410000 68
410500 68
411000 68
411500 68
412000 68
412500 68
413000 68
413500 68
414000 68
414500 68
415000 68
415500 68
416000 68
416500 68
417000 68
417500 68
418000 68
418500 68
419000 68
419500 68
420000 68
420500 68
421000 68
421500 68
422000 68
422500 68
423000 68
423500 68
424000 68
424500 68
425000 68
425500 68
426000 68
426500 68
427000 68
427500 68
428000 68
428500 68
429000 68
429500 68
430000 68
430500 68
431000 68
431500 68
432000 68
432500 68
433000 68
433500 68
434000 68
434500 68
435000 68
435500 68
436000 68
436500 68
437000 68
437500 68
438000 68
438500 68
439000 68
439500 68
440000 68
440500 68
441000 68
441500 68
442000 68
442500 68
443000 68
443500 68
444000 68
444500 68
445000 68
445500 68
446000 68
446500 68
447000 68
447500 68
448000 68
448500 68
449000 68
449500 68
450000 68
450500 68
451000 68
451500 68
452000 68
452500 68
453000 68
453500 68
454000 68
454500 68
455000 68
455500 68
456000 68
456500 68
457000 68
457500 68
458000 68
458500 68
459000 68
459500 68
460000 68
460500 68
461000 68
461500 68
462000 68
462500 68
463000 68
463500 68
464000 68
464500 68
465000 68
465500 68
466000 68
466500 68
467000 68
467500 68
468000 68
468500 68
469000 68
469500 68
470000 68
470500 68
471000 68
471500 68
472000 68
472500 68
473000 68
473500 68
474000 68
474500 68
475000 68
475500 68
476000 68
476500 68
477000 68
477500 68
478000 68
478500 68
479000 68
479500 68
480000 68
480500 68
481000 68
481500 68
482000 68
482500 68
483000 68
483500 68
484000 68
484500 68
485000 68
485500 68
486000 68
486500 68
487000 68
487500 68
488000 68
488500 68
489000 68
489500 68
490000 68
490500 68
491000 68
491500 68
492000 68
492500 68
493000 68
493500 68
494000 68
494500 68
495000 68
495500 68
496000 68
496500 68
497000 68
497500 68
498000 68
498500 68
499000 68
499500 68
500000 68
500500 68
501000 68
501500 68
502000 68
502500 68
503000 68
503500 68
504000 68
504500 68
505000 68
505500 68
506000 68
506500 68
507000 68
507500 68
508000 68
508500 68
509000 68
509500 68
510000 68
510500 68
511000 68
511500 68
512000 68
512500 68
513000 68
513500 68
514000 68
514500 68
515000 68
515500 68
516000 68
516500 68
517000 68
517500 68
518000 68
518500 68
519000 68
519500 68
520000 68
520500 68
521000 68
521500 68
522000 68
522500 68
523000 68
523500 68
524000 68
524500 68
525000 68
525500 68
526000 68
526500 68
527000 68
527500 68
528000 68
528500 68
529000 68
529500 68
530000 68
530500 68
531000 68
531500 68
532000 68
532500 68
533000 68
533500 68
534000 68
534500 68
535000 68
535500 68
536000 68
536500 68
537000 68
537500 68
538000 68
538500 68
539000 68
539500 68
540000 68
540500 68
541000 68
541500 68
542000 68
542500 68
543000 68
543500 68
544000 68
544500 68
545000 68
545500 68
546000 68
546500 68
547000 68
547500 68
548000 68
548500 68
549000 68
549500 68
550000 68
550500 68
551000 68
551500 68
552000 68
552500 68
553000 68
553500 68
554000 68
554500 68
555000 68
555500 68
556000 68
556500 68
557000 68
557500 68
558000 68
558500 68
559000 68
559500 68
560000 68
560500 68
561000 68
561500 68
562000 68
562500 68
563000 68
563500 68
564000 68
564500 68
565000 68
565500 68
566000 68
566500 68
567000 68
567500 68
568000 68
568500 68
569000 68
569500 68
570000 68
570500 68
571000 68
571500 68
572000 68
572500 68
573000 68
573500 68
574000 68
574500 68
575000 68
575500 68
576000 68
576500 68
577000 68
577500 68
578000 68
578500 68
579000 68
579500 68
580000 68
580500 68
581000 68
581500 68
582000 68
582500 68
583000 68
583500 68
584000 68
584500 68
585000 68
585500 68
586000 68
586500 68
587000 68
587500 68
588000 68
588500 68
589000 68
589500 68
590000 68
590500 68
591000 68
591500 68
592000 68
592500 68
593000 68
593500 68
594000 68
594500 68
595000 68
595500 68
596000 68
596500 68
597000 68
597500 68
598000 68
598500 68
599000 68
599500 68
600000 68
600500 68
601000 68
601500 68
602000 68
602500 68
603000 68
603500 68
604000 68
604500 68
605000 68
605500 68
606000 68
606500 68
607000 68
607500 68
608000 68
608500 68
609000 68
609500 68
610000 68
610500 68
611000 68
611500 68
612000 68
612500 68
613000 68
613500 68
614000 68
614500 68
615000 68
615500 68
616000 68
616500 68
617000 68
617500 68
618000 68
618500 68
619000 68
619500 68
620000 68
620500 68
621000 68
621500 68
622000 68
622500 68
623000 68
623500 68
624000 68
624500 68
625000 68
625500 68
626000 68
626500 68
627000 68
627500 68
628000 68
628500 68
629000 68
629500 68
630000 68
630500 68
631000 68
631500 68
632000 68
632500 68
633000 68
633500 68
634000 68
634500 68
635000 68
635500 68
636000 68
636500 68
637000 68
637500 68
638000 68
638500 68
639000 68
639500 68
640000 68
640500 68
641000 68
641500 68
642000 68
642500 68
643000 68
643500 68
644000 68
644500 68
645000 68
645500 68
646000 68
646500 68
647000 68
647500 68
648000 68
648500 68
649000 68
649500 68
650000 68
650500 68
651000 68
651500 68
652000 68
652500 68
653000 68
653500 68
654000 68
654500 68
655000 68
655500 68
656000 68
