500 162
1000 157
1500 138
2000 159
2500 138
3000 152
3500 146
4000 131
4500 163
5000 149
5500 136
6000 159
6500 158
7000 150
7500 166
8000 133
8500 162
9000 158
9500 170
10000 143
10500 159
11000 156
11500 133
12000 165
12500 144
13000 157
13500 139
14000 160
14500 134
15000 139
15500 136
16000 144
16500 153
17000 129
17500 143
18000 140
18500 168
19000 137
19500 152
20000 152
20500 147
21000 135
21500 134
22000 164
22500 146
23000 138
23500 138
24000 142
24500 145
25000 149
25500 158
26000 155
26500 132
27000 142
27500 158
28000 141
28500 160
29000 149
29500 152
30000 156
30500 156
31000 155
31500 146
32000 138
32500 157
33000 137
33500 138
34000 129
34500 160
35000 153
35500 132
36000 112
36500 141
37000 146
37500 151
38000 147
38500 164
39000 117
39500 129
40000 154
40500 136
41000 138
41500 144
42000 148
42500 145
43000 150
43500 158
44000 144
44500 160
45000 150
45500 137
46000 155
46500 144
47000 134
47500 134
48000 123
48500 131
49000 130
49500 153
50000 143
50500 145
51000 163
51500 144
52000 151
52500 140
53000 143
53500 137
54000 151
54500 146
55000 154
55500 146
56000 155
56500 140
57000 150
57500 125
58000 162
58500 153
59000 136
59500 129
60000 136
60500 126
61000 151
61500 156
62000 140
62500 157
63000 141
63500 134
64000 146
64500 137
65000 136
65500 144
66000 135
66500 133
67000 149
67500 132
68000 151
68500 120
69000 135
69500 145
70000 161
70500 153
71000 139
71500 129
72000 144
72500 151
73000 148
73500 141
74000 131
74500 165
75000 143
75500 137
76000 135
76500 141
77000 130
77500 128
78000 143
78500 139
79000 137
79500 128
80000 151
80500 139
81000 136
81500 133
82000 123
82500 156
83000 137
83500 116
84000 142
84500 124
85000 139
85500 133
86000 148
86500 141
87000 153
87500 139
88000 143
88500 141
89000 139
89500 130
90000 151
90500 144
91000 150
91500 156
92000 138
92500 122
93000 168
93500 139
94000 137
94500 133
95000 127
95500 143
96000 133
96500 153
97000 146
97500 141
98000 120
98500 148
99000 144
99500 138
100000 125
100500 127
101000 143
101500 152
102000 120
102500 162
103000 131
103500 144
104000 149
104500 129
105000 144
105500 118
106000 126
106500 128
107000 152
107500 146
108000 145
108500 141
109000 142
109500 124
110000 145
110500 124
111000 132
111500 150
112000 146
112500 126
113000 120
113500 152
114000 119
114500 131
115000 135
115500 147
116000 130
116500 149
117000 120
117500 117
118000 144
118500 117
119000 128
119500 124
120000 129
120500 125
121000 128
121500 148
122000 117
122500 119
123000 133
123500 151
124000 131
124500 126
125000 130
125500 143
126000 146
126500 136
127000 146
127500 151
128000 150
128500 114
129000 139
129500 141
130000 130
130500 120
131000 147
131500 136
132000 145
132500 140
133000 135
133500 112
134000 130
134500 132
135000 131
135500 129
136000 133
136500 134
137000 137
137500 129
138000 160
138500 139
139000 141
139500 113
140000 138
140500 128
141000 124
141500 139
142000 116
142500 137
143000 148
143500 142
144000 141
144500 121
145000 140
145500 132
146000 127
146500 122
147000 156
147500 142
148000 113
148500 130
149000 130
149500 138
150000 136
150500 130
151000 112
151500 137
152000 126
152500 118
153000 120
153500 125
154000 143
154500 105
155000 135
155500 126
156000 136
156500 123
157000 128
157500 130
158000 120
158500 117
159000 144
159500 130
160000 116
160500 133
161000 136
161500 120
162000 113
162500 139
163000 122
163500 145
164000 132
164500 93
165000 144
165500 124
166000 109
166500 98
167000 140
167500 147
168000 135
168500 123
169000 129
169500 121
170000 129
170500 136
171000 116
171500 134
172000 136
172500 158
173000 126
173500 129
174000 114
174500 120
175000 115
175500 122
176000 134
176500 116
177000 143
177500 135
178000 121
178500 118
179000 142
179500 131
180000 132
180500 117
181000 125
181500 159
182000 101
182500 126
183000 117
183500 124
184000 129
184500 117
185000 99
185500 129
186000 142
186500 112
187000 132
187500 109
188000 102
188500 117
189000 122
189500 104
190000 126
190500 129
191000 109
191500 118
192000 121
192500 111
193000 119
193500 107
194000 125
194500 96
195000 119
195500 125
196000 110
196500 118
197000 128
197500 108
198000 115
198500 108
199000 96
199500 127
200000 118
200500 129
201000 111
201500 107
202000 137
202500 119
203000 108
203500 138
204000 116
204500 111
205000 121
205500 152
206000 106
206500 104
207000 123
207500 94
208000 90
208500 121
209000 128
209500 120
210000 127
210500 96
211000 124
211500 112
212000 105
212500 103
213000 126
213500 93
214000 107
214500 105
215000 112
215500 106
216000 120
216500 113
217000 105
217500 157
218000 105
218500 107
219000 115
219500 99
220000 118
220500 114
221000 127
221500 110
222000 104
222500 112
223000 107
223500 114
224000 99
224500 99
225000 96
225500 111
226000 106
226500 96
227000 111
227500 94
228000 137
228500 99
229000 97
229500 91
230000 117
230500 103
231000 105
231500 130
232000 108
232500 105
233000 115
233500 95
234000 114
234500 103
235000 89
235500 112
236000 99
236500 84
237000 107
237500 111
238000 112
238500 106
239000 141
239500 82
240000 113
240500 112
241000 101
241500 88
242000 101
242500 95
243000 92
243500 119
244000 113
244500 95
245000 101
245500 86
246000 94
246500 83
247000 122
247500 95
248000 108
248500 103
249000 107
249500 93
250000 112
250500 98
251000 110
251500 99
252000 84
252500 101
253000 98
253500 79
254000 99
254500 88
255000 86
255500 93
256000 74
256500 135
257000 89
257500 114
258000 98
258500 92
259000 115
259500 112
260000 93
260500 100
261000 104
261500 98
262000 96
262500 110
263000 88
263500 101
264000 92
264500 83
265000 108
265500 88
266000 91
266500 81
267000 152
267500 89
268000 74
268500 76
269000 70
269500 75
270000 79
270500 92
271000 88
271500 83
272000 102
272500 87
273000 117
273500 86
274000 77
274500 75
275000 78
275500 94
276000 80
276500 76
277000 76
277500 78
278000 75
278500 83
279000 77
279500 74
280000 69
280500 81
281000 77
281500 139
282000 111
282500 99
283000 80
283500 74
284000 74
284500 78
285000 76
285500 70
286000 77
286500 84
287000 116
287500 147
288000 79
288500 77
289000 77
289500 124
290000 82
290500 82
291000 76
291500 76
292000 94
292500 93
293000 85
293500 82
294000 75
294500 75
295000 70
295500 71
296000 73
296500 73
297000 71
297500 75
298000 77
298500 94
299000 78
299500 81
300000 86
300500 77
301000 73
301500 72
302000 71
302500 69
303000 68
303500 73
304000 75
304500 75
305000 78
305500 73
306000 72
306500 71
307000 70
307500 72
308000 71
308500 70
309000 70
309500 70
310000 67
310500 67
311000 70
311500 73
312000 68
312500 73
313000 73
313500 69
314000 70
314500 67
315000 68
315500 68
316000 70
316500 70
317000 68
317500 70
318000 72
318500 73
319000 72
319500 72
320000 69
320500 71
321000 71
321500 69
322000 69
322500 70
323000 69
323500 69
324000 70
324500 69
325000 69
325500 69
326000 70
326500 69
327000 71
327500 70
328000 89
328500 74
329000 71
329500 69
330000 69
330500 70
331000 69
331500 69
332000 70
332500 70
333000 69
333500 71
334000 69
334500 69
335000 70
335500 71
336000 70
336500 70
337000 69
337500 70
338000 94
338500 79
339000 74
339500 79
340000 91
340500 110
341000 74
341500 72
342000 71
342500 74
343000 72
343500 71
344000 70
344500 70
345000 70
345500 70
346000 70
346500 70
347000 71
347500 71
348000 84
348500 72
349000 71
349500 71
350000 71
350500 70
351000 71
351500 70
352000 70
352500 70
353000 71
353500 71
354000 71
354500 71
355000 71
355500 71
356000 71
356500 71
357000 71
357500 71
358000 71
358500 70
359000 70
359500 70
360000 70
360500 70
361000 70
361500 70
362000 70
362500 70
363000 70
363500 70
364000 70
364500 70
365000 70
365500 70
366000 71
366500 71
367000 71
367500 71
368000 71
368500 70
369000 70
369500 70
370000 70
370500 70
371000 70
371500 70
372000 70
372500 70
373000 70
373500 70
374000 70
374500 70
375000 70
375500 70
376000 70
376500 70
377000 70
377500 71
378000 71
378500 71
379000 71
379500 70
380000 70
380500 70
381000 70
381500 70
382000 70
382500 70
383000 70
383500 70
384000 70
384500 70
385000 70
385500 70
386000 70
386500 70
387000 70
387500 70
388000 70
388500 70
389000 70
389500 70
390000 70
390500 70
391000 70
391500 70
392000 70
392500 70
393000 70
393500 70
394000 70
394500 70
395000 70
395500 70
396000 70
396500 70
397000 70
397500 70
398000 70
398500 70
399000 70
399500 70
400000 70
400500 70
401000 70
401500 70
402000 70
402500 70
403000 70
403500 70
404000 70
404500 70
405000 70
405500 70
406000 70
406500 70
407000 70
407500 70
408000 70
408500 70
409000 70
409500 70
410000 70
410500 70
411000 70
411500 70
412000 70
412500 70
413000 70
413500 70
414000 70
414500 70
415000 70
415500 70
416000 70
416500 70
417000 70
417500 70
418000 70
418500 70
419000 70
419500 70
420000 70
420500 70
421000 70
421500 70
422000 70
422500 70
423000 70
423500 70
424000 70
424500 70
425000 70
425500 70
426000 70
426500 70
427000 70
427500 70
428000 70
428500 70
429000 70
429500 70
430000 70
430500 70
431000 70
431500 70
432000 70
432500 70
433000 70
433500 70
434000 70
434500 70
435000 70
435500 70
436000 70
436500 70
437000 70
437500 70
438000 70
438500 70
439000 70
439500 70
440000 70
440500 70
441000 70
441500 70
442000 70
442500 70
443000 70
443500 70
444000 70
444500 70
445000 70
445500 70
446000 70
446500 70
447000 70
447500 70
448000 70
448500 70
449000 70
449500 70
450000 70
450500 70
451000 70
451500 70
452000 70
452500 70
453000 70
453500 70
454000 70
454500 70
455000 70
455500 70
456000 70
456500 70
457000 70
457500 70
458000 70
458500 70
459000 70
459500 70
460000 70
460500 70
461000 70
461500 70
462000 70
462500 70
463000 70
463500 70
464000 70
464500 70
465000 70
465500 70
466000 70
466500 70
467000 70
467500 70
468000 70
468500 70
469000 70
469500 70
470000 70
470500 70
471000 70
471500 70
472000 70
472500 70
473000 70
473500 70
474000 70
474500 70
475000 70
475500 70
476000 70
476500 70
477000 70
477500 70
478000 70
478500 70
479000 70
479500 70
480000 70
480500 70
481000 70
481500 70
482000 70
482500 70
483000 70
483500 70
484000 70
484500 70
485000 70
485500 70
486000 70
486500 70
487000 70
487500 70
488000 70
488500 70
489000 70
489500 70
490000 70
490500 70
491000 70
491500 70
492000 70
492500 70
493000 70
493500 70
494000 70
494500 70
495000 70
495500 70
496000 70
496500 70
497000 70
497500 70
498000 70
498500 70
499000 70
499500 70
500000 70
500500 70
501000 70
501500 70
502000 70
502500 70
503000 70
503500 70
504000 70
504500 70
505000 70
505500 70
506000 70
506500 70
507000 70
507500 70
508000 70
508500 70
509000 70
509500 70
510000 70
510500 70
511000 70
511500 70
512000 70
512500 70
513000 70
513500 70
514000 70
514500 70
515000 70
515500 70
516000 70
516500 70
517000 70
517500 70
518000 70
518500 70
519000 70
519500 70
520000 70
520500 70
521000 70
521500 70
522000 70
522500 70
523000 70
523500 70
524000 70
524500 70
525000 70
525500 70
526000 70
526500 70
527000 70
527500 70
528000 70
528500 70
529000 70
529500 70
530000 70
530500 70
531000 70
531500 70
532000 70
532500 70
533000 70
533500 70
534000 70
534500 70
535000 70
535500 70
536000 70
536500 70
537000 70
537500 70
538000 70
538500 70
539000 70
539500 70
540000 70
540500 70
541000 70
541500 70
542000 70
542500 70
543000 70
543500 70
544000 70
544500 70
545000 70
545500 70
546000 70
546500 70
547000 70
547500 70
548000 70
548500 70
549000 70
549500 70
550000 70
550500 70
551000 70
551500 70
552000 70
552500 70
553000 70
553500 70
554000 70
554500 70
555000 70
555500 70
556000 70
556500 70
557000 70
557500 70
558000 70
558500 70
559000 70
559500 70
560000 70
560500 70
561000 70
561500 70
562000 70
562500 70
563000 70
563500 70
564000 70
564500 70
565000 70
565500 70
566000 70
566500 70
567000 70
567500 70
568000 70
568500 70
569000 70
569500 70
570000 70
570500 70
571000 70
571500 70
572000 70
572500 70
573000 70
573500 70
574000 70
574500 70
575000 70
575500 70
576000 70
576500 70
577000 70
577500 70
578000 70
578500 70
579000 70
579500 70
580000 70
580500 70
581000 70
581500 70
582000 70
582500 70
583000 70
583500 70
584000 70
584500 70
585000 70
585500 70
586000 70
586500 70
587000 70
587500 70
588000 70
588500 70
589000 70
589500 70
590000 70
590500 70
591000 70
591500 70
592000 70
592500 70
593000 70
593500 70
594000 70
594500 70
595000 70
595500 70
596000 70
596500 70
597000 70
597500 70
598000 70
598500 70
599000 70
599500 70
600000 70
600500 70
601000 70
601500 70
602000 70
602500 70
603000 70
603500 70
604000 70
604500 70
605000 70
605500 70
606000 70
606500 70
607000 70
607500 70
608000 70
608500 70
609000 70
609500 70
610000 70
610500 70
611000 70
611500 70
612000 70
612500 70
613000 70
613500 104
614000 83
614500 81
615000 110
615500 82
616000 71
616500 69
617000 66
617500 66
618000 66
618500 66
619000 66
619500 66
620000 66
620500 66
621000 66
621500 66
622000 66
622500 66
623000 66
623500 66
624000 66
624500 66
625000 66
625500 66
626000 66
626500 66
627000 66
627500 66
628000 66
628500 66
629000 66
629500 66
630000 66
630500 66
631000 66
631500 66
632000 66
632500 66
633000 66
633500 66
634000 66
634500 66
635000 66
635500 66
636000 66
636500 66
637000 66
637500 66
638000 66
638500 66
639000 66
639500 66
640000 66
640500 66
641000 66
641500 66
642000 66
642500 66
643000 66
643500 66
644000 66
644500 66
645000 66
645500 66
646000 66
646500 66
647000 66
647500 66
648000 66
648500 66
649000 66
649500 66
650000 66
650500 66
651000 66
651500 66
652000 66
652500 66
653000 66
653500 66
654000 66
654500 66
655000 66
655500 66
656000 66
