200 155
400 161
600 137
800 162
1000 131
1200 140
1400 138
1600 140
1800 161
2000 141
2200 160
2400 126
2600 151
2800 147
3000 155
3200 149
3400 160
3600 147
3800 140
4000 163
4200 148
4400 159
4600 143
4800 148
5000 159
5200 142
5400 152
5600 141
5800 150
6000 154
6200 160
6400 148
6600 127
6800 140
7000 167
7200 148
7400 150
7600 132
7800 157
8000 132
8200 140
8400 158
8600 150
8800 142
9000 148
9200 157
9400 153
9600 142
9800 168
10000 147
10200 148
10400 173
10600 147
10800 143
11000 149
11200 147
11400 160
11600 158
11800 154
12000 144
12200 145
12400 155
12600 147
12800 140
13000 160
13200 145
13400 145
13600 158
13800 145
14000 133
14200 160
14400 138
14600 164
14800 153
15000 131
15200 152
15400 132
15600 144
15800 143
16000 139
16200 141
16400 152
16600 148
16800 172
17000 168
17200 152
17400 143
17600 133
17800 165
18000 145
18200 155
18400 147
18600 181
18800 140
19000 148
19200 133
19400 140
19600 164
19800 142
20000 145
20200 144
20400 172
20600 158
20800 170
21000 159
21200 141
21400 158
21600 158
21800 144
22000 164
22200 145
22400 142
22600 138
22800 128
23000 169
23200 154
23400 164
23600 135
23800 151
24000 147
24200 164
24400 162
24600 146
24800 152
25000 150
25200 132
25400 157
25600 153
25800 149
26000 146
26200 148
26400 158
26600 153
26800 153
27000 151
27200 156
27400 154
27600 137
27800 171
28000 149
28200 160
28400 138
28600 152
28800 137
29000 164
29200 166
29400 154
29600 165
29800 163
30000 147
30200 149
30400 144
30600 149
30800 164
31000 141
31200 158
31400 162
31600 127
31800 148
32000 131
32200 141
32400 165
32600 142
32800 149
33000 174
33200 125
33400 156
33600 145
33800 158
34000 161
34200 147
34400 149
34600 145
34800 146
35000 164
35200 150
35400 169
35600 146
35800 158
36000 173
36200 146
36400 152
36600 150
36800 146
37000 169
37200 143
37400 147
37600 163
37800 142
38000 141
38200 114
38400 140
38600 156
38800 147
39000 154
39200 132
39400 136
39600 157
39800 147
40000 144
40200 153
40400 138
40600 156
40800 151
41000 153
41200 149
41400 146
41600 167
41800 142
42000 150
42200 160
42400 159
42600 150
42800 131
43000 149
43200 167
43400 164
43600 155
43800 143
44000 149
44200 146
44400 154
44600 142
44800 156
45000 126
45200 176
45400 142
45600 139
45800 153
46000 161
46200 148
46400 164
46600 157
46800 161
47000 148
47200 155
47400 172
47600 166
47800 152
48000 152
48200 162
48400 154
48600 155
48800 155
49000 155
49200 138
49400 134
49600 140
49800 153
50000 173
50200 163
50400 135
50600 150
50800 153
51000 146
51200 135
51400 152
51600 139
51800 135
52000 155
52200 148
52400 136
52600 152
52800 149
53000 134
53200 159
53400 159
53600 147
53800 137
54000 151
54200 131
54400 153
54600 147
54800 132
55000 130
55200 150
55400 154
55600 146
55800 138
56000 148
56200 148
56400 171
56600 127
56800 136
57000 134
57200 164
57400 153
57600 165
57800 150
58000 127
58200 163
58400 155
58600 155
58800 144
59000 162
59200 143
59400 164
59600 144
59800 159
60000 153
60200 156
60400 153
60600 154
60800 157
61000 134
61200 148
61400 149
61600 133
61800 169
62000 148
62200 155
62400 155
62600 169
62800 140
63000 129
63200 148
63400 154
63600 143
63800 144
64000 150
64200 152
64400 158
64600 161
64800 144
65000 152
65200 141
65400 158
65600 137
65800 152
66000 151
66200 172
66400 168
66600 142
66800 172
67000 139
67200 145
67400 138
67600 153
67800 154
68000 157
68200 148
68400 146
68600 159
68800 147
69000 139
69200 156
69400 163
69600 152
69800 157
70000 156
70200 154
70400 122
70600 167
70800 152
71000 133
71200 160
71400 153
71600 161
71800 130
72000 152
72200 163
72400 129
72600 138
72800 161
73000 160
73200 158
73400 145
73600 145
73800 164
74000 143
74200 135
74400 165
74600 131
74800 153
75000 169
75200 139
75400 160
75600 148
75800 155
76000 161
76200 154
76400 165
76600 143
76800 153
77000 161
77200 162
77400 160
77600 133
77800 158
78000 143
78200 139
78400 157
78600 151
78800 144
79000 163
79200 150
79400 151
79600 149
79800 149
80000 165
80200 132
80400 127
80600 161
80800 159
81000 141
81200 161
81400 143
81600 139
81800 153
82000 161
82200 157
82400 136
82600 135
82800 157
83000 171
83200 137
83400 160
83600 158
83800 169
84000 149
84200 148
84400 138
84600 154
84800 149
85000 137
85200 155
85400 160
85600 156
85800 110
86000 150
86200 141
86400 170
86600 143
86800 158
87000 165
87200 168
87400 141
87600 137
87800 155
88000 143
88200 159
88400 154
88600 146
88800 156
89000 162
89200 149
89400 141
89600 148
89800 149
90000 147
90200 149
90400 154
90600 138
90800 153
91000 136
91200 141
91400 152
91600 145
91800 135
92000 138
92200 155
92400 145
92600 141
92800 133
93000 149
93200 146
93400 148
93600 148
93800 150
94000 156
94200 160
94400 142
94600 166
94800 156
95000 147
95200 141
95400 120
95600 147
95800 168
96000 149
96200 147
96400 161
96600 144
96800 144
97000 145
97200 152
97400 164
97600 139
97800 148
98000 156
98200 147
98400 151
98600 147
98800 147
99000 148
99200 147
99400 129
99600 140
99800 144
100000 167
100200 132
100400 139
100600 140
100800 140
101000 164
101200 145
101400 151
101600 153
101800 171
102000 151
102200 151
102400 153
102600 167
102800 130
103000 154
103200 134
103400 165
103600 166
103800 160
104000 158
104200 143
104400 160
104600 146
104800 152
105000 153
105200 153
105400 160
105600 161
105800 154
106000 155
106200 157
106400 151
106600 136
106800 139
107000 143
107200 174
107400 158
107600 145
107800 128
108000 140
108200 150
108400 164
108600 140
108800 153
109000 141
109200 140
109400 142
109600 135
109800 144
110000 146
110200 163
110400 159
110600 152
110800 136
111000 135
111200 146
111400 156
111600 154
111800 152
112000 153
112200 159
112400 172
112600 161
112800 145
113000 133
113200 153
113400 139
113600 164
113800 133
114000 160
114200 154
114400 150
114600 162
114800 154
115000 146
115200 151
115400 158
115600 154
115800 159
116000 154
116200 167
116400 170
116600 158
116800 146
117000 156
117200 159
117400 148
117600 140
117800 159
118000 135
118200 160
118400 141
118600 123
118800 156
119000 151
119200 149
119400 157
119600 161
119800 150
120000 138
120200 135
120400 165
120600 152
120800 147
121000 140
121200 155
121400 126
121600 144
121800 150
122000 156
122200 163
122400 157
122600 151
122800 148
123000 159
123200 152
123400 121
123600 150
123800 166
124000 146
124200 166
124400 145
124600 163
124800 169
125000 127
125200 150
125400 156
125600 163
125800 156
126000 150
126200 145
126400 150
126600 157
126800 150
127000 139
127200 166
127400 145
127600 149
127800 149
128000 155
128200 162
128400 160
128600 133
128800 147
129000 146
129200 149
129400 133
129600 171
129800 155
130000 154
130200 141
130400 144
130600 161
130800 157
131000 128
131200 151
131400 158
131600 137
131800 162
132000 141
132200 139
132400 159
132600 152
132800 152
133000 154
133200 151
133400 137
133600 141
133800 165
134000 152
134200 155
134400 146
134600 161
134800 141
135000 157
135200 153
135400 152
135600 148
135800 142
136000 155
136200 158
136400 142
136600 155
136800 163
137000 143
137200 175
137400 139
137600 163
137800 158
138000 158
138200 134
138400 156
138600 156
138800 142
139000 149
139200 144
139400 153
139600 162
139800 146
140000 148
140200 148
140400 161
140600 141
140800 156
141000 153
141200 160
141400 158
141600 154
141800 137
142000 145
142200 125
142400 146
142600 150
142800 144
143000 161
143200 142
143400 161
143600 154
143800 135
144000 141
144200 138
144400 145
144600 151
144800 142
145000 154
145200 139
145400 145
145600 158
145800 142
146000 154
146200 137
146400 150
146600 174
146800 155
147000 145
147200 161
147400 148
147600 149
147800 155
148000 156
148200 121
148400 170
148600 146
148800 153
149000 158
149200 161
149400 152
149600 164
149800 157
150000 141
150200 155
150400 148
150600 151
150800 161
151000 156
151200 173
151400 160
151600 160
151800 144
152000 162
152200 141
152400 148
152600 155
152800 138
153000 153
153200 140
153400 134
153600 155
153800 168
154000 160
154200 140
154400 144
154600 164
154800 158
155000 141
155200 165
155400 159
155600 154
155800 148
156000 149
156200 155
156400 164
156600 158
156800 157
157000 172
157200 149
157400 139
157600 146
157800 151
158000 149
158200 141
158400 152
158600 138
158800 135
159000 150
159200 147
159400 151
159600 139
159800 155
160000 157
160200 145
160400 139
160600 146
160800 149
161000 141
161200 146
161400 154
161600 138
161800 148
162000 161
162200 142
162400 162
162600 144
162800 171
163000 143
163200 142
163400 157
163600 140
163800 170
164000 143
164200 157
164400 151
164600 139
164800 162
165000 167
165200 151
165400 156
165600 140
165800 131
166000 139
166200 165
166400 141
166600 143
166800 163
167000 141
167200 150
167400 151
167600 163
167800 150
168000 168
168200 172
168400 141
168600 138
168800 156
169000 158
169200 162
169400 146
169600 154
169800 160
170000 176
170200 137
170400 160
170600 128
170800 142
171000 144
171200 141
171400 154
171600 128
171800 142
172000 143
172200 150
172400 160
172600 155
172800 143
173000 148
173200 161
173400 157
173600 159
173800 150
174000 152
174200 130
174400 163
174600 139
174800 154
175000 151
175200 152
175400 161
175600 163
175800 162
176000 174
176200 165
176400 151
176600 150
176800 142
177000 155
177200 148
177400 161
177600 162
177800 173
178000 152
178200 152
178400 145
178600 141
178800 158
179000 160
179200 137
179400 159
179600 160
179800 162
180000 157
180200 113
180400 159
180600 139
180800 142
181000 152
181200 152
181400 149
181600 156
181800 152
182000 139
182200 162
182400 146
182600 129
182800 151
183000 155
183200 153
183400 136
183600 145
183800 161
184000 152
184200 154
184400 143
184600 130
184800 142
185000 150
185200 140
185400 140
185600 153
185800 146
186000 152
186200 146
186400 161
186600 140
186800 138
187000 172
187200 148
187400 169
187600 151
187800 150
188000 152
188200 159
188400 150
188600 147
188800 166
189000 155
189200 150
189400 151
189600 156
189800 157
190000 148
190200 153
190400 145
190600 134
190800 148
191000 158
191200 153
191400 143
191600 155
191800 132
192000 156
192200 140
192400 142
192600 154
192800 150
193000 161
193200 159
193400 132
193600 153
193800 169
194000 159
194200 137
194400 138
194600 126
194800 151
195000 177
195200 165
195400 161
195600 157
195800 139
196000 140
196200 154
196400 154
196600 159
196800 170
197000 151
197200 155
197400 172
197600 141
197800 141
198000 149
198200 164
198400 155
198600 131
198800 138
199000 158
199200 140
199400 146
199600 132
199800 156
200000 158
200200 131
200400 145
200600 153
200800 145
201000 159
201200 145
201400 158
201600 133
201800 153
202000 141
202200 137
202400 167
202600 139
202800 136
203000 138
203200 146
203400 155
203600 141
203800 160
204000 128
204200 152
204400 156
204600 161
204800 147
205000 142
205200 146
205400 154
205600 154
205800 151
206000 129
206200 142
206400 159
206600 165
206800 160
207000 160
207200 136
207400 143
207600 151
207800 152
208000 150
208200 144
208400 145
208600 159
208800 157
209000 130
209200 163
209400 151
209600 155
209800 143
210000 135
210200 123
210400 158
210600 155
210800 151
211000 154
211200 144
211400 151
211600 153
211800 166
212000 169
212200 158
212400 146
212600 150
212800 162
213000 158
213200 152
213400 148
213600 134
213800 141
214000 135
214200 161
214400 163
214600 146
214800 160
215000 162
215200 147
215400 153
215600 146
215800 134
216000 154
216200 161
216400 137
216600 165
216800 162
217000 161
217200 153
217400 147
217600 159
217800 132
218000 149
218200 156
218400 171
218600 154
218800 148
219000 132
219200 149
219400 167
219600 150
219800 162
220000 152
220200 148
220400 140
220600 154
220800 150
221000 159
221200 135
221400 149
221600 161
221800 164
222000 161
222200 143
222400 169
222600 136
222800 147
223000 159
223200 148
223400 164
223600 129
223800 139
224000 140
224200 161
224400 165
224600 153
224800 143
225000 138
225200 159
225400 150
225600 158
225800 159
226000 157
226200 141
226400 152
226600 134
226800 139
227000 159
227200 146
227400 146
227600 159
227800 138
228000 143
228200 131
228400 160
228600 154
228800 141
229000 148
229200 157
229400 143
229600 136
229800 160
230000 149
230200 155
230400 155
230600 144
230800 145
231000 170
231200 148
231400 131
231600 157
231800 150
232000 144
232200 158
232400 151
232600 155
232800 126
233000 158
233200 155
233400 147
233600 149
233800 146
234000 158
234200 150
234400 137
234600 144
234800 130
235000 170
235200 152
235400 143
235600 140
235800 157
236000 156
236200 159
236400 144
236600 163
236800 140
237000 139
237200 137
237400 148
237600 151
237800 156
238000 151
238200 144
238400 147
238600 114
238800 144
239000 155
239200 149
239400 136
239600 160
239800 141
240000 164
240200 147
240400 138
240600 157
240800 154
241000 150
241200 131
241400 153
241600 145
241800 150
242000 138
242200 141
242400 142
242600 160
242800 119
243000 160
243200 157
243400 148
243600 167
243800 159
244000 164
244200 154
244400 148
244600 136
244800 158
245000 157
245200 152
245400 160
245600 157
245800 138
246000 155
246200 145
246400 146
246600 142
246800 155
247000 154
247200 147
247400 134
247600 147
247800 149
248000 147
248200 123
248400 125
248600 158
248800 143
249000 154
249200 149
249400 152
249600 147
249800 171
250000 168
250200 155
250400 147
250600 163
250800 161
251000 152
251200 144
251400 142
251600 150
251800 135
252000 177
252200 133
252400 151
252600 141
252800 161
253000 143
253200 166
253400 156
253600 155
253800 138
254000 164
254200 151
254400 151
254600 156
254800 145
255000 147
255200 152
255400 141
255600 148
255800 126
256000 148
256200 160
256400 156
256600 151
256800 134
257000 145
257200 150
257400 127
257600 149
257800 151
258000 161
258200 147
258400 150
258600 155
258800 145
259000 142
259200 163
259400 137
259600 145
259800 144
260000 159
260200 148
260400 167
260600 162
260800 144
261000 148
261200 168
261400 136
261600 164
261800 149
262000 151
262200 139
262400 128
262600 140
262800 162
263000 148
263200 151
263400 152
263600 140
263800 166
264000 152
264200 130
264400 152
264600 159
264800 164
265000 154
265200 151
265400 146
265600 147
265800 150
266000 141
266200 146
266400 148
266600 141
266800 162
267000 162
267200 142
267400 151
267600 127
267800 137
268000 115
268200 150
268400 137
268600 155
268800 148
269000 138
269200 146
269400 149
269600 150
269800 156
270000 139
270200 164
270400 148
270600 159
270800 155
271000 158
271200 152
271400 161
271600 144
271800 166
272000 154
272200 151
272400 148
272600 161
272800 157
273000 128
273200 156
273400 165
273600 147
273800 132
274000 152
274200 153
274400 170
274600 160
274800 126
275000 148
275200 154
275400 132
275600 143
275800 156
276000 120
276200 150
276400 150
276600 167
276800 158
277000 168
277200 170
277400 139
277600 141
277800 152
278000 143
278200 152
278400 152
278600 135
278800 137
279000 163
279200 158
279400 159
279600 148
279800 143
280000 150
280200 147
280400 160
280600 157
280800 144
281000 170
281200 162
281400 148
281600 137
281800 163
282000 146
282200 148
282400 146
282600 149
282800 163
283000 161
283200 147
283400 146
283600 158
283800 156
284000 133
284200 160
284400 151
284600 128
284800 167
285000 119
285200 161
285400 143
285600 160
285800 150
286000 171
286200 140
286400 136
286600 145
286800 174
287000 153
287200 150
287400 149
287600 149
287800 154
288000 130
288200 140
288400 151
288600 160
288800 168
289000 161
289200 142
289400 133
289600 144
289800 151
290000 144
290200 143
290400 144
290600 134
290800 147
291000 128
291200 158
291400 164
291600 148
291800 137
292000 155
292200 154
292400 165
292600 147
292800 155
293000 132
293200 180
293400 167
293600 164
293800 171
294000 142
294200 151
294400 157
294600 153
294800 167
295000 143
295200 153
295400 161
295600 145
295800 164
296000 157
296200 149
296400 165
296600 149
296800 137
297000 141
297200 149
297400 148
297600 161
297800 131
298000 169
298200 156
298400 156
298600 167
298800 152
299000 160
299200 157
299400 160
299600 149
299800 149
300000 153
300200 145
300400 125
300600 147
300800 147
301000 142
301200 149
301400 163
301600 153
301800 151
302000 175
302200 148
302400 165
302600 154
302800 158
303000 161
303200 132
303400 140
303600 164
303800 148
304000 150
304200 144
304400 154
304600 166
304800 152
305000 150
305200 158
305400 131
305600 153
305800 159
306000 152
306200 156
306400 155
306600 135
306800 161
307000 152
307200 153
307400 159
307600 155
307800 162
308000 152
308200 170
308400 171
308600 157
308800 146
309000 138
309200 165
309400 151
309600 154
309800 146
310000 142
310200 174
310400 166
310600 156
310800 148
311000 142
311200 137
311400 151
311600 156
311800 158
312000 126
312200 157
312400 142
312600 137
312800 147
313000 144
313200 152
313400 151
313600 139
313800 163
314000 151
314200 170
314400 147
314600 142
314800 171
315000 140
315200 164
315400 132
315600 158
315800 151
316000 174
316200 151
316400 139
316600 150
316800 156
317000 149
317200 140
317400 134
317600 152
317800 162
318000 120
318200 158
318400 146
318600 142
318800 138
319000 137
319200 147
319400 151
319600 155
319800 144
320000 161
320200 154
320400 150
320600 154
320800 144
321000 155
321200 151
321400 136
321600 170
321800 138
322000 149
322200 163
322400 148
322600 167
322800 118
323000 172
323200 122
323400 156
323600 149
323800 157
324000 167
324200 167
324400 139
324600 146
324800 150
325000 156
325200 151
325400 172
325600 160
325800 149
326000 155
326200 159
326400 151
326600 171
326800 161
327000 147
327200 136
327400 153
327600 150
327800 143
328000 167
328200 165
328400 174
328600 130
328800 155
329000 156
329200 155
329400 163
329600 160
329800 143
330000 159
330200 146
330400 148
330600 131
330800 164
331000 152
331200 148
331400 141
331600 142
331800 139
332000 140
332200 147
332400 134
332600 147
332800 145
333000 140
333200 145
333400 146
333600 144
333800 156
334000 136
334200 163
334400 151
334600 140
334800 161
335000 137
335200 135
335400 156
335600 138
335800 135
336000 173
336200 146
336400 159
336600 162
336800 144
337000 167
337200 151
337400 152
337600 156
337800 156
338000 159
338200 152
338400 160
338600 152
338800 138
339000 132
339200 148
339400 159
339600 158
339800 171
340000 149
340200 158
340400 139
340600 152
340800 164
341000 145
341200 154
341400 119
341600 136
341800 156
342000 169
342200 137
342400 152
342600 123
342800 151
343000 153
343200 158
343400 135
343600 151
343800 151
344000 161
344200 160
344400 166
344600 155
344800 141
345000 143
345200 162
345400 143
345600 129
345800 169
346000 154
346200 137
346400 144
346600 145
346800 163
347000 128
347200 167
347400 150
347600 145
347800 139
348000 144
348200 146
348400 157
348600 134
348800 159
349000 139
349200 132
349400 155
349600 142
349800 134
350000 155
350200 146
350400 153
350600 156
350800 157
351000 160
351200 160
351400 170
351600 146
351800 151
352000 150
352200 131
352400 146
352600 155
352800 147
353000 156
353200 150
353400 156
353600 162
353800 167
354000 173
354200 158
354400 153
354600 142
354800 149
355000 156
355200 152
355400 150
355600 146
355800 135
356000 174
356200 166
356400 160
356600 155
356800 151
357000 147
357200 139
357400 141
357600 158
357800 134
358000 153
358200 133
358400 150
358600 155
358800 147
359000 161
359200 167
359400 152
359600 146
359800 156
360000 156
360200 147
360400 149
360600 154
360800 145
361000 145
361200 137
361400 146
361600 152
361800 136
362000 146
362200 158
362400 146
362600 153
362800 152
363000 171
363200 167
363400 124
363600 144
363800 147
364000 143
364200 147
364400 159
364600 145
364800 144
365000 162
365200 155
365400 157
365600 150
365800 151
366000 163
366200 164
366400 122
366600 126
366800 144
367000 139
367200 146
367400 146
367600 158
367800 149
368000 139
368200 147
368400 158
368600 166
368800 150
369000 158
369200 141
369400 125
369600 148
369800 131
370000 143
370200 164
370400 145
370600 153
370800 134
371000 149
371200 140
371400 152
371600 159
371800 161
372000 155
372200 140
372400 147
372600 127
372800 144
373000 169
373200 147
373400 148
373600 143
373800 172
374000 147
374200 183
374400 169
374600 163
374800 148
375000 133
375200 154
375400 138
375600 161
375800 165
376000 145
376200 137
376400 140
376600 144
376800 141
377000 153
377200 162
377400 146
377600 149
377800 155
378000 138
378200 160
378400 165
378600 131
378800 148
379000 160
379200 151
379400 160
379600 173
379800 157
380000 148
380200 161
380400 140
380600 163
380800 169
381000 160
381200 133
381400 146
381600 149
381800 151
382000 146
382200 141
382400 141
382600 163
382800 178
383000 164
383200 148
383400 150
383600 165
383800 151
384000 152
384200 156
384400 160
384600 173
384800 167
385000 132
385200 153
385400 149
385600 151
385800 142
386000 159
386200 155
386400 140
386600 136
386800 144
387000 138
387200 155
387400 153
387600 144
387800 153
388000 130
388200 162
388400 153
388600 161
388800 144
389000 165
389200 143
389400 143
389600 131
389800 166
390000 152
390200 159
390400 125
390600 141
390800 163
391000 159
391200 151
391400 168
391600 158
391800 165
392000 147
392200 159
392400 162
392600 155
392800 140
393000 141
393200 143
393400 125
393600 144
393800 145
394000 157
394200 121
394400 147
394600 146
394800 167
395000 137
395200 136
395400 142
395600 147
395800 133
396000 145
396200 155
396400 156
396600 145
396800 157
397000 137
397200 147
397400 134
397600 150
397800 155
398000 163
398200 151
398400 141
398600 158
398800 138
399000 140
399200 148
399400 137
399600 171
399800 134
400000 133
400200 150
400400 158
400600 140
400800 140
401000 139
401200 164
401400 137
401600 151
401800 141
402000 169
402200 154
402400 156
402600 156
402800 169
403000 150
403200 146
403400 138
403600 165
403800 151
404000 153
404200 147
404400 141
404600 149
404800 153
405000 134
405200 141
405400 147
405600 131
405800 165
406000 156
406200 168
406400 160
406600 145
406800 146
407000 151
407200 136
407400 139
407600 157
407800 172
408000 157
408200 142
408400 150
408600 148
408800 157
409000 151
409200 156
409400 155
409600 141
409800 151
410000 148
410200 129
410400 131
410600 172
410800 169
411000 167
411200 145
411400 144
411600 144
411800 151
412000 137
412200 145
412400 137
412600 155
412800 157
413000 147
413200 156
413400 161
413600 148
413800 171
414000 148
414200 129
414400 154
414600 160
414800 164
415000 175
415200 166
415400 147
415600 144
415800 142
416000 154
416200 139
416400 144
416600 156
416800 146
417000 126
417200 158
417400 143
417600 157
417800 136
418000 147
418200 148
418400 157
418600 153
418800 158
419000 164
419200 156
419400 148
419600 128
419800 136
420000 132
420200 152
420400 139
420600 161
420800 147
421000 153
421200 139
421400 145
421600 174
421800 160
422000 144
422200 156
422400 145
422600 158
422800 149
423000 140
423200 161
423400 166
423600 140
423800 154
424000 137
424200 156
424400 151
424600 168
424800 157
425000 158
425200 164
425400 151
425600 163
425800 144
426000 168
426200 141
426400 139
426600 153
426800 149
427000 151
427200 147
427400 128
427600 148
427800 163
428000 153
428200 160
428400 150
428600 141
428800 156
429000 163
429200 167
429400 140
429600 147
429800 153
430000 158
430200 142
430400 138
430600 166
430800 148
431000 152
431200 140
431400 129
431600 159
431800 158
432000 165
432200 157
432400 151
432600 146
432800 135
433000 133
433200 157
433400 140
433600 143
433800 159
434000 157
434200 139
434400 157
434600 144
434800 156
435000 148
435200 142
435400 164
435600 154
435800 143
436000 145
436200 146
436400 147
436600 158
436800 155
437000 144
437200 153
437400 155
437600 138
437800 147
438000 161
438200 138
438400 155
438600 155
438800 152
439000 152
439200 144
439400 161
439600 136
439800 163
440000 127
440200 138
440400 164
440600 125
440800 135
441000 152
441200 141
441400 150
441600 152
441800 156
442000 161
442200 142
442400 134
442600 131
442800 149
443000 136
443200 144
443400 161
443600 145
443800 149
444000 147
444200 150
444400 159
444600 136
444800 144
445000 152
445200 139
445400 162
445600 147
445800 155
446000 159
446200 157
446400 136
446600 142
446800 136
447000 150
447200 131
447400 146
447600 154
447800 146
448000 139
448200 152
448400 147
448600 154
448800 150
449000 157
449200 157
449400 159
449600 151
449800 148
450000 168
450200 157
450400 154
450600 147
450800 143
451000 154
451200 127
451400 144
451600 160
451800 151
452000 140
452200 167
452400 145
452600 122
452800 136
453000 157
453200 145
453400 147
453600 149
453800 155
454000 143
454200 151
454400 142
454600 150
454800 139
455000 156
455200 165
455400 147
455600 142
455800 143
456000 160
456200 144
456400 148
456600 153
456800 170
457000 113
457200 143
457400 147
457600 145
457800 170
458000 168
458200 152
458400 149
458600 141
458800 128
459000 154
459200 143
459400 127
459600 140
459800 135
460000 156
460200 158
460400 161
460600 150
460800 145
461000 126
461200 124
461400 171
461600 125
461800 135
462000 147
462200 138
462400 154
462600 161
462800 141
463000 147
463200 152
463400 149
463600 153
463800 155
464000 155
464200 158
464400 125
464600 141
464800 139
465000 156
465200 138
465400 130
465600 157
465800 141
466000 165
466200 146
466400 131
466600 117
466800 164
467000 161
467200 164
467400 149
467600 137
467800 149
468000 162
468200 145
468400 155
468600 168
468800 163
469000 135
469200 153
469400 161
469600 160
469800 149
470000 161
470200 139
470400 163
470600 149
470800 139
471000 156
471200 138
471400 160
471600 153
471800 136
472000 163
472200 169
472400 149
472600 136
472800 158
473000 160
473200 161
473400 157
473600 151
473800 154
474000 167
474200 145
474400 147
474600 154
474800 165
475000 165
475200 146
475400 151
475600 132
475800 144
476000 169
476200 133
476400 167
476600 156
476800 148
477000 142
477200 166
477400 154
477600 135
477800 148
478000 166
478200 155
478400 143
478600 146
478800 152
479000 163
479200 145
479400 158
479600 143
479800 146
480000 152
480200 151
480400 155
480600 149
480800 138
481000 119
481200 165
481400 143
481600 165
481800 146
482000 137
482200 151
482400 171
482600 163
482800 132
483000 161
483200 128
483400 153
483600 146
483800 146
484000 148
484200 160
484400 162
484600 150
484800 138
485000 151
485200 140
485400 130
485600 153
485800 152
486000 167
486200 156
486400 154
486600 143
486800 145
487000 159
487200 150
487400 145
487600 152
487800 149
488000 144
488200 151
488400 144
488600 149
488800 151
489000 158
489200 137
489400 154
489600 144
489800 140
490000 162
490200 161
490400 157
490600 145
490800 148
491000 147
491200 162
491400 146
491600 143
491800 141
492000 158
492200 139
492400 152
492600 129
492800 139
493000 146
493200 153
493400 160
493600 159
493800 174
494000 145
494200 139
494400 154
494600 156
494800 147
495000 154
495200 174
495400 150
495600 152
495800 134
496000 145
496200 162
496400 156
496600 153
496800 157
497000 154
497200 146
497400 160
497600 137
497800 162
498000 141
498200 142
498400 156
498600 140
498800 154
499000 153
499200 123
499400 160
499600 145
499800 147
500000 165
500200 148
500400 122
500600 132
500800 141
501000 140
501200 137
501400 143
501600 156
501800 148
502000 164
502200 155
502400 160
502600 155
502800 164
503000 135
503200 153
503400 114
503600 156
503800 135
504000 167
504200 151
504400 168
504600 167
504800 159
505000 144
505200 144
505400 146
505600 136
505800 144
506000 142
506200 171
506400 144
506600 159
506800 165
507000 129
507200 165
507400 158
507600 162
507800 140
508000 151
508200 125
508400 148
508600 153
508800 131
509000 166
509200 131
509400 150
509600 148
509800 135
510000 158
510200 124
510400 161
510600 174
510800 146
511000 143
511200 149
511400 148
511600 159
511800 152
512000 151
512200 156
512400 143
512600 149
512800 135
513000 157
513200 126
513400 162
513600 167
513800 130
514000 155
514200 159
514400 164
514600 143
514800 162
515000 150
515200 156
515400 154
515600 166
515800 148
516000 158
516200 155
516400 143
516600 154
516800 164
517000 163
517200 141
517400 141
517600 147
517800 113
518000 144
518200 151
518400 119
518600 143
518800 146
519000 173
519200 157
519400 155
519600 144
519800 158
520000 147
520200 147
520400 148
520600 146
520800 145
521000 139
521200 129
521400 138
521600 163
521800 158
522000 146
522200 155
522400 136
522600 164
522800 151
523000 147
523200 152
523400 153
523600 160
523800 174
524000 145
524200 150
524400 166
524600 143
524800 172
525000 148
525200 141
525400 149
525600 161
525800 155
526000 143
526200 154
526400 154
526600 146
526800 147
527000 138
527200 143
527400 148
527600 136
527800 154
528000 168
528200 135
528400 154
528600 160
528800 134
529000 141
529200 174
529400 161
529600 157
529800 161
530000 137
530200 147
530400 174
530600 139
530800 134
531000 150
531200 155
531400 163
531600 160
531800 125
532000 150
532200 145
532400 131
532600 140
532800 132
533000 146
533200 126
533400 155
533600 161
533800 157
534000 163
534200 156
534400 146
534600 137
534800 147
535000 150
535200 141
535400 163
535600 150
535800 140
536000 162
536200 162
536400 141
536600 123
536800 154
537000 142
537200 153
537400 149
537600 120
537800 158
538000 178
538200 152
538400 154
538600 163
538800 152
539000 142
539200 145
539400 168
539600 143
539800 153
540000 154
540200 148
540400 141
540600 130
540800 167
541000 153
541200 124
541400 149
541600 143
541800 134
542000 161
542200 152
542400 160
542600 149
542800 143
543000 162
543200 152
543400 138
543600 146
543800 144
544000 154
544200 139
544400 161
544600 142
544800 148
545000 135
545200 155
545400 148
545600 139
545800 155
546000 130
546200 135
546400 144
546600 153
546800 143
547000 160
547200 157
547400 149
547600 147
547800 147
548000 138
548200 138
548400 153
548600 145
548800 132
549000 161
549200 162
549400 153
549600 151
549800 157
550000 158
550200 138
550400 134
550600 145
550800 138
551000 130
551200 142
551400 158
551600 148
551800 144
552000 152
552200 153
552400 150
552600 157
552800 142
553000 138
553200 158
553400 142
553600 149
553800 159
554000 162
554200 130
554400 173
554600 158
554800 167
555000 156
555200 160
555400 164
555600 165
555800 136
556000 139
556200 150
556400 144
556600 146
556800 133
557000 167
557200 166
557400 151
557600 151
557800 164
558000 150
558200 160
558400 166
558600 142
558800 131
559000 155
559200 150
559400 162
559600 167
559800 146
560000 140
560200 139
560400 141
560600 147
560800 148
561000 152
561200 171
561400 159
561600 150
561800 159
562000 148
562200 147
562400 134
562600 159
562800 160
563000 141
563200 148
563400 149
563600 143
563800 151
564000 154
564200 151
564400 158
564600 157
564800 152
565000 133
565200 145
565400 142
565600 148
565800 149
566000 134
566200 164
566400 145
566600 154
566800 151
567000 144
567200 153
567400 162
567600 170
567800 127
568000 137
568200 159
568400 153
568600 136
568800 149
569000 152
569200 152
569400 156
569600 150
569800 159
570000 155
570200 150
570400 155
570600 160
570800 151
571000 146
571200 140
571400 157
571600 125
571800 143
572000 151
572200 130
572400 150
572600 150
572800 159
573000 139
573200 162
573400 147
573600 148
573800 141
574000 181
574200 158
574400 157
574600 162
574800 160
575000 141
575200 151
575400 156
575600 144
575800 152
576000 144
576200 144
576400 147
576600 136
576800 137
577000 161
577200 171
577400 145
577600 158
577800 135
578000 160
578200 166
578400 148
578600 161
578800 143
579000 161
579200 139
579400 141
579600 151
579800 163
580000 150
580200 143
580400 141
580600 164
580800 156
581000 159
581200 165
581400 151
581600 133
581800 138
582000 168
582200 149
582400 146
582600 151
582800 165
583000 145
583200 160
583400 145
583600 146
583800 160
584000 154
584200 144
584400 152
584600 141
584800 167
585000 157
585200 161
585400 168
585600 164
585800 157
586000 141
586200 149
586400 158
586600 131
586800 153
587000 160
587200 130
587400 142
587600 159
587800 150
588000 164
588200 158
588400 143
588600 149
588800 156
589000 159
589200 115
589400 154
589600 165
589800 161
590000 155
590200 145
590400 146
590600 143
590800 169
591000 150
591200 153
591400 145
591600 154
591800 147
592000 165
592200 147
592400 148
592600 149
592800 158
593000 156
593200 153
593400 151
593600 154
593800 134
594000 155
594200 152
594400 162
594600 151
594800 143
595000 149
595200 150
595400 141
595600 164
595800 153
596000 169
596200 159
596400 146
596600 144
596800 153
597000 137
597200 147
597400 153
597600 161
597800 162
598000 157
598200 156
598400 154
598600 152
598800 165
599000 164
599200 136
599400 161
599600 156
599800 156
600000 143
600200 170
600400 134
600600 161
600800 155
601000 154
601200 150
601400 162
601600 153
601800 158
602000 147
602200 154
602400 132
602600 163
602800 150
603000 163
603200 143
603400 145
603600 144
603800 160
604000 159
604200 127
604400 157
604600 148
604800 151
605000 151
605200 136
605400 154
605600 148
605800 150
606000 152
606200 139
606400 142
606600 167
606800 134
607000 156
607200 164
607400 135
607600 146
607800 168
608000 169
608200 149
608400 163
608600 158
608800 139
609000 155
609200 155
609400 140
609600 130
609800 150
610000 142
610200 151
610400 154
610600 164
610800 166
611000 151
611200 153
611400 139
611600 157
611800 165
612000 126
612200 157
612400 151
612600 145
612800 164
613000 154
613200 159
613400 120
613600 164
613800 153
614000 145
614200 140
614400 144
614600 143
614800 136
615000 151
615200 149
615400 138
615600 158
615800 146
616000 149
616200 162
616400 160
616600 157
616800 137
617000 138
617200 144
617400 154
617600 147
617800 142
618000 150
618200 151
618400 167
618600 167
618800 145
619000 169
619200 166
619400 152
619600 154
619800 141
620000 168
620200 154
620400 133
620600 150
620800 154
621000 150
621200 167
621400 166
621600 158
621800 147
622000 154
622200 144
622400 128
622600 164
622800 160
623000 144
623200 141
623400 145
623600 175
623800 154
624000 161
624200 164
624400 130
624600 150
624800 148
625000 151
625200 160
625400 153
625600 156
625800 152
626000 161
626200 152
626400 165
626600 151
626800 156
627000 155
627200 151
627400 159
627600 162
627800 138
628000 146
628200 138
628400 150
628600 158
628800 155
629000 149
629200 129
629400 158
629600 151
629800 134
630000 147
630200 143
630400 148
630600 160
630800 134
631000 152
631200 143
631400 161
631600 139
631800 154
632000 152
632200 156
632400 156
632600 158
632800 144
633000 144
633200 150
633400 152
633600 146
633800 142
634000 134
634200 162
634400 144
634600 147
634800 163
635000 143
635200 133
635400 151
635600 137
635800 159
636000 160
636200 151
636400 150
636600 147
636800 158
637000 162
637200 149
637400 167
637600 162
637800 150
638000 134
638200 140
638400 152
638600 153
638800 156
639000 151
639200 147
639400 158
639600 159
639800 152
640000 153
640200 153
640400 164
640600 146
640800 152
641000 141
641200 141
641400 148
641600 137
641800 141
642000 152
642200 176
642400 162
642600 157
642800 153
643000 138
643200 157
643400 142
643600 139
643800 155
644000 153
644200 168
644400 159
644600 142
644800 158
645000 134
645200 144
645400 148
645600 131
645800 154
646000 154
646200 139
646400 175
646600 147
646800 166
647000 151
647200 166
647400 145
647600 161
647800 158
648000 151
648200 160
648400 154
648600 176
648800 146
649000 151
649200 158
649400 163
649600 151
649800 167
650000 148
650200 154
650400 156
650600 136
650800 143
651000 173
651200 140
651400 147
651600 160
651800 151
652000 148
652200 166
652400 146
652600 166
652800 143
653000 151
653200 146
653400 140
653600 148
653800 163
654000 150
654200 140
654400 142
654600 135
654800 161
655000 155
655200 143
655400 156
655600 152
655800 157
656000 153
656200 156
656400 166
656600 156
656800 132
657000 154
657200 158
657400 158
657600 152
657800 160
658000 138
658200 130
658400 140
658600 145
658800 149
659000 153
659200 162
659400 152
659600 172
659800 149
660000 136
660200 154
660400 144
660600 158
660800 134
661000 149
661200 158
661400 160
661600 153
661800 149
662000 159
662200 161
662400 160
662600 142
662800 152
663000 155
663200 140
663400 143
663600 157
663800 141
664000 166
664200 175
664400 152
664600 140
664800 136
665000 160
665200 156
665400 150
665600 131
665800 154
666000 158
666200 150
666400 137
666600 144
666800 137
667000 143
667200 152
667400 163
667600 146
667800 171
668000 137
668200 145
668400 157
668600 160
668800 163
669000 150
669200 182
669400 160
669600 148
669800 150
670000 147
670200 143
670400 139
670600 150
670800 141
671000 151
671200 152
671400 154
671600 160
671800 146
672000 154
672200 137
672400 164
672600 156
672800 158
673000 138
673200 161
673400 141
673600 159
673800 146
674000 157
674200 139
674400 151
674600 161
674800 162
675000 157
675200 143
675400 142
675600 149
675800 144
676000 153
676200 155
676400 162
676600 144
676800 147
677000 163
677200 154
677400 123
677600 162
677800 155
678000 154
678200 151
678400 163
678600 150
678800 153
679000 154
679200 142
679400 145
679600 151
679800 142
680000 145
680200 158
680400 154
680600 135
680800 160
681000 154
681200 133
681400 161
681600 144
681800 154
682000 158
682200 158
682400 150
682600 162
682800 139
683000 153
683200 149
683400 131
683600 143
683800 161
684000 150
684200 145
684400 148
684600 162
684800 162
685000 135
685200 179
685400 149
685600 145
685800 147
686000 139
686200 146
686400 157
686600 149
686800 157
687000 158
687200 137
687400 154
687600 157
687800 158
688000 145
688200 144
688400 149
688600 157
688800 159
689000 159
689200 154
689400 155
689600 146
689800 152
690000 154
690200 158
690400 145
690600 154
690800 147
691000 161
691200 131
691400 153
691600 142
691800 150
692000 157
692200 153
692400 147
692600 157
692800 150
693000 151
693200 137
693400 137
693600 144
693800 146
694000 147
694200 155
694400 155
694600 133
694800 152
695000 148
695200 164
695400 150
695600 157
695800 157
696000 138
696200 145
696400 151
696600 149
696800 157
697000 136
697200 151
697400 148
697600 161
697800 139
698000 145
698200 150
698400 160
698600 136
698800 162
699000 149
699200 145
699400 165
699600 138
699800 140
700000 146
700200 148
700400 140
700600 150
700800 160
701000 137
701200 141
701400 164
701600 143
701800 167
702000 137
702200 161
702400 147
702600 138
702800 155
703000 142
703200 129
703400 170
703600 152
703800 162
704000 140
704200 166
704400 139
704600 143
704800 146
705000 161
705200 147
705400 151
705600 147
705800 144
706000 155
706200 169
706400 137
706600 144
706800 139
707000 158
707200 141
707400 158
707600 128
707800 149
708000 143
708200 153
708400 164
708600 147
708800 159
709000 154
709200 129
709400 125
709600 132
709800 164
710000 166
710200 145
710400 152
710600 150
710800 153
711000 162
711200 139
711400 143
711600 165
711800 144
712000 152
712200 132
712400 158
712600 163
712800 149
713000 135
713200 150
713400 144
713600 155
713800 139
714000 161
714200 149
714400 149
714600 159
714800 153
715000 154
715200 163
715400 155
715600 146
715800 163
716000 130
716200 152
716400 146
716600 136
716800 138
717000 146
717200 149
717400 156
717600 165
717800 161
718000 148
718200 153
718400 148
718600 166
718800 153
719000 162
719200 148
719400 142
719600 158
719800 162
720000 155
720200 161
720400 140
720600 161
720800 128
721000 139
721200 161
721400 136
721600 134
721800 151
722000 135
722200 163
722400 160
722600 149
722800 126
723000 154
723200 153
723400 168
723600 141
723800 149
724000 148
724200 145
724400 147
724600 146
724800 153
725000 149
725200 168
725400 157
725600 149
725800 159
726000 150
726200 144
726400 150
726600 141
726800 144
727000 161
727200 155
727400 146
727600 152
727800 145
728000 162
728200 140
728400 150
728600 153
728800 137
729000 139
729200 137
729400 167
729600 146
729800 139
730000 143
730200 146
730400 140
730600 143
730800 143
731000 147
731200 140
731400 147
731600 151
731800 159
732000 155
732200 152
732400 157
732600 161
732800 156
733000 158
733200 143
733400 134
733600 136
733800 148
734000 122
734200 145
734400 129
734600 132
734800 158
735000 163
735200 153
735400 144
735600 163
735800 148
736000 155
736200 175
736400 144
736600 136
736800 162
737000 163
737200 149
737400 151
737600 160
737800 164
738000 149
738200 157
738400 151
738600 149
738800 138
739000 156
739200 138
739400 132
739600 154
739800 143
740000 158
740200 136
740400 169
740600 149
740800 148
741000 145
741200 151
741400 122
741600 152
741800 141
742000 157
742200 140
742400 156
742600 165
742800 144
743000 172
743200 147
743400 148
743600 146
743800 145
744000 150
744200 141
744400 167
744600 150
744800 144
745000 144
745200 153
745400 139
745600 136
745800 161
746000 133
746200 166
746400 156
746600 151
746800 181
747000 144
747200 149
747400 145
747600 154
747800 149
748000 156
748200 156
748400 161
748600 148
748800 157
749000 149
749200 149
749400 128
749600 161
749800 148
750000 152
750200 140
750400 141
750600 146
750800 161
751000 159
751200 155
751400 134
751600 139
751800 154
752000 169
752200 153
752400 153
752600 159
752800 152
753000 164
753200 134
753400 139
753600 175
753800 167
754000 137
754200 153
754400 163
754600 131
754800 165
755000 139
755200 159
755400 138
755600 123
755800 144
756000 153
756200 156
756400 136
756600 161
756800 154
757000 143
757200 138
757400 151
757600 151
757800 147
758000 153
758200 153
758400 143
758600 144
758800 153
759000 157
759200 139
759400 136
759600 156
759800 130
760000 138
760200 152
760400 146
760600 129
760800 169
761000 160
761200 152
761400 135
761600 143
761800 142
762000 160
762200 151
762400 157
762600 139
762800 137
763000 149
763200 151
763400 156
763600 157
763800 164
764000 133
764200 148
764400 145
764600 139
764800 145
765000 137
765200 161
765400 165
765600 151
765800 139
766000 136
766200 138
766400 150
766600 166
766800 154
767000 152
767200 151
767400 150
767600 177
767800 165
768000 141
768200 156
768400 150
768600 147
768800 129
769000 130
769200 147
769400 138
769600 155
769800 147
770000 153
770200 136
770400 149
770600 139
770800 168
771000 151
771200 141
771400 139
771600 157
771800 147
772000 166
772200 144
772400 174
772600 163
772800 164
773000 167
773200 151
773400 146
773600 166
773800 152
774000 158
774200 157
774400 179
774600 147
774800 151
775000 139
775200 171
775400 139
775600 133
775800 142
776000 143
776200 145
776400 133
776600 142
776800 166
777000 173
777200 144
777400 133
777600 167
777800 157
778000 153
778200 145
778400 154
778600 162
778800 143
779000 151
779200 142
779400 157
779600 175
779800 151
780000 159
780200 151
780400 145
780600 155
780800 148
781000 159
781200 149
781400 142
781600 133
781800 136
782000 127
782200 159
782400 161
782600 155
782800 158
783000 160
783200 138
783400 160
783600 144
783800 145
784000 141
784200 155
784400 161
784600 147
784800 159
785000 149
785200 159
785400 130
785600 157
785800 163
786000 146
786200 130
786400 120
786600 131
786800 161
787000 145
787200 156
787400 149
787600 140
787800 170
788000 148
788200 132
788400 121
788600 155
788800 155
789000 147
789200 162
789400 151
789600 135
789800 144
790000 152
790200 150
790400 166
790600 141
790800 164
791000 154
791200 157
791400 163
791600 146
791800 153
792000 164
792200 129
792400 138
792600 131
792800 160
793000 164
793200 163
793400 156
793600 134
793800 150
794000 153
794200 149
794400 157
794600 143
794800 144
795000 154
795200 149
795400 145
795600 164
795800 157
796000 149
796200 142
796400 148
796600 161
796800 134
797000 142
797200 129
797400 137
797600 167
797800 155
798000 162
798200 152
798400 139
798600 172
798800 157
799000 142
799200 163
799400 150
799600 157
799800 151
800000 154
800200 149
800400 162
800600 162
800800 141
801000 142
801200 156
801400 162
801600 162
801800 158
802000 133
802200 152
802400 157
802600 156
802800 157
803000 149
803200 155
803400 146
803600 158
803800 147
804000 144
804200 154
804400 158
804600 147
804800 130
805000 153
805200 155
805400 145
805600 152
805800 153
806000 144
806200 146
806400 147
806600 162
806800 163
807000 166
807200 142
807400 151
807600 147
807800 154
808000 148
808200 136
808400 153
808600 154
808800 163
809000 158
809200 156
809400 166
809600 170
809800 149
810000 140
810200 170
810400 144
810600 150
810800 148
811000 146
811200 152
811400 155
811600 152
811800 151
812000 152
812200 147
812400 147
812600 158
812800 140
813000 153
813200 151
813400 142
813600 163
813800 159
814000 167
814200 147
814400 149
814600 163
814800 132
815000 166
815200 142
815400 152
815600 142
815800 161
816000 142
816200 153
816400 163
816600 158
816800 155
817000 168
817200 166
817400 151
817600 150
817800 150
818000 151
818200 135
818400 160
818600 147
818800 153
819000 148
819200 156
819400 156
819600 135
819800 154
820000 152
820200 157
820400 131
820600 155
820800 168
821000 150
821200 157
821400 141
821600 139
821800 145
822000 155
822200 171
822400 126
822600 144
822800 159
823000 166
823200 145
823400 136
823600 155
823800 152
824000 154
824200 164
824400 159
824600 152
824800 137
825000 146
825200 171
825400 141
825600 149
825800 142
826000 165
826200 159
826400 173
826600 145
826800 142
827000 159
827200 150
827400 150
827600 148
827800 153
828000 159
828200 133
828400 145
828600 167
828800 142
829000 148
829200 153
829400 157
829600 165
829800 138
830000 148
830200 143
830400 161
830600 136
830800 169
831000 156
831200 143
831400 136
831600 151
831800 148
832000 140
832200 137
832400 152
832600 151
832800 152
833000 150
833200 163
833400 150
833600 140
833800 153
834000 154
834200 163
834400 142
834600 152
834800 169
835000 170
835200 153
835400 161
835600 134
835800 160
836000 166
836200 132
836400 147
836600 147
836800 148
837000 147
837200 131
837400 161
837600 141
837800 155
838000 139
838200 167
838400 152
838600 150
838800 149
839000 154
839200 142
839400 147
839600 134
839800 160
840000 158
840200 145
840400 138
840600 158
840800 136
841000 145
841200 149
841400 146
841600 153
841800 147
842000 154
842200 146
842400 140
842600 136
842800 142
843000 130
843200 153
843400 158
843600 140
843800 122
844000 153
844200 140
844400 134
844600 163
844800 147
845000 167
845200 154
845400 119
845600 146
845800 160
846000 126
846200 156
846400 154
846600 156
846800 173
847000 148
847200 143
847400 153
847600 150
847800 152
848000 155
848200 159
848400 169
848600 149
848800 156
849000 144
849200 141
849400 148
849600 161
849800 150
850000 169
850200 142
850400 136
850600 149
850800 164
851000 146
851200 160
851400 139
851600 163
851800 147
852000 161
852200 163
852400 148
852600 150
852800 149
853000 144
853200 145
853400 147
853600 171
853800 158
854000 158
854200 137
854400 157
854600 159
854800 145
855000 143
855200 158
855400 166
855600 152
855800 164
856000 158
856200 163
856400 156
856600 153
856800 169
857000 147
857200 122
857400 144
857600 160
857800 181
858000 162
858200 156
858400 153
858600 147
858800 166
859000 151
859200 163
859400 135
859600 154
859800 150
860000 146
860200 150
860400 168
860600 155
860800 128
861000 153
861200 139
861400 160
861600 147
861800 172
862000 149
862200 152
862400 149
862600 153
862800 164
863000 159
863200 152
863400 163
863600 141
863800 139
864000 141
864200 148
864400 160
864600 139
864800 146
865000 165
865200 139
865400 146
865600 146
865800 148
866000 159
866200 153
866400 156
866600 169
866800 151
867000 140
867200 140
867400 169
867600 154
867800 153
868000 149
868200 133
868400 138
868600 156
868800 153
869000 138
869200 151
869400 146
869600 151
869800 155
870000 148
870200 168
870400 162
870600 148
870800 136
871000 164
871200 141
871400 156
871600 128
871800 153
872000 146
872200 151
872400 142
872600 141
872800 140
873000 148
873200 177
873400 141
873600 137
873800 163
874000 158
874200 137
874400 146
874600 159
874800 153
875000 159
875200 149
875400 124
875600 170
875800 162
876000 136
876200 159
876400 161
876600 153
876800 162
877000 145
877200 173
877400 138
877600 131
877800 140
878000 144
878200 144
878400 149
878600 146
878800 136
879000 150
879200 145
879400 136
879600 152
879800 144
880000 145
880200 133
880400 154
880600 148
880800 149
881000 150
881200 148
881400 132
881600 148
881800 133
882000 141
882200 140
882400 156
882600 157
882800 156
883000 130
883200 152
883400 139
883600 144
883800 150
884000 163
884200 154
884400 164
884600 141
884800 153
885000 142
885200 144
885400 155
885600 166
885800 184
886000 130
886200 156
886400 162
886600 159
886800 161
887000 153
887200 168
887400 161
887600 147
887800 153
888000 142
888200 176
888400 153
888600 162
888800 151
889000 170
889200 148
889400 171
889600 143
889800 137
890000 138
890200 152
890400 136
890600 155
890800 137
891000 142
891200 159
891400 140
891600 148
891800 160
892000 145
892200 153
892400 149
892600 164
892800 154
893000 134
893200 163
893400 160
893600 153
893800 167
894000 151
894200 150
894400 154
894600 125
894800 148
895000 141
895200 155
895400 126
895600 132
895800 156
896000 145
896200 146
896400 134
896600 155
896800 130
897000 154
897200 154
897400 141
897600 142
897800 157
898000 155
898200 133
898400 163
898600 135
898800 158
899000 147
899200 163
899400 166
899600 152
899800 138
900000 138
900200 164
900400 126
900600 158
900800 146
901000 148
901200 159
901400 142
901600 152
901800 161
902000 157
902200 139
902400 149
902600 164
902800 163
903000 145
903200 160
903400 143
903600 136
903800 167
904000 158
904200 151
904400 148
904600 139
904800 147
905000 121
905200 150
905400 150
905600 149
905800 146
906000 162
906200 142
906400 155
906600 138
906800 152
907000 151
907200 156
907400 155
907600 148
907800 161
908000 165
908200 136
908400 135
908600 144
908800 133
909000 147
909200 152
909400 137
909600 156
909800 153
910000 164
910200 159
910400 146
910600 138
910800 136
911000 155
911200 152
911400 157
911600 137
911800 148
912000 139
912200 158
912400 136
912600 146
912800 173
913000 156
913200 162
913400 157
913600 151
913800 155
914000 154
914200 140
914400 153
914600 145
914800 149
915000 142
915200 167
915400 144
915600 146
915800 139
916000 140
916200 158
916400 157
916600 137
916800 153
917000 152
917200 156
917400 141
917600 159
917800 147
918000 155
918200 164
918400 164
918600 135
918800 157
919000 150
919200 163
919400 144
919600 147
919800 156
920000 158
920200 140
920400 144
920600 134
920800 156
921000 159
921200 164
921400 152
921600 142
921800 124
922000 138
922200 151
922400 152
922600 150
922800 128
923000 153
923200 141
923400 132
923600 152
923800 163
924000 159
924200 160
924400 152
924600 148
924800 137
925000 154
925200 162
925400 138
925600 161
925800 152
926000 147
926200 148
926400 159
926600 171
926800 143
927000 174
927200 146
927400 131
927600 145
927800 148
928000 156
928200 150
928400 135
928600 155
928800 152
929000 152
929200 149
929400 162
929600 138
929800 154
930000 152
930200 154
930400 145
930600 140
930800 169
931000 134
931200 139
931400 152
931600 141
931800 141
932000 160
932200 165
932400 132
932600 177
932800 163
933000 160
933200 141
933400 155
933600 142
933800 150
934000 152
934200 137
934400 161
934600 116
934800 153
935000 142
935200 164
935400 148
935600 142
935800 165
936000 144
936200 151
936400 170
936600 160
936800 135
937000 165
937200 159
937400 164
937600 144
937800 142
938000 161
938200 156
938400 146
938600 148
938800 154
939000 164
939200 155
939400 135
939600 153
939800 139
940000 148
940200 149
940400 163
940600 144
940800 140
941000 162
941200 149
941400 141
941600 162
941800 133
942000 153
942200 149
942400 171
942600 146
942800 173
943000 150
943200 160
943400 152
943600 137
943800 150
944000 159
944200 160
944400 138
944600 157
944800 148
945000 159
945200 135
945400 165
945600 145
945800 142
946000 170
946200 144
946400 159
946600 141
946800 156
947000 149
947200 150
947400 154
947600 154
947800 147
948000 161
948200 167
948400 140
948600 156
948800 157
949000 142
949200 156
949400 154
949600 145
949800 160
950000 152
950200 140
950400 159
950600 149
950800 150
951000 120
951200 151
951400 155
951600 148
951800 152
952000 147
952200 158
952400 144
952600 153
952800 150
953000 168
953200 140
953400 155
953600 168
953800 149
954000 153
954200 161
954400 147
954600 166
954800 156
955000 126
955200 144
955400 158
955600 153
955800 136
956000 146
956200 155
956400 140
956600 160
956800 136
957000 165
957200 159
957400 164
957600 139
957800 160
958000 150
958200 155
958400 150
958600 150
958800 148
959000 149
959200 141
959400 158
959600 144
959800 139
960000 154
960200 145
960400 170
960600 150
960800 139
961000 145
961200 154
961400 171
961600 145
961800 153
962000 149
962200 168
962400 160
962600 142
962800 145
963000 130
963200 142
963400 137
963600 165
963800 160
964000 169
964200 148
964400 142
964600 140
964800 157
965000 160
965200 132
965400 138
965600 163
965800 177
966000 153
966200 135
966400 172
966600 154
966800 145
967000 155
967200 165
967400 152
967600 156
967800 142
968000 155
968200 152
968400 158
968600 170
968800 149
969000 156
969200 157
969400 156
969600 164
969800 153
970000 150
970200 138
970400 143
970600 138
970800 153
971000 157
971200 126
971400 151
971600 139
971800 134
972000 146
972200 165
972400 152
972600 149
972800 142
973000 154
973200 124
973400 151
973600 158
973800 135
974000 170
974200 138
974400 160
974600 160
974800 144
975000 162
975200 153
975400 162
975600 144
975800 144
976000 158
976200 152
976400 159
976600 146
976800 145
977000 151
977200 145
977400 136
977600 154
977800 164
978000 137
978200 150
978400 134
978600 127
978800 176
979000 161
979200 146
979400 156
979600 146
979800 156
980000 146
980200 146
980400 132
980600 147
980800 143
981000 160
981200 164
981400 154
981600 150
981800 144
982000 162
982200 141
982400 151
982600 144
982800 155
983000 133
983200 168
983400 135
983600 129
983800 148
984000 168
984200 152
984400 154
984600 155
984800 149
985000 156
985200 162
985400 144
985600 139
985800 150
986000 161
986200 150
986400 144
986600 150
986800 152
987000 138
987200 136
987400 121
987600 154
987800 148
988000 144
988200 151
988400 158
988600 157
988800 147
989000 157
989200 134
989400 151
989600 143
989800 153
990000 149
990200 157
990400 148
990600 151
990800 159
991000 155
991200 139
991400 157
991600 152
991800 173
992000 153
992200 155
992400 152
992600 158
992800 157
993000 138
993200 146
993400 132
993600 137
993800 160
994000 150
994200 157
994400 133
994600 160
994800 158
995000 154
995200 166
995400 176
995600 149
995800 147
996000 148
996200 150
996400 153
996600 159
996800 157
997000 171
997200 158
997400 152
997600 156
997800 135
998000 130
998200 138
998400 137
998600 163
998800 122
999000 168
999200 154
999400 158
999600 147
999800 142
1000000 142
