500 500.000
1000 500.000
1500 500.000
2000 500.000
2500 500.000
3000 500.000
3500 500.000
4000 500.000
4500 500.000
5000 500.000
5500 500.000
6000 500.000
6500 500.000
7000 500.000
7500 500.000
8000 500.000
8500 500.000
9000 500.000
9500 500.000
10000 500.000
10500 500.000
11000 500.000
11500 500.000
12000 500.000
12500 500.000
13000 500.000
13500 500.000
14000 500.000
14500 500.000
15000 500.000
15500 500.000
16000 500.000
16500 500.000
17000 500.000
17500 500.000
18000 500.000
18500 500.000
19000 500.000
19500 500.000
20000 500.000
20500 500.000
21000 500.000
21500 500.000
22000 500.000
22500 500.000
23000 500.000
23500 500.000
24000 500.000
24500 500.000
25000 500.000
25500 500.000
26000 500.000
26500 500.000
27000 500.000
27500 500.000
28000 500.000
28500 500.000
29000 500.000
29500 500.000
30000 500.000
30500 500.000
31000 500.000
31500 500.000
32000 500.000
32500 500.000
33000 500.000
33500 500.000
34000 500.000
34500 500.000
35000 500.000
35500 500.000
36000 500.000
36500 500.000
37000 500.000
37500 500.000
38000 500.000
38500 500.000
39000 500.000
39500 500.000
40000 500.000
40500 500.000
41000 500.000
41500 500.000
42000 500.000
42500 500.000
43000 500.000
43500 500.000
44000 500.000
44500 500.000
45000 500.000
45500 500.000
46000 500.000
46500 500.000
47000 500.000
47500 500.000
48000 500.000
48500 500.000
49000 500.000
49500 500.000
50000 183.931
50500 183.931
51000 183.931
51500 183.931
52000 183.931
52500 183.931
53000 183.931
53500 183.931
54000 183.931
54500 183.931
55000 183.931
55500 183.931
56000 183.931
56500 183.931
57000 183.931
57500 183.931
58000 183.931
58500 183.931
59000 183.931
59500 183.931
60000 183.931
60500 183.931
61000 183.931
61500 183.931
62000 183.931
62500 183.931
63000 183.931
63500 183.931
64000 183.931
64500 183.931
65000 183.931
65500 183.931
66000 183.931
66500 183.931
67000 183.931
67500 183.931
68000 183.931
68500 183.931
69000 183.931
69500 183.931
70000 183.931
70500 183.931
71000 183.931
71500 183.931
72000 183.931
72500 183.931
73000 183.931
73500 183.931
74000 183.931
74500 183.931
75000 183.931
75500 183.931
76000 183.931
76500 183.931
77000 183.931
77500 183.931
78000 183.931
78500 183.931
79000 183.931
79500 183.931
80000 183.931
80500 183.931
81000 183.931
81500 183.931
82000 183.931
82500 183.931
83000 183.931
83500 183.931
84000 183.931
84500 183.931
85000 183.931
85500 183.931
86000 183.931
86500 183.931
87000 183.931
87500 183.931
88000 183.931
88500 183.931
89000 183.931
89500 183.931
90000 183.931
90500 183.931
91000 183.931
91500 183.931
92000 183.931
92500 183.931
93000 183.931
93500 183.931
94000 183.931
94500 183.931
95000 183.931
95500 183.931
96000 183.931
96500 183.931
97000 183.931
97500 183.931
98000 183.931
98500 183.931
99000 183.931
99500 183.931
100000 67.661
100500 67.661
101000 67.661
101500 67.661
102000 67.661
102500 67.661
103000 67.661
103500 67.661
104000 67.661
104500 67.661
105000 67.661
105500 67.661
106000 67.661
106500 67.661
107000 67.661
107500 67.661
108000 67.661
108500 67.661
109000 67.661
109500 67.661
110000 67.661
110500 67.661
111000 67.661
111500 67.661
112000 67.661
112500 67.661
113000 67.661
113500 67.661
114000 67.661
114500 67.661
115000 67.661
115500 67.661
116000 67.661
116500 67.661
117000 67.661
117500 67.661
118000 67.661
118500 67.661
119000 67.661
119500 67.661
120000 67.661
120500 67.661
121000 67.661
121500 67.661
122000 67.661
122500 67.661
123000 67.661
123500 67.661
124000 67.661
124500 67.661
125000 67.661
125500 67.661
126000 67.661
126500 67.661
127000 67.661
127500 67.661
128000 67.661
128500 67.661
129000 67.661
129500 67.661
130000 67.661
130500 67.661
131000 67.661
131500 67.661
132000 67.661
132500 67.661
133000 67.661
133500 67.661
134000 67.661
134500 67.661
135000 67.661
135500 67.661
136000 67.661
136500 67.661
137000 67.661
137500 67.661
138000 67.661
138500 67.661
139000 67.661
139500 67.661
140000 67.661
140500 67.661
141000 67.661
141500 67.661
142000 67.661
142500 67.661
143000 67.661
143500 67.661
144000 67.661
144500 67.661
145000 67.661
145500 67.661
146000 67.661
146500 67.661
147000 67.661
147500 67.661
148000 67.661
148500 67.661
149000 67.661
149500 67.661
150000 24.890
150500 24.890
151000 24.890
151500 24.890
152000 24.890
152500 24.890
153000 24.890
153500 24.890
154000 24.890
154500 24.890
155000 24.890
155500 24.890
156000 24.890
156500 24.890
157000 24.890
157500 24.890
158000 24.890
158500 24.890
159000 24.890
159500 24.890
160000 24.890
160500 24.890
161000 24.890
161500 24.890
162000 24.890
162500 24.890
163000 24.890
163500 24.890
164000 24.890
164500 24.890
165000 24.890
165500 24.890
166000 24.890
166500 24.890
167000 24.890
167500 24.890
168000 24.890
168500 24.890
169000 24.890
169500 24.890
170000 24.890
170500 24.890
171000 24.890
171500 24.890
172000 24.890
172500 24.890
173000 24.890
173500 24.890
174000 24.890
174500 24.890
175000 24.890
175500 24.890
176000 24.890
176500 24.890
177000 24.890
177500 24.890
178000 24.890
178500 24.890
179000 24.890
179500 24.890
180000 24.890
180500 24.890
181000 24.890
181500 24.890
182000 24.890
182500 24.890
183000 24.890
183500 24.890
184000 24.890
184500 24.890
185000 24.890
185500 24.890
186000 24.890
186500 24.890
187000 24.890
187500 24.890
188000 24.890
188500 24.890
189000 24.890
189500 24.890
190000 24.890
190500 24.890
191000 24.890
191500 24.890
192000 24.890
192500 24.890
193000 24.890
193500 24.890
194000 24.890
194500 24.890
195000 24.890
195500 24.890
196000 24.890
196500 24.890
197000 24.890
197500 24.890
198000 24.890
198500 24.890
199000 24.890
199500 24.890
200000 9.156
200500 9.156
201000 9.156
201500 9.156
202000 9.156
202500 9.156
203000 9.156
203500 9.156
204000 9.156
204500 9.156
205000 9.156
205500 9.156
206000 9.156
206500 9.156
207000 9.156
207500 9.156
208000 9.156
208500 9.156
209000 9.156
209500 9.156
210000 9.156
210500 9.156
211000 9.156
211500 9.156
212000 9.156
212500 9.156
213000 9.156
213500 9.156
214000 9.156
214500 9.156
215000 9.156
215500 9.156
216000 9.156
216500 9.156
217000 9.156
217500 9.156
218000 9.156
218500 9.156
219000 9.156
219500 9.156
220000 9.156
220500 9.156
221000 9.156
221500 9.156
222000 9.156
222500 9.156
223000 9.156
223500 9.156
224000 9.156
224500 9.156
225000 9.156
225500 9.156
226000 9.156
226500 9.156
227000 9.156
227500 9.156
228000 9.156
228500 9.156
229000 9.156
229500 9.156
230000 9.156
230500 9.156
231000 9.156
231500 9.156
232000 9.156
232500 9.156
233000 9.156
233500 9.156
234000 9.156
234500 9.156
235000 9.156
235500 9.156
236000 9.156
236500 9.156
237000 9.156
237500 9.156
238000 9.156
238500 9.156
239000 9.156
239500 9.156
240000 9.156
240500 9.156
241000 9.156
241500 9.156
242000 9.156
242500 9.156
243000 9.156
243500 9.156
244000 9.156
244500 9.156
245000 9.156
245500 9.156
246000 9.156
246500 9.156
247000 9.156
247500 9.156
248000 9.156
248500 9.156
249000 9.156
249500 9.156
250000 3.368
250500 3.368
251000 3.368
251500 3.368
252000 3.368
252500 3.368
253000 3.368
253500 3.368
254000 3.368
254500 3.368
255000 3.368
255500 3.368
256000 3.368
256500 3.368
257000 3.368
257500 3.368
258000 3.368
258500 3.368
259000 3.368
259500 3.368
260000 3.368
260500 3.368
261000 3.368
261500 3.368
262000 3.368
262500 3.368
263000 3.368
263500 3.368
264000 3.368
264500 3.368
265000 3.368
265500 3.368
266000 3.368
266500 3.368
267000 3.368
267500 3.368
268000 3.368
268500 3.368
269000 3.368
269500 3.368
270000 3.368
270500 3.368
271000 3.368
271500 3.368
272000 3.368
272500 3.368
273000 3.368
273500 3.368
274000 3.368
274500 3.368
275000 3.368
275500 3.368
276000 3.368
276500 3.368
277000 3.368
277500 3.368
278000 3.368
278500 3.368
279000 3.368
279500 3.368
280000 3.368
280500 3.368
281000 3.368
281500 3.368
282000 3.368
282500 3.368
283000 3.368
283500 3.368
284000 3.368
284500 3.368
285000 3.368
285500 3.368
286000 3.368
286500 3.368
287000 3.368
287500 3.368
288000 3.368
288500 3.368
289000 3.368
289500 3.368
290000 3.368
290500 3.368
291000 3.368
291500 3.368
292000 3.368
292500 3.368
293000 3.368
293500 3.368
294000 3.368
294500 3.368
295000 3.368
295500 3.368
296000 3.368
296500 3.368
297000 3.368
297500 3.368
298000 3.368
298500 3.368
299000 3.368
299500 3.368
300000 1.239
300500 1.239
301000 1.239
301500 1.239
302000 1.239
302500 1.239
303000 1.239
303500 1.239
304000 1.239
304500 1.239
305000 1.239
305500 1.239
306000 1.239
306500 1.239
307000 1.239
307500 1.239
308000 1.239
308500 1.239
309000 1.239
309500 1.239
310000 1.239
310500 1.239
311000 1.239
311500 1.239
312000 1.239
312500 1.239
313000 1.239
313500 1.239
314000 1.239
314500 1.239
315000 1.239
315500 1.239
316000 1.239
316500 1.239
317000 1.239
317500 1.239
318000 1.239
318500 1.239
319000 1.239
319500 1.239
320000 1.239
320500 1.239
321000 1.239
321500 1.239
322000 1.239
322500 1.239
323000 1.239
323500 1.239
324000 1.239
324500 1.239
325000 1.239
325500 1.239
326000 1.239
326500 1.239
327000 1.239
327500 1.239
328000 1.239
328500 1.239
329000 1.239
329500 1.239
330000 1.239
330500 1.239
331000 1.239
331500 1.239
332000 1.239
332500 1.239
333000 1.239
333500 1.239
334000 1.239
334500 1.239
335000 1.239
335500 1.239
336000 1.239
336500 1.239
337000 1.239
337500 1.239
338000 1.239
338500 1.239
339000 1.239
339500 1.239
340000 1.239
340500 1.239
341000 1.239
341500 1.239
342000 1.239
342500 1.239
343000 1.239
343500 1.239
344000 1.239
344500 1.239
345000 1.239
345500 1.239
346000 1.239
346500 1.239
347000 1.239
347500 1.239
348000 1.239
348500 1.239
349000 1.239
349500 1.239
350000 0.456
350500 0.456
351000 0.456
351500 0.456
352000 0.456
352500 0.456
353000 0.456
353500 0.456
354000 0.456
354500 0.456
355000 0.456
355500 0.456
356000 0.456
356500 0.456
357000 0.456
357500 0.456
358000 0.456
358500 0.456
359000 0.456
359500 0.456
360000 0.456
360500 0.456
361000 0.456
361500 0.456
362000 0.456
362500 0.456
363000 0.456
363500 0.456
364000 0.456
364500 0.456
365000 0.456
365500 0.456
366000 0.456
366500 0.456
367000 0.456
367500 0.456
368000 0.456
368500 0.456
369000 0.456
369500 0.456
370000 0.456
370500 0.456
371000 0.456
371500 0.456
372000 0.456
372500 0.456
373000 0.456
373500 0.456
374000 0.456
374500 0.456
375000 0.456
375500 0.456
376000 0.456
376500 0.456
377000 0.456
377500 0.456
378000 0.456
378500 0.456
379000 0.456
379500 0.456
380000 0.456
380500 0.456
381000 0.456
381500 0.456
382000 0.456
382500 0.456
383000 0.456
383500 0.456
384000 0.456
384500 0.456
385000 0.456
385500 0.456
386000 0.456
386500 0.456
387000 0.456
387500 0.456
388000 0.456
388500 0.456
389000 0.456
389500 0.456
390000 0.456
390500 0.456
391000 0.456
391500 0.456
392000 0.456
392500 0.456
393000 0.456
393500 0.456
394000 0.456
394500 0.456
395000 0.456
395500 0.456
396000 0.456
396500 0.456
397000 0.456
397500 0.456
398000 0.456
398500 0.456
399000 0.456
399500 0.456
400000 0.168
400500 0.168
401000 0.168
401500 0.168
402000 0.168
402500 0.168
403000 0.168
403500 0.168
404000 0.168
404500 0.168
405000 0.168
405500 0.168
406000 0.168
406500 0.168
407000 0.168
407500 0.168
408000 0.168
408500 0.168
409000 0.168
409500 0.168
410000 0.168
410500 0.168
411000 0.168
411500 0.168
412000 0.168
412500 0.168
413000 0.168
413500 0.168
414000 0.168
414500 0.168
415000 0.168
415500 0.168
416000 0.168
416500 0.168
417000 0.168
417500 0.168
418000 0.168
418500 0.168
419000 0.168
419500 0.168
420000 0.168
420500 0.168
421000 0.168
421500 0.168
422000 0.168
422500 0.168
423000 0.168
423500 0.168
424000 0.168
424500 0.168
425000 0.168
425500 0.168
426000 0.168
426500 0.168
427000 0.168
427500 0.168
428000 0.168
428500 0.168
429000 0.168
429500 0.168
430000 0.168
430500 0.168
431000 0.168
431500 0.168
432000 0.168
432500 0.168
433000 0.168
433500 0.168
434000 0.168
434500 0.168
435000 0.168
435500 0.168
436000 0.168
436500 0.168
437000 0.168
437500 0.168
438000 0.168
438500 0.168
439000 0.168
439500 0.168
440000 0.168
440500 0.168
441000 0.168
441500 0.168
442000 0.168
442500 0.168
443000 0.168
443500 0.168
444000 0.168
444500 0.168
445000 0.168
445500 0.168
446000 0.168
446500 0.168
447000 0.168
447500 0.168
448000 0.168
448500 0.168
449000 0.168
449500 0.168
450000 0.062
450500 0.062
451000 0.062
451500 0.062
452000 0.062
452500 0.062
453000 0.062
453500 0.062
454000 0.062
454500 0.062
455000 0.062
455500 0.062
456000 0.062
456500 0.062
457000 0.062
457500 0.062
458000 0.062
458500 0.062
459000 0.062
459500 0.062
460000 0.062
460500 0.062
461000 0.062
461500 0.062
462000 0.062
462500 0.062
463000 0.062
463500 0.062
464000 0.062
464500 0.062
465000 0.062
465500 0.062
466000 0.062
466500 0.062
467000 0.062
467500 0.062
468000 0.062
468500 0.062
469000 0.062
469500 0.062
470000 0.062
470500 0.062
471000 0.062
471500 0.062
472000 0.062
472500 0.062
473000 0.062
473500 0.062
474000 0.062
474500 0.062
475000 0.062
475500 0.062
476000 0.062
476500 0.062
477000 0.062
477500 0.062
478000 0.062
478500 0.062
479000 0.062
479500 0.062
480000 0.062
480500 0.062
481000 0.062
481500 0.062
482000 0.062
482500 0.062
483000 0.062
483500 0.062
484000 0.062
484500 0.062
485000 0.062
485500 0.062
486000 0.062
486500 0.062
487000 0.062
487500 0.062
488000 0.062
488500 0.062
489000 0.062
489500 0.062
490000 0.062
490500 0.062
491000 0.062
491500 0.062
492000 0.062
492500 0.062
493000 0.062
493500 0.062
494000 0.062
494500 0.062
495000 0.062
495500 0.062
496000 0.062
496500 0.062
497000 0.062
497500 0.062
498000 0.062
498500 0.062
499000 0.062
499500 0.062
500000 0.023
500500 0.023
501000 0.023
501500 0.023
502000 0.023
502500 0.023
503000 0.023
503500 0.023
504000 0.023
504500 0.023
505000 0.023
505500 0.023
506000 0.023
506500 0.023
507000 0.023
507500 0.023
508000 0.023
508500 0.023
509000 0.023
509500 0.023
510000 0.023
510500 0.023
511000 0.023
511500 0.023
512000 0.023
512500 0.023
513000 0.023
513500 0.023
514000 0.023
514500 0.023
515000 0.023
515500 0.023
516000 0.023
516500 0.023
517000 0.023
517500 0.023
518000 0.023
518500 0.023
519000 0.023
519500 0.023
520000 0.023
520500 0.023
521000 0.023
521500 0.023
522000 0.023
522500 0.023
523000 0.023
523500 0.023
524000 0.023
524500 0.023
525000 0.023
525500 0.023
526000 0.023
526500 0.023
527000 0.023
527500 0.023
528000 0.023
528500 0.023
529000 0.023
529500 0.023
530000 0.023
530500 0.023
531000 0.023
531500 0.023
532000 0.023
532500 0.023
533000 0.023
533500 0.023
534000 0.023
534500 0.023
535000 0.023
535500 0.023
536000 0.023
536500 0.023
537000 0.023
537500 0.023
538000 0.023
538500 0.023
539000 0.023
539500 0.023
540000 0.023
540500 0.023
541000 0.023
541500 0.023
542000 0.023
542500 0.023
543000 0.023
543500 0.023
544000 0.023
544500 0.023
545000 0.023
545500 0.023
546000 0.023
546500 0.023
547000 0.023
547500 0.023
548000 0.023
548500 0.023
549000 0.023
549500 0.023
550000 0.008
550500 0.008
551000 0.008
551500 0.008
552000 0.008
552500 0.008
553000 0.008
553500 0.008
554000 0.008
554500 0.008
555000 0.008
555500 0.008
556000 0.008
556500 0.008
557000 0.008
557500 0.008
558000 0.008
558500 0.008
559000 0.008
559500 0.008
560000 0.008
560500 0.008
561000 0.008
561500 0.008
562000 0.008
562500 0.008
563000 0.008
563500 0.008
564000 0.008
564500 0.008
565000 0.008
565500 0.008
566000 0.008
566500 0.008
567000 0.008
567500 0.008
568000 0.008
568500 0.008
569000 0.008
569500 0.008
570000 0.008
570500 0.008
571000 0.008
571500 0.008
572000 0.008
572500 0.008
573000 0.008
573500 0.008
574000 0.008
574500 0.008
575000 0.008
575500 0.008
576000 0.008
576500 0.008
577000 0.008
577500 0.008
578000 0.008
578500 0.008
579000 0.008
579500 0.008
580000 0.008
580500 0.008
581000 0.008
581500 0.008
582000 0.008
582500 0.008
583000 0.008
583500 0.008
584000 0.008
584500 0.008
585000 0.008
585500 0.008
586000 0.008
586500 0.008
587000 0.008
587500 0.008
588000 0.008
588500 0.008
589000 0.008
589500 0.008
590000 0.008
590500 0.008
591000 0.008
591500 0.008
592000 0.008
592500 0.008
593000 0.008
593500 0.008
594000 0.008
594500 0.008
595000 0.008
595500 0.008
596000 0.008
596500 0.008
597000 0.008
597500 0.008
598000 0.008
598500 0.008
599000 0.008
599500 0.008
600000 0.003
600500 0.003
601000 0.003
601500 0.003
602000 0.003
602500 0.003
603000 0.003
603500 0.003
604000 0.003
604500 0.003
605000 0.003
605500 0.003
606000 0.003
606500 0.003
607000 0.003
607500 0.003
608000 0.003
608500 0.003
609000 0.003
609500 0.003
610000 0.003
610500 0.003
611000 0.003
611500 0.003
612000 0.003
612500 0.003
613000 0.003
613500 0.003
614000 0.003
614500 0.003
615000 0.003
615500 0.003
616000 0.003
616500 0.003
617000 0.003
617500 0.003
618000 0.003
618500 0.003
619000 0.003
619500 0.003
620000 0.003
620500 0.003
621000 0.003
621500 0.003
622000 0.003
622500 0.003
623000 0.003
623500 0.003
624000 0.003
624500 0.003
625000 0.003
625500 0.003
626000 0.003
626500 0.003
627000 0.003
627500 0.003
628000 0.003
628500 0.003
629000 0.003
629500 0.003
630000 0.003
630500 0.003
631000 0.003
631500 0.003
632000 0.003
632500 0.003
633000 0.003
633500 0.003
634000 0.003
634500 0.003
635000 0.003
635500 0.003
636000 0.003
636500 0.003
637000 0.003
637500 0.003
638000 0.003
638500 0.003
639000 0.003
639500 0.003
640000 0.003
640500 0.003
641000 0.003
641500 0.003
642000 0.003
642500 0.003
643000 0.003
643500 0.003
644000 0.003
644500 0.003
645000 0.003
645500 0.003
646000 0.003
646500 0.003
647000 0.003
647500 0.003
648000 0.003
648500 0.003
649000 0.003
649500 0.003
650000 0.001
650500 0.001
651000 0.001
651500 0.001
652000 0.001
652500 0.001
653000 0.001
653500 0.001
654000 0.001
654500 0.001
655000 0.001
655500 0.001
656000 0.001
656500 0.001
657000 0.001
657500 0.001
658000 0.001
658500 0.001
659000 0.001
659500 0.001
660000 0.001
660500 0.001
661000 0.001
661500 0.001
662000 0.001
662500 0.001
663000 0.001
663500 0.001
664000 0.001
664500 0.001
665000 0.001
665500 0.001
666000 0.001
666500 0.001
667000 0.001
667500 0.001
668000 0.001
668500 0.001
669000 0.001
669500 0.001
670000 0.001
670500 0.001
671000 0.001
671500 0.001
672000 0.001
672500 0.001
673000 0.001
673500 0.001
674000 0.001
674500 0.001
675000 0.001
675500 0.001
676000 0.001
676500 0.001
677000 0.001
677500 0.001
678000 0.001
678500 0.001
679000 0.001
679500 0.001
680000 0.001
680500 0.001
681000 0.001
681500 0.001
682000 0.001
682500 0.001
683000 0.001
683500 0.001
684000 0.001
684500 0.001
685000 0.001
685500 0.001
686000 0.001
686500 0.001
687000 0.001
687500 0.001
688000 0.001
688500 0.001
689000 0.001
689500 0.001
690000 0.001
690500 0.001
691000 0.001
691500 0.001
692000 0.001
692500 0.001
693000 0.001
693500 0.001
694000 0.001
694500 0.001
695000 0.001
695500 0.001
696000 0.001
696500 0.001
697000 0.001
697500 0.001
698000 0.001
698500 0.001
699000 0.001
699500 0.001
700000 0.000
